% f evaluations | g evaluations | best noise-free fitness - Fopt | noise-free fitness - Fopt (-5.494000000000e+01) | measured fitness | best measured fitness | x1 | x2...
1 0 +3.038795738e+07 +3.038795738e+07 +3.038790244e+07 +3.038790244e+07 -2.1874e+00 +4.2768e+00
2 0 +3.706561851e+06 +3.706561851e+06 +3.706506911e+06 +3.706506911e+06 +2.4242e-01 +7.2530e-02
3 0 +2.932199642e+06 +2.932199642e+06 +2.932144702e+06 +2.932144702e+06 +1.0620e+00 -3.7354e+00
6 0 +5.736642798e+05 +5.736642798e+05 +5.736093398e+05 +5.736093398e+05 -2.7278e+00 -4.3796e-01
8 0 +1.380173798e+05 +1.380173798e+05 +1.379624398e+05 +1.379624398e+05 +2.2623e+00 -1.9750e+00
16 0 +7.797723832e+04 +7.797723832e+04 +7.792229832e+04 +7.792229832e+04 -8.8160e-01 -1.9760e+00
18 0 +9.679224733e+03 +9.679224733e+03 +9.624284733e+03 +9.624284733e+03 -2.4511e+00 -1.4552e+00
58 0 +2.171325421e+03 +2.171325421e+03 +2.116385421e+03 +2.116385421e+03 -1.9280e+00 -1.5091e+00
95 0 +4.754894542e+02 +4.754894542e+02 +4.205494542e+02 +4.205494542e+02 -2.6712e+00 -1.3258e+00
104 0 +3.088782864e+01 +3.088782864e+01 -2.405217136e+01 -2.405217136e+01 -2.6665e+00 -1.2984e+00
132 0 +2.447662525e+00 +2.447662525e+00 -5.249233748e+01 -5.249233748e+01 -2.6747e+00 -1.3014e+00
156 0 +2.077250474e+00 +2.077250474e+00 -5.286274953e+01 -5.286274953e+01 -2.6739e+00 -1.3017e+00
199 0 +1.484276825e+00 +1.484276825e+00 -5.345572318e+01 -5.345572318e+01 -2.6734e+00 -1.3037e+00
207 0 +1.167458411e+00 +1.167458411e+00 -5.377254159e+01 -5.377254159e+01 -2.6750e+00 -1.3030e+00
222 0 +9.084673100e-01 +9.084673100e-01 -5.403153269e+01 -5.403153269e+01 -2.6693e+00 -1.3037e+00
% f evaluations | g evaluations | best noise-free fitness - Fopt | noise-free fitness - Fopt (5.913000000000e+01) | measured fitness | best measured fitness | x1 | x2...
1 0 +2.739169402e+07 +2.739169402e+07 +2.739175315e+07 +2.739175315e+07 -3.2202e+00 -4.2010e+00
2 0 +1.065329771e+07 +1.065329771e+07 +1.065335684e+07 +1.065335684e+07 -4.0294e+00 -8.1751e-01
6 0 +4.245950182e+06 +4.245950182e+06 +4.246009312e+06 +4.246009312e+06 +1.3867e+00 +1.5532e+00
7 0 +1.757733673e+06 +1.757733673e+06 +1.757792803e+06 +1.757792803e+06 -6.4122e-01 +2.3014e+00
18 0 +1.223133792e+06 +1.223133792e+06 +1.223192922e+06 +1.223192922e+06 +3.7495e+00 -4.8519e+00
22 0 +1.492582635e+05 +1.492582635e+05 +1.493173935e+05 +1.493173935e+05 -2.2160e+00 +1.5218e+00
37 0 +1.341277001e+04 +1.341277001e+04 +1.347190001e+04 +1.347190001e+04 -3.2078e+00 +2.8420e+00
52 0 +4.555520358e+03 +4.555520358e+03 +4.614650358e+03 +4.614650358e+03 -2.6460e+00 +2.3737e+00
90 0 +3.785987389e+03 +3.785987389e+03 +3.845117389e+03 +3.845117389e+03 -3.3572e+00 +3.2192e+00
92 0 +5.148225415e+02 +5.148225415e+02 +5.739525415e+02 +5.739525415e+02 -3.8584e+00 +3.5606e+00
122 0 +1.321171664e+02 +1.321171664e+02 +1.912471664e+02 +1.912471664e+02 -3.8871e+00 +3.6016e+00
157 0 +1.577622123e+01 +1.577622123e+01 +7.490622123e+01 +7.490622123e+01 -3.8689e+00 +3.5955e+00
185 0 +1.139853791e+01 +1.139853791e+01 +7.052853791e+01 +7.052853791e+01 -3.8873e+00 +3.6135e+00
186 0 +9.675290866e+00 +9.675290866e+00 +6.880529087e+01 +6.880529087e+01 -4.1449e+00 +3.8570e+00
221 0 +6.510649701e+00 +6.510649701e+00 +6.564064970e+01 +6.564064970e+01 -4.1452e+00 +3.8538e+00
290 0 +6.156493011e+00 +6.156493011e+00 +6.528649301e+01 +6.528649301e+01 -4.1451e+00 +3.8547e+00
% f evaluations | g evaluations | best noise-free fitness - Fopt | noise-free fitness - Fopt (-4.915300000000e+02) | measured fitness | best measured fitness | x1 | x2...
1 0 +1.048657267e+07 +1.048657267e+07 +1.048608114e+07 +1.048608114e+07 -4.5444e-01 +3.7300e+00
2 0 +1.037175171e+07 +1.037175171e+07 +1.037126018e+07 +1.037126018e+07 +1.6228e+00 +2.1185e+00
3 0 +1.512854023e+05 +1.512854023e+05 +1.507938723e+05 +1.507938723e+05 +2.2689e+00 -2.0155e+00
17 0 +6.474959245e+04 +6.474959245e+04 +6.425806245e+04 +6.425806245e+04 +2.0174e+00 -2.6162e+00
52 0 +2.288510316e+04 +2.288510316e+04 +2.239357316e+04 +2.239357316e+04 +2.3641e+00 -2.3829e+00
53 0 +1.632312253e+04 +1.632312253e+04 +1.583159253e+04 +1.583159253e+04 +1.9707e+00 -2.4277e+00
77 0 +1.255590085e+04 +1.255590085e+04 +1.206437085e+04 +1.206437085e+04 +2.0012e+00 -2.4162e+00
103 0 +2.989523459e+03 +2.989523459e+03 +2.497993459e+03 +2.497993459e+03 +2.0283e+00 -2.2357e+00
104 0 +3.834433321e+02 +3.834433321e+02 -1.080866679e+02 -1.080866679e+02 +2.2031e+00 -2.4147e+00
149 0 +9.230862528e+00 +9.230862528e+00 -4.822991375e+02 -4.822991375e+02 +2.2204e+00 -2.4508e+00
178 0 +7.485434980e+00 +7.485434980e+00 -4.840445650e+02 -4.840445650e+02 +2.1693e+00 -2.4133e+00
% f evaluations | g evaluations | best noise-free fitness - Fopt | noise-free fitness - Fopt (-1.702000000000e+02) | measured fitness | best measured fitness | x1 | x2...
1 0 +1.559353626e+05 +1.559353626e+05 +1.557651626e+05 +1.557651626e+05 -1.7265e+00 -1.6688e+00
5 0 +1.022310466e+05 +1.022310466e+05 +1.020608466e+05 +1.020608466e+05 +1.7781e+00 -4.5774e+00
41 0 +1.688228673e+04 +1.688228673e+04 +1.671208673e+04 +1.671208673e+04 -1.6671e+00 -2.0777e+00
51 0 +5.110046191e+03 +5.110046191e+03 +4.939846191e+03 +4.939846191e+03 -1.6702e+00 -2.3480e+00
75 0 +3.672970053e+03 +3.672970053e+03 +3.502770053e+03 +3.502770053e+03 -1.7432e+00 -2.1110e+00
103 0 +2.668412318e+01 +2.668412318e+01 -1.435158768e+02 -1.435158768e+02 -1.6749e+00 -2.2386e+00
112 0 +5.852203216e+00 +5.852203216e+00 -1.643477968e+02 -1.643477968e+02 -1.7980e+00 -2.1459e+00
195 0 +5.571573589e+00 +5.571573589e+00 -1.646284264e+02 -1.646284264e+02 -1.8189e+00 -2.1306e+00
260 0 +5.448450482e+00 +5.448450482e+00 -1.647515495e+02 -1.647515495e+02 -1.8181e+00 -2.1306e+00
% f evaluations | g evaluations | best noise-free fitness - Fopt | noise-free fitness - Fopt (-4.697500000000e+02) | measured fitness | best measured fitness | x1 | x2...
1 0 +2.513485301e+06 +2.513485301e+06 +2.513015551e+06 +2.513015551e+06 +4.3931e+00 -8.9623e-01
3 0 +9.298627736e+05 +9.298627736e+05 +9.293930236e+05 +9.293930236e+05 +8.1111e-02 -1.9790e+00
6 0 +2.801300605e+05 +2.801300605e+05 +2.796603105e+05 +2.796603105e+05 +2.4838e+00 -2.2557e+00
12 0 +3.418853137e+04 +3.418853137e+04 +3.371878137e+04 +3.371878137e+04 -1.3568e+00 -2.8930e+00
17 0 +3.711584042e+03 +3.711584042e+03 +3.241834042e+03 +3.241834042e+03 -1.7235e+00 -3.0418e+00
59 0 +3.881383485e+01 +3.881383485e+01 -4.309361652e+02 -4.309361652e+02 -1.0117e+00 -3.0555e+00
139 0 +2.759889880e+00 +2.759889880e+00 -4.669901101e+02 -4.669901101e+02 -7.5907e-01 -3.0308e+00
155 0 +3.625375095e-01 +3.625375095e-01 -4.693874625e+02 -4.693874625e+02 -6.2563e-01 -3.0188e+00
% f evaluations | g evaluations | best noise-free fitness - Fopt | noise-free fitness - Fopt (-5.191000000000e+01) | measured fitness | best measured fitness | x1 | x2...
1 0 +7.443260720e+06 +7.443260720e+06 +7.443208810e+06 +7.443208810e+06 -2.1838e+00 +3.5749e+00
2 0 +9.903876982e+03 +9.903876982e+03 +9.851966982e+03 +9.851966982e+03 +1.8201e+00 +2.2609e+00
18 0 +1.917049422e+03 +1.917049422e+03 +1.865139422e+03 +1.865139422e+03 -8.5155e-01 +1.2315e+00
32 0 +3.361913620e+01 +3.361913620e+01 -1.829086380e+01 -1.829086380e+01 +3.5652e-02 +1.6459e+00
159 0 +6.469948505e+00 +6.469948505e+00 -4.544005149e+01 -4.544005149e+01 +4.5923e-02 +1.6458e+00
174 0 +3.556270021e+00 +3.556270021e+00 -4.835372998e+01 -4.835372998e+01 +4.3051e-02 +1.6430e+00
270 0 +3.439777732e+00 +3.439777732e+00 -4.847022227e+01 -4.847022227e+01 +4.2197e-02 +1.6423e+00
% f evaluations | g evaluations | best noise-free fitness - Fopt | noise-free fitness - Fopt (4.808000000000e+01) | measured fitness | best measured fitness | x1 | x2...
1 0 +4.095380100e+06 +4.095380100e+06 +4.095428180e+06 +4.095428180e+06 +3.8588e+00 -3.2419e+00
2 0 +1.319875107e+06 +1.319875107e+06 +1.319923187e+06 +1.319923187e+06 -2.3193e+00 +9.9304e-01
3 0 +6.058380205e+05 +6.058380205e+05 +6.058861005e+05 +6.058861005e+05 -1.3550e+00 -1.6417e-01
5 0 +1.639909875e+05 +1.639909875e+05 +1.640390675e+05 +1.640390675e+05 -4.3625e+00 +1.9402e+00
51 0 +3.682342717e+03 +3.682342717e+03 +3.730422717e+03 +3.730422717e+03 -5.0000e+00 +2.0112e+00
95 0 +9.088579983e+02 +9.088579983e+02 +9.569379983e+02 +9.569379983e+02 -2.4879e+00 -2.6273e-01
159 0 +2.507061907e+01 +2.507061907e+01 +7.315061907e+01 +7.315061907e+01 -2.7562e+00 -6.2490e-02
170 0 +2.148151423e+01 +2.148151423e+01 +6.956151423e+01 +6.956151423e+01 -2.4874e+00 -3.0220e-01
183 0 +2.111285094e+01 +2.111285094e+01 +6.919285094e+01 +6.919285094e+01 -2.4565e+00 -3.2976e-01
% f evaluations | g evaluations | best noise-free fitness - Fopt | noise-free fitness - Fopt (3.058000000000e+01) | measured fitness | best measured fitness | x1 | x2...
1 0 +7.211107624e+06 +7.211107624e+06 +7.211138204e+06 +7.211138204e+06 +4.8202e-02 +4.2636e+00
2 0 +2.122306632e+05 +2.122306632e+05 +2.122612432e+05 +2.122612432e+05 -3.2914e+00 -1.9046e+00
3 0 +7.042192417e+04 +7.042192417e+04 +7.045250417e+04 +7.045250417e+04 -2.5290e+00 -1.0325e+00
6 0 +2.994225768e+04 +2.994225768e+04 +2.997283768e+04 +2.997283768e+04 -2.6644e+00 -1.9250e+00
53 0 +1.752523112e+04 +1.752523112e+04 +1.755581112e+04 +1.755581112e+04 -2.6988e+00 -1.9168e+00
54 0 +3.515388886e+03 +3.515388886e+03 +3.545968886e+03 +3.545968886e+03 -2.8970e+00 -1.8524e+00
71 0 +3.285552973e+03 +3.285552973e+03 +3.316132973e+03 +3.316132973e+03 -2.8238e+00 -2.6798e+00
74 0 +3.285826218e+02 +3.285826218e+02 +3.591626218e+02 +3.591626218e+02 -2.8845e+00 -2.4938e+00
103 0 +1.451872324e+02 +1.451872324e+02 +1.757672324e+02 +1.757672324e+02 -2.8675e+00 -2.7469e+00
106 0 +4.729852872e+00 +4.729852872e+00 +3.530985287e+01 +3.530985287e+01 -2.8740e+00 -2.5978e+00
159 0 +6.994817792e-01 +6.994817792e-01 +3.127948178e+01 +3.127948178e+01 -2.8723e+00 -2.5979e+00
217 0 +5.216644917e-01 +5.216644917e-01 +3.110166449e+01 +3.110166449e+01 -2.8699e+00 -2.5561e+00
313 0 +5.090106392e-01 +5.090106392e-01 +3.108901064e+01 +3.108901064e+01 -2.8699e+00 -2.5555e+00
314 0 +4.963703026e-01 +4.963703026e-01 +3.107637030e+01 +3.107637030e+01 -2.8700e+00 -2.5606e+00
% f evaluations | g evaluations | best noise-free fitness - Fopt | noise-free fitness - Fopt (1.000000000000e+03) | measured fitness | best measured fitness | x1 | x2...
1 0 +1.609603443e+07 +1.609603443e+07 +1.609703443e+07 +1.609703443e+07 +1.2387e+00 +2.1886e+00
3 0 +5.157585420e+05 +5.157585420e+05 +5.167585420e+05 +5.167585420e+05 -2.5032e+00 -1.5929e+00
16 0 +1.188459146e+05 +1.188459146e+05 +1.198459146e+05 +1.198459146e+05 -2.1729e+00 +4.5499e+00
40 0 +1.368349996e+04 +1.368349996e+04 +1.468349996e+04 +1.468349996e+04 -2.9861e+00 +1.6957e+00
45 0 +1.104644322e+04 +1.104644322e+04 +1.204644322e+04 +1.204644322e+04 -2.5791e+00 +3.2514e+00
81 0 +1.112272349e+02 +1.112272349e+02 +1.111227235e+03 +1.111227235e+03 -2.4518e+00 +5.0000e+00
159 0 +1.588165485e+01 +1.588165485e+01 +1.015881655e+03 +1.015881655e+03 -2.4629e+00 +4.9655e+00
165 0 +9.902088234e+00 +9.902088234e+00 +1.009902088e+03 +1.009902088e+03 -2.4652e+00 +5.0000e+00
174 0 +3.278892972e+00 +3.278892972e+00 +1.003278893e+03 +1.003278893e+03 -2.4612e+00 +5.0000e+00
209 0 +2.025370087e+00 +2.025370087e+00 +1.002025370e+03 +1.002025370e+03 -2.4621e+00 +5.0000e+00
280 0 +1.989299700e+00 +1.989299700e+00 +1.001989300e+03 +1.001989300e+03 -2.4623e+00 +5.0000e+00
% f evaluations | g evaluations | best noise-free fitness - Fopt | noise-free fitness - Fopt (-4.236000000000e+01) | measured fitness | best measured fitness | x1 | x2...
1 0 +6.249149011e+06 +6.249149011e+06 +6.249106651e+06 +6.249106651e+06 +2.1213e-03 +4.9375e+00
2 0 +2.151081083e+06 +2.151081083e+06 +2.151038723e+06 +2.151038723e+06 -8.1370e-01 +6.1063e-03
5 0 +2.708575162e+05 +2.708575162e+05 +2.708151562e+05 +2.708151562e+05 +1.1977e+00 -6.2520e-01
6 0 +9.083927992e+02 +9.083927992e+02 +8.660327992e+02 +8.660327992e+02 +1.6265e+00 +2.4594e+00
126 0 +9.353997707e+01 +9.353997707e+01 +5.117997707e+01 +5.117997707e+01 +1.7033e+00 +2.5640e+00
158 0 +2.070855492e+01 +2.070855492e+01 -2.165144508e+01 -2.165144508e+01 +1.6987e+00 +2.5713e+00
163 0 +1.214360698e+01 +1.214360698e+01 -3.021639302e+01 -3.021639302e+01 +1.6791e+00 +2.5193e+00
186 0 +1.171109260e+01 +1.171109260e+01 -3.064890740e+01 -3.064890740e+01 +1.6841e+00 +2.5374e+00
212 0 +1.113492397e+01 +1.113492397e+01 -3.122507603e+01 -3.122507603e+01 +1.6603e+00 +2.4656e+00
% f evaluations | g evaluations | best noise-free fitness - Fopt | noise-free fitness - Fopt (-7.187000000000e+01) | measured fitness | best measured fitness | x1 | x2...
1 0 +7.215246808e+06 +7.215246808e+06 +7.215174938e+06 +7.215174938e+06 +2.1123e+00 +1.2144e+00
2 0 +4.491013122e+06 +4.491013122e+06 +4.490941252e+06 +4.490941252e+06 -1.2463e+00 -2.8791e+00
8 0 +2.348714188e+05 +2.348714188e+05 +2.347995488e+05 +2.347995488e+05 +5.1194e-01 -3.2878e-01
9 0 +1.559361732e+05 +1.559361732e+05 +1.558643032e+05 +1.558643032e+05 +6.7642e-01 -8.8725e-01
13 0 +1.434039852e+05 +1.434039852e+05 +1.433321152e+05 +1.433321152e+05 -4.3246e-01 +1.6381e+00
26 0 +3.507632838e+04 +3.507632838e+04 +3.500445838e+04 +3.500445838e+04 -1.5159e+00 +3.6150e+00
32 0 +4.829729527e+03 +4.829729527e+03 +4.757859527e+03 +4.757859527e+03 +2.4743e-01 -1.1443e+00
52 0 +6.396937184e+02 +6.396937184e+02 +5.678237184e+02 +5.678237184e+02 +2.8772e-01 -1.1077e+00
58 0 +4.691612217e+01 +4.691612217e+01 -2.495387783e+01 -2.495387783e+01 +3.0066e-01 -1.0606e+00
104 0 +2.022949713e+01 +2.022949713e+01 -5.164050287e+01 -5.164050287e+01 +2.9599e-01 -1.0606e+00
162 0 +1.899939677e+01 +1.899939677e+01 -5.287060323e+01 -5.287060323e+01 +2.9529e-01 -1.0606e+00
% f evaluations | g evaluations | best noise-free fitness - Fopt | noise-free fitness - Fopt (-1.650000000000e+01) | measured fitness | best measured fitness | x1 | x2...
1 0 +6.157198634e+06 +6.157198634e+06 +6.157182134e+06 +6.157182134e+06 -2.0876e+00 -9.4477e-01
3 0 +1.845770809e+06 +1.845770809e+06 +1.845754309e+06 +1.845754309e+06 -2.9426e+00 +2.5515e+00
6 0 +3.999291530e+05 +3.999291530e+05 +3.999126530e+05 +3.999126530e+05 -3.5627e+00 +1.8599e+00
12 0 +1.429333599e+05 +1.429333599e+05 +1.429168599e+05 +1.429168599e+05 -2.8981e+00 +8.7685e-01
20 0 +9.685225157e+04 +9.685225157e+04 +9.683575157e+04 +9.683575157e+04 -4.1756e-02 +1.5104e+00
56 0 +3.395962631e+03 +3.395962631e+03 +3.379462631e+03 +3.379462631e+03 -1.5996e+00 +1.4714e+00
94 0 +4.969348668e+02 +4.969348668e+02 +4.804348668e+02 +4.804348668e+02 -2.0418e-01 +1.7654e+00
122 0 +2.938427644e+02 +2.938427644e+02 +2.773427644e+02 +2.773427644e+02 -1.9168e-01 +1.7719e+00
145 0 +3.777412050e+01 +3.777412050e+01 +2.127412050e+01 +2.127412050e+01 -3.8263e-01 +1.7490e+00
157 0 +1.759790410e+01 +1.759790410e+01 +1.097904100e+00 +1.097904100e+00 -3.8755e-01 +1.7509e+00
179 0 +1.199090333e+01 +1.199090333e+01 -4.509096672e+00 -4.509096672e+00 -2.3864e-01 +1.7821e+00
327 0 +1.171966643e+01 +1.171966643e+01 -4.780333567e+00 -4.780333567e+00 -3.6201e-01 +1.7579e+00
% f evaluations | g evaluations | best noise-free fitness - Fopt | noise-free fitness - Fopt (1.000000000000e+03) | measured fitness | best measured fitness | x1 | x2...
1 0 +9.233649322e+06 +9.233649322e+06 +9.234649322e+06 +9.234649322e+06 +3.6777e+00 +1.8171e+00
2 0 +1.868550504e+06 +1.868550504e+06 +1.869550504e+06 +1.869550504e+06 +4.1376e+00 -2.5418e+00
9 0 +4.512058758e+05 +4.512058758e+05 +4.522058758e+05 +4.522058758e+05 +2.7392e+00 -4.0749e+00
11 0 +2.279087860e+05 +2.279087860e+05 +2.289087860e+05 +2.289087860e+05 -1.5714e+00 +3.5676e+00
18 0 +5.867240893e+04 +5.867240893e+04 +5.967240893e+04 +5.967240893e+04 +3.8195e+00 -4.9142e+00
30 0 +3.202951482e+03 +3.202951482e+03 +4.202951482e+03 +4.202951482e+03 -9.1498e-01 +3.2878e+00
32 0 +1.784591667e+02 +1.784591667e+02 +1.178459167e+03 +1.178459167e+03 +1.4499e+00 -4.9263e-01
115 0 +2.371011042e+01 +2.371011042e+01 +1.023710110e+03 +1.023710110e+03 +1.4470e+00 -5.2131e-01
176 0 +2.485611641e+00 +2.485611641e+00 +1.002485612e+03 +1.002485612e+03 +1.4440e+00 -5.0895e-01
238 0 +2.413145348e+00 +2.413145348e+00 +1.002413145e+03 +1.002413145e+03 +1.4422e+00 -5.0594e-01
264 0 +2.283938266e+00 +2.283938266e+00 +1.002283938e+03 +1.002283938e+03 +1.4425e+00 -5.0613e-01
% f evaluations | g evaluations | best noise-free fitness - Fopt | noise-free fitness - Fopt (-1.000000000000e+03) | measured fitness | best measured fitness | x1 | x2...
1 0 +2.195999688e+07 +2.195999688e+07 +2.195899688e+07 +2.195899688e+07 +3.4395e+00 -1.3435e+00
3 0 +1.914327100e+06 +1.914327100e+06 +1.913327100e+06 +1.913327100e+06 -2.5037e+00 +1.8655e+00
9 0 +9.644855779e+02 +9.644855779e+02 -3.551442213e+01 -3.551442213e+01 -2.7109e+00 -2.1215e-01
105 0 +8.179822976e+01 +8.179822976e+01 -9.182017702e+02 -9.182017702e+02 -2.7166e+00 -2.5114e-01
141 0 +5.170056321e+01 +5.170056321e+01 -9.482994368e+02 -9.482994368e+02 -2.7539e+00 -2.1507e-01
157 0 +2.890618152e+01 +2.890618152e+01 -9.710938185e+02 -9.710938185e+02 -2.7594e+00 -2.0129e-01
210 0 +2.808339604e+01 +2.808339604e+01 -9.719166040e+02 -9.719166040e+02 -2.7589e+00 -2.0193e-01
219 0 +2.608027856e+01 +2.608027856e+01 -9.739197214e+02 -9.739197214e+02 -2.7601e+00 -1.8906e-01
244 0 +2.378328678e+01 +2.378328678e+01 -9.762167132e+02 -9.762167132e+02 -2.7584e+00 -2.0131e-01
251 0 +1.938998999e+01 +1.938998999e+01 -9.806100100e+02 -9.806100100e+02 -2.7472e+00 -2.1467e-01
% f evaluations | g evaluations | best noise-free fitness - Fopt | noise-free fitness - Fopt (-1.527400000000e+02) | measured fitness | best measured fitness | x1 | x2...
1 0 +7.857587911e+06 +7.857587911e+06 +7.857435171e+06 +7.857435171e+06 +1.8030e-01 +1.8038e+00
3 0 +5.338855219e+06 +5.338855219e+06 +5.338702479e+06 +5.338702479e+06 -3.5953e+00 -2.1563e-02
5 0 +3.782302810e+06 +3.782302810e+06 +3.782150070e+06 +3.782150070e+06 -4.0054e+00 +4.6149e+00
8 0 +2.853821184e+06 +2.853821184e+06 +2.853668444e+06 +2.853668444e+06 -3.5146e+00 +5.0888e-01
12 0 +2.006092610e+06 +2.006092610e+06 +2.005939870e+06 +2.005939870e+06 -3.7368e+00 +8.5153e-01
15 0 +1.309658379e+05 +1.309658379e+05 +1.308130979e+05 +1.308130979e+05 +4.6182e-01 +4.8490e+00
23 0 +8.178102062e+02 +8.178102062e+02 +6.650702062e+02 +6.650702062e+02 -4.1130e+00 +2.2454e+00
74 0 +6.215833109e+02 +6.215833109e+02 +4.688433109e+02 +4.688433109e+02 -5.0000e+00 +1.7226e+00
106 0 +8.702867187e+01 +8.702867187e+01 -6.571132813e+01 -6.571132813e+01 -5.0000e+00 +1.7044e+00
117 0 +8.139994362e+01 +8.139994362e+01 -7.134005638e+01 -7.134005638e+01 -5.0000e+00 +1.6823e+00
136 0 +2.354058215e+01 +2.354058215e+01 -1.291994178e+02 -1.291994178e+02 -4.6961e+00 +1.8982e+00
151 0 +4.980942212e+00 +4.980942212e+00 -1.477590578e+02 -1.477590578e+02 -4.8155e+00 +1.8164e+00
200 0 +2.771352666e+00 +2.771352666e+00 -1.499686473e+02 -1.499686473e+02 -4.8265e+00 +1.8061e+00
267 0 +2.531332151e+00 +2.531332151e+00 -1.502086678e+02 -1.502086678e+02 -4.8269e+00 +1.8061e+00
268 0 +2.175261598e+00 +2.175261598e+00 -1.505647384e+02 -1.505647384e+02 -4.8266e+00 +1.8070e+00
370 0 +2.060647382e+00 +2.060647382e+00 -1.506793526e+02 -1.506793526e+02 -4.7989e+00 +1.8252e+00
