% f evaluations | g evaluations | best noise-free fitness - Fopt | noise-free fitness - Fopt (-1.000000000000e+03) | measured fitness | best measured fitness | x1 | x2...
1 0 +8.057169867e+01 +8.057169867e+01 -9.194283013e+02 -9.194283013e+02 +0.0000e+00 +0.0000e+00 +0.0000e+00 +0.0000e+00 +0.0000e+00
3 0 +8.057155731e+01 +8.057155731e+01 -9.194284427e+02 -9.194284427e+02 +0.0000e+00 +2.5000e-04 +0.0000e+00 +0.0000e+00 +0.0000e+00
54 0 +7.927085214e+01 +7.927085214e+01 -9.207291479e+02 -9.207291479e+02 -2.0266e-02 +1.1831e-01 -3.4081e-03 -2.5765e-01 +6.3210e-02
60 0 +7.752324156e+01 +7.752324156e+01 -9.224767584e+02 -9.224767584e+02 -4.8827e-02 +2.6848e-01 -7.5417e-03 -5.7924e-01 +1.4246e-01
65 0 +7.266689915e+01 +7.266689915e+01 -9.273331009e+02 -9.273331009e+02 -9.1876e-02 +5.0595e-01 -1.5459e-02 -1.0781e+00 +2.6662e-01
67 0 +7.123475369e+01 +7.123475369e+01 -9.287652463e+02 -9.287652463e+02 -1.0149e-01 +5.6065e-01 -1.6684e-02 -1.2066e+00 +2.9795e-01
68 0 +6.651442428e+01 +6.651442428e+01 -9.334855757e+02 -9.334855757e+02 -1.3601e-01 +7.4947e-01 -2.2075e-02 -1.6164e+00 +3.9929e-01
70 0 +6.403954743e+01 +6.403954743e+01 -9.359604526e+02 -9.359604526e+02 -1.5344e-01 +8.4523e-01 -2.6491e-02 -1.8091e+00 +4.4739e-01
71 0 +5.824414861e+01 +5.824414861e+01 -9.417558514e+02 -9.417558514e+02 -2.0574e-01 +1.1336e+00 -3.5966e-02 -2.4240e+00 +5.9986e-01
183 0 +5.744787638e+01 +5.744787638e+01 -9.425521236e+02 -9.425521236e+02 -2.4657e-01 +1.0924e+00 +3.4381e-02 -2.5688e+00 +6.5575e-01
379 0 +5.619368953e+01 +5.619368953e+01 -9.438063105e+02 -9.438063105e+02 -2.4909e-01 +8.8995e-01 +2.0305e-01 -2.7053e+00 +7.7129e-01
406 0 +5.475505291e+01 +5.475505291e+01 -9.452449471e+02 -9.452449471e+02 +2.0213e-01 +1.1224e+00 +4.3865e-02 -2.8069e+00 +9.3480e-01
415 0 +5.360033078e+01 +5.360033078e+01 -9.463996692e+02 -9.463996692e+02 +4.9148e-01 +1.0513e+00 +8.8515e-02 -2.8835e+00 +1.1124e+00
420 0 +5.228869119e+01 +5.228869119e+01 -9.477113088e+02 -9.477113088e+02 +7.2744e-01 +9.5387e-01 +9.8043e-02 -2.7537e+00 +1.1907e+00
670 0 +5.126865967e+01 +5.126865967e+01 -9.487313403e+02 -9.487313403e+02 +9.5665e-01 +1.0090e+00 +4.2411e-02 -2.4359e+00 +1.3193e+00
697 0 +5.007639022e+01 +5.007639022e+01 -9.499236098e+02 -9.499236098e+02 +1.0609e+00 +1.1729e+00 -5.8459e-03 -2.1165e+00 +1.5037e+00
% f evaluations | g evaluations | best noise-free fitness - Fopt | noise-free fitness - Fopt (1.000000000000e+03) | measured fitness | best measured fitness | x1 | x2...
1 0 +7.299933294e+01 +7.299933294e+01 +1.072999333e+03 +1.072999333e+03 +0.0000e+00 +0.0000e+00 +0.0000e+00 +0.0000e+00 +0.0000e+00
2 0 +7.299616527e+01 +7.299616527e+01 +1.072996165e+03 +1.072996165e+03 +2.5000e-04 +0.0000e+00 +0.0000e+00 +0.0000e+00 +0.0000e+00
39 0 +7.242176611e+01 +7.242176611e+01 +1.072421766e+03 +1.072421766e+03 +1.9916e-02 -2.8517e-02 +7.3990e-03 +2.5826e-03 +8.2329e-03
50 0 +7.065994126e+01 +7.065994126e+01 +1.070659941e+03 +1.070659941e+03 +8.3683e-02 -1.1922e-01 +3.2568e-02 +9.8064e-03 +3.2730e-02
55 0 +6.848404280e+01 +6.848404280e+01 +1.068484043e+03 +1.068484043e+03 +1.7036e-01 -2.4133e-01 +6.6410e-02 +1.9913e-02 +6.7436e-02
58 0 +6.661832278e+01 +6.661832278e+01 +1.066618323e+03 +1.066618323e+03 +2.5616e-01 -3.6492e-01 +9.7023e-02 +3.0381e-02 +9.9729e-02
61 0 +6.520176817e+01 +6.520176817e+01 +1.065201768e+03 +1.065201768e+03 +3.5159e-01 -4.9837e-01 +1.3305e-01 +4.1779e-02 +1.3709e-01
163 0 +6.455423385e+01 +6.455423385e+01 +1.064554234e+03 +1.064554234e+03 +4.0315e-01 -5.5669e-01 +1.1828e-01 +3.4734e-02 +1.4867e-01
179 0 +6.307062983e+01 +6.307062983e+01 +1.063070630e+03 +1.063070630e+03 +4.3469e-01 -5.2264e-01 -5.0831e-02 -2.7693e-02 +1.1611e-01
187 0 +6.144862213e+01 +6.144862213e+01 +1.061448622e+03 +1.061448622e+03 +5.0907e-01 -5.5957e-01 -1.7679e-01 -7.5791e-02 +1.0682e-01
191 0 +5.986322183e+01 +5.986322183e+01 +1.059863222e+03 +1.059863222e+03 +6.2351e-01 -5.9124e-01 -4.2777e-01 -1.7087e-01 +7.8514e-02
193 0 +5.878964776e+01 +5.878964776e+01 +1.058789648e+03 +1.058789648e+03 +6.7286e-01 -7.1647e-01 -2.7946e-01 -1.1821e-01 +1.2897e-01
196 0 +5.694272966e+01 +5.694272966e+01 +1.056942730e+03 +1.056942730e+03 +8.5049e-01 -8.0158e-01 -5.8705e-01 -2.3519e-01 +1.0529e-01
304 0 +5.614823657e+01 +5.614823657e+01 +1.056148237e+03 +1.056148237e+03 +9.2211e-01 -8.0062e-01 -6.6015e-01 -3.1827e-01 +1.0692e-01
314 0 +5.484046776e+01 +5.484046776e+01 +1.054840468e+03 +1.054840468e+03 +9.8154e-01 -7.4456e-01 -6.9813e-01 -4.4038e-01 +1.1241e-01
319 0 +5.342683265e+01 +5.342683265e+01 +1.053426833e+03 +1.053426833e+03 +9.9798e-01 -7.2000e-01 -6.4635e-01 -4.8558e-01 +1.2843e-01
320 0 +5.225010730e+01 +5.225010730e+01 +1.052250107e+03 +1.052250107e+03 +9.9900e-01 -6.8234e-01 -6.0434e-01 -5.2439e-01 +1.3785e-01
323 0 +5.076433163e+01 +5.076433163e+01 +1.050764332e+03 +1.050764332e+03 +1.0577e+00 -5.9857e-01 -6.4050e-01 -6.7229e-01 +1.4303e-01
326 0 +4.847597135e+01 +4.847597135e+01 +1.048475971e+03 +1.048475971e+03 +1.0282e+00 -4.5170e-01 -5.6923e-01 -7.7955e-01 +1.4899e-01
328 0 +4.501815284e+01 +4.501815284e+01 +1.045018153e+03 +1.045018153e+03 +1.1336e+00 -3.8421e-01 -5.3993e-01 -9.7043e-01 +1.8234e-01
330 0 +4.458380629e+01 +4.458380629e+01 +1.044583806e+03 +1.044583806e+03 +1.1476e+00 -3.1288e-01 -5.4497e-01 -1.0546e+00 +1.8328e-01
331 0 +4.246293695e+01 +4.246293695e+01 +1.042462937e+03 +1.042462937e+03 +1.2218e+00 -1.2814e-01 -5.1529e-01 -1.3198e+00 +2.0600e-01
332 0 +4.159666847e+01 +4.159666847e+01 +1.041596668e+03 +1.041596668e+03 +1.1130e+00 -1.7617e-01 -4.4211e-01 -1.1478e+00 +1.9572e-01
333 0 +3.814579124e+01 +3.814579124e+01 +1.038145791e+03 +1.038145791e+03 +1.1259e+00 +4.6572e-02 -3.3699e-01 -1.3792e+00 +2.1937e-01
334 0 +3.696231920e+01 +3.696231920e+01 +1.036962319e+03 +1.036962319e+03 +1.1700e+00 +5.8811e-02 -3.3257e-01 -1.4434e+00 +2.3166e-01
335 0 +3.282927883e+01 +3.282927883e+01 +1.032829279e+03 +1.032829279e+03 +1.2261e+00 +3.8750e-01 -1.7860e-01 -1.8289e+00 +2.7598e-01
339 0 +3.042949054e+01 +3.042949054e+01 +1.030429491e+03 +1.030429491e+03 +1.3009e+00 +9.2288e-01 +7.8008e-02 -2.4375e+00 +3.4532e-01
342 0 +2.746035318e+01 +2.746035318e+01 +1.027460353e+03 +1.027460353e+03 +1.3106e+00 +8.8521e-01 +1.1356e-01 -2.4151e+00 +3.5699e-01
343 0 +2.403848776e+01 +2.403848776e+01 +1.024038488e+03 +1.024038488e+03 +1.2985e+00 +1.0780e+00 +2.9839e-01 -2.5919e+00 +3.9347e-01
347 0 +2.112096059e+01 +2.112096059e+01 +1.021120961e+03 +1.021120961e+03 +1.2452e+00 +1.2108e+00 +4.7482e-01 -2.6623e+00 +4.1851e-01
348 0 +1.772090432e+01 +1.772090432e+01 +1.017720904e+03 +1.017720904e+03 +1.2547e+00 +1.6225e+00 +8.0154e-01 -3.0789e+00 +4.8977e-01
352 0 +1.391477278e+01 +1.391477278e+01 +1.013914773e+03 +1.013914773e+03 +1.3276e+00 +1.9531e+00 +1.0683e+00 -3.4915e+00 +5.6507e-01
353 0 +1.095688935e+01 +1.095688935e+01 +1.010956889e+03 +1.010956889e+03 +1.3902e+00 +2.3918e+00 +1.4338e+00 -3.9991e+00 +6.5890e-01
355 0 +9.891917150e+00 +9.891917150e+00 +1.009891917e+03 +1.009891917e+03 +1.1303e+00 +1.8330e+00 +1.2754e+00 -3.1522e+00 +5.6471e-01
357 0 +8.489338533e+00 +8.489338533e+00 +1.008489339e+03 +1.008489339e+03 +1.2469e+00 +1.7327e+00 +1.1888e+00 -3.1918e+00 +5.7705e-01
358 0 +7.580895420e+00 +7.580895420e+00 +1.007580895e+03 +1.007580895e+03 +1.2547e+00 +1.6096e+00 +1.2616e+00 -3.0878e+00 +5.9899e-01
360 0 +6.148737460e+00 +6.148737460e+00 +1.006148737e+03 +1.006148737e+03 +1.3095e+00 +2.9089e+00 +2.2217e+00 -4.4292e+00 +8.1338e-01
362 0 +4.958163937e+00 +4.958163937e+00 +1.004958164e+03 +1.004958164e+03 +1.3127e+00 +2.2284e+00 +1.7259e+00 -3.7654e+00 +7.1124e-01
363 0 +4.416189148e+00 +4.416189148e+00 +1.004416189e+03 +1.004416189e+03 +1.3350e+00 +2.1045e+00 +1.8081e+00 -3.6787e+00 +7.3926e-01
365 0 +3.625601754e+00 +3.625601754e+00 +1.003625602e+03 +1.003625602e+03 +1.4437e+00 +2.9025e+00 +2.4528e+00 -4.5939e+00 +9.0384e-01
380 0 +3.356688722e+00 +3.356688722e+00 +1.003356689e+03 +1.003356689e+03 +1.4849e+00 +2.7467e+00 +2.2977e+00 -4.4886e+00 +8.8129e-01
385 0 +3.309486762e+00 +3.309486762e+00 +1.003309487e+03 +1.003309487e+03 +1.3735e+00 +2.6436e+00 +2.1720e+00 -4.2521e+00 +8.2429e-01
391 0 +3.199299264e+00 +3.199299264e+00 +1.003199299e+03 +1.003199299e+03 +1.4573e+00 +2.7514e+00 +2.2448e+00 -4.4575e+00 +8.6135e-01
397 0 +3.159479251e+00 +3.159479251e+00 +1.003159479e+03 +1.003159479e+03 +1.4222e+00 +2.5329e+00 +2.0714e+00 -4.2007e+00 +8.1564e-01
612 0 +3.089540872e+00 +3.089540872e+00 +1.003089541e+03 +1.003089541e+03 +1.4570e+00 +2.6021e+00 +2.1240e+00 -4.2796e+00 +8.3368e-01
622 0 +3.018457120e+00 +3.018457120e+00 +1.003018457e+03 +1.003018457e+03 +1.4825e+00 +2.6177e+00 +2.1292e+00 -4.2632e+00 +8.3702e-01
628 0 +2.932730253e+00 +2.932730253e+00 +1.002932730e+03 +1.002932730e+03 +1.5096e+00 +2.6652e+00 +2.1600e+00 -4.2460e+00 +8.4376e-01
633 0 +2.882031344e+00 +2.882031344e+00 +1.002882031e+03 +1.002882031e+03 +1.5157e+00 +2.6557e+00 +2.1588e+00 -4.2014e+00 +8.4232e-01
637 0 +2.804347183e+00 +2.804347183e+00 +1.002804347e+03 +1.002804347e+03 +1.5128e+00 +2.6690e+00 +2.2021e+00 -4.1484e+00 +8.4707e-01
648 0 +2.737766373e+00 +2.737766373e+00 +1.002737766e+03 +1.002737766e+03 +1.5602e+00 +2.7088e+00 +2.2284e+00 -4.1006e+00 +8.5501e-01
653 0 +2.691197352e+00 +2.691197352e+00 +1.002691197e+03 +1.002691197e+03 +1.5628e+00 +2.6694e+00 +2.2247e+00 -3.9728e+00 +8.4916e-01
668 0 +2.608771005e+00 +2.608771005e+00 +1.002608771e+03 +1.002608771e+03 +1.6372e+00 +2.6465e+00 +2.2516e+00 -3.8209e+00 +8.6037e-01
% f evaluations | g evaluations | best noise-free fitness - Fopt | noise-free fitness - Fopt (-4.913000000000e+01) | measured fitness | best measured fitness | x1 | x2...
1 0 +6.940722089e+01 +6.940722089e+01 +2.027722089e+01 +2.027722089e+01 +0.0000e+00 +0.0000e+00 +0.0000e+00 +0.0000e+00 +0.0000e+00
2 0 +6.940240111e+01 +6.940240111e+01 +2.027240111e+01 +2.027240111e+01 +2.5000e-04 +0.0000e+00 +0.0000e+00 +0.0000e+00 +0.0000e+00
31 0 +6.915232582e+01 +6.915232582e+01 +2.002232582e+01 +2.002232582e+01 +6.5794e-03 -1.6922e-03 -7.5892e-03 +2.6851e-03 -4.5890e-03
47 0 +6.719028185e+01 +6.719028185e+01 +1.806028185e+01 +1.806028185e+01 +5.5629e-02 -1.7984e-02 -6.5168e-02 +2.3096e-02 -4.0683e-02
52 0 +6.590059301e+01 +6.590059301e+01 +1.677059301e+01 +1.677059301e+01 +8.8842e-02 -2.7260e-02 -1.0268e-01 +3.3806e-02 -6.3736e-02
55 0 +6.334671656e+01 +6.334671656e+01 +1.421671656e+01 +1.421671656e+01 +1.5582e-01 -4.8643e-02 -1.8283e-01 +6.2090e-02 -1.1325e-01
57 0 +6.273901900e+01 +6.273901900e+01 +1.360901900e+01 +1.360901900e+01 +1.7620e-01 -5.3493e-02 -2.0363e-01 +6.6055e-02 -1.2666e-01
58 0 +6.142136452e+01 +6.142136452e+01 +1.229136452e+01 +1.229136452e+01 +2.3649e-01 -7.1248e-02 -2.7286e-01 +8.7534e-02 -1.6965e-01
132 0 +6.024696292e+01 +6.024696292e+01 +1.111696292e+01 +1.111696292e+01 +2.3876e-01 -1.5134e-01 -3.5874e-01 +2.2899e-01 -1.7010e-01
140 0 +5.855399110e+01 +5.855399110e+01 +9.423991100e+00 +9.423991100e+00 +1.9531e-01 -2.8488e-01 -4.6233e-01 +4.7319e-01 -1.3471e-01
145 0 +5.716023044e+01 +5.716023044e+01 +8.030230442e+00 +8.030230442e+00 +1.4690e-01 -3.9083e-01 -5.3296e-01 +6.6967e-01 -9.5427e-02
146 0 +5.613650444e+01 +5.613650444e+01 +7.006504440e+00 +7.006504440e+00 +1.1069e-01 -4.8585e-01 -6.0210e-01 +8.4444e-01 -6.6060e-02
149 0 +5.467652338e+01 +5.467652338e+01 +5.546523383e+00 +5.546523383e+00 +4.1049e-02 -6.6675e-01 -7.3324e-01 +1.1766e+00 -9.6981e-03
157 0 +5.287691069e+01 +5.287691069e+01 +3.746910690e+00 +3.746910690e+00 -1.2459e-01 -9.9165e-01 -9.3426e-01 +1.7807e+00 +1.2242e-01
158 0 +5.247787463e+01 +5.247787463e+01 +3.347874632e+00 +3.347874632e+00 -1.9575e-01 -1.0756e+00 -9.6155e-01 +1.9408e+00 +1.7768e-01
283 0 +5.126214073e+01 +5.126214073e+01 +2.132140725e+00 +2.132140725e+00 +1.0031e-01 -5.9471e-01 -7.8663e-01 +1.1199e+00 +1.3397e-01
293 0 +5.010973921e+01 +5.010973921e+01 +9.797392106e-01 +9.797392106e-01 +2.7505e-01 -3.7663e-01 -7.8125e-01 +7.8158e-01 +1.7705e-01
300 0 +4.850204958e+01 +4.850204958e+01 -6.279504182e-01 -6.279504182e-01 +3.6233e-01 -3.2034e-01 -8.5425e-01 +7.2675e-01 +2.4740e-01
304 0 +4.719940286e+01 +4.719940286e+01 -1.930597140e+00 -1.930597140e+00 +4.9262e-01 -1.8557e-01 -8.9671e-01 +5.4149e-01 +3.1911e-01
307 0 +4.647356771e+01 +4.647356771e+01 -2.656432294e+00 -2.656432294e+00 +5.7798e-01 -1.0412e-01 -9.3100e-01 +4.3138e-01 +3.6538e-01
308 0 +4.561526766e+01 +4.561526766e+01 -3.514732337e+00 -3.514732337e+00 +7.0439e-01 +3.5226e-02 -9.6686e-01 +2.4006e-01 +4.4456e-01
311 0 +4.459108380e+01 +4.459108380e+01 -4.538916199e+00 -4.538916199e+00 +8.9388e-01 +1.4701e-01 -1.1343e+00 +1.3766e-01 +5.8991e-01
501 0 +4.352114375e+01 +4.352114375e+01 -5.608856246e+00 -5.608856246e+00 +6.7057e-01 -2.6528e-01 -1.1829e+00 +7.0036e-01 +6.1607e-01
511 0 +4.255385346e+01 +4.255385346e+01 -6.576146544e+00 -6.576146544e+00 +4.6436e-01 -6.6677e-01 -1.1131e+00 +1.1135e+00 +5.2636e-01
520 0 +4.156285685e+01 +4.156285685e+01 -7.567143155e+00 -7.567143155e+00 +6.0468e-01 -6.3593e-01 -1.1245e+00 +9.5279e-01 +5.7336e-01
526 0 +4.035946804e+01 +4.035946804e+01 -8.770531962e+00 -8.770531962e+00 +4.4135e-01 -1.0203e+00 -1.0133e+00 +1.2643e+00 +4.8212e-01
527 0 +3.955728765e+01 +3.955728765e+01 -9.572712347e+00 -9.572712347e+00 +4.1007e-01 -1.1678e+00 -9.5409e-01 +1.3319e+00 +4.6163e-01
534 0 +3.884958703e+01 +3.884958703e+01 -1.028041297e+01 -1.028041297e+01 +5.3884e-01 -1.1909e+00 -8.7952e-01 +1.1282e+00 +4.6031e-01
538 0 +3.773703862e+01 +3.773703862e+01 -1.139296138e+01 -1.139296138e+01 +3.4897e-01 -1.5381e+00 -7.5153e-01 +1.4256e+00 +3.9264e-01
546 0 +3.693221655e+01 +3.693221655e+01 -1.219778345e+01 -1.219778345e+01 +5.2201e-01 -1.4687e+00 -5.4169e-01 +9.6961e-01 +3.7082e-01
% f evaluations | g evaluations | best noise-free fitness - Fopt | noise-free fitness - Fopt (2.977300000000e+02) | measured fitness | best measured fitness | x1 | x2...
1 0 +4.678244042e+01 +4.678244042e+01 +3.445124404e+02 +3.445124404e+02 +0.0000e+00 +0.0000e+00 +0.0000e+00 +0.0000e+00 +0.0000e+00
2 0 +4.678160563e+01 +4.678160563e+01 +3.445116056e+02 +3.445116056e+02 +2.5000e-04 +0.0000e+00 +0.0000e+00 +0.0000e+00 +0.0000e+00
7 0 +4.677094772e+01 +4.677094772e+01 +3.445009477e+02 +3.445009477e+02 +1.0000e-04 -2.5000e-04 +1.0000e-04 +1.0000e-04 +1.0000e-04
37 0 +4.552780441e+01 +4.552780441e+01 +3.432578044e+02 +3.432578044e+02 -5.2541e-04 -2.7410e-02 +1.1123e-02 -1.1863e-04 +1.0643e-02
42 0 +4.444448051e+01 +4.444448051e+01 +3.421744805e+02 +3.421744805e+02 -3.5484e-03 -5.0280e-02 +2.0747e-02 -2.9520e-04 +2.1047e-02
45 0 +4.324817230e+01 +4.324817230e+01 +3.409781723e+02 +3.409781723e+02 -2.8166e-03 -7.7180e-02 +3.1044e-02 +4.0433e-05 +2.9716e-02
48 0 +4.148988703e+01 +4.148988703e+01 +3.392198870e+02 +3.392198870e+02 -7.5708e-03 -1.1440e-01 +4.7078e-02 -5.8546e-04 +4.6094e-02
51 0 +3.954158901e+01 +3.954158901e+01 +3.372715890e+02 +3.372715890e+02 -8.6551e-03 -1.5755e-01 +6.3398e-02 -6.5341e-04 +6.3236e-02
53 0 +3.705012429e+01 +3.705012429e+01 +3.347801243e+02 +3.347801243e+02 -9.8227e-03 -2.1466e-01 +8.6632e-02 -9.5129e-04 +8.3912e-02
55 0 +3.596590927e+01 +3.596590927e+01 +3.336959093e+02 +3.336959093e+02 -1.4171e-02 -2.3886e-01 +9.7103e-02 -1.3562e-03 +9.5977e-02
56 0 +3.269573449e+01 +3.269573449e+01 +3.304257345e+02 +3.304257345e+02 -1.9847e-02 -3.1970e-01 +1.3013e-01 -2.0545e-03 +1.2911e-01
58 0 +3.127396300e+01 +3.127396300e+01 +3.290039630e+02 +3.290039630e+02 -1.8685e-02 -3.5964e-01 +1.4476e-01 -1.5288e-03 +1.4263e-01
59 0 +2.731911428e+01 +2.731911428e+01 +3.250491143e+02 +3.250491143e+02 -2.4243e-02 -4.8227e-01 +1.9361e-01 -2.0005e-03 +1.9090e-01
61 0 +2.662916069e+01 +2.662916069e+01 +3.243591607e+02 +3.243591607e+02 -2.7223e-02 -5.0588e-01 +2.0425e-01 -2.8534e-03 +2.0097e-01
62 0 +2.284903040e+01 +2.284903040e+01 +3.205790304e+02 +3.205790304e+02 -3.5548e-02 -6.6003e-01 +2.6641e-01 -4.0660e-03 +2.6238e-01
64 0 +1.803123786e+01 +1.803123786e+01 +3.157612379e+02 +3.157612379e+02 -5.2484e-02 -8.9309e-01 +3.6086e-01 -4.8887e-03 +3.5797e-01
66 0 +1.591188482e+01 +1.591188482e+01 +3.136418848e+02 +3.136418848e+02 -5.2854e-02 -1.0030e+00 +4.0366e-01 -5.0497e-03 +3.9776e-01
67 0 +1.077298348e+01 +1.077298348e+01 +3.085029835e+02 +3.085029835e+02 -6.9357e-02 -1.3446e+00 +5.4043e-01 -6.5472e-03 +5.3209e-01
69 0 +9.551967370e+00 +9.551967370e+00 +3.072819674e+02 +3.072819674e+02 -8.3799e-02 -1.5011e+00 +6.0561e-01 -8.8919e-03 +5.9884e-01
70 0 +8.752355004e+00 +8.752355004e+00 +3.064823550e+02 +3.064823550e+02 -1.1358e-01 -2.0105e+00 +8.1161e-01 -1.2338e-02 +8.0281e-01
71 0 +8.645885165e+00 +8.645885165e+00 +3.063758852e+02 +3.063758852e+02 -1.0371e-01 -1.8635e+00 +7.5087e-01 -1.0135e-02 +7.4353e-01
153 0 +8.501227827e+00 +8.501227827e+00 +3.062312278e+02 +3.062312278e+02 -1.2896e-01 -1.9203e+00 +7.9647e-01 -3.2832e-02 +7.6258e-01
162 0 +8.309710777e+00 +8.309710777e+00 +3.060397108e+02 +3.060397108e+02 -1.5642e-01 -1.9017e+00 +8.1847e-01 -6.2088e-02 +7.4981e-01
165 0 +8.085211650e+00 +8.085211650e+00 +3.058152116e+02 +3.058152116e+02 -1.9527e-01 -1.8928e+00 +8.5640e-01 -1.0372e-01 +7.3761e-01
169 0 +7.898303668e+00 +7.898303668e+00 +3.056283037e+02 +3.056283037e+02 -2.3449e-01 -1.8475e+00 +8.8133e-01 -1.4617e-01 +7.1260e-01
171 0 +7.682977790e+00 +7.682977790e+00 +3.054129778e+02 +3.054129778e+02 -2.9345e-01 -1.8472e+00 +9.4097e-01 -2.0519e-01 +7.0308e-01
175 0 +7.559011541e+00 +7.559011541e+00 +3.052890115e+02 +3.052890115e+02 -3.7275e-01 -1.7359e+00 +9.8746e-01 -2.9648e-01 +6.3819e-01
185 0 +7.393882138e+00 +7.393882138e+00 +3.051238821e+02 +3.051238821e+02 -4.2853e-01 -1.8114e+00 +1.0680e+00 -3.4544e-01 +6.6448e-01
% f evaluations | g evaluations | best noise-free fitness - Fopt | noise-free fitness - Fopt (5.157000000000e+01) | measured fitness | best measured fitness | x1 | x2...
1 0 +7.372267219e+01 +7.372267219e+01 +1.252926722e+02 +1.252926722e+02 +0.0000e+00 +0.0000e+00 +0.0000e+00 +0.0000e+00 +0.0000e+00
5 0 +7.372217842e+01 +7.372217842e+01 +1.252921784e+02 +1.252921784e+02 +0.0000e+00 +0.0000e+00 +0.0000e+00 +2.5000e-04 +0.0000e+00
56 0 +7.235504337e+01 +7.235504337e+01 +1.239250434e+02 +1.239250434e+02 -2.9210e-01 -2.1126e-02 -2.5529e-04 +1.2997e-01 +6.2324e-02
62 0 +7.078562298e+01 +7.078562298e+01 +1.223556230e+02 +1.223556230e+02 -6.5503e-01 -4.5578e-02 -2.9028e-04 +2.9189e-01 +1.3900e-01
67 0 +6.865975987e+01 +6.865975987e+01 +1.202297599e+02 +1.202297599e+02 -1.2144e+00 -7.7378e-02 -3.5117e-03 +5.3916e-01 +2.5617e-01
70 0 +6.687740693e+01 +6.687740693e+01 +1.184474069e+02 +1.184474069e+02 -1.8248e+00 -1.2580e-01 -2.7471e-03 +8.1340e-01 +3.8568e-01
140 0 +6.606735970e+01 +6.606735970e+01 +1.176373597e+02 +1.176373597e+02 -2.5235e+00 -1.7073e-01 -6.0418e-03 +1.1239e+00 +5.2967e-01
177 0 +6.443360916e+01 +6.443360916e+01 +1.160036092e+02 +1.160036092e+02 -2.3023e+00 -4.3385e-01 -1.0431e-01 +1.1244e+00 +2.7887e-01
186 0 +6.303606733e+01 +6.303606733e+01 +1.146060673e+02 +1.146060673e+02 -2.1294e+00 -8.1096e-01 -2.4222e-01 +1.1861e+00 -4.4131e-02
273 0 +6.162675481e+01 +6.162675481e+01 +1.131967548e+02 +1.131967548e+02 -2.4053e+00 -9.2233e-01 -4.0724e-01 +1.3214e+00 -2.1798e-01
281 0 +6.003075691e+01 +6.003075691e+01 +1.116007569e+02 +1.116007569e+02 -2.4119e+00 -6.7389e-01 -5.9584e-01 +1.1917e+00 -3.7688e-01
286 0 +5.880188043e+01 +5.880188043e+01 +1.103718804e+02 +1.103718804e+02 -2.4341e+00 -3.7751e-01 -8.9055e-01 +1.0327e+00 -6.4886e-01
811 0 +5.752658764e+01 +5.752658764e+01 +1.090965876e+02 +1.090965876e+02 -2.5223e+00 -3.6960e-01 -1.1792e+00 +1.6949e+00 -5.1303e-01
832 0 +5.598067126e+01 +5.598067126e+01 +1.075506713e+02 +1.075506713e+02 -2.5555e+00 -6.7438e-01 -1.3189e+00 +1.6901e+00 -4.6859e-01
839 0 +5.480336668e+01 +5.480336668e+01 +1.063733667e+02 +1.063733667e+02 -2.5527e+00 -7.8865e-01 -1.6082e+00 +1.7984e+00 -3.9014e-01
850 0 +5.355292490e+01 +5.355292490e+01 +1.051229249e+02 +1.051229249e+02 -2.3749e+00 -1.0777e+00 -1.8604e+00 +1.5228e+00 -4.5842e-01
862 0 +5.241610228e+01 +5.241610228e+01 +1.039861023e+02 +1.039861023e+02 -2.7112e+00 -1.0595e+00 -2.0242e+00 +1.2192e+00 -5.0958e-01
870 0 +5.100907171e+01 +5.100907171e+01 +1.025790717e+02 +1.025790717e+02 -2.6370e+00 -8.6556e-01 -2.1430e+00 +1.1648e+00 -4.1400e-01
% f evaluations | g evaluations | best noise-free fitness - Fopt | noise-free fitness - Fopt (1.527100000000e+02) | measured fitness | best measured fitness | x1 | x2...
1 0 +7.482008365e+01 +7.482008365e+01 +2.275300837e+02 +2.275300837e+02 +0.0000e+00 +0.0000e+00 +0.0000e+00 +0.0000e+00 +0.0000e+00
2 0 +7.481972438e+01 +7.481972438e+01 +2.275297244e+02 +2.275297244e+02 +2.5000e-04 +0.0000e+00 +0.0000e+00 +0.0000e+00 +0.0000e+00
50 0 +7.397555436e+01 +7.397555436e+01 +2.266855544e+02 +2.266855544e+02 -6.6247e-03 +6.5348e-02 +8.1189e-02 -3.5399e-02 -3.9049e-03
140 0 +7.244167590e+01 +7.244167590e+01 +2.251516759e+02 +2.251516759e+02 +1.7412e-02 +3.1976e-01 +3.8431e-01 -1.6702e-01 -2.2099e-02
448 0 +7.078467846e+01 +7.078467846e+01 +2.234946785e+02 +2.234946785e+02 +4.1858e-01 +4.7405e-01 +7.5149e-01 -1.8752e-01 -6.5259e-01
490 0 +6.911357691e+01 +6.911357691e+01 +2.218235769e+02 +2.218235769e+02 +3.0052e-01 -7.7112e-02 +1.2068e+00 +1.3257e+00 -4.4751e-01
505 0 +6.713776534e+01 +6.713776534e+01 +2.198477653e+02 +2.198477653e+02 +4.2547e-01 -1.8093e-01 +1.7635e+00 +1.9783e+00 -8.1537e-01
512 0 +6.183360687e+01 +6.183360687e+01 +2.145436069e+02 +2.145436069e+02 +6.3127e-01 -2.0402e-01 +2.0367e+00 +2.2398e+00 -1.1361e+00
513 0 +3.890219496e+01 +3.890219496e+01 +1.916121950e+02 +1.916121950e+02 +6.6723e-01 -3.0714e-01 +2.3352e+00 +2.6937e+00 -1.2658e+00
514 0 +3.303280919e+01 +3.303280919e+01 +1.857428092e+02 +1.857428092e+02 +6.6607e-01 -3.2760e-01 +2.1534e+00 +2.5878e+00 -1.1555e+00
515 0 +1.084864823e+01 +1.084864823e+01 +1.635586482e+02 +1.635586482e+02 +7.1646e-01 -4.9247e-01 +2.4241e+00 +3.1455e+00 -1.2464e+00
518 0 +6.764470227e+00 +6.764470227e+00 +1.594744702e+02 +1.594744702e+02 +4.5491e-01 -6.4760e-01 +2.7014e+00 +3.6680e+00 -1.1317e+00
524 0 +1.922651715e+00 +1.922651715e+00 +1.546326517e+02 +1.546326517e+02 +5.9930e-01 -6.1066e-01 +2.5557e+00 +3.5491e+00 -1.0346e+00
525 0 +2.363730583e-01 +2.363730583e-01 +1.529463731e+02 +1.529463731e+02 +6.0030e-01 -6.1429e-01 +2.3943e+00 +3.4759e+00 -8.3919e-01
554 0 +2.112372262e-01 +2.112372262e-01 +1.529212372e+02 +1.529212372e+02 +4.9651e-01 -6.6648e-01 +2.3699e+00 +3.5205e+00 -7.9991e-01
565 0 +1.901082427e-01 +1.901082427e-01 +1.529001082e+02 +1.529001082e+02 +4.9451e-01 -6.9769e-01 +2.3114e+00 +3.4920e+00 -8.4443e-01
570 0 +1.773377707e-01 +1.773377707e-01 +1.528873378e+02 +1.528873378e+02 +4.4056e-01 -6.9127e-01 +2.3489e+00 +3.5118e+00 -8.1812e-01
571 0 +1.662726359e-01 +1.662726359e-01 +1.528762726e+02 +1.528762726e+02 +3.7084e-01 -7.0969e-01 +2.3564e+00 +3.5295e+00 -8.0901e-01
577 0 +1.576193411e-01 +1.576193411e-01 +1.528676193e+02 +1.528676193e+02 +3.5925e-01 -7.4406e-01 +2.3062e+00 +3.5111e+00 -8.5492e-01
578 0 +1.502716666e-01 +1.502716666e-01 +1.528602717e+02 +1.528602717e+02 +2.8333e-01 -7.8361e-01 +2.2893e+00 +3.5272e+00 -8.6872e-01
579 0 +1.469472458e-01 +1.469472458e-01 +1.528569472e+02 +1.528569472e+02 +2.9137e-01 -7.4569e-01 +2.3259e+00 +3.5119e+00 -8.4751e-01
580 0 +1.393531515e-01 +1.393531515e-01 +1.528493532e+02 +1.528493532e+02 +1.8981e-01 -7.6969e-01 +2.3331e+00 +3.5219e+00 -8.4905e-01
582 0 +1.343026311e-01 +1.343026311e-01 +1.528443026e+02 +1.528443026e+02 +1.2094e-01 -8.0052e-01 +2.3255e+00 +3.5576e+00 -8.1498e-01
583 0 +1.278458554e-01 +1.278458554e-01 +1.528378459e+02 +1.528378459e+02 -4.8258e-02 -8.4831e-01 +2.3334e+00 +3.5946e+00 -7.9431e-01
585 0 +1.246672973e-01 +1.246672973e-01 +1.528346673e+02 +1.528346673e+02 -1.0843e-01 -8.9964e-01 +2.2844e+00 +3.5819e+00 -8.5440e-01
587 0 +1.177759045e-01 +1.177759045e-01 +1.528277759e+02 +1.528277759e+02 -1.7763e-01 -8.7214e-01 +2.3495e+00 +3.6060e+00 -7.8896e-01
588 0 +1.101257990e-01 +1.101257990e-01 +1.528201258e+02 +1.528201258e+02 -4.0810e-01 -9.1640e-01 +2.3796e+00 +3.6454e+00 -7.4908e-01
591 0 +1.025262976e-01 +1.025262976e-01 +1.528125263e+02 +1.528125263e+02 -6.0647e-01 -9.9822e-01 +2.3424e+00 +3.6676e+00 -7.6218e-01
592 0 +9.119302868e-02 +9.119302868e-02 +1.528011930e+02 +1.528011930e+02 -9.1703e-01 -1.0777e+00 +2.3428e+00 +3.7028e+00 -7.3036e-01
596 0 +6.163781082e-02 +6.163781082e-02 +1.527716378e+02 +1.527716378e+02 -9.1400e-01 -1.0372e+00 +2.3666e+00 +3.6706e+00 -7.0240e-01
597 0 +4.339259310e-02 +4.339259310e-02 +1.527533926e+02 +1.527533926e+02 -1.1907e+00 -1.0924e+00 +2.3677e+00 +3.6866e+00 -6.4937e-01
603 0 +3.368216970e-02 +3.368216970e-02 +1.527436822e+02 +1.527436822e+02 -1.2162e+00 -1.0816e+00 +2.3622e+00 +3.6517e+00 -6.4886e-01
604 0 +2.170516633e-02 +2.170516633e-02 +1.527317052e+02 +1.527317052e+02 -1.3658e+00 -1.0835e+00 +2.3718e+00 +3.6261e+00 -6.0812e-01
605 0 +2.131498651e-02 +2.131498651e-02 +1.527313150e+02 +1.527313150e+02 -1.9643e+00 -1.2678e+00 +2.3595e+00 +3.7347e+00 -5.4867e-01
606 0 +2.016319403e-02 +2.016319403e-02 +1.527301632e+02 +1.527301632e+02 -2.6910e+00 -1.4286e+00 +2.3628e+00 +3.7912e+00 -4.3951e-01
607 0 +1.601724549e-02 +1.601724549e-02 +1.527260172e+02 +1.527260172e+02 -1.7165e+00 -1.1748e+00 +2.3613e+00 +3.6883e+00 -5.0539e-01
609 0 +1.456122849e-02 +1.456122849e-02 +1.527245612e+02 +1.527245612e+02 -2.0288e+00 -1.2680e+00 +2.3172e+00 +3.6757e+00 -5.2509e-01
611 0 +3.898312093e-03 +3.898312093e-03 +1.527138983e+02 +1.527138983e+02 -2.4800e+00 -1.3009e+00 +2.4132e+00 +3.7202e+00 -3.9708e-01
612 0 +2.864918449e-03 +2.864918449e-03 +1.527128649e+02 +1.527128649e+02 -3.1614e+00 -1.3924e+00 +2.4701e+00 +3.7469e+00 -2.4866e-01
622 0 +2.566766303e-03 +2.566766303e-03 +1.527125668e+02 +1.527125668e+02 -3.3128e+00 -1.3885e+00 +2.4654e+00 +3.7072e+00 -1.8199e-01
625 0 +1.655514539e-03 +1.655514539e-03 +1.527116555e+02 +1.527116555e+02 -2.5206e+00 -1.2043e+00 +2.4912e+00 +3.6782e+00 -2.6372e-01
629 0 +1.441395469e-03 +1.441395469e-03 +1.527114414e+02 +1.527114414e+02 -3.0389e+00 -1.3350e+00 +2.4830e+00 +3.7098e+00 -2.4182e-01
631 0 +1.064874098e-03 +1.064874098e-03 +1.527110649e+02 +1.527110649e+02 -2.8424e+00 -1.2375e+00 +2.5298e+00 +3.6856e+00 -1.9378e-01
634 0 +9.734704609e-04 +9.734704609e-04 +1.527109735e+02 +1.527109735e+02 -3.1103e+00 -1.3367e+00 +2.4892e+00 +3.7096e+00 -2.0279e-01
640 0 +9.383995931e-04 +9.383995931e-04 +1.527109384e+02 +1.527109384e+02 -2.7867e+00 -1.2562e+00 +2.4998e+00 +3.6916e+00 -2.2996e-01
644 0 +9.317735060e-04 +9.317735060e-04 +1.527109318e+02 +1.527109318e+02 -2.9402e+00 -1.2726e+00 +2.5175e+00 +3.6954e+00 -1.9621e-01
657 0 +9.098329042e-04 +9.098329042e-04 +1.527109098e+02 +1.527109098e+02 -2.9162e+00 -1.2825e+00 +2.5102e+00 +3.7071e+00 -2.1208e-01
986 0 +8.907521140e-04 +8.907521140e-04 +1.527108908e+02 +1.527108908e+02 -3.0072e+00 -1.3093e+00 +2.5027e+00 +3.7027e+00 -1.9551e-01
995 0 +8.694687730e-04 +8.694687730e-04 +1.527108695e+02 +1.527108695e+02 -3.0547e+00 -1.3266e+00 +2.4979e+00 +3.6959e+00 -1.7337e-01
% f evaluations | g evaluations | best noise-free fitness - Fopt | noise-free fitness - Fopt (9.980000000000e+01) | measured fitness | best measured fitness | x1 | x2...
1 0 +7.487523812e+01 +7.487523812e+01 +1.746752381e+02 +1.746752381e+02 +0.0000e+00 +0.0000e+00 +0.0000e+00 +0.0000e+00 +0.0000e+00
3 0 +7.487452536e+01 +7.487452536e+01 +1.746745254e+02 +1.746745254e+02 +0.0000e+00 +2.5000e-04 +0.0000e+00 +0.0000e+00 +0.0000e+00
48 0 +7.408330597e+01 +7.408330597e+01 +1.738833060e+02 +1.738833060e+02 +1.4996e-02 +3.9727e-02 +1.3628e-03 +7.2589e-03 -8.7431e-02
57 0 +7.189223872e+01 +7.189223872e+01 +1.716922387e+02 +1.716922387e+02 +5.5455e-02 +1.4854e-01 +5.9699e-03 +2.6840e-02 -3.2597e-01
60 0 +7.039379250e+01 +7.039379250e+01 +1.701937925e+02 +1.701937925e+02 +8.4179e-02 +2.1897e-01 +1.3226e-02 +3.8104e-02 -4.8610e-01
63 0 +6.788603390e+01 +6.788603390e+01 +1.676860339e+02 +1.676860339e+02 +1.2402e-01 +3.3130e-01 +1.5463e-02 +6.0751e-02 -7.3133e-01
65 0 +6.747463251e+01 +6.747463251e+01 +1.672746325e+02 +1.672746325e+02 +1.3096e-01 +3.4808e-01 +1.7674e-02 +6.2117e-02 -7.6753e-01
66 0 +6.439393167e+01 +6.439393167e+01 +1.641939317e+02 +1.641939317e+02 +1.7089e-01 +4.5425e-01 +2.3330e-02 +8.1051e-02 -1.0014e+00
68 0 +5.757456990e+01 +5.757456990e+01 +1.573745699e+02 +1.573745699e+02 +2.3142e-01 +6.1207e-01 +3.4530e-02 +1.0840e-01 -1.3542e+00
70 0 +5.329637853e+01 +5.329637853e+01 +1.530963785e+02 +1.530963785e+02 +2.5826e-01 +6.8947e-01 +3.4023e-02 +1.2435e-01 -1.5204e+00
71 0 +3.889092444e+01 +3.889092444e+01 +1.386909244e+02 +1.386909244e+02 +3.4531e-01 +9.2473e-01 +4.4422e-02 +1.6747e-01 -2.0376e+00
73 0 +3.368415953e+01 +3.368415953e+01 +1.334841595e+02 +1.334841595e+02 +3.8835e-01 +1.0308e+00 +5.5133e-02 +1.8383e-01 -2.2763e+00
74 0 +2.604661436e+01 +2.604661436e+01 +1.258466144e+02 +1.258466144e+02 +5.2051e-01 +1.3806e+00 +7.4968e-02 +2.4537e-01 -3.0489e+00
138 0 +2.567370376e+01 +2.567370376e+01 +1.254737038e+02 +1.254737038e+02 +5.2813e-01 +1.4445e+00 +7.5603e-02 +2.6199e-01 -3.1776e+00
150 0 +2.510342524e+01 +2.510342524e+01 +1.249034252e+02 +1.249034252e+02 +4.9210e-01 +1.4742e+00 +7.6542e-02 +2.7774e-01 -3.2075e+00
154 0 +2.448741565e+01 +2.448741565e+01 +1.242874156e+02 +1.242874156e+02 +4.2179e-01 +1.4518e+00 +7.3879e-02 +2.8860e-01 -3.1130e+00
157 0 +2.382463830e+01 +2.382463830e+01 +1.236246383e+02 +1.236246383e+02 +3.8917e-01 +1.5143e+00 +7.9723e-02 +3.0954e-01 -3.2070e+00
160 0 +2.317739514e+01 +2.317739514e+01 +1.229773951e+02 +1.229773951e+02 +3.3081e-01 +1.5496e+00 +7.7983e-02 +3.3404e-01 -3.2323e+00
163 0 +2.227811128e+01 +2.227811128e+01 +1.220781113e+02 +1.220781113e+02 +2.2692e-01 +1.5584e+00 +7.9566e-02 +3.5854e-01 -3.1725e+00
165 0 +2.142929128e+01 +2.142929128e+01 +1.212292913e+02 +1.212292913e+02 +1.4168e-01 +1.6587e+00 +8.5271e-02 +4.0160e-01 -3.2990e+00
167 0 +2.107824769e+01 +2.107824769e+01 +1.208782477e+02 +1.208782477e+02 +8.3348e-02 +1.6425e+00 +8.1249e-02 +4.1310e-01 -3.2267e+00
168 0 +2.020099117e+01 +2.020099117e+01 +1.200009912e+02 +1.200009912e+02 -6.9562e-02 +1.7067e+00 +8.2012e-02 +4.6488e-01 -3.2366e+00
170 0 +1.987971579e+01 +1.987971579e+01 +1.196797158e+02 +1.196797158e+02 -1.3723e-01 +1.7680e+00 +8.9431e-02 +4.9231e-01 -3.3026e+00
171 0 +1.945766876e+01 +1.945766876e+01 +1.192576688e+02 +1.192576688e+02 -3.7125e-01 +1.8773e+00 +9.5155e-02 +5.7144e-01 -3.3378e+00
227 0 +1.899955247e+01 +1.899955247e+01 +1.187995525e+02 +1.187995525e+02 -3.8318e-01 +1.8299e+00 +1.3096e-01 +5.3614e-01 -3.2329e+00
235 0 +1.841218815e+01 +1.841218815e+01 +1.182121881e+02 +1.182121881e+02 -3.9276e-01 +1.8622e+00 +1.9928e-01 +5.0036e-01 -3.2754e+00
239 0 +1.814365738e+01 +1.814365738e+01 +1.179436574e+02 +1.179436574e+02 -3.2014e-01 +1.8861e+00 +2.5901e-01 +4.5048e-01 -3.3653e+00
243 0 +1.765727723e+01 +1.765727723e+01 +1.174572772e+02 +1.174572772e+02 -3.3821e-01 +1.9009e+00 +3.2416e-01 +4.1372e-01 -3.3687e+00
244 0 +1.728694815e+01 +1.728694815e+01 +1.170869482e+02 +1.170869482e+02 -3.2906e-01 +1.8925e+00 +3.7894e-01 +3.7164e-01 -3.3501e+00
247 0 +1.697872041e+01 +1.697872041e+01 +1.167787204e+02 +1.167787204e+02 -3.5467e-01 +1.9100e+00 +4.3007e-01 +3.4777e-01 -3.3571e+00
248 0 +1.658218875e+01 +1.658218875e+01 +1.163821887e+02 +1.163821887e+02 -3.5523e-01 +1.9004e+00 +5.0448e-01 +2.9441e-01 -3.3266e+00
251 0 +1.593666372e+01 +1.593666372e+01 +1.157366637e+02 +1.157366637e+02 -4.1900e-01 +1.9283e+00 +6.7410e-01 +1.9932e-01 -3.3025e+00
259 0 +1.583250017e+01 +1.583250017e+01 +1.156325002e+02 +1.156325002e+02 -4.8087e-01 +1.9582e+00 +8.8169e-01 +7.9779e-02 -3.2804e+00
377 0 +1.548476015e+01 +1.548476015e+01 +1.152847601e+02 +1.152847601e+02 -6.6112e-01 +2.0472e+00 +8.1503e-01 +1.6925e-01 -3.2801e+00
396 0 +1.511889675e+01 +1.511889675e+01 +1.149188967e+02 +1.149188967e+02 -6.0378e-01 +2.0677e+00 +8.3721e-01 +1.2085e-01 -3.2985e+00
403 0 +1.473477202e+01 +1.473477202e+01 +1.145347720e+02 +1.145347720e+02 -6.4110e-01 +2.1278e+00 +8.8122e-01 +7.7641e-02 -3.2917e+00
411 0 +1.408264394e+01 +1.408264394e+01 +1.138826439e+02 +1.138826439e+02 -6.6728e-01 +2.2450e+00 +9.6582e-01 -2.3839e-02 -3.2958e+00
412 0 +1.372181633e+01 +1.372181633e+01 +1.135218163e+02 +1.135218163e+02 -6.5601e-01 +2.2903e+00 +9.9227e-01 -7.5375e-02 -3.2874e+00
416 0 +1.345933174e+01 +1.345933174e+01 +1.132593317e+02 +1.132593317e+02 -6.3296e-01 +2.3306e+00 +7.5138e-01 +8.2690e-02 -3.3915e+00
418 0 +1.289217638e+01 +1.289217638e+01 +1.126921764e+02 +1.126921764e+02 -6.6160e-01 +2.4143e+00 +8.8060e-01 -4.4291e-02 -3.3540e+00
419 0 +1.243160303e+01 +1.243160303e+01 +1.122316030e+02 +1.122316030e+02 -6.7692e-01 +2.5317e+00 +9.4132e-01 -1.4004e-01 -3.3517e+00
421 0 +1.210564602e+01 +1.210564602e+01 +1.119056460e+02 +1.119056460e+02 -5.3123e-01 +2.4324e+00 +8.4010e-01 -1.0186e-01 -3.3527e+00
422 0 +1.152483833e+01 +1.152483833e+01 +1.113248383e+02 +1.113248383e+02 -4.3794e-01 +2.4985e+00 +8.5621e-01 -2.0046e-01 -3.3519e+00
424 0 +1.124678332e+01 +1.124678332e+01 +1.110467833e+02 +1.110467833e+02 -5.3687e-01 +2.7103e+00 +6.7914e-01 -1.0828e-01 -3.4620e+00
425 0 +1.112833327e+01 +1.112833327e+01 +1.109283333e+02 +1.109283333e+02 -4.7731e-01 +2.9203e+00 +5.2258e-01 -1.2474e-01 -3.5493e+00
426 0 +1.091263684e+01 +1.091263684e+01 +1.107126368e+02 +1.107126368e+02 -5.2025e-01 +2.7942e+00 +9.5110e-01 -3.8140e-01 -3.3479e+00
430 0 +1.023813277e+01 +1.023813277e+01 +1.100381328e+02 +1.100381328e+02 -3.4825e-01 +2.9998e+00 +7.3232e-01 -4.0097e-01 -3.4760e+00
432 0 +1.010970723e+01 +1.010970723e+01 +1.099097072e+02 +1.099097072e+02 -2.7023e-01 +3.0104e+00 +6.4654e-01 -3.9134e-01 -3.4896e+00
447 0 +9.951524136e+00 +9.951524136e+00 +1.097515241e+02 +1.097515241e+02 -1.6468e-01 +3.0131e+00 +5.4560e-01 -3.9566e-01 -3.4748e+00
461 0 +9.769347418e+00 +9.769347418e+00 +1.095693474e+02 +1.095693474e+02 -1.7415e-01 +2.9904e+00 +6.5199e-01 -4.7364e-01 -3.4051e+00
473 0 +9.528777320e+00 +9.528777320e+00 +1.093287773e+02 +1.093287773e+02 -2.5740e-01 +2.9802e+00 +6.6295e-01 -4.5869e-01 -3.3380e+00
478 0 +9.236782395e+00 +9.236782395e+00 +1.090367824e+02 +1.090367824e+02 -2.9047e-01 +3.0359e+00 +6.0819e-01 -4.7692e-01 -3.2511e+00
485 0 +9.101221600e+00 +9.101221600e+00 +1.089012216e+02 +1.089012216e+02 -3.2431e-01 +3.0479e+00 +5.0819e-01 -4.4365e-01 -3.1617e+00
759 0 +8.903658288e+00 +8.903658288e+00 +1.087036583e+02 +1.087036583e+02 -1.7120e-01 +3.0127e+00 +4.6030e-01 -5.3370e-01 -3.2086e+00
785 0 +8.702375214e+00 +8.702375214e+00 +1.085023752e+02 +1.085023752e+02 -2.8997e-01 +3.0227e+00 +5.3516e-01 -6.4471e-01 -3.3527e+00
793 0 +8.502144791e+00 +8.502144791e+00 +1.083021448e+02 +1.083021448e+02 -2.6571e-01 +2.9496e+00 +5.4187e-01 -7.1170e-01 -3.2341e+00
797 0 +8.315664959e+00 +8.315664959e+00 +1.081156650e+02 +1.081156650e+02 -3.3267e-01 +3.0128e+00 +4.7519e-01 -7.3117e-01 -3.1917e+00
805 0 +8.102395348e+00 +8.102395348e+00 +1.079023953e+02 +1.079023953e+02 -2.7122e-01 +3.1117e+00 +2.6727e-01 -1.0046e+00 -3.0924e+00
812 0 +7.901477208e+00 +7.901477208e+00 +1.077014772e+02 +1.077014772e+02 -4.0024e-01 +2.9768e+00 +3.9145e-01 -1.0904e+00 -3.1880e+00
821 0 +7.739466281e+00 +7.739466281e+00 +1.075394663e+02 +1.075394663e+02 -4.9561e-01 +2.8179e+00 +2.6935e-01 -1.3317e+00 -3.1821e+00
830 0 +7.551205308e+00 +7.551205308e+00 +1.073512053e+02 +1.073512053e+02 -4.6157e-01 +2.7678e+00 +2.2898e-01 -1.1555e+00 -3.2056e+00
841 0 +7.388049941e+00 +7.388049941e+00 +1.071880499e+02 +1.071880499e+02 -5.4542e-01 +2.7627e+00 -1.6653e-02 -1.2330e+00 -3.2196e+00
% f evaluations | g evaluations | best noise-free fitness - Fopt | noise-free fitness - Fopt (-1.194100000000e+02) | measured fitness | best measured fitness | x1 | x2...
1 0 +7.600240222e+01 +7.600240222e+01 -4.340759778e+01 -4.340759778e+01 +0.0000e+00 +0.0000e+00 +0.0000e+00 +0.0000e+00 +0.0000e+00
6 0 +7.600108089e+01 +7.600108089e+01 -4.340891911e+01 -4.340891911e+01 +0.0000e+00 +0.0000e+00 +0.0000e+00 +0.0000e+00 +2.5000e-04
34 0 +7.583790307e+01 +7.583790307e+01 -4.357209693e+01 -4.357209693e+01 +2.8800e-03 -9.6374e-03 -8.8035e-03 -1.2013e-04 +1.0154e-02
53 0 +7.390301080e+01 +7.390301080e+01 -4.550698920e+01 -4.550698920e+01 +3.7272e-02 -1.2186e-01 -1.1916e-01 +1.3255e-03 +1.2962e-01
58 0 +7.219667315e+01 +7.219667315e+01 -4.721332685e+01 -4.721332685e+01 +6.8467e-02 -2.2343e-01 -2.2054e-01 -1.1131e-03 +2.4380e-01
61 0 +7.048463683e+01 +7.048463683e+01 -4.892536317e+01 -4.892536317e+01 +1.0499e-01 -3.4022e-01 -3.3188e-01 +1.7846e-03 +3.6218e-01
64 0 +6.816100742e+01 +6.816100742e+01 -5.124899258e+01 -5.124899258e+01 +1.5651e-01 -5.0550e-01 -4.9670e-01 -1.0142e-03 +5.4688e-01
67 0 +6.608689769e+01 +6.608689769e+01 -5.332310231e+01 -5.332310231e+01 +2.1464e-01 -6.9368e-01 -6.8188e-01 -1.2810e-03 +7.4797e-01
68 0 +6.604217874e+01 +6.604217874e+01 -5.336782126e+01 -5.336782126e+01 +2.1812e-01 -7.0387e-01 -6.9036e-01 +1.2263e-03 +7.5527e-01
74 0 +6.240408251e+01 +6.240408251e+01 -5.700591749e+01 -5.700591749e+01 +4.2842e-01 -1.3818e+00 -1.3555e+00 +4.6997e-04 +1.4832e+00
75 0 +5.039346613e+01 +5.039346613e+01 -6.901653387e+01 -6.901653387e+01 +5.6437e-01 -1.8199e+00 -1.7850e+00 +1.2121e-03 +1.9514e+00
80 0 +4.745485056e+01 +4.745485056e+01 -7.195514944e+01 -7.195514944e+01 +6.2002e-01 -2.0005e+00 -1.9599e+00 +2.1252e-03 +2.1427e+00
122 0 +4.676899633e+01 +4.676899633e+01 -7.264100367e+01 -7.264100367e+01 +6.6562e-01 -2.1459e+00 -2.1028e+00 +2.7764e-03 +2.2984e+00
217 0 +4.551417819e+01 +4.551417819e+01 -7.389582181e+01 -7.389582181e+01 +6.1135e-01 -2.0204e+00 -2.0561e+00 -9.2408e-02 +2.3845e+00
223 0 +4.455570559e+01 +4.455570559e+01 -7.485429441e+01 -7.485429441e+01 +5.6156e-01 -1.9100e+00 -2.0246e+00 -1.8824e-01 +2.4883e+00
240 0 +4.363869644e+01 +4.363869644e+01 -7.577130356e+01 -7.577130356e+01 +4.8820e-01 -1.7511e+00 -1.9886e+00 -3.3717e-01 +2.6637e+00
360 0 +4.264549647e+01 +4.264549647e+01 -7.676450353e+01 -7.676450353e+01 +4.7927e-01 -1.7709e+00 -2.0905e+00 -3.8685e-01 +2.8434e+00
371 0 +4.150016051e+01 +4.150016051e+01 -7.790983949e+01 -7.790983949e+01 +4.8729e-01 -1.8108e+00 -2.1638e+00 -3.3569e-01 +2.8440e+00
375 0 +4.067069250e+01 +4.067069250e+01 -7.873930750e+01 -7.873930750e+01 +4.3521e-01 -1.6850e+00 -2.1077e+00 -3.9192e-01 +2.8624e+00
378 0 +3.958360674e+01 +3.958360674e+01 -7.982639326e+01 -7.982639326e+01 +4.3237e-01 -1.6910e+00 -2.1469e+00 -3.5645e-01 +2.8493e+00
379 0 +3.858872834e+01 +3.858872834e+01 -8.082127166e+01 -8.082127166e+01 +4.3016e-01 -1.6969e+00 -2.1821e+00 -3.1856e-01 +2.8288e+00
382 0 +3.729235262e+01 +3.729235262e+01 -8.211764738e+01 -8.211764738e+01 +4.4851e-01 -1.7854e+00 -2.3341e+00 -2.4566e-01 +2.8804e+00
383 0 +3.691074806e+01 +3.691074806e+01 -8.249925194e+01 -8.249925194e+01 +3.5621e-01 -1.5397e+00 -2.1647e+00 -3.8825e-01 +2.9044e+00
384 0 +3.543963141e+01 +3.543963141e+01 -8.397036859e+01 -8.397036859e+01 +2.8867e-01 -1.3942e+00 -2.1468e+00 -4.2732e-01 +2.9344e+00
386 0 +3.434933305e+01 +3.434933305e+01 -8.506066695e+01 -8.506066695e+01 +3.8176e-01 -1.6483e+00 -2.3424e+00 -2.3983e-01 +2.8702e+00
387 0 +3.226908064e+01 +3.226908064e+01 -8.714091936e+01 -8.714091936e+01 +3.6500e-01 -1.6504e+00 -2.4593e+00 -1.5996e-01 +2.8692e+00
389 0 +3.085291496e+01 +3.085291496e+01 -8.855708504e+01 -8.855708504e+01 +3.1122e-01 -1.5395e+00 -2.4563e+00 -2.0570e-01 +2.9271e+00
390 0 +2.809584097e+01 +2.809584097e+01 -9.131415903e+01 -9.131415903e+01 +2.5175e-01 -1.4607e+00 -2.5934e+00 -1.4927e-01 +2.9762e+00
392 0 +2.723889700e+01 +2.723889700e+01 -9.217110300e+01 -9.217110300e+01 +1.8626e-01 -1.2987e+00 -2.5133e+00 -2.1771e-01 +2.9857e+00
393 0 +2.448462191e+01 +2.448462191e+01 -9.492537809e+01 -9.492537809e+01 +7.8649e-02 -1.1137e+00 -2.6300e+00 -1.9656e-01 +3.0593e+00
395 0 +2.385674815e+01 +2.385674815e+01 -9.555325185e+01 -9.555325185e+01 +1.0007e-01 -1.2106e+00 -2.7963e+00 -6.3866e-02 +3.0363e+00
396 0 +2.166195646e+01 +2.166195646e+01 -9.774804354e+01 -9.774804354e+01 -2.4779e-02 -1.0197e+00 -3.0066e+00 +1.3050e-02 +3.1209e+00
397 0 +2.120933100e+01 +2.120933100e+01 -9.820066900e+01 -9.820066900e+01 -7.1065e-02 -9.0019e-01 -2.9319e+00 -5.2401e-02 +3.1348e+00
398 0 +1.948643452e+01 +1.948643452e+01 -9.992356548e+01 -9.992356548e+01 -2.8910e-01 -5.2510e-01 -3.1682e+00 +1.3792e-03 +3.2676e+00
441 0 +1.903389493e+01 +1.903389493e+01 -1.003761051e+02 -1.003761051e+02 -4.1450e-01 -2.9616e-01 -3.2393e+00 -1.5526e-01 +3.5589e+00
% f evaluations | g evaluations | best noise-free fitness - Fopt | noise-free fitness - Fopt (1.077000000000e+01) | measured fitness | best measured fitness | x1 | x2...
1 0 +6.658303204e+00 +6.658303204e+00 +1.742830320e+01 +1.742830320e+01 +0.0000e+00 +0.0000e+00 +0.0000e+00 +0.0000e+00 +0.0000e+00
2 0 +6.652385911e+00 +6.652385911e+00 +1.742238591e+01 +1.742238591e+01 +2.5000e-04 +0.0000e+00 +0.0000e+00 +0.0000e+00 +0.0000e+00
18 0 +6.606201241e+00 +6.606201241e+00 +1.737620124e+01 +1.737620124e+01 +6.2831e-04 -3.7163e-04 +5.7455e-04 -1.3559e-03 +9.3071e-04
27 0 +6.445474006e+00 +6.445474006e+00 +1.721547401e+01 +1.721547401e+01 +1.9840e-03 -1.5266e-03 +2.6513e-03 -6.0495e-03 +3.9474e-03
32 0 +6.290126011e+00 +6.290126011e+00 +1.706012601e+01 +1.706012601e+01 +3.6727e-03 -2.0095e-03 +4.6542e-03 -1.0616e-02 +6.2362e-03
33 0 +6.157893532e+00 +6.157893532e+00 +1.692789353e+01 +1.692789353e+01 +5.0223e-03 -2.9253e-03 +6.3328e-03 -1.4094e-02 +8.3596e-03
36 0 +5.964530252e+00 +5.964530252e+00 +1.673453025e+01 +1.673453025e+01 +5.9724e-03 -3.5449e-03 +8.9725e-03 -2.0308e-02 +1.1869e-02
38 0 +5.702237228e+00 +5.702237228e+00 +1.647223723e+01 +1.647223723e+01 +8.6553e-03 -3.6512e-03 +1.1917e-02 -2.8246e-02 +1.5526e-02
40 0 +5.584251554e+00 +5.584251554e+00 +1.635425155e+01 +1.635425155e+01 +9.6855e-03 -5.6132e-03 +1.3346e-02 -3.0375e-02 +1.7897e-02
41 0 +5.213801018e+00 +5.213801018e+00 +1.598380102e+01 +1.598380102e+01 +1.2953e-02 -7.8647e-03 +1.7933e-02 -4.0397e-02 +2.4164e-02
43 0 +5.048942348e+00 +5.048942348e+00 +1.581894235e+01 +1.581894235e+01 +1.4108e-02 -7.4062e-03 +2.0407e-02 -4.6906e-02 +2.6638e-02
44 0 +4.558663250e+00 +4.558663250e+00 +1.532866325e+01 +1.532866325e+01 +1.8650e-02 -9.6467e-03 +2.7444e-02 -6.3312e-02 +3.5777e-02
46 0 +4.466161824e+00 +4.466161824e+00 +1.523616182e+01 +1.523616182e+01 +2.0034e-02 -1.0478e-02 +2.8710e-02 -6.5515e-02 +3.7589e-02
47 0 +3.986061449e+00 +3.986061449e+00 +1.475606145e+01 +1.475606145e+01 +2.5958e-02 -1.3579e-02 +3.7535e-02 -8.5471e-02 +4.9224e-02
48 0 +3.964888734e+00 +3.964888734e+00 +1.473488873e+01 +1.473488873e+01 +2.6484e-02 -1.5073e-02 +3.8098e-02 -8.5761e-02 +4.9862e-02
49 0 +3.529256479e+00 +3.529256479e+00 +1.429925648e+01 +1.429925648e+01 +3.5399e-02 -2.0784e-02 +5.1189e-02 -1.1452e-01 +6.7030e-02
51 0 +3.433767982e+00 +3.433767982e+00 +1.420376798e+01 +1.420376798e+01 +3.9308e-02 -2.0610e-02 +5.7291e-02 -1.3076e-01 +7.4501e-02
53 0 +3.383483404e+00 +3.383483404e+00 +1.415348340e+01 +1.415348340e+01 +4.2464e-02 -2.3800e-02 +6.2921e-02 -1.4241e-01 +8.2698e-02
142 0 +3.300409963e+00 +3.300409963e+00 +1.407040996e+01 +1.407040996e+01 +5.1162e-02 -4.1132e-02 +6.8405e-02 -1.3967e-01 +9.2600e-02
147 0 +3.234236432e+00 +3.234236432e+00 +1.400423643e+01 +1.400423643e+01 +5.4931e-02 -5.4518e-02 +6.9231e-02 -1.2865e-01 +9.6742e-02
152 0 +3.159395663e+00 +3.159395663e+00 +1.392939566e+01 +1.392939566e+01 +6.0740e-02 -7.0037e-02 +6.9961e-02 -1.1496e-01 +1.0004e-01
155 0 +3.080167360e+00 +3.080167360e+00 +1.385016736e+01 +1.385016736e+01 +6.8520e-02 -9.1333e-02 +7.3263e-02 -1.0269e-01 +1.0864e-01
156 0 +3.010071399e+00 +3.010071399e+00 +1.378007140e+01 +1.378007140e+01 +7.5476e-02 -1.1108e-01 +7.5571e-02 -8.9260e-02 +1.1548e-01
158 0 +2.911270739e+00 +2.911270739e+00 +1.368127074e+01 +1.368127074e+01 +8.7157e-02 -1.3965e-01 +7.8211e-02 -6.7412e-02 +1.2313e-01
160 0 +2.857068859e+00 +2.857068859e+00 +1.362706886e+01 +1.362706886e+01 +8.7458e-02 -1.4801e-01 +7.6519e-02 -5.5036e-02 +1.2372e-01
161 0 +2.726560405e+00 +2.726560405e+00 +1.349656041e+01 +1.349656041e+01 +9.9929e-02 -1.8672e-01 +7.8582e-02 -2.2122e-02 +1.3407e-01
164 0 +2.615594836e+00 +2.615594836e+00 +1.338559484e+01 +1.338559484e+01 +1.3653e-01 -2.8038e-01 +9.2814e-02 +3.3266e-02 +1.6948e-01
166 0 +2.466365213e+00 +2.466365213e+00 +1.323636521e+01 +1.323636521e+01 +1.5115e-01 -3.2441e-01 +9.2018e-02 +7.9519e-02 +1.7582e-01
168 0 +2.402229024e+00 +2.402229024e+00 +1.317222902e+01 +1.317222902e+01 +1.6582e-01 -3.7241e-01 +9.5698e-02 +1.1700e-01 +1.9092e-01
169 0 +2.298728146e+00 +2.298728146e+00 +1.306872815e+01 +1.306872815e+01 +2.0516e-01 -4.8879e-01 +1.0444e-01 +2.0921e-01 +2.2482e-01
172 0 +2.248266347e+00 +2.248266347e+00 +1.301826635e+01 +1.301826635e+01 +2.3811e-01 -5.7965e-01 +1.1076e-01 +2.8333e-01 +2.4882e-01
173 0 +2.197045669e+00 +2.197045669e+00 +1.296704567e+01 +1.296704567e+01 +2.8890e-01 -7.2929e-01 +1.1973e-01 +4.0836e-01 +2.8850e-01
176 0 +2.174457137e+00 +2.174457137e+00 +1.294445714e+01 +1.294445714e+01 +2.8880e-01 -7.3921e-01 +1.1872e-01 +4.2010e-01 +2.9130e-01
177 0 +2.121046581e+00 +2.121046581e+00 +1.289104658e+01 +1.289104658e+01 +3.1558e-01 -8.2829e-01 +1.2018e-01 +5.0443e-01 +3.1122e-01
181 0 +2.065925100e+00 +2.065925100e+00 +1.283592510e+01 +1.283592510e+01 +2.9541e-01 -7.7521e-01 +1.0910e-01 +4.8171e-01 +2.8557e-01
182 0 +2.034286408e+00 +2.034286408e+00 +1.280428641e+01 +1.280428641e+01 +3.0091e-01 -8.0638e-01 +1.0235e-01 +5.3062e-01 +2.8335e-01
249 0 +1.994913569e+00 +1.994913569e+00 +1.276491357e+01 +1.276491357e+01 +4.3637e-01 -1.2218e+00 +9.8375e-02 +9.5679e-01 +3.4920e-01
264 0 +1.948735874e+00 +1.948735874e+00 +1.271873587e+01 +1.271873587e+01 +5.0837e-01 -1.2431e+00 +1.0543e-01 +9.7504e-01 +3.1069e-01
394 0 +1.905138300e+00 +1.905138300e+00 +1.267513830e+01 +1.267513830e+01 +5.7661e-01 -1.2515e+00 +9.3399e-02 +1.0241e+00 +2.5027e-01
409 0 +1.859620311e+00 +1.859620311e+00 +1.262962031e+01 +1.262962031e+01 +5.5779e-01 -1.1399e+00 +5.3754e-02 +9.7523e-01 +2.1934e-01
420 0 +1.819421094e+00 +1.819421094e+00 +1.258942109e+01 +1.258942109e+01 +5.8495e-01 -1.1814e+00 +4.6308e-02 +1.0251e+00 +2.2400e-01
423 0 +1.759228471e+00 +1.759228471e+00 +1.252922847e+01 +1.252922847e+01 +6.3325e-01 -1.2409e+00 +3.8959e-02 +1.0932e+00 +2.2367e-01
428 0 +1.694291038e+00 +1.694291038e+00 +1.246429104e+01 +1.246429104e+01 +6.5527e-01 -1.2870e+00 +2.6095e-02 +1.1530e+00 +2.3615e-01
429 0 +1.648256691e+00 +1.648256691e+00 +1.241825669e+01 +1.241825669e+01 +6.9694e-01 -1.3837e+00 +2.8558e-02 +1.2395e+00 +2.5662e-01
432 0 +1.587312859e+00 +1.587312859e+00 +1.235731286e+01 +1.235731286e+01 +6.9354e-01 -1.3171e+00 +1.1630e-02 +1.1993e+00 +2.3535e-01
433 0 +1.505186747e+00 +1.505186747e+00 +1.227518675e+01 +1.227518675e+01 +7.2160e-01 -1.3601e+00 +8.5403e-03 +1.2396e+00 +2.4576e-01
434 0 +1.478908238e+00 +1.478908238e+00 +1.224890824e+01 +1.224890824e+01 +7.3305e-01 -1.3549e+00 -2.1688e-02 +1.2832e+00 +2.3506e-01
435 0 +1.344486501e+00 +1.344486501e+00 +1.211448650e+01 +1.211448650e+01 +7.8295e-01 -1.4119e+00 -5.2012e-02 +1.3782e+00 +2.4076e-01
440 0 +1.103085579e+00 +1.103085579e+00 +1.187308558e+01 +1.187308558e+01 +8.7817e-01 -1.5705e+00 -5.5462e-02 +1.5233e+00 +2.7212e-01
441 0 +8.910867893e-01 +8.910867893e-01 +1.166108679e+01 +1.166108679e+01 +9.6879e-01 -1.6639e+00 -9.7473e-02 +1.6652e+00 +2.7988e-01
444 0 +7.078057323e-01 +7.078057323e-01 +1.147780573e+01 +1.147780573e+01 +9.4462e-01 -1.5642e+00 -1.5540e-01 +1.6416e+00 +2.7513e-01
447 0 +6.026704432e-01 +6.026704432e-01 +1.137267044e+01 +1.137267044e+01 +1.1596e+00 -1.8321e+00 -2.3514e-01 +2.0044e+00 +2.9510e-01
448 0 +5.597861852e-01 +5.597861852e-01 +1.132978619e+01 +1.132978619e+01 +1.3181e+00 -1.9425e+00 -3.4687e-01 +2.2564e+00 +2.9327e-01
449 0 +5.255504953e-01 +5.255504953e-01 +1.129555050e+01 +1.129555050e+01 +1.1963e+00 -1.8187e+00 -2.7657e-01 +2.0369e+00 +2.9587e-01
450 0 +4.968020717e-01 +4.968020717e-01 +1.126680207e+01 +1.126680207e+01 +1.3182e+00 -1.8703e+00 -3.7593e-01 +2.2088e+00 +2.9548e-01
452 0 +4.894265043e-01 +4.894265043e-01 +1.125942650e+01 +1.125942650e+01 +1.3766e+00 -1.9431e+00 -4.1177e-01 +2.3202e+00 +3.1271e-01
453 0 +4.504441155e-01 +4.504441155e-01 +1.122044412e+01 +1.122044412e+01 +1.5507e+00 -2.0378e+00 -5.4574e-01 +2.5731e+00 +3.2135e-01
459 0 +4.149092071e-01 +4.149092071e-01 +1.118490921e+01 +1.118490921e+01 +1.7100e+00 -2.1040e+00 -6.5953e-01 +2.7723e+00 +3.1977e-01
461 0 +3.186516490e-01 +3.186516490e-01 +1.108865165e+01 +1.108865165e+01 +1.4453e+00 -1.9451e+00 -4.7170e-01 +2.3747e+00 +3.3206e-01
462 0 +2.705545910e-01 +2.705545910e-01 +1.104055459e+01 +1.104055459e+01 +1.3578e+00 -1.8629e+00 -4.1471e-01 +2.2087e+00 +3.4292e-01
463 0 +2.101051008e-01 +2.101051008e-01 +1.098010510e+01 +1.098010510e+01 +1.7632e+00 -2.1815e+00 -6.9698e-01 +2.8724e+00 +3.6591e-01
464 0 +1.737764840e-01 +1.737764840e-01 +1.094377648e+01 +1.094377648e+01 +1.9857e+00 -2.3372e+00 -8.5751e-01 +3.2043e+00 +4.0113e-01
466 0 +1.430470464e-01 +1.430470464e-01 +1.091304705e+01 +1.091304705e+01 +1.7635e+00 -2.1504e+00 -6.8388e-01 +2.8094e+00 +3.7118e-01
467 0 +1.322263552e-01 +1.322263552e-01 +1.090222636e+01 +1.090222636e+01 +1.8487e+00 -2.2356e+00 -7.0924e-01 +2.9007e+00 +4.0138e-01
468 0 +1.075151174e-01 +1.075151174e-01 +1.087751512e+01 +1.087751512e+01 +1.9249e+00 -2.1717e+00 -8.3672e-01 +2.9942e+00 +3.9262e-01
469 0 +1.052859842e-01 +1.052859842e-01 +1.087528598e+01 +1.087528598e+01 +2.1121e+00 -2.2386e+00 -9.8221e-01 +3.2047e+00 +4.2826e-01
470 0 +5.717934107e-02 +5.717934107e-02 +1.082717934e+01 +1.082717934e+01 +1.9264e+00 -2.1593e+00 -8.5200e-01 +2.9678e+00 +4.3759e-01
479 0 +4.739526636e-02 +4.739526636e-02 +1.081739527e+01 +1.081739527e+01 +1.9648e+00 -2.1669e+00 -8.9964e-01 +3.0304e+00 +4.4514e-01
480 0 +3.272032107e-02 +3.272032107e-02 +1.080272032e+01 +1.080272032e+01 +2.0228e+00 -2.1325e+00 -9.9484e-01 +3.0952e+00 +4.6702e-01
485 0 +1.907431291e-02 +1.907431291e-02 +1.078907431e+01 +1.078907431e+01 +1.9048e+00 -1.9824e+00 -9.7063e-01 +2.9289e+00 +4.4702e-01
486 0 +1.314416028e-02 +1.314416028e-02 +1.078314416e+01 +1.078314416e+01 +1.8012e+00 -1.8543e+00 -9.6483e-01 +2.7910e+00 +4.5641e-01
490 0 +7.002796934e-03 +7.002796934e-03 +1.077700280e+01 +1.077700280e+01 +1.7220e+00 -1.7794e+00 -9.4082e-01 +2.6584e+00 +4.9834e-01
498 0 +6.552633997e-03 +6.552633997e-03 +1.077655263e+01 +1.077655263e+01 +1.8036e+00 -1.8156e+00 -1.0117e+00 +2.7733e+00 +5.1009e-01
500 0 +5.304396067e-03 +5.304396067e-03 +1.077530440e+01 +1.077530440e+01 +1.8880e+00 -1.9080e+00 -1.0500e+00 +2.9172e+00 +5.0880e-01
501 0 +5.173221020e-03 +5.173221020e-03 +1.077517322e+01 +1.077517322e+01 +1.6732e+00 -1.7838e+00 -9.2832e-01 +2.6307e+00 +5.4121e-01
504 0 +4.231686555e-03 +4.231686555e-03 +1.077423169e+01 +1.077423169e+01 +1.6584e+00 -1.7597e+00 -9.1699e-01 +2.6176e+00 +5.0253e-01
506 0 +4.109548255e-03 +4.109548255e-03 +1.077410955e+01 +1.077410955e+01 +1.7326e+00 -1.8611e+00 -9.1136e-01 +2.7135e+00 +4.9575e-01
507 0 +3.188796978e-03 +3.188796978e-03 +1.077318880e+01 +1.077318880e+01 +1.7804e+00 -1.8719e+00 -9.8655e-01 +2.8026e+00 +5.2501e-01
508 0 +1.699174412e-03 +1.699174412e-03 +1.077169917e+01 +1.077169917e+01 +1.8096e+00 -1.9181e+00 -1.0094e+00 +2.8747e+00 +5.3835e-01
515 0 +1.473416339e-03 +1.473416339e-03 +1.077147342e+01 +1.077147342e+01 +1.8496e+00 -1.9685e+00 -1.0386e+00 +2.9609e+00 +5.4719e-01
517 0 +1.055446637e-03 +1.055446637e-03 +1.077105545e+01 +1.077105545e+01 +1.8380e+00 -1.9640e+00 -1.0221e+00 +2.9256e+00 +5.5881e-01
519 0 +9.269406138e-04 +9.269406138e-04 +1.077092694e+01 +1.077092694e+01 +1.8255e+00 -2.0211e+00 -1.0001e+00 +2.9642e+00 +5.6398e-01
527 0 +8.715979829e-04 +8.715979829e-04 +1.077087160e+01 +1.077087160e+01 +1.8771e+00 -2.0459e+00 -1.0579e+00 +3.0402e+00 +5.9651e-01
534 0 +8.646350293e-04 +8.646350293e-04 +1.077086464e+01 +1.077086464e+01 +1.8737e+00 -2.0644e+00 -1.0233e+00 +3.0278e+00 +5.7511e-01
537 0 +8.443336231e-04 +8.443336231e-04 +1.077084433e+01 +1.077084433e+01 +1.8605e+00 -2.0748e+00 -1.0181e+00 +3.0242e+00 +5.9296e-01
549 0 +8.291716248e-04 +8.291716248e-04 +1.077082917e+01 +1.077082917e+01 +1.8653e+00 -2.0717e+00 -1.0256e+00 +3.0308e+00 +5.9189e-01
% f evaluations | g evaluations | best noise-free fitness - Fopt | noise-free fitness - Fopt (2.137000000000e+01) | measured fitness | best measured fitness | x1 | x2...
1 0 +7.510828647e+01 +7.510828647e+01 +9.647828647e+01 +9.647828647e+01 +0.0000e+00 +0.0000e+00 +0.0000e+00 +0.0000e+00 +0.0000e+00
2 0 +7.510735543e+01 +7.510735543e+01 +9.647735543e+01 +9.647735543e+01 +2.5000e-04 +0.0000e+00 +0.0000e+00 +0.0000e+00 +0.0000e+00
44 0 +7.408186305e+01 +7.408186305e+01 +9.545186305e+01 +9.545186305e+01 +2.7444e-02 -8.6628e-03 -6.3312e-02 +3.5777e-02 +1.8650e-02
54 0 +7.231415892e+01 +7.231415892e+01 +9.368415892e+01 +9.368415892e+01 +8.5843e-02 -3.0478e-02 -1.9393e-01 +1.1247e-01 +5.8947e-02
152 0 +7.077218145e+01 +7.077218145e+01 +9.214218145e+01 +9.214218145e+01 +2.0788e-01 -4.5899e-02 -5.3737e-01 +2.2622e-01 +1.8056e-01
179 0 +6.917543547e+01 +6.917543547e+01 +9.054543547e+01 +9.054543547e+01 +1.7329e-01 +4.4167e-01 -1.6256e+00 -5.8608e-01 +8.1765e-01
282 0 +6.580179942e+01 +6.580179942e+01 +8.717179942e+01 +8.717179942e+01 -5.3337e-03 +7.4256e-01 -2.2065e+00 -1.4729e+00 +1.5906e+00
285 0 +6.312443407e+01 +6.312443407e+01 +8.449443407e+01 +8.449443407e+01 -4.3721e-02 +6.8326e-01 -2.1100e+00 -1.5181e+00 +1.6994e+00
287 0 +6.196435233e+01 +6.196435233e+01 +8.333435233e+01 +8.333435233e+01 -3.8882e-02 +7.2990e-01 -2.2331e+00 -1.5852e+00 +1.7605e+00
288 0 +5.655947701e+01 +5.655947701e+01 +7.792947701e+01 +7.792947701e+01 -7.4513e-02 +7.2591e-01 -2.2782e+00 -1.7159e+00 +1.9457e+00
290 0 +5.333800210e+01 +5.333800210e+01 +7.470800210e+01 +7.470800210e+01 -9.9690e-02 +7.3621e-01 -2.3012e+00 -1.8029e+00 +2.0387e+00
291 0 +4.414324436e+01 +4.414324436e+01 +6.551324436e+01 +6.551324436e+01 -1.5661e-01 +7.5094e-01 -2.3878e+00 -2.0214e+00 +2.3126e+00
294 0 +3.807200049e+01 +3.807200049e+01 +5.944200049e+01 +5.944200049e+01 -2.1092e-01 +7.2269e-01 -2.4397e+00 -2.2100e+00 +2.6169e+00
295 0 +3.672679247e+01 +3.672679247e+01 +5.809679247e+01 +5.809679247e+01 -2.9451e-01 +7.4240e-01 -2.6045e+00 -2.5559e+00 +3.0756e+00
296 0 +3.599796638e+01 +3.599796638e+01 +5.736796638e+01 +5.736796638e+01 -2.6231e-01 +7.4369e-01 -2.5216e+00 -2.4088e+00 +2.8525e+00
310 0 +3.464284008e+01 +3.464284008e+01 +5.601284008e+01 +5.601284008e+01 -2.6682e-01 +7.7589e-01 -2.6114e+00 -2.4809e+00 +2.9272e+00
311 0 +3.378577764e+01 +3.378577764e+01 +5.515577764e+01 +5.515577764e+01 -2.4926e-01 +8.0040e-01 -2.6533e+00 -2.4585e+00 +2.8792e+00
317 0 +3.273590972e+01 +3.273590972e+01 +5.410590972e+01 +5.410590972e+01 -2.3224e-01 +8.5751e-01 -2.7607e+00 -2.4812e+00 +2.8588e+00
318 0 +3.234464687e+01 +3.234464687e+01 +5.371464687e+01 +5.371464687e+01 -2.4477e-01 +8.6004e-01 -2.7880e+00 -2.5342e+00 +2.9312e+00
319 0 +3.158547723e+01 +3.158547723e+01 +5.295547723e+01 +5.295547723e+01 -2.4120e-01 +9.1640e-01 -2.9252e+00 -2.6141e+00 +2.9963e+00
419 0 +3.086478641e+01 +3.086478641e+01 +5.223478641e+01 +5.223478641e+01 -1.2763e-01 +7.8590e-01 -3.0908e+00 -2.4116e+00 +3.1370e+00
435 0 +3.013379348e+01 +3.013379348e+01 +5.150379348e+01 +5.150379348e+01 +1.3593e-01 +5.0558e-01 -3.3948e+00 -1.8855e+00 +3.3026e+00
644 0 +2.948349703e+01 +2.948349703e+01 +5.085349703e+01 +5.085349703e+01 +2.6513e-01 +5.0444e-01 -3.5592e+00 -1.7645e+00 +3.3202e+00
660 0 +2.871433913e+01 +2.871433913e+01 +5.008433913e+01 +5.008433913e+01 +5.6003e-01 +4.5654e-01 -3.4888e+00 -1.3905e+00 +3.1251e+00
672 0 +2.805790007e+01 +2.805790007e+01 +4.942790007e+01 +4.942790007e+01 +5.3453e-01 +6.5297e-01 -3.1019e+00 -1.5984e+00 +2.8580e+00
681 0 +2.738335160e+01 +2.738335160e+01 +4.875335160e+01 +4.875335160e+01 +5.4673e-01 +9.7450e-01 -2.5516e+00 -1.9044e+00 +2.4572e+00
695 0 +2.685269034e+01 +2.685269034e+01 +4.822269034e+01 +4.822269034e+01 +5.2777e-01 +1.1319e+00 -2.3713e+00 -2.1337e+00 +2.3904e+00
% f evaluations | g evaluations | best noise-free fitness - Fopt | noise-free fitness - Fopt (1.673000000000e+01) | measured fitness | best measured fitness | x1 | x2...
1 0 +6.848308311e+01 +6.848308311e+01 +8.521308311e+01 +8.521308311e+01 +0.0000e+00 +0.0000e+00 +0.0000e+00 +0.0000e+00 +0.0000e+00
2 0 +6.848095578e+01 +6.848095578e+01 +8.521095578e+01 +8.521095578e+01 +2.5000e-04 +0.0000e+00 +0.0000e+00 +0.0000e+00 +0.0000e+00
47 0 +6.759569957e+01 +6.759569957e+01 +8.432569957e+01 +8.432569957e+01 +3.4767e-02 -5.8266e-03 +3.2538e-02 -7.8444e-02 +1.7147e-02
54 0 +6.594238037e+01 +6.594238037e+01 +8.267238037e+01 +8.267238037e+01 +9.5309e-02 -1.3986e-02 +8.8071e-02 -2.1461e-01 +4.5513e-02
58 0 +6.445607985e+01 +6.445607985e+01 +8.118607985e+01 +8.118607985e+01 +1.4409e-01 -2.0282e-02 +1.3424e-01 -3.2621e-01 +6.9255e-02
59 0 +6.285960366e+01 +6.285960366e+01 +7.958960366e+01 +7.958960366e+01 +1.9268e-01 -2.6230e-02 +1.7951e-01 -4.3678e-01 +9.2412e-02
62 0 +5.943555777e+01 +5.943555777e+01 +7.616555777e+01 +7.616555777e+01 +2.9189e-01 -4.5578e-02 +2.7026e-01 -6.5503e-01 +1.3900e-01
65 0 +5.574642867e+01 +5.574642867e+01 +7.247642867e+01 +7.247642867e+01 +3.9887e-01 -5.9571e-02 +3.7135e-01 -8.9779e-01 +1.8924e-01
67 0 +5.245594329e+01 +5.245594329e+01 +6.918594329e+01 +6.918594329e+01 +5.3916e-01 -7.7378e-02 +5.0017e-01 -1.2144e+00 +2.5617e-01
218 0 +5.128519892e+01 +5.128519892e+01 +6.801519892e+01 +6.801519892e+01 +5.8085e-01 +2.0081e-01 +5.0002e-01 -1.4539e+00 +2.7805e-01
302 0 +5.007116965e+01 +5.007116965e+01 +6.680116965e+01 +6.680116965e+01 +5.8444e-01 +4.8440e-01 +4.3469e-01 -1.4015e+00 +3.1171e-01
308 0 +4.859789534e+01 +4.859789534e+01 +6.532789534e+01 +6.532789534e+01 +6.2223e-01 +5.1549e-01 +4.3342e-01 -1.2852e+00 +3.6205e-01
311 0 +4.775052556e+01 +4.775052556e+01 +6.448052556e+01 +6.448052556e+01 +6.6795e-01 +3.6476e-01 +4.8461e-01 -1.2365e+00 +3.9418e-01
315 0 +4.644257479e+01 +4.644257479e+01 +6.317257479e+01 +6.317257479e+01 +7.1056e-01 +3.7286e-01 +4.9209e-01 -1.1287e+00 +4.4520e-01
316 0 +4.507185731e+01 +4.507185731e+01 +6.180185731e+01 +6.180185731e+01 +7.6812e-01 +3.9266e-01 +5.0939e-01 -1.0470e+00 +5.0556e-01
319 0 +4.430243553e+01 +4.430243553e+01 +6.103243553e+01 +6.103243553e+01 +8.1742e-01 +2.6128e-01 +5.4356e-01 -8.9107e-01 +5.5808e-01
320 0 +4.296486683e+01 +4.296486683e+01 +5.969486683e+01 +5.969486683e+01 +9.0650e-01 +2.2726e-01 +5.8164e-01 -7.4652e-01 +6.4910e-01
322 0 +4.238765920e+01 +4.238765920e+01 +5.911765920e+01 +5.911765920e+01 +9.2371e-01 +3.2033e-01 +5.6541e-01 -7.0351e-01 +6.7667e-01
323 0 +4.104337005e+01 +4.104337005e+01 +5.777337005e+01 +5.777337005e+01 +1.0348e+00 +3.7920e-01 +5.9438e-01 -5.4554e-01 +7.9494e-01
325 0 +4.072362365e+01 +4.072362365e+01 +5.745362365e+01 +5.745362365e+01 +1.0681e+00 +3.8358e-01 +6.0966e-01 -5.2218e-01 +8.2601e-01
340 0 +3.970029318e+01 +3.970029318e+01 +5.643029318e+01 +5.643029318e+01 +1.3050e+00 +6.5430e-01 +6.6464e-01 -3.5142e-01 +1.0658e+00
552 0 +3.889984965e+01 +3.889984965e+01 +5.562984965e+01 +5.562984965e+01 +1.4070e+00 +7.8688e-01 +5.3017e-01 -5.2394e-01 +9.8927e-01
574 0 +3.795652041e+01 +3.795652041e+01 +5.468652041e+01 +5.468652041e+01 +1.6102e+00 +6.4294e-01 +4.1191e-01 -5.5009e-01 +9.3314e-01
886 0 +3.713540790e+01 +3.713540790e+01 +5.386540790e+01 +5.386540790e+01 +1.8332e+00 +7.6258e-01 +2.1215e-01 -3.4554e-01 +8.7267e-01
927 0 +3.629279657e+01 +3.629279657e+01 +5.302279657e+01 +5.302279657e+01 +1.8697e+00 +8.8030e-01 +8.5833e-02 -4.2714e-01 +7.1828e-01
932 0 +3.536642552e+01 +3.536642552e+01 +5.209642552e+01 +5.209642552e+01 +1.9851e+00 +1.0503e+00 +1.0511e-01 -4.2783e-01 +6.7807e-01
935 0 +3.449955175e+01 +3.449955175e+01 +5.122955175e+01 +5.122955175e+01 +1.9306e+00 +8.4371e-01 +1.8933e-01 -3.8553e-01 +6.9825e-01
936 0 +3.366985287e+01 +3.366985287e+01 +5.039985287e+01 +5.039985287e+01 +1.9610e+00 +8.2541e-01 +2.4108e-01 -3.6472e-01 +6.8824e-01
941 0 +3.283204779e+01 +3.283204779e+01 +4.956204779e+01 +4.956204779e+01 +2.1467e+00 +1.1112e+00 +2.0011e-01 -4.8699e-01 +5.2187e-01
942 0 +3.205547047e+01 +3.205547047e+01 +4.878547047e+01 +4.878547047e+01 +2.2097e+00 +8.8250e-01 +1.8155e-01 -3.4878e-01 +5.5546e-01
943 0 +3.073079108e+01 +3.073079108e+01 +4.746079108e+01 +4.746079108e+01 +2.3220e+00 +7.9859e-01 +2.1977e-01 -3.0925e-01 +4.9415e-01
946 0 +2.997564200e+01 +2.997564200e+01 +4.670564200e+01 +4.670564200e+01 +2.1993e+00 +8.7862e-01 +4.1833e-01 -3.8653e-01 +5.1940e-01
947 0 +2.860511770e+01 +2.860511770e+01 +4.533511770e+01 +4.533511770e+01 +2.2739e+00 +9.1632e-01 +5.6082e-01 -3.7379e-01 +4.5361e-01
950 0 +2.780768844e+01 +2.780768844e+01 +4.453768844e+01 +4.453768844e+01 +2.4288e+00 +2.2376e-01 +7.6213e-01 -1.9953e-01 +4.9093e-01
951 0 +2.659706572e+01 +2.659706572e+01 +4.332706572e+01 +4.332706572e+01 +2.4488e+00 +6.2314e-01 +5.1822e-01 -3.7030e-01 +2.3933e-01
952 0 +2.505534795e+01 +2.505534795e+01 +4.178534795e+01 +4.178534795e+01 +2.6003e+00 +5.4286e-01 +5.7678e-01 -3.7979e-01 +8.9390e-03
956 0 +2.376361193e+01 +2.376361193e+01 +4.049361193e+01 +4.049361193e+01 +2.6830e+00 +2.4494e-01 +1.0030e+00 -1.5228e-01 +1.2927e-01
957 0 +2.307937979e+01 +2.307937979e+01 +3.980937979e+01 +3.980937979e+01 +2.8177e+00 -7.8980e-02 +1.2853e+00 -9.7028e-03 -2.5002e-04
959 0 +2.269188458e+01 +2.269188458e+01 +3.942188458e+01 +3.942188458e+01 +3.1300e+00 +3.5567e-01 +1.1325e+00 -1.9287e-01 -3.9831e-01
971 0 +2.182213621e+01 +2.182213621e+01 +3.855213621e+01 +3.855213621e+01 +2.9276e+00 +1.4993e-01 +1.1415e+00 -1.5124e-01 -3.6498e-01
978 0 +2.119267768e+01 +2.119267768e+01 +3.792267768e+01 +3.792267768e+01 +2.7380e+00 +5.9915e-02 +1.3609e+00 -7.4791e-02 -3.5515e-01
980 0 +2.088389845e+01 +2.088389845e+01 +3.761389845e+01 +3.761389845e+01 +3.0714e+00 -8.1531e-02 +1.3801e+00 +7.0901e-02 -5.3145e-01
986 0 +2.023195620e+01 +2.023195620e+01 +3.696195620e+01 +3.696195620e+01 +2.9359e+00 +1.6994e-01 +1.4450e+00 +5.0282e-02 -5.5107e-01
992 0 +1.954037424e+01 +1.954037424e+01 +3.627037424e+01 +3.627037424e+01 +2.8618e+00 +1.9833e-02 +1.4834e+00 +2.4306e-01 -6.7038e-01
996 0 +1.935197500e+01 +1.935197500e+01 +3.608197500e+01 +3.608197500e+01 +3.1363e+00 +1.2487e-01 +1.6150e+00 +3.2046e-01 -6.7221e-01
% f evaluations | g evaluations | best noise-free fitness - Fopt | noise-free fitness - Fopt (1.000000000000e+03) | measured fitness | best measured fitness | x1 | x2...
1 0 +6.885104203e+01 +6.885104203e+01 +1.068851042e+03 +1.068851042e+03 +0.0000e+00 +0.0000e+00 +0.0000e+00 +0.0000e+00 +0.0000e+00
2 0 +6.885029204e+01 +6.885029204e+01 +1.068850292e+03 +1.068850292e+03 +2.5000e-04 +0.0000e+00 +0.0000e+00 +0.0000e+00 +0.0000e+00
53 0 +6.758484838e+01 +6.758484838e+01 +1.067584848e+03 +1.067584848e+03 +1.3255e-03 +1.2962e-01 +3.7272e-02 +7.3053e-02 -1.2186e-01
61 0 +6.526901881e+01 +6.526901881e+01 +1.065269019e+03 +1.065269019e+03 +1.7846e-03 +3.6218e-01 +1.0499e-01 +2.0340e-01 -3.4022e-01
64 0 +6.350514227e+01 +6.350514227e+01 +1.063505142e+03 +1.063505142e+03 -1.0142e-03 +5.4688e-01 +1.5651e-01 +3.0007e-01 -5.0550e-01
67 0 +6.182157001e+01 +6.182157001e+01 +1.061821570e+03 +1.061821570e+03 -1.2810e-03 +7.4797e-01 +2.1464e-01 +4.1448e-01 -6.9368e-01
69 0 +6.054906355e+01 +6.054906355e+01 +1.060549064e+03 +1.060549064e+03 +2.3960e-03 +1.0110e+00 +2.9295e-01 +5.6325e-01 -9.4408e-01
140 0 +6.024764522e+01 +6.024764522e+01 +1.060247645e+03 +1.060247645e+03 -1.7802e-02 +1.1227e+00 +3.0004e-01 +5.7345e-01 -9.7896e-01
225 0 +5.886183575e+01 +5.886183575e+01 +1.058861836e+03 +1.058861836e+03 -9.0956e-02 +1.3461e+00 +2.1719e-01 +3.9351e-01 -7.8666e-01
241 0 +5.735537266e+01 +5.735537266e+01 +1.057355373e+03 +1.057355373e+03 +2.1998e-01 +1.1831e+00 +3.3508e-01 +6.5890e-01 -1.1157e+00
245 0 +5.606817936e+01 +5.606817936e+01 +1.056068179e+03 +1.056068179e+03 +3.6149e-01 +1.1067e+00 +3.4663e-01 +6.9286e-01 -1.1526e+00
251 0 +5.458183207e+01 +5.458183207e+01 +1.054581832e+03 +1.054581832e+03 +5.8440e-01 +1.1784e+00 +4.2713e-01 +8.6830e-01 -1.4089e+00
253 0 +5.290597906e+01 +5.290597906e+01 +1.052905979e+03 +1.052905979e+03 +4.4502e-01 +1.3364e+00 +3.3731e-01 +6.6951e-01 -1.1745e+00
256 0 +5.210622416e+01 +5.210622416e+01 +1.052106224e+03 +1.052106224e+03 +6.8431e-01 +1.1384e+00 +3.9170e-01 +8.0168e-01 -1.3198e+00
257 0 +5.017274186e+01 +5.017274186e+01 +1.050172742e+03 +1.050172742e+03 +7.9500e-01 +1.1136e+00 +3.7739e-01 +7.7893e-01 -1.2919e+00
260 0 +4.750663789e+01 +4.750663789e+01 +1.047506638e+03 +1.047506638e+03 +7.5433e-01 +1.3487e+00 +3.3614e-01 +6.8251e-01 -1.2125e+00
261 0 +4.432928525e+01 +4.432928525e+01 +1.044329285e+03 +1.044329285e+03 +8.3930e-01 +1.4339e+00 +2.9065e-01 +5.8961e-01 -1.1143e+00
263 0 +4.290884492e+01 +4.290884492e+01 +1.042908845e+03 +1.042908845e+03 +1.1166e+00 +1.3101e+00 +3.6432e-01 +7.6130e-01 -1.3290e+00
264 0 +3.905585031e+01 +3.905585031e+01 +1.039055850e+03 +1.039055850e+03 +1.4524e+00 +1.2969e+00 +3.7782e-01 +8.0720e-01 -1.4062e+00
267 0 +3.600106908e+01 +3.600106908e+01 +1.036001069e+03 +1.036001069e+03 +1.3003e+00 +1.6223e+00 +2.0867e-01 +4.3767e-01 -9.8380e-01
268 0 +3.354637074e+01 +3.354637074e+01 +1.033546371e+03 +1.033546371e+03 +1.5529e+00 +1.8766e+00 +1.2431e-01 +2.6703e-01 -8.2977e-01
272 0 +3.125541777e+01 +3.125541777e+01 +1.031255418e+03 +1.031255418e+03 +2.3333e+00 +1.5277e+00 +3.0127e-01 +6.8595e-01 -1.3485e+00
274 0 +3.079280811e+01 +3.079280811e+01 +1.030792808e+03 +1.030792808e+03 +2.1710e+00 +1.8484e+00 +1.7323e-01 +4.0129e-01 -1.0361e+00
282 0 +2.954504122e+01 +2.954504122e+01 +1.029545041e+03 +1.029545041e+03 +2.5708e+00 +1.8974e+00 +2.7050e-01 +6.2115e-01 -1.3552e+00
291 0 +2.948933028e+01 +2.948933028e+01 +1.029489330e+03 +1.029489330e+03 +2.6489e+00 +1.9523e+00 +2.7936e-01 +6.4105e-01 -1.3965e+00
387 0 +2.880649666e+01 +2.880649666e+01 +1.028806497e+03 +1.028806497e+03 +2.4015e+00 +2.0709e+00 +3.4032e-01 +7.2703e-01 -1.4880e+00
420 0 +2.813291618e+01 +2.813291618e+01 +1.028132916e+03 +1.028132916e+03 +2.5119e+00 +2.0513e+00 +4.5056e-01 +8.9453e-01 -1.6193e+00
429 0 +2.742467370e+01 +2.742467370e+01 +1.027424674e+03 +1.027424674e+03 +2.6017e+00 +2.0517e+00 +5.1647e-01 +9.7553e-01 -1.6498e+00
433 0 +2.688865508e+01 +2.688865508e+01 +1.026888655e+03 +1.026888655e+03 +2.4848e+00 +2.1157e+00 +4.5240e-01 +8.4122e-01 -1.4898e+00
436 0 +2.620640928e+01 +2.620640928e+01 +1.026206409e+03 +1.026206409e+03 +2.4880e+00 +2.0481e+00 +5.8230e-01 +1.0159e+00 -1.5745e+00
439 0 +2.566751039e+01 +2.566751039e+01 +1.025667510e+03 +1.025667510e+03 +2.3514e+00 +2.0913e+00 +5.0035e-01 +8.5203e-01 -1.3803e+00
442 0 +2.469954637e+01 +2.469954637e+01 +1.024699546e+03 +1.024699546e+03 +2.4371e+00 +1.9914e+00 +6.0462e-01 +9.8257e-01 -1.4102e+00
443 0 +2.394430168e+01 +2.394430168e+01 +1.023944302e+03 +1.023944302e+03 +2.4132e+00 +1.9292e+00 +6.8073e-01 +1.0532e+00 -1.3704e+00
446 0 +2.272672814e+01 +2.272672814e+01 +1.022726728e+03 +1.022726728e+03 +2.2520e+00 +2.0596e+00 +7.4935e-01 +1.0618e+00 -1.2382e+00
449 0 +2.216218096e+01 +2.216218096e+01 +1.022162181e+03 +1.022162181e+03 +2.2043e+00 +1.8557e+00 +8.4487e-01 +1.1411e+00 -1.1312e+00
451 0 +2.120362660e+01 +2.120362660e+01 +1.021203627e+03 +1.021203627e+03 +2.1677e+00 +1.9207e+00 +9.4517e-01 +1.2079e+00 -1.0465e+00
452 0 +2.069019083e+01 +2.069019083e+01 +1.020690191e+03 +1.020690191e+03 +2.1301e+00 +1.9035e+00 +1.1319e+00 +1.3654e+00 -9.4128e-01
460 0 +1.994939493e+01 +1.994939493e+01 +1.019949395e+03 +1.019949395e+03 +2.0565e+00 +2.1094e+00 +9.4232e-01 +1.1042e+00 -8.2949e-01
463 0 +1.947622584e+01 +1.947622584e+01 +1.019476226e+03 +1.019476226e+03 +1.9354e+00 +2.0608e+00 +1.2574e+00 +1.3490e+00 -5.9206e-01
466 0 +1.892050929e+01 +1.892050929e+01 +1.018920509e+03 +1.018920509e+03 +2.2674e+00 +2.1066e+00 +1.0786e+00 +1.2525e+00 -8.4052e-01
467 0 +1.849322097e+01 +1.849322097e+01 +1.018493221e+03 +1.018493221e+03 +2.4590e+00 +2.1916e+00 +1.1096e+00 +1.2926e+00 -8.7996e-01
470 0 +1.818627468e+01 +1.818627468e+01 +1.018186275e+03 +1.018186275e+03 +2.1455e+00 +2.5210e+00 +1.2199e+00 +1.2419e+00 -5.2731e-01
472 0 +1.745938344e+01 +1.745938344e+01 +1.017459383e+03 +1.017459383e+03 +2.2756e+00 +2.2951e+00 +1.2788e+00 +1.3265e+00 -5.2875e-01
481 0 +1.723941350e+01 +1.723941350e+01 +1.017239413e+03 +1.017239413e+03 +2.5705e+00 +2.3240e+00 +1.2112e+00 +1.2893e+00 -6.2231e-01
505 0 +1.695174831e+01 +1.695174831e+01 +1.016951748e+03 +1.016951748e+03 +2.5017e+00 +2.3153e+00 +1.2268e+00 +1.2187e+00 -3.9135e-01
769 0 +1.658348235e+01 +1.658348235e+01 +1.016583482e+03 +1.016583482e+03 +2.3653e+00 +2.3311e+00 +1.1497e+00 +1.1805e+00 -3.5336e-01
787 0 +1.617887258e+01 +1.617887258e+01 +1.016178873e+03 +1.016178873e+03 +2.5111e+00 +2.3836e+00 +1.0010e+00 +1.1456e+00 -4.1380e-01
800 0 +1.582153574e+01 +1.582153574e+01 +1.015821536e+03 +1.015821536e+03 +2.6964e+00 +2.4512e+00 +9.9826e-01 +1.2090e+00 -4.0288e-01
804 0 +1.545807239e+01 +1.545807239e+01 +1.015458072e+03 +1.015458072e+03 +2.7296e+00 +2.4391e+00 +9.6320e-01 +1.2586e+00 -4.9329e-01
810 0 +1.497482369e+01 +1.497482369e+01 +1.014974824e+03 +1.014974824e+03 +2.8667e+00 +2.5610e+00 +9.7466e-01 +1.4000e+00 -5.9397e-01
812 0 +1.464410471e+01 +1.464410471e+01 +1.014644105e+03 +1.014644105e+03 +2.8108e+00 +2.5286e+00 +9.3242e-01 +1.3522e+00 -5.0107e-01
813 0 +1.422748294e+01 +1.422748294e+01 +1.014227483e+03 +1.014227483e+03 +2.7850e+00 +2.5226e+00 +8.8987e-01 +1.3568e+00 -4.7761e-01
818 0 +1.389804998e+01 +1.389804998e+01 +1.013898050e+03 +1.013898050e+03 +2.9642e+00 +2.5781e+00 +7.9889e-01 +1.5662e+00 -8.0302e-01
820 0 +1.365057103e+01 +1.365057103e+01 +1.013650571e+03 +1.013650571e+03 +2.7570e+00 +2.5877e+00 +9.3858e-01 +1.5470e+00 -6.5351e-01
822 0 +1.286571492e+01 +1.286571492e+01 +1.012865715e+03 +1.012865715e+03 +2.8865e+00 +2.5431e+00 +7.9149e-01 +1.5745e+00 -6.6616e-01
823 0 +1.208642828e+01 +1.208642828e+01 +1.012086428e+03 +1.012086428e+03 +2.8770e+00 +2.5151e+00 +7.0545e-01 +1.6219e+00 -6.5313e-01
827 0 +1.156928876e+01 +1.156928876e+01 +1.011569289e+03 +1.011569289e+03 +2.7296e+00 +2.6069e+00 +7.7119e-01 +1.6846e+00 -5.9227e-01
828 0 +1.108826505e+01 +1.108826505e+01 +1.011088265e+03 +1.011088265e+03 +2.6045e+00 +2.6159e+00 +8.1305e-01 +1.7002e+00 -4.0401e-01
829 0 +1.078091970e+01 +1.078091970e+01 +1.010780920e+03 +1.010780920e+03 +2.8914e+00 +2.6193e+00 +4.6987e-01 +1.8522e+00 -8.0773e-01
830 0 +1.026044364e+01 +1.026044364e+01 +1.010260444e+03 +1.010260444e+03 +2.9586e+00 +2.6352e+00 +2.3552e-01 +2.0047e+00 -8.8485e-01
832 0 +9.896779304e+00 +9.896779304e+00 +1.009896779e+03 +1.009896779e+03 +2.6574e+00 +2.4737e+00 +4.1010e-01 +1.8682e+00 -6.4490e-01
833 0 +9.569481228e+00 +9.569481228e+00 +1.009569481e+03 +1.009569481e+03 +2.5555e+00 +2.3827e+00 +2.5255e-01 +2.0012e+00 -6.2055e-01
835 0 +8.977177130e+00 +8.977177130e+00 +1.008977177e+03 +1.008977177e+03 +2.4838e+00 +2.5466e+00 +1.9521e-01 +2.0481e+00 -4.0607e-01
852 0 +8.839958127e+00 +8.839958127e+00 +1.008839958e+03 +1.008839958e+03 +2.5260e+00 +2.6309e+00 +9.8854e-02 +2.3049e+00 -3.4845e-01
% f evaluations | g evaluations | best noise-free fitness - Fopt | noise-free fitness - Fopt (-1.079600000000e+02) | measured fitness | best measured fitness | x1 | x2...
1 0 +6.147480593e+01 +6.147480593e+01 -4.648519407e+01 -4.648519407e+01 +0.0000e+00 +0.0000e+00 +0.0000e+00 +0.0000e+00 +0.0000e+00
4 0 +6.147449435e+01 +6.147449435e+01 -4.648550565e+01 -4.648550565e+01 +0.0000e+00 +0.0000e+00 +2.5000e-04 +0.0000e+00 +0.0000e+00
45 0 +6.024719390e+01 +6.024719390e+01 -4.771280610e+01 -4.771280610e+01 -5.6437e-02 -3.2654e-03 +8.4981e-03 +2.7245e-02 +3.9088e-02
51 0 +5.855918153e+01 +5.855918153e+01 -4.940081847e+01 -4.940081847e+01 -1.2625e-01 -7.7971e-03 +1.8834e-02 +6.1501e-02 +8.8656e-02
52 0 +5.744484509e+01 +5.744484509e+01 -5.051515491e+01 -5.051515491e+01 -1.6952e-01 -1.0390e-02 +2.5391e-02 +8.1955e-02 +1.1916e-01
55 0 +5.571058883e+01 +5.571058883e+01 -5.224941117e+01 -5.224941117e+01 -2.3191e-01 -1.3367e-02 +3.3743e-02 +1.1364e-01 +1.6276e-01
57 0 +5.323855874e+01 +5.323855874e+01 -5.472144126e+01 -5.472144126e+01 -3.1165e-01 -1.9751e-02 +4.4852e-02 +1.5558e-01 +2.2054e-01
59 0 +5.205391235e+01 +5.205391235e+01 -5.590608765e+01 -5.590608765e+01 -3.5240e-01 -2.0942e-02 +5.2228e-02 +1.7178e-01 +2.4750e-01
60 0 +4.810373389e+01 +4.810373389e+01 -5.985626611e+01 -5.985626611e+01 -4.7298e-01 -2.7760e-02 +7.0645e-02 +2.2943e-01 +3.3188e-01
62 0 +4.619218289e+01 +4.619218289e+01 -6.176781711e+01 -6.176781711e+01 -5.2596e-01 -3.1578e-02 +7.6059e-02 +2.5945e-01 +3.7085e-01
63 0 +4.014593592e+01 +4.014593592e+01 -6.781406408e+01 -6.781406408e+01 -7.0418e-01 -4.2172e-02 +1.0139e-01 +3.4820e-01 +4.9670e-01
65 0 +3.899129882e+01 +3.899129882e+01 -6.896870118e+01 -6.896870118e+01 -7.4065e-01 -4.4662e-02 +1.0832e-01 +3.6432e-01 +5.2253e-01
66 0 +3.249143358e+01 +3.249143358e+01 -7.546856642e+01 -7.546856642e+01 -9.6643e-01 -5.8109e-02 +1.4172e-01 +4.7522e-01 +6.8188e-01
67 0 +3.221914681e+01 +3.221914681e+01 -7.574085319e+01 -7.574085319e+01 -9.8001e-01 -5.8022e-02 +1.4371e-01 +4.7913e-01 +6.9036e-01
68 0 +2.575269953e+01 +2.575269953e+01 -8.220730047e+01 -8.220730047e+01 -1.3142e+00 -7.7158e-02 +1.9315e-01 +6.4090e-01 +9.2527e-01
70 0 +2.368006095e+01 +2.368006095e+01 -8.427993905e+01 -8.427993905e+01 -1.4663e+00 -8.8006e-02 +2.1288e-01 +7.2246e-01 +1.0350e+00
71 0 +1.983080901e+01 +1.983080901e+01 -8.812919099e+01 -8.812919099e+01 -1.9630e+00 -1.1813e-01 +2.8400e-01 +9.6897e-01 +1.3866e+00
73 0 +1.931376193e+01 +1.931376193e+01 -8.864623807e+01 -8.864623807e+01 -2.2021e+00 -1.3067e-01 +3.2305e-01 +1.0791e+00 +1.5524e+00
136 0 +1.905320308e+01 +1.905320308e+01 -8.890679692e+01 -8.890679692e+01 -2.1817e+00 -1.4066e-01 +2.5095e-01 +1.1739e+00 +1.5698e+00
204 0 +1.851198917e+01 +1.851198917e+01 -8.944801083e+01 -8.944801083e+01 -2.1205e+00 -1.9851e-01 +1.7885e-01 +1.2892e+00 +1.6146e+00
211 0 +1.814180137e+01 +1.814180137e+01 -8.981819863e+01 -8.981819863e+01 -2.0407e+00 -2.3795e-01 +1.5249e-01 +1.3131e+00 +1.6129e+00
215 0 +1.757430553e+01 +1.757430553e+01 -9.038569447e+01 -9.038569447e+01 -1.9542e+00 -3.3622e-01 +1.0181e-01 +1.4232e+00 +1.6809e+00
218 0 +1.708016113e+01 +1.708016113e+01 -9.087983887e+01 -9.087983887e+01 -1.9002e+00 -3.4936e-01 +1.6134e-01 +1.3196e+00 +1.6427e+00
220 0 +1.666401792e+01 +1.666401792e+01 -9.129598208e+01 -9.129598208e+01 -1.7494e+00 -4.3273e-01 +1.1214e-01 +1.3727e+00 +1.6502e+00
222 0 +1.650406065e+01 +1.650406065e+01 -9.145593935e+01 -9.145593935e+01 -1.7601e+00 -4.7837e-01 +1.0075e-01 +1.4387e+00 +1.7128e+00
223 0 +1.618878937e+01 +1.618878937e+01 -9.177121063e+01 -9.177121063e+01 -1.6456e+00 -5.9030e-01 +7.5178e-02 +1.5095e+00 +1.7707e+00
226 0 +1.581393368e+01 +1.581393368e+01 -9.214606632e+01 -9.214606632e+01 -1.2907e+00 -7.2237e-01 +1.0858e-01 +1.3666e+00 +1.6719e+00
233 0 +1.519533047e+01 +1.519533047e+01 -9.276466953e+01 -9.276466953e+01 -1.3159e+00 -8.3343e-01 +1.4862e-01 +1.4345e+00 +1.8056e+00
241 0 +1.481531724e+01 +1.481531724e+01 -9.314468276e+01 -9.314468276e+01 -1.3397e+00 -8.2218e-01 +2.6381e-01 +1.2801e+00 +1.7767e+00
242 0 +1.459453267e+01 +1.459453267e+01 -9.336546733e+01 -9.336546733e+01 -1.3642e+00 -8.7209e-01 +3.4143e-01 +1.2368e+00 +1.8291e+00
246 0 +1.443058721e+01 +1.443058721e+01 -9.352941279e+01 -9.352941279e+01 -1.5971e+00 -8.2763e-01 +3.0433e-01 +1.3923e+00 +1.9465e+00
385 0 +1.411148414e+01 +1.411148414e+01 -9.384851586e+01 -9.384851586e+01 -1.5791e+00 -9.9877e-01 +4.3309e-01 +1.3967e+00 +2.0661e+00
403 0 +1.378288705e+01 +1.378288705e+01 -9.417711295e+01 -9.417711295e+01 -1.6093e+00 -1.0168e+00 +3.9086e-01 +1.5651e+00 +2.0422e+00
408 0 +1.346227453e+01 +1.346227453e+01 -9.449772547e+01 -9.449772547e+01 -1.5479e+00 -1.0276e+00 +4.2682e-01 +1.4958e+00 +1.9937e+00
412 0 +1.317916816e+01 +1.317916816e+01 -9.478083184e+01 -9.478083184e+01 -1.4350e+00 -1.0350e+00 +3.8291e-01 +1.5417e+00 +1.8863e+00
416 0 +1.267994752e+01 +1.267994752e+01 -9.528005248e+01 -9.528005248e+01 -1.5680e+00 -1.0009e+00 +4.1395e-01 +1.6281e+00 +1.8469e+00
419 0 +1.245138176e+01 +1.245138176e+01 -9.550861824e+01 -9.550861824e+01 -1.3963e+00 -1.0939e+00 +4.2871e-01 +1.6697e+00 +1.7491e+00
421 0 +1.214173227e+01 +1.214173227e+01 -9.581826773e+01 -9.581826773e+01 -1.4634e+00 -1.1233e+00 +4.9132e-01 +1.7098e+00 +1.7528e+00
422 0 +1.188389072e+01 +1.188389072e+01 -9.607610928e+01 -9.607610928e+01 -1.4775e+00 -1.1675e+00 +5.4553e-01 +1.7939e+00 +1.6861e+00
425 0 +1.171736211e+01 +1.171736211e+01 -9.624263789e+01 -9.624263789e+01 -1.4288e+00 -1.1555e+00 +5.6968e-01 +1.8681e+00 +1.4762e+00
434 0 +1.133953948e+01 +1.133953948e+01 -9.662046052e+01 -9.662046052e+01 -1.5805e+00 -1.1085e+00 +6.5299e-01 +1.8774e+00 +1.4251e+00
445 0 +1.121452880e+01 +1.121452880e+01 -9.674547120e+01 -9.674547120e+01 -1.7032e+00 -1.0878e+00 +7.3802e-01 +1.8691e+00 +1.4073e+00
% f evaluations | g evaluations | best noise-free fitness - Fopt | noise-free fitness - Fopt (-3.025900000000e+02) | measured fitness | best measured fitness | x1 | x2...
1 0 +4.273386691e+01 +4.273386691e+01 -2.598561331e+02 -2.598561331e+02 +0.0000e+00 +0.0000e+00 +0.0000e+00 +0.0000e+00 +0.0000e+00
3 0 +4.272244948e+01 +4.272244948e+01 -2.598675505e+02 -2.598675505e+02 +0.0000e+00 +2.5000e-04 +0.0000e+00 +0.0000e+00 +0.0000e+00
11 0 +4.264572994e+01 +4.264572994e+01 -2.599442701e+02 -2.599442701e+02 -3.1400e-04 +3.3600e-04 +3.3600e-04 -2.4000e-05 -4.2000e-04
27 0 +4.150974350e+01 +4.150974350e+01 -2.610802565e+02 -2.610802565e+02 -1.5871e-03 +3.5269e-03 +6.2687e-04 -5.6514e-04 -5.8479e-03
33 0 +4.016114776e+01 +4.016114776e+01 -2.624288522e+02 -2.624288522e+02 -3.6415e-03 +6.6328e-03 +2.2554e-03 -6.4136e-04 -1.3159e-02
35 0 +3.923925841e+01 +3.923925841e+01 -2.633507416e+02 -2.633507416e+02 -4.7885e-03 +9.1531e-03 +2.0823e-03 -1.5268e-03 -1.7095e-02
37 0 +3.881500495e+01 +3.881500495e+01 -2.637749951e+02 -2.637749951e+02 -4.9482e-03 +9.6665e-03 +3.2636e-03 -1.2878e-03 -2.0247e-02
38 0 +3.749132869e+01 +3.749132869e+01 -2.650986713e+02 -2.650986713e+02 -6.6288e-03 +1.2736e-02 +4.5819e-03 -1.6491e-03 -2.7446e-02
40 0 +3.687473439e+01 +3.687473439e+01 -2.657152656e+02 -2.657152656e+02 -8.2290e-03 +1.5188e-02 +4.3010e-03 -1.9293e-03 -2.9743e-02
41 0 +3.495495551e+01 +3.495495551e+01 -2.676350445e+02 -2.676350445e+02 -1.1406e-02 +2.0593e-02 +5.7205e-03 -2.6116e-03 -3.9703e-02
43 0 +3.459392583e+01 +3.459392583e+01 -2.679960742e+02 -2.679960742e+02 -1.1518e-02 +2.0860e-02 +6.0372e-03 -2.8426e-03 -4.2030e-02
44 0 +3.231805389e+01 +3.231805389e+01 -2.702719461e+02 -2.702719461e+02 -1.5307e-02 +2.7112e-02 +7.9596e-03 -3.7296e-03 -5.4844e-02
46 0 +2.915269326e+01 +2.915269326e+01 -2.734373067e+02 -2.734373067e+02 -1.9925e-02 +3.6291e-02 +1.1706e-02 -4.1348e-03 -7.6108e-02
48 0 +2.783722794e+01 +2.783722794e+01 -2.747527721e+02 -2.747527721e+02 -2.3403e-02 +4.1894e-02 +1.1790e-02 -5.4204e-03 -8.3321e-02
49 0 +2.417197057e+01 +2.417197057e+01 -2.784180294e+02 -2.784180294e+02 -3.1790e-02 +5.6474e-02 +1.5394e-02 -7.3060e-03 -1.1126e-01
51 0 +2.265440751e+01 +2.265440751e+01 -2.799355925e+02 -2.799355925e+02 -3.4693e-02 +6.1501e-02 +1.8834e-02 -7.7971e-03 -1.2625e-01
52 0 +1.791916158e+01 +1.791916158e+01 -2.846708384e+02 -2.846708384e+02 -4.6337e-02 +8.1955e-02 +2.5391e-02 -1.0390e-02 -1.6952e-01
54 0 +1.691956404e+01 +1.691956404e+01 -2.856704360e+02 -2.856704360e+02 -4.9370e-02 +8.7111e-02 +2.6045e-02 -1.0431e-02 -1.7768e-01
55 0 +1.086697281e+01 +1.086697281e+01 -2.917230272e+02 -2.917230272e+02 -6.4617e-02 +1.1364e-01 +3.3743e-02 -1.3367e-02 -2.3191e-01
56 0 +1.061802430e+01 +1.061802430e+01 -2.919719757e+02 -2.919719757e+02 -6.6196e-02 +1.1582e-01 +3.3803e-02 -1.4546e-02 -2.3314e-01
57 0 +6.164178109e+00 +6.164178109e+00 -2.964258219e+02 -2.964258219e+02 -8.9331e-02 +1.5558e-01 +4.4852e-02 -1.9751e-02 -3.1165e-01
59 0 +3.332824975e+00 +3.332824975e+00 -2.992571750e+02 -2.992571750e+02 -9.7910e-02 +1.7178e-01 +5.2228e-02 -2.0942e-02 -3.5240e-01
60 0 +5.202514909e-01 +5.202514909e-01 -3.020697485e+02 -3.020697485e+02 -1.3097e-01 +2.2943e-01 +7.0645e-02 -2.7760e-02 -4.7298e-01
62 0 +1.678570963e-01 +1.678570963e-01 -3.024221429e+02 -3.024221429e+02 -1.4857e-01 +2.5945e-01 +7.6059e-02 -3.1578e-02 -5.2596e-01
63 0 +1.206885777e-01 +1.206885777e-01 -3.024693114e+02 -3.024693114e+02 -1.9969e-01 +3.4820e-01 +1.0139e-01 -4.2172e-02 -7.0418e-01
64 0 +4.454627041e-02 +4.454627041e-02 -3.025454537e+02 -3.025454537e+02 -1.8432e-01 +3.2159e-01 +9.4767e-02 -4.0122e-02 -6.5248e-01
83 0 +4.259717956e-02 +4.259717956e-02 -3.025474028e+02 -3.025474028e+02 -1.6979e-01 +2.9625e-01 +8.8195e-02 -3.6306e-02 -6.0338e-01
85 0 +4.117036304e-02 +4.117036304e-02 -3.025488296e+02 -3.025488296e+02 -1.8225e-01 +3.1755e-01 +9.3922e-02 -3.9027e-02 -6.4502e-01
87 0 +4.039012571e-02 +4.039012571e-02 -3.025496099e+02 -3.025496099e+02 -1.7184e-01 +2.9959e-01 +8.8344e-02 -3.6889e-02 -6.0794e-01
89 0 +3.971102990e-02 +3.971102990e-02 -3.025502890e+02 -3.025502890e+02 -1.7227e-01 +3.0045e-01 +8.8863e-02 -3.6955e-02 -6.1063e-01
93 0 +3.876768465e-02 +3.876768465e-02 -3.025512323e+02 -3.025512323e+02 -1.7985e-01 +3.1370e-01 +9.2605e-02 -3.8845e-02 -6.3691e-01
101 0 +3.785539643e-02 +3.785539643e-02 -3.025521446e+02 -3.025521446e+02 -1.7490e-01 +3.0501e-01 +9.0158e-02 -3.7529e-02 -6.1968e-01
186 0 +3.712311793e-02 +3.712311793e-02 -3.025528769e+02 -3.025528769e+02 -1.7659e-01 +3.0794e-01 +8.9214e-02 -3.8896e-02 -6.2085e-01
196 0 +3.628079497e-02 +3.628079497e-02 -3.025537192e+02 -3.025537192e+02 -1.7805e-01 +3.1044e-01 +8.6720e-02 -4.1045e-02 -6.1749e-01
202 0 +3.496739248e-02 +3.496739248e-02 -3.025550326e+02 -3.025550326e+02 -1.7968e-01 +3.1323e-01 +8.0977e-02 -4.5051e-02 -6.0611e-01
205 0 +3.449288880e-02 +3.449288880e-02 -3.025555071e+02 -3.025555071e+02 -1.8063e-01 +3.1488e-01 +8.0215e-02 -4.5986e-02 -6.0619e-01
206 0 +3.361957293e-02 +3.361957293e-02 -3.025563804e+02 -3.025563804e+02 -1.8220e-01 +3.1759e-01 +7.7597e-02 -4.8230e-02 -6.0281e-01
209 0 +3.227996376e-02 +3.227996376e-02 -3.025577200e+02 -3.025577200e+02 -1.8428e-01 +3.2116e-01 +7.1495e-02 -5.2663e-02 -5.9146e-01
212 0 +3.028192543e-02 +3.028192543e-02 -3.025597181e+02 -3.025597181e+02 -1.8800e-01 +3.2757e-01 +6.4968e-02 -5.8125e-02 -5.8266e-01
213 0 +3.019287568e-02 +3.019287568e-02 -3.025598071e+02 -3.025598071e+02 -1.8813e-01 +3.2780e-01 +6.3596e-02 -5.9015e-02 -5.7933e-01
214 0 +2.812131745e-02 +2.812131745e-02 -3.025618787e+02 -3.025618787e+02 -1.9235e-01 +3.3508e-01 +5.4906e-02 -6.5997e-02 -5.6594e-01
217 0 +2.603251109e-02 +2.603251109e-02 -3.025639675e+02 -3.025639675e+02 -1.9855e-01 +3.4574e-01 +3.9542e-02 -7.7567e-02 -5.3959e-01
218 0 +2.560837959e-02 +2.560837959e-02 -3.025643916e+02 -3.025643916e+02 -1.9809e-01 +3.4497e-01 +4.4737e-02 -7.4479e-02 -5.5206e-01
219 0 +2.304320005e-02 +2.304320005e-02 -3.025669568e+02 -3.025669568e+02 -2.0548e-01 +3.5771e-01 +3.1067e-02 -8.5801e-02 -5.3264e-01
221 0 +2.246522750e-02 +2.246522750e-02 -3.025675348e+02 -3.025675348e+02 -2.0891e-01 +3.6364e-01 +2.1343e-02 -9.2953e-02 -5.1490e-01
222 0 +2.092860637e-02 +2.092860637e-02 -3.025690714e+02 -3.025690714e+02 -2.1937e-01 +3.8167e-01 -4.6877e-04 -1.1037e-01 -4.8101e-01
224 0 +2.046637814e-02 +2.046637814e-02 -3.025695336e+02 -3.025695336e+02 -2.2653e-01 +3.9400e-01 -1.4968e-02 -1.2195e-01 -4.5900e-01
226 0 +1.949357768e-02 +1.949357768e-02 -3.025705064e+02 -3.025705064e+02 -2.3153e-01 +4.0264e-01 -2.1407e-02 -1.2813e-01 -4.5311e-01
236 0 +1.893270531e-02 +1.893270531e-02 -3.025710673e+02 -3.025710673e+02 -2.4208e-01 +4.2089e-01 -3.5612e-02 -1.4125e-01 -4.3940e-01
377 0 +1.860068319e-02 +1.860068319e-02 -3.025713993e+02 -3.025713993e+02 -2.4356e-01 +4.2319e-01 -3.6150e-02 -1.3344e-01 -4.4896e-01
404 0 +1.816674856e-02 +1.816674856e-02 -3.025718333e+02 -3.025718333e+02 -2.5348e-01 +4.3988e-01 -5.7296e-02 -1.3726e-01 -4.2687e-01
410 0 +1.768430517e-02 +1.768430517e-02 -3.025723157e+02 -3.025723157e+02 -2.6575e-01 +4.6036e-01 -8.0755e-02 -1.3477e-01 -4.1161e-01
414 0 +1.737125378e-02 +1.737125378e-02 -3.025726287e+02 -3.025726287e+02 -2.6496e-01 +4.5875e-01 -7.8769e-02 -1.2506e-01 -4.2224e-01
418 0 +1.678605289e-02 +1.678605289e-02 -3.025732139e+02 -3.025732139e+02 -2.8544e-01 +4.9290e-01 -1.2519e-01 -1.2811e-01 -3.7488e-01
420 0 +1.643519382e-02 +1.643519382e-02 -3.025735648e+02 -3.025735648e+02 -2.8998e-01 +5.0025e-01 -1.3472e-01 -1.2125e-01 -3.7258e-01
422 0 +1.609826010e-02 +1.609826010e-02 -3.025739017e+02 -3.025739017e+02 -2.9137e-01 +5.0198e-01 -1.4217e-01 -1.0720e-01 -3.7263e-01
424 0 +1.576964668e-02 +1.576964668e-02 -3.025742304e+02 -3.025742304e+02 -3.2249e-01 +5.5403e-01 -2.0045e-01 -1.0162e-01 -3.3594e-01
431 0 +1.547008504e-02 +1.547008504e-02 -3.025745299e+02 -3.025745299e+02 -3.2940e-01 +5.6487e-01 -2.1415e-01 -7.8446e-02 -3.4531e-01
% f evaluations | g evaluations | best noise-free fitness - Fopt | noise-free fitness - Fopt (-3.065500000000e+02) | measured fitness | best measured fitness | x1 | x2...
1 0 +6.255320396e+01 +6.255320396e+01 -2.439967960e+02 -2.439967960e+02 +0.0000e+00 +0.0000e+00 +0.0000e+00 +0.0000e+00 +0.0000e+00
5 0 +6.255261870e+01 +6.255261870e+01 -2.439973813e+02 -2.439973813e+02 +0.0000e+00 +0.0000e+00 +0.0000e+00 +2.5000e-04 +0.0000e+00
41 0 +6.163496273e+01 +6.163496273e+01 -2.449150373e+02 -2.449150373e+02 +2.0805e-03 +4.1612e-03 -3.4755e-02 +8.3108e-03 +2.4672e-02
49 0 +6.001622624e+01 +6.001622624e+01 -2.465337738e+02 -2.465337738e+02 +5.3945e-03 +1.2154e-02 -9.6839e-02 +2.2605e-02 +6.9525e-02
52 0 +5.884750391e+01 +5.884750391e+01 -2.477024961e+02 -2.477024961e+02 +7.3232e-03 +1.9920e-02 -1.4515e-01 +3.3954e-02 +1.0378e-01
56 0 +5.653253100e+01 +5.653253100e+01 -2.500174690e+02 -2.500174690e+02 +1.4833e-02 +3.6085e-02 -2.6716e-01 +6.1943e-02 +1.9096e-01
58 0 +5.570006282e+01 +5.570006282e+01 -2.508499372e+02 -2.508499372e+02 +1.9986e-02 +4.6306e-02 -3.6132e-01 +8.4589e-02 +2.6028e-01
204 0 +5.494081458e+01 +5.494081458e+01 -2.516091854e+02 -2.516091854e+02 -3.9935e-02 +2.9216e-01 -5.1781e-01 +9.4864e-02 +2.3624e-01
221 0 +5.351229328e+01 +5.351229328e+01 -2.530377067e+02 -2.530377067e+02 +6.6885e-02 +2.9931e-01 -5.4909e-01 -1.8557e-01 +3.6623e-01
226 0 +5.211993613e+01 +5.211993613e+01 -2.544300639e+02 -2.544300639e+02 +1.0190e-01 +4.4301e-01 -6.0931e-01 -3.8424e-01 +4.0177e-01
230 0 +5.123010488e+01 +5.123010488e+01 -2.553198951e+02 -2.553198951e+02 +1.3158e-01 +5.3089e-01 -6.4300e-01 -5.2936e-01 +4.2989e-01
233 0 +4.893085603e+01 +4.893085603e+01 -2.576191440e+02 -2.576191440e+02 +2.4268e-01 +7.9059e-01 -7.2655e-01 -1.0288e+00 +5.2475e-01
238 0 +4.743104611e+01 +4.743104611e+01 -2.591189539e+02 -2.591189539e+02 +3.6260e-01 +1.2712e+00 -9.6490e-01 -1.6841e+00 +6.7412e-01
379 0 +4.677236008e+01 +4.677236008e+01 -2.597776399e+02 -2.597776399e+02 +3.0253e-01 +1.5615e+00 -1.0650e+00 -1.7360e+00 +5.9308e-01
423 0 +4.561243805e+01 +4.561243805e+01 -2.609375620e+02 -2.609375620e+02 +6.8741e-01 +2.0102e+00 -1.3862e+00 -2.1504e+00 +6.0394e-01
456 0 +4.452400438e+01 +4.452400438e+01 -2.620259956e+02 -2.620259956e+02 +1.0326e+00 +1.9098e+00 -1.4237e+00 -2.4394e+00 +7.2770e-01
465 0 +4.349207496e+01 +4.349207496e+01 -2.630579250e+02 -2.630579250e+02 +1.4290e+00 +2.0088e+00 -1.5079e+00 -2.7585e+00 +7.3078e-01
478 0 +4.238795870e+01 +4.238795870e+01 -2.641620413e+02 -2.641620413e+02 +2.1232e+00 +2.1003e+00 -1.6687e+00 -3.1638e+00 +7.3197e-01
484 0 +4.153974031e+01 +4.153974031e+01 -2.650102597e+02 -2.650102597e+02 +2.4077e+00 +2.0697e+00 -1.7832e+00 -3.3058e+00 +8.2189e-01
487 0 +4.001252736e+01 +4.001252736e+01 -2.665374726e+02 -2.665374726e+02 +2.7355e+00 +1.9789e+00 -1.7886e+00 -3.2915e+00 +7.4948e-01
490 0 +3.921552182e+01 +3.921552182e+01 -2.673344782e+02 -2.673344782e+02 +2.3510e+00 +1.7280e+00 -1.6623e+00 -2.8499e+00 +7.5575e-01
494 0 +3.738114160e+01 +3.738114160e+01 -2.691688584e+02 -2.691688584e+02 +3.3779e+00 +1.8522e+00 -1.9459e+00 -3.2962e+00 +7.2815e-01
495 0 +3.612558300e+01 +3.612558300e+01 -2.704244170e+02 -2.704244170e+02 +3.8629e+00 +1.7435e+00 -2.0272e+00 -3.2913e+00 +6.8128e-01
498 0 +3.537175159e+01 +3.537175159e+01 -2.711782484e+02 -2.711782484e+02 +4.3632e+00 +1.5250e+00 -2.0567e+00 -3.4518e+00 +7.5493e-01
501 0 +3.414308793e+01 +3.414308793e+01 -2.724069121e+02 -2.724069121e+02 +5.0942e+00 +1.2331e+00 -2.1847e+00 -3.2984e+00 +7.1345e-01
516 0 +3.376589678e+01 +3.376589678e+01 -2.727841032e+02 -2.727841032e+02 +5.0771e+00 +9.5926e-01 -2.0481e+00 -2.9934e+00 +6.4192e-01
907 0 +3.308664793e+01 +3.308664793e+01 -2.734633521e+02 -2.734633521e+02 +4.5010e+00 +1.1057e+00 -2.0014e+00 -2.9374e+00 +5.8977e-01
936 0 +3.229638227e+01 +3.229638227e+01 -2.742536177e+02 -2.742536177e+02 +4.5857e+00 +1.1699e+00 -2.1640e+00 -3.0997e+00 +5.6017e-01
943 0 +3.146768022e+01 +3.146768022e+01 -2.750823198e+02 -2.750823198e+02 +4.2690e+00 +8.8573e-01 -2.0347e+00 -3.0216e+00 +5.4558e-01
955 0 +3.085171227e+01 +3.085171227e+01 -2.756982877e+02 -2.756982877e+02 +3.8318e+00 +7.4887e-01 -1.9628e+00 -2.8225e+00 +5.5419e-01
977 0 +3.016730319e+01 +3.016730319e+01 -2.763826968e+02 -2.763826968e+02 +4.0877e+00 +7.9199e-01 -2.1555e+00 -3.2410e+00 +6.6814e-01
