% f evaluations | g evaluations | best noise-free fitness - Fopt | noise-free fitness - Fopt (6.870000000000e+00) | measured fitness | best measured fitness | x1 | x2...
1 0 +9.954727404e+00 +9.954727404e+00 +1.682472740e+01 +1.682472740e+01 -4.7696e+00 +5.7462e-01 -4.9360e+00 -1.8287e+00 -2.3659e+00 +5.4620e-01 +2.2330e+00 -2.9005e+00 -4.6464e+00 +3.8396e+00 -1.3117e+00 -2.1859e+00 +1.5774e+00 -8.0493e-01 -8.2493e-01 -7.9569e-01 -2.1285e+00 +1.9633e+00 +3.5802e+00 +3.8221e+00
3 0 +8.671104287e+00 +8.671104287e+00 +1.554110429e+01 +1.554110429e+01 +2.4946e+00 +7.2760e-01 +3.3985e+00 +2.9910e+00 -2.0044e+00 +4.7465e+00 +3.6884e+00 +3.6416e+00 -1.1759e+00 -4.9839e+00 +4.9264e+00 +4.7347e-01 +2.8043e+00 +7.0496e-01 -2.2204e+00 -6.9321e-02 +2.6979e+00 +4.1060e+00 +1.1781e+00 +4.8633e+00
5 0 +7.229843006e+00 +7.229843006e+00 +1.409984301e+01 +1.409984301e+01 +1.0972e+00 +3.6072e+00 -4.8023e+00 +4.8456e+00 +2.3218e+00 -1.5737e+00 -2.6181e+00 +8.7226e-01 +2.3643e+00 -4.6015e-01 -1.3980e+00 +1.9031e+00 +3.9275e+00 +4.1785e+00 +2.9997e-01 -2.8086e+00 -3.8466e+00 +1.9159e+00 -3.8105e+00 +2.1849e+00
15 0 +4.840513412e+00 +4.840513412e+00 +1.171051341e+01 +1.171051341e+01 +1.4190e+00 -3.1646e+00 -4.3096e+00 -1.4512e-01 -3.3635e+00 -1.7684e+00 +8.4644e-01 -1.7843e+00 -4.0196e+00 +7.9550e-02 -1.8950e+00 +2.7867e-02 -2.9505e+00 -1.6622e-01 +1.9335e+00 +1.2038e+00 +3.3011e+00 -3.4976e+00 +1.5672e-01 +1.5565e+00
27 0 +4.516765454e+00 +4.516765454e+00 +1.138676545e+01 +1.138676545e+01 +1.6769e+00 +4.4665e+00 +1.8363e+00 -2.8686e+00 +2.0644e+00 -1.0322e+00 -1.5774e+00 +2.1052e+00 -3.0113e+00 +2.9203e+00 -4.7786e+00 -2.7060e+00 -9.2271e-01 -4.0550e+00 -1.0276e+00 -1.4750e-02 +9.4890e-03 -2.5298e+00 -1.5564e+00 -1.4854e+00
47 0 +3.828414063e+00 +3.828414063e+00 +1.069841406e+01 +1.069841406e+01 +3.4074e+00 +4.3165e+00 +2.6229e+00 -3.2188e+00 +3.5653e+00 +3.2822e+00 -3.8902e+00 -3.5243e+00 -3.8072e-01 -4.2983e+00 +1.6677e+00 -2.3767e+00 -2.9509e+00 +2.5451e+00 +2.3452e-01 -1.8774e+00 -8.6034e-01 +1.8664e+00 -4.4381e+00 +1.1811e+00
264 0 +2.999554712e+00 +2.999554712e+00 +9.869554712e+00 +9.869554712e+00 +3.4085e+00 +4.3165e+00 +2.6230e+00 -3.2025e+00 +3.5654e+00 +3.2826e+00 -3.8956e+00 -3.5243e+00 -3.8068e-01 -4.2852e+00 +1.6675e+00 -2.3704e+00 -2.9509e+00 +2.5371e+00 +2.3988e-01 -1.8721e+00 -8.7950e-01 +1.8663e+00 -4.4409e+00 +1.1809e+00
317 0 +2.207931370e+00 +2.207931370e+00 +9.077931370e+00 +9.077931370e+00 +3.4089e+00 +4.3166e+00 +2.6243e+00 -3.1927e+00 +3.5663e+00 +3.2746e+00 -3.8924e+00 -3.5245e+00 -3.7966e-01 -4.2852e+00 +1.6625e+00 -2.3679e+00 -2.9509e+00 +2.5341e+00 +2.4003e-01 -1.8710e+00 -8.8876e-01 +1.8667e+00 -4.4355e+00 +1.1778e+00
335 0 +1.994086247e+00 +1.994086247e+00 +8.864086247e+00 +8.864086247e+00 +3.4073e+00 +4.3206e+00 +2.6222e+00 -3.2101e+00 +3.5650e+00 +3.2832e+00 -3.8972e+00 -3.5243e+00 -3.8068e-01 -4.2814e+00 +1.6617e+00 -2.3702e+00 -2.9589e+00 +2.5405e+00 +2.4101e-01 -1.8677e+00 -8.7963e-01 +1.8864e+00 -4.4449e+00 +1.1810e+00
365 0 +1.338722222e+00 +1.338722222e+00 +8.208722222e+00 +8.208722222e+00 +3.4080e+00 +4.3197e+00 +2.6221e+00 -3.2103e+00 +3.5649e+00 +3.2836e+00 -3.8970e+00 -3.5242e+00 -3.8014e-01 -4.2815e+00 +1.6621e+00 -2.3708e+00 -2.9572e+00 +2.5256e+00 +2.4092e-01 -1.8654e+00 -8.7964e-01 +1.8847e+00 -4.4438e+00 +1.1811e+00
437 0 +1.301326539e+00 +1.301326539e+00 +8.171326539e+00 +8.171326539e+00 +3.4082e+00 +4.3209e+00 +2.6222e+00 -3.2072e+00 +3.5647e+00 +3.2835e+00 -3.8969e+00 -3.5243e+00 -3.8017e-01 -4.2817e+00 +1.6616e+00 -2.3697e+00 -2.9572e+00 +2.5260e+00 +2.4084e-01 -1.8652e+00 -8.7947e-01 +1.8810e+00 -4.4433e+00 +1.1809e+00
438 0 +1.155592484e+00 +1.155592484e+00 +8.025592484e+00 +8.025592484e+00 +3.4083e+00 +4.3194e+00 +2.6221e+00 -3.2103e+00 +3.5648e+00 +3.2833e+00 -3.8966e+00 -3.5242e+00 -3.8000e-01 -4.2815e+00 +1.6619e+00 -2.3708e+00 -2.9568e+00 +2.5188e+00 +2.4144e-01 -1.8655e+00 -8.7997e-01 +1.8865e+00 -4.4433e+00 +1.1810e+00
439 0 +1.121768520e+00 +1.121768520e+00 +7.991768520e+00 +7.991768520e+00 +3.4078e+00 +4.3190e+00 +2.6221e+00 -3.2103e+00 +3.5650e+00 +3.2835e+00 -3.8970e+00 -3.5242e+00 -3.8018e-01 -4.2815e+00 +1.6621e+00 -2.3708e+00 -2.9571e+00 +2.5190e+00 +2.4094e-01 -1.8659e+00 -8.7964e-01 +1.8851e+00 -4.4432e+00 +1.1811e+00
468 0 +1.084288338e+00 +1.084288338e+00 +7.954288338e+00 +7.954288338e+00 +3.4078e+00 +4.3186e+00 +2.6221e+00 -3.2102e+00 +3.5650e+00 +3.2834e+00 -3.8969e+00 -3.5242e+00 -3.8029e-01 -4.2822e+00 +1.6621e+00 -2.3709e+00 -2.9605e+00 +2.5204e+00 +2.4089e-01 -1.8659e+00 -8.7965e-01 +1.8862e+00 -4.4420e+00 +1.1811e+00
479 0 +1.049070591e+00 +1.049070591e+00 +7.919070591e+00 +7.919070591e+00 +3.4079e+00 +4.3185e+00 +2.6221e+00 -3.2106e+00 +3.5650e+00 +3.2835e+00 -3.8965e+00 -3.5243e+00 -3.8011e-01 -4.2815e+00 +1.6623e+00 -2.3707e+00 -2.9573e+00 +2.5197e+00 +2.4092e-01 -1.8660e+00 -8.7963e-01 +1.8870e+00 -4.4429e+00 +1.1811e+00
485 0 +7.899565971e-01 +7.899565971e-01 +7.659956597e+00 +7.659956597e+00 +3.4078e+00 +4.3193e+00 +2.6221e+00 -3.2149e+00 +3.5650e+00 +3.2835e+00 -3.8970e+00 -3.5242e+00 -3.8605e-01 -4.2814e+00 +1.6622e+00 -2.3708e+00 -2.9569e+00 +2.5186e+00 +2.3902e-01 -1.8657e+00 -8.8081e-01 +1.8850e+00 -4.4432e+00 +1.1811e+00
521 0 +7.429176295e-01 +7.429176295e-01 +7.612917629e+00 +7.612917629e+00 +3.4079e+00 +4.3193e+00 +2.6221e+00 -3.2149e+00 +3.5650e+00 +3.2835e+00 -3.8970e+00 -3.5242e+00 -3.8675e-01 -4.2814e+00 +1.6623e+00 -2.3708e+00 -2.9569e+00 +2.5185e+00 +2.3859e-01 -1.8657e+00 -8.8165e-01 +1.8851e+00 -4.4432e+00 +1.1811e+00
541 0 +7.393332684e-01 +7.393332684e-01 +7.609333268e+00 +7.609333268e+00 +3.4077e+00 +4.3197e+00 +2.6221e+00 -3.2141e+00 +3.5649e+00 +3.2835e+00 -3.8970e+00 -3.5242e+00 -3.8688e-01 -4.2814e+00 +1.6621e+00 -2.3708e+00 -2.9568e+00 +2.5190e+00 +2.3834e-01 -1.8657e+00 -8.8108e-01 +1.8856e+00 -4.4431e+00 +1.1811e+00
550 0 +6.629222786e-01 +6.629222786e-01 +7.532922279e+00 +7.532922279e+00 +3.4078e+00 +4.3193e+00 +2.6221e+00 -3.2146e+00 +3.5650e+00 +3.2834e+00 -3.8970e+00 -3.5242e+00 -3.8791e-01 -4.2818e+00 +1.6621e+00 -2.3708e+00 -2.9570e+00 +2.5148e+00 +2.3789e-01 -1.8657e+00 -8.7984e-01 +1.8850e+00 -4.4432e+00 +1.1811e+00
572 0 +6.569349079e-01 +6.569349079e-01 +7.526934908e+00 +7.526934908e+00 +3.4078e+00 +4.3192e+00 +2.6221e+00 -3.2141e+00 +3.5650e+00 +3.2834e+00 -3.8970e+00 -3.5242e+00 -3.8608e-01 -4.2820e+00 +1.6621e+00 -2.3708e+00 -2.9571e+00 +2.5153e+00 +2.3791e-01 -1.8656e+00 -8.8039e-01 +1.8850e+00 -4.4428e+00 +1.1811e+00
573 0 +6.211607037e-01 +6.211607037e-01 +7.491160704e+00 +7.491160704e+00 +3.4078e+00 +4.3193e+00 +2.6221e+00 -3.2147e+00 +3.5650e+00 +3.2834e+00 -3.8970e+00 -3.5243e+00 -3.8815e-01 -4.2819e+00 +1.6622e+00 -2.3708e+00 -2.9570e+00 +2.5158e+00 +2.3816e-01 -1.8657e+00 -8.8049e-01 +1.8849e+00 -4.4432e+00 +1.1811e+00
577 0 +6.130643823e-01 +6.130643823e-01 +7.483064382e+00 +7.483064382e+00 +3.4078e+00 +4.3193e+00 +2.6221e+00 -3.2151e+00 +3.5650e+00 +3.2834e+00 -3.8970e+00 -3.5242e+00 -3.8776e-01 -4.2818e+00 +1.6621e+00 -2.3708e+00 -2.9569e+00 +2.5170e+00 +2.3773e-01 -1.8657e+00 -8.7985e-01 +1.8850e+00 -4.4432e+00 +1.1811e+00
588 0 +6.001403692e-01 +6.001403692e-01 +7.470140369e+00 +7.470140369e+00 +3.4078e+00 +4.3193e+00 +2.6221e+00 -3.2146e+00 +3.5650e+00 +3.2834e+00 -3.8970e+00 -3.5242e+00 -3.8785e-01 -4.2820e+00 +1.6621e+00 -2.3708e+00 -2.9570e+00 +2.5148e+00 +2.3666e-01 -1.8657e+00 -8.8032e-01 +1.8850e+00 -4.4431e+00 +1.1811e+00
590 0 +5.885478871e-01 +5.885478871e-01 +7.458547887e+00 +7.458547887e+00 +3.4078e+00 +4.3193e+00 +2.6221e+00 -3.2135e+00 +3.5650e+00 +3.2835e+00 -3.8970e+00 -3.5242e+00 -3.8741e-01 -4.2818e+00 +1.6621e+00 -2.3708e+00 -2.9570e+00 +2.5166e+00 +2.3799e-01 -1.8657e+00 -8.7976e-01 +1.8850e+00 -4.4432e+00 +1.1811e+00
675 0 +5.749140284e-01 +5.749140284e-01 +7.444914028e+00 +7.444914028e+00 +3.4078e+00 +4.3193e+00 +2.6221e+00 -3.2134e+00 +3.5650e+00 +3.2834e+00 -3.8970e+00 -3.5242e+00 -3.8742e-01 -4.2817e+00 +1.6621e+00 -2.3708e+00 -2.9570e+00 +2.5169e+00 +2.3801e-01 -1.8657e+00 -8.7975e-01 +1.8850e+00 -4.4432e+00 +1.1811e+00
715 0 +5.555046051e-01 +5.555046051e-01 +7.425504605e+00 +7.425504605e+00 +3.4078e+00 +4.3193e+00 +2.6221e+00 -3.2135e+00 +3.5650e+00 +3.2835e+00 -3.8970e+00 -3.5243e+00 -3.8743e-01 -4.2817e+00 +1.6621e+00 -2.3708e+00 -2.9570e+00 +2.5171e+00 +2.3719e-01 -1.8657e+00 -8.7978e-01 +1.8850e+00 -4.4432e+00 +1.1811e+00
728 0 +5.329535288e-01 +5.329535288e-01 +7.402953529e+00 +7.402953529e+00 +3.4078e+00 +4.3193e+00 +2.6221e+00 -3.2135e+00 +3.5650e+00 +3.2834e+00 -3.8970e+00 -3.5243e+00 -3.8738e-01 -4.2817e+00 +1.6621e+00 -2.3708e+00 -2.9570e+00 +2.5171e+00 +2.3670e-01 -1.8657e+00 -8.7984e-01 +1.8849e+00 -4.4432e+00 +1.1811e+00
784 0 +5.224104338e-01 +5.224104338e-01 +7.392410434e+00 +7.392410434e+00 +3.4078e+00 +4.3193e+00 +2.6221e+00 -3.2134e+00 +3.5650e+00 +3.2835e+00 -3.8970e+00 -3.5243e+00 -3.8744e-01 -4.2817e+00 +1.6621e+00 -2.3708e+00 -2.9570e+00 +2.5171e+00 +2.3623e-01 -1.8657e+00 -8.7978e-01 +1.8850e+00 -4.4432e+00 +1.1811e+00
832 0 +5.055128443e-01 +5.055128443e-01 +7.375512844e+00 +7.375512844e+00 +3.4078e+00 +4.3193e+00 +2.6221e+00 -3.2135e+00 +3.5650e+00 +3.2835e+00 -3.8970e+00 -3.5243e+00 -3.8743e-01 -4.2817e+00 +1.6621e+00 -2.3708e+00 -2.9570e+00 +2.5170e+00 +2.3509e-01 -1.8657e+00 -8.7976e-01 +1.8850e+00 -4.4432e+00 +1.1811e+00
845 0 +5.000462705e-01 +5.000462705e-01 +7.370046270e+00 +7.370046270e+00 +3.4078e+00 +4.3194e+00 +2.6221e+00 -3.2134e+00 +3.5650e+00 +3.2835e+00 -3.8970e+00 -3.5243e+00 -3.8743e-01 -4.2817e+00 +1.6621e+00 -2.3708e+00 -2.9570e+00 +2.5169e+00 +2.3456e-01 -1.8657e+00 -8.7978e-01 +1.8850e+00 -4.4432e+00 +1.1811e+00
987 0 +4.896161161e-01 +4.896161161e-01 +7.359616116e+00 +7.359616116e+00 +3.4078e+00 +4.3194e+00 +2.6221e+00 -3.2134e+00 +3.5650e+00 +3.2835e+00 -3.8970e+00 -3.5243e+00 -3.8743e-01 -4.2817e+00 +1.6621e+00 -2.3708e+00 -2.9570e+00 +2.5171e+00 +2.3449e-01 -1.8657e+00 -8.7978e-01 +1.8850e+00 -4.4432e+00 +1.1811e+00
% f evaluations | g evaluations | best noise-free fitness - Fopt | noise-free fitness - Fopt (1.000000000000e-02) | measured fitness | best measured fitness | x1 | x2...
1 0 +1.089793108e+01 +1.089793108e+01 +1.090793108e+01 +1.090793108e+01 +2.8920e+00 +1.4120e+00 +3.7836e-01 +3.8380e-01 -3.2142e+00 +3.0345e+00 -3.0875e+00 -4.0020e+00 -3.7525e+00 +1.9981e-01 +2.7168e-01 -3.8045e+00 +1.4919e+00 +1.2880e-01 +1.1107e+00 -3.1342e+00 +1.5715e+00 +2.3591e+00 +4.2813e+00 +4.5124e+00
2 0 +9.062977812e+00 +9.062977812e+00 +9.072977812e+00 +9.072977812e+00 -2.4916e+00 +1.3531e+00 -4.5130e+00 -2.9152e+00 +3.3047e+00 +2.1737e-01 +4.6359e+00 +2.3810e+00 -2.3784e+00 +4.9645e+00 +4.0397e+00 -1.8126e-01 -1.8883e+00 -1.2763e+00 -3.0056e+00 +2.5649e+00 +7.0609e-01 -9.4578e-01 +4.1150e+00 +2.3528e+00
20 0 +7.919446495e+00 +7.919446495e+00 +7.929446495e+00 +7.929446495e+00 -2.7544e+00 -9.6339e-01 +3.5244e+00 +3.3542e+00 +5.8666e-01 +1.0597e+00 +1.6669e+00 +4.8767e+00 -1.8049e-01 +4.2968e+00 -3.0363e+00 +3.7281e+00 +3.3615e+00 -9.1624e-01 -4.4002e+00 +3.8965e+00 -2.0481e+00 -1.6203e+00 -1.8035e+00 +4.8052e+00
21 0 +7.247000247e+00 +7.247000247e+00 +7.257000247e+00 +7.257000247e+00 -3.9014e+00 +4.7289e+00 -4.0083e+00 -3.5252e+00 +3.4068e-01 -3.8543e+00 -3.0875e+00 -4.8430e+00 +3.7047e+00 +1.1828e+00 -2.2064e+00 -8.7397e-01 +6.9436e-01 +4.7942e+00 +2.8350e+00 -3.3634e-01 +2.6931e+00 -4.1705e+00 -2.9747e+00 +3.3665e+00
24 0 +5.890643866e+00 +5.890643866e+00 +5.900643866e+00 +5.900643866e+00 -1.3900e+00 -1.6659e+00 -1.8228e+00 -2.4746e+00 -3.3009e+00 -4.2196e+00 +3.1796e+00 +3.4543e+00 -3.4489e+00 +1.7398e+00 +3.7355e+00 -1.1510e+00 -4.8867e+00 +2.2108e+00 -3.1702e+00 +1.9067e+00 -4.0475e+00 +4.5559e+00 +9.1262e-01 +4.8385e+00
50 0 +5.878026906e+00 +5.878026906e+00 +5.888026906e+00 +5.888026906e+00 -2.0233e+00 -4.0662e+00 -2.3514e-01 +1.8798e+00 -2.2348e+00 +2.2816e+00 -2.4333e+00 +4.6929e+00 +1.9854e+00 +2.2669e+00 +2.5054e+00 -4.3475e+00 -9.3712e-01 +7.7326e-01 -3.4918e-01 -3.4693e-01 +2.0777e+00 +4.9033e+00 +4.5372e+00 -2.1151e+00
82 0 +3.768812516e+00 +3.768812516e+00 +3.778812516e+00 +3.778812516e+00 -1.7749e+00 -2.8596e+00 +1.1234e+00 +1.6733e+00 -8.5590e-01 +2.7477e+00 -2.2382e+00 +3.2347e+00 -6.8687e-01 +2.7156e+00 +4.7052e+00 -2.1458e+00 -6.2819e-02 +6.0021e-01 -3.2546e+00 -9.9122e-01 +2.2160e-01 +3.6043e+00 +5.0000e+00 -2.6194e+00
180 0 +3.561704632e+00 +3.561704632e+00 +3.571704632e+00 +3.571704632e+00 -1.8991e+00 -2.7721e+00 +1.0729e+00 +1.6824e+00 -1.0422e+00 +2.7478e+00 -2.0542e+00 +2.5193e+00 -7.4465e-01 +2.6245e+00 +4.5252e+00 -2.6737e+00 +1.7899e-01 +6.3810e-01 -2.8980e+00 -9.3431e-01 +4.0719e-01 +3.4810e+00 +5.0000e+00 -2.3488e+00
327 0 +3.534578439e+00 +3.534578439e+00 +3.544578439e+00 +3.544578439e+00 -1.9003e+00 -2.7709e+00 +1.0929e+00 +1.6825e+00 -1.0449e+00 +2.7479e+00 -2.0548e+00 +2.5128e+00 -7.4444e-01 +2.6553e+00 +4.5290e+00 -2.6731e+00 +1.8020e-01 +6.3795e-01 -2.8991e+00 -9.3472e-01 +4.0542e-01 +3.4809e+00 +5.0000e+00 -2.3440e+00
399 0 +3.121086304e+00 +3.121086304e+00 +3.131086304e+00 +3.131086304e+00 -1.9002e+00 -2.7695e+00 +1.0911e+00 +1.6827e+00 -1.0425e+00 +2.7479e+00 -2.0572e+00 +2.5092e+00 -7.4270e-01 +2.6571e+00 +4.5228e+00 -2.6723e+00 +1.7924e-01 +6.3856e-01 -2.8963e+00 -9.3417e-01 +4.0488e-01 +3.4808e+00 +4.9999e+00 -2.3418e+00
435 0 +3.076092591e+00 +3.076092591e+00 +3.086092591e+00 +3.086092591e+00 -1.9002e+00 -2.7686e+00 +1.0969e+00 +1.6827e+00 -1.0426e+00 +2.7479e+00 -2.0527e+00 +2.5093e+00 -7.3839e-01 +2.6517e+00 +4.5251e+00 -2.6722e+00 +1.7845e-01 +6.3441e-01 -2.8964e+00 -9.3414e-01 +4.0495e-01 +3.4808e+00 +4.9999e+00 -2.3398e+00
470 0 +2.990985415e+00 +2.990985415e+00 +3.000985415e+00 +3.000985415e+00 -1.9003e+00 -2.7688e+00 +1.0967e+00 +1.6827e+00 -1.0425e+00 +2.7479e+00 -2.0526e+00 +2.5091e+00 -7.3863e-01 +2.6475e+00 +4.5258e+00 -2.6722e+00 +1.7874e-01 +6.3295e-01 -2.8963e+00 -9.3408e-01 +4.0488e-01 +3.4810e+00 +4.9999e+00 -2.3397e+00
474 0 +2.837521140e+00 +2.837521140e+00 +2.847521140e+00 +2.847521140e+00 -1.9002e+00 -2.7684e+00 +1.0960e+00 +1.6827e+00 -1.0426e+00 +2.7479e+00 -2.0505e+00 +2.5100e+00 -7.3731e-01 +2.6540e+00 +4.5236e+00 -2.6721e+00 +1.7856e-01 +6.3060e-01 -2.8960e+00 -9.3416e-01 +4.0496e-01 +3.4808e+00 +4.9999e+00 -2.3391e+00
481 0 +2.737597227e+00 +2.737597227e+00 +2.747597227e+00 +2.747597227e+00 -1.9002e+00 -2.7684e+00 +1.0957e+00 +1.6827e+00 -1.0440e+00 +2.7479e+00 -2.0533e+00 +2.5093e+00 -7.3725e-01 +2.6493e+00 +4.5239e+00 -2.6722e+00 +1.7150e-01 +6.3290e-01 -2.8964e+00 -9.3410e-01 +4.0414e-01 +3.4808e+00 +4.9999e+00 -2.3391e+00
492 0 +2.669554237e+00 +2.669554237e+00 +2.679554237e+00 +2.679554237e+00 -1.9002e+00 -2.7674e+00 +1.0954e+00 +1.6827e+00 -1.0428e+00 +2.7479e+00 -2.0526e+00 +2.5099e+00 -7.3949e-01 +2.6500e+00 +4.5264e+00 -2.6722e+00 +1.7847e-01 +6.3333e-01 -2.8957e+00 -9.3403e-01 +4.0497e-01 +3.4808e+00 +4.9999e+00 -2.3385e+00
503 0 +2.525475681e+00 +2.525475681e+00 +2.535475681e+00 +2.535475681e+00 -1.9002e+00 -2.7683e+00 +1.0964e+00 +1.6827e+00 -1.0426e+00 +2.7479e+00 -2.0517e+00 +2.5094e+00 -7.3738e-01 +2.6507e+00 +4.5253e+00 -2.6723e+00 +1.7874e-01 +6.3736e-01 -2.8963e+00 -9.3413e-01 +4.0493e-01 +3.4808e+00 +4.9999e+00 -2.3397e+00
522 0 +2.455108735e+00 +2.455108735e+00 +2.465108735e+00 +2.465108735e+00 -1.9002e+00 -2.7686e+00 +1.0964e+00 +1.6827e+00 -1.0426e+00 +2.7479e+00 -2.0521e+00 +2.5094e+00 -7.3780e-01 +2.6501e+00 +4.5249e+00 -2.6722e+00 +1.7873e-01 +6.3805e-01 -2.8963e+00 -9.3413e-01 +4.0492e-01 +3.4808e+00 +4.9999e+00 -2.3397e+00
535 0 +2.389551376e+00 +2.389551376e+00 +2.399551376e+00 +2.399551376e+00 -1.9002e+00 -2.7683e+00 +1.0962e+00 +1.6827e+00 -1.0423e+00 +2.7479e+00 -2.0516e+00 +2.5096e+00 -7.3695e-01 +2.6496e+00 +4.5253e+00 -2.6724e+00 +1.7867e-01 +6.3739e-01 -2.8963e+00 -9.3412e-01 +4.0490e-01 +3.4808e+00 +4.9999e+00 -2.3394e+00
537 0 +2.332786363e+00 +2.332786363e+00 +2.342786363e+00 +2.342786363e+00 -1.9002e+00 -2.7680e+00 +1.0963e+00 +1.6827e+00 -1.0428e+00 +2.7479e+00 -2.0512e+00 +2.5094e+00 -7.3599e-01 +2.6495e+00 +4.5251e+00 -2.6729e+00 +1.7867e-01 +6.3597e-01 -2.8963e+00 -9.3413e-01 +4.0495e-01 +3.4807e+00 +4.9999e+00 -2.3397e+00
600 0 +2.280529003e+00 +2.280529003e+00 +2.290529003e+00 +2.290529003e+00 -1.9002e+00 -2.7684e+00 +1.0973e+00 +1.6827e+00 -1.0426e+00 +2.7479e+00 -2.0491e+00 +2.5094e+00 -7.3737e-01 +2.6501e+00 +4.5251e+00 -2.6721e+00 +1.7871e-01 +6.3743e-01 -2.8963e+00 -9.3403e-01 +4.0503e-01 +3.4808e+00 +4.9999e+00 -2.3398e+00
729 0 +2.238138493e+00 +2.238138493e+00 +2.248138493e+00 +2.248138493e+00 -1.9002e+00 -2.7684e+00 +1.0972e+00 +1.6827e+00 -1.0426e+00 +2.7479e+00 -2.0495e+00 +2.5094e+00 -7.3728e-01 +2.6500e+00 +4.5252e+00 -2.6721e+00 +1.7872e-01 +6.3743e-01 -2.8963e+00 -9.3401e-01 +4.0498e-01 +3.4809e+00 +4.9999e+00 -2.3397e+00
% f evaluations | g evaluations | best noise-free fitness - Fopt | noise-free fitness - Fopt (-1.306100000000e+02) | measured fitness | best measured fitness | x1 | x2...
1 0 +2.186575940e+01 +2.186575940e+01 -1.087442406e+02 -1.087442406e+02 +3.7260e+00 +4.4282e+00 -4.4011e+00 -4.3126e+00 -3.8696e+00 +1.8281e-01 +1.7210e+00 +3.8420e+00 -1.0223e+00 -4.6043e+00 +2.4231e+00 -5.4512e-01 +1.3299e+00 -2.9986e+00 +2.8038e+00 -4.8388e-01 +4.7435e+00 +3.1810e+00 -4.7243e+00 +1.5799e+00
2 0 +1.058002128e+01 +1.058002128e+01 -1.200299787e+02 -1.200299787e+02 -4.9885e-02 +4.4916e+00 -4.7760e+00 -2.7938e+00 -2.3085e+00 +2.7675e+00 +2.0639e+00 +2.4490e-01 +3.6867e+00 +2.5391e+00 +2.1006e+00 -3.1925e+00 +1.6714e+00 -1.1626e+00 +4.2359e+00 +2.2066e+00 -1.0939e+00 +1.1262e+00 +4.1433e+00 +1.0441e+00
21 0 +5.931138938e+00 +5.931138938e+00 -1.246788611e+02 -1.246788611e+02 -4.6357e+00 -4.5049e+00 -4.0575e-01 -2.4920e+00 -4.5564e-01 +4.3049e+00 -4.8295e+00 -2.6025e+00 +2.1784e+00 +3.8816e-01 -1.4869e+00 -3.3739e+00 +4.5205e-01 -3.5361e+00 +3.0294e+00 +3.3486e+00 +4.5124e-01 +3.7868e+00 -8.9359e-01 -4.6314e+00
54 0 +5.656163965e+00 +5.656163965e+00 -1.249538360e+02 -1.249538360e+02 +1.6906e+00 -4.2412e+00 -3.6776e-01 -2.4850e+00 -4.7291e-01 +3.7336e+00 -3.9548e+00 -5.0000e+00 +2.1266e+00 -1.4390e+00 -2.1111e+00 -5.0000e+00 +9.9474e-01 -5.0000e+00 +2.6678e+00 +2.9501e+00 +4.0229e-01 +4.4189e+00 +2.8499e-01 -4.6415e+00
272 0 +5.548960193e+00 +5.548960193e+00 -1.250610398e+02 -1.250610398e+02 +1.6907e+00 -4.2435e+00 -3.6574e-01 -2.4850e+00 -4.7238e-01 +3.7339e+00 -3.9566e+00 -5.0000e+00 +2.1266e+00 -1.5014e+00 -2.1112e+00 -5.0000e+00 +9.8885e-01 -5.0000e+00 +2.6676e+00 +2.9501e+00 +4.0293e-01 +4.4078e+00 +2.7064e-01 -4.6421e+00
322 0 +4.591538133e+00 +4.591538133e+00 -1.260184619e+02 -1.260184619e+02 +1.6918e+00 -4.2440e+00 -3.6523e-01 -2.4840e+00 -4.7274e-01 +3.6866e+00 -3.9580e+00 -5.0000e+00 +2.1270e+00 -1.5422e+00 -2.1173e+00 -5.0000e+00 +9.8589e-01 -5.0000e+00 +2.6712e+00 +2.9545e+00 +3.7729e-01 +4.4066e+00 +2.6926e-01 -4.6419e+00
370 0 +4.545230089e+00 +4.545230089e+00 -1.260647699e+02 -1.260647699e+02 +1.6906e+00 -4.2433e+00 -3.6483e-01 -2.4840e+00 -4.7273e-01 +3.6939e+00 -3.9584e+00 -5.0000e+00 +2.1253e+00 -1.5448e+00 -2.1174e+00 -5.0000e+00 +9.8552e-01 -5.0000e+00 +2.6685e+00 +2.9535e+00 +3.7399e-01 +4.4056e+00 +2.7054e-01 -4.6418e+00
382 0 +3.784969026e+00 +3.784969026e+00 -1.268250310e+02 -1.268250310e+02 +1.7414e+00 -4.2410e+00 -3.6216e-01 -2.4833e+00 -4.7280e-01 +3.6828e+00 -3.9604e+00 -5.0000e+00 +2.1270e+00 -1.5287e+00 -2.1168e+00 -5.0000e+00 +9.8659e-01 -5.0000e+00 +2.6715e+00 +2.9533e+00 +3.7692e-01 +4.4071e+00 +2.6513e-01 -4.6419e+00
416 0 +3.484208931e+00 +3.484208931e+00 -1.271257911e+02 -1.271257911e+02 +1.7595e+00 -4.2434e+00 -3.6216e-01 -2.4830e+00 -4.7273e-01 +3.6788e+00 -3.9613e+00 -5.0000e+00 +2.1270e+00 -1.5355e+00 -2.1175e+00 -5.0000e+00 +9.8642e-01 -5.0000e+00 +2.6731e+00 +2.9499e+00 +3.7690e-01 +4.4073e+00 +2.6102e-01 -4.6420e+00
426 0 +3.260482719e+00 +3.260482719e+00 -1.273495173e+02 -1.273495173e+02 +1.7370e+00 -4.2417e+00 -3.6205e-01 -2.4832e+00 -4.7283e-01 +3.6827e+00 -3.9601e+00 -5.0000e+00 +2.1270e+00 -1.5382e+00 -2.1169e+00 -5.0000e+00 +9.8606e-01 -5.0000e+00 +2.6716e+00 +2.9524e+00 +3.7708e-01 +4.4071e+00 +2.6365e-01 -4.6419e+00
438 0 +2.474121223e+00 +2.474121223e+00 -1.281358788e+02 -1.281358788e+02 +1.7483e+00 -4.2430e+00 -3.6140e-01 -2.4821e+00 -4.7283e-01 +3.6824e+00 -3.9604e+00 -5.0000e+00 +2.1269e+00 -1.5427e+00 -2.1171e+00 -5.0000e+00 +9.8628e-01 -5.0000e+00 +2.6709e+00 +2.9541e+00 +3.7769e-01 +4.4067e+00 +2.6123e-01 -4.6419e+00
478 0 +2.395071736e+00 +2.395071736e+00 -1.282149283e+02 -1.282149283e+02 +1.7500e+00 -4.2428e+00 -3.6171e-01 -2.4817e+00 -4.7283e-01 +3.6824e+00 -3.9603e+00 -5.0000e+00 +2.1269e+00 -1.5416e+00 -2.1171e+00 -5.0000e+00 +9.8629e-01 -5.0000e+00 +2.6704e+00 +2.9527e+00 +3.7784e-01 +4.4066e+00 +2.6213e-01 -4.6419e+00
526 0 +2.161871300e+00 +2.161871300e+00 -1.284481287e+02 -1.284481287e+02 +1.7426e+00 -4.2405e+00 -3.6104e-01 -2.4820e+00 -4.7284e-01 +3.6886e+00 -3.9600e+00 -5.0000e+00 +2.1269e+00 -1.5420e+00 -2.1169e+00 -5.0000e+00 +9.8635e-01 -5.0000e+00 +2.6712e+00 +2.9538e+00 +3.7743e-01 +4.4065e+00 +2.6055e-01 -4.6419e+00
557 0 +2.024804629e+00 +2.024804629e+00 -1.285851954e+02 -1.285851954e+02 +1.7434e+00 -4.2388e+00 -3.6096e-01 -2.4818e+00 -4.7283e-01 +3.6926e+00 -3.9600e+00 -5.0000e+00 +2.1269e+00 -1.5416e+00 -2.1170e+00 -5.0000e+00 +9.8642e-01 -5.0000e+00 +2.6712e+00 +2.9540e+00 +3.7759e-01 +4.4068e+00 +2.5931e-01 -4.6419e+00
641 0 +1.992389351e+00 +1.992389351e+00 -1.286176106e+02 -1.286176106e+02 +1.7435e+00 -4.2396e+00 -3.6096e-01 -2.4818e+00 -4.7278e-01 +3.6924e+00 -3.9599e+00 -5.0000e+00 +2.1269e+00 -1.5417e+00 -2.1167e+00 -5.0000e+00 +9.8641e-01 -5.0000e+00 +2.6711e+00 +2.9540e+00 +3.7734e-01 +4.4068e+00 +2.5949e-01 -4.6419e+00
695 0 +1.938490512e+00 +1.938490512e+00 -1.286715095e+02 -1.286715095e+02 +1.7436e+00 -4.2396e+00 -3.6096e-01 -2.4818e+00 -4.7277e-01 +3.6920e+00 -3.9599e+00 -5.0000e+00 +2.1269e+00 -1.5418e+00 -2.1166e+00 -5.0000e+00 +9.8641e-01 -5.0000e+00 +2.6711e+00 +2.9539e+00 +3.7736e-01 +4.4068e+00 +2.5949e-01 -4.6419e+00
% f evaluations | g evaluations | best noise-free fitness - Fopt | noise-free fitness - Fopt (-2.231200000000e+02) | measured fitness | best measured fitness | x1 | x2...
1 0 +2.093846852e+01 +2.093846852e+01 -2.021815315e+02 -2.021815315e+02 -7.9236e-01 -4.5709e+00 +4.9588e+00 +2.2245e-01 +1.3061e+00 +2.4511e+00 -4.1419e+00 +5.6384e-02 -4.3097e+00 +2.1795e+00 +1.8899e+00 -4.6547e+00 -2.2914e+00 -1.5511e+00 +1.2191e+00 -5.5297e-01 -1.9943e+00 -7.7861e-01 -1.0336e+00 +1.0998e+00
3 0 +9.374090793e+00 +9.374090793e+00 -2.137459092e+02 -2.137459092e+02 -4.8687e+00 -4.6994e+00 +4.9448e+00 -2.6866e+00 -2.3832e+00 +3.9865e+00 +3.9871e+00 -7.3427e-01 -4.3428e+00 -1.0841e+00 +1.6091e+00 +4.4018e+00 +7.7096e-01 +2.6796e+00 +4.0392e+00 +4.4317e+00 -2.3010e+00 -4.6152e+00 +1.0607e+00 -1.0192e-01
13 0 +6.096736079e+00 +6.096736079e+00 -2.170232639e+02 -2.170232639e+02 -3.4623e-01 -4.7412e+00 -2.8724e+00 -7.6563e-01 +4.8365e+00 -2.6905e+00 +2.4660e+00 +1.2422e+00 -4.3652e+00 +3.2467e+00 -1.7538e+00 +6.6802e-02 -1.8744e+00 +1.2329e+00 +4.1478e+00 -4.0879e+00 +3.4219e+00 +4.5646e+00 -8.3070e-01 -3.7023e+00
47 0 +5.671143523e+00 +5.671143523e+00 -2.174488565e+02 -2.174488565e+02 -3.0752e+00 +2.9763e+00 +4.8431e+00 +3.7522e+00 +4.4658e+00 +4.1590e-02 +3.0092e+00 +1.4373e+00 +4.6341e+00 -4.2255e+00 +4.8506e+00 -1.0776e+00 -7.6959e-01 -2.3994e+00 -3.4404e+00 -3.7122e+00 -1.5073e+00 +1.4963e+00 +9.9086e-01 +7.4364e-01
225 0 +4.966233736e+00 +4.966233736e+00 -2.181537663e+02 -2.181537663e+02 -3.0718e+00 +2.8151e+00 +4.8379e+00 +3.7413e+00 +4.4997e+00 +3.9996e-02 +3.0101e+00 +1.4366e+00 +4.6341e+00 -4.2832e+00 +4.8458e+00 -1.0779e+00 -7.7116e-01 -2.4090e+00 -3.4208e+00 -3.7283e+00 -1.5074e+00 +1.5116e+00 +9.9544e-01 +7.7902e-01
255 0 +4.504952596e+00 +4.504952596e+00 -2.186150474e+02 -2.186150474e+02 -3.0749e+00 +2.9762e+00 +4.8295e+00 +3.8570e+00 +4.5097e+00 +4.1184e-02 +3.0107e+00 +1.4247e+00 +4.6340e+00 -4.2802e+00 +4.9570e+00 -1.0731e+00 -7.6538e-01 -2.4035e+00 -3.4406e+00 -3.7119e+00 -1.5035e+00 +1.4991e+00 +9.9012e-01 +7.6876e-01
291 0 +4.304602013e+00 +4.304602013e+00 -2.188153980e+02 -2.188153980e+02 -3.0965e+00 +2.9761e+00 +4.8255e+00 +3.8633e+00 +4.4889e+00 +4.1892e-02 +3.0114e+00 +1.4224e+00 +4.6339e+00 -4.2894e+00 +5.0000e+00 -1.0704e+00 -7.6451e-01 -2.4061e+00 -3.4406e+00 -3.7146e+00 -1.5089e+00 +1.5074e+00 +9.9003e-01 +7.5965e-01
298 0 +4.145308369e+00 +4.145308369e+00 -2.189746916e+02 -2.189746916e+02 -3.0716e+00 +2.9804e+00 +4.8358e+00 +3.8382e+00 +4.5320e+00 +4.1126e-02 +3.0108e+00 +1.4203e+00 +4.6284e+00 -4.2609e+00 +4.9745e+00 -1.0725e+00 -7.6213e-01 -2.4003e+00 -3.4407e+00 -3.7048e+00 -1.4957e+00 +1.4989e+00 +9.8713e-01 +7.5891e-01
311 0 +2.273740746e+00 +2.273740746e+00 -2.208462593e+02 -2.208462593e+02 -3.0705e+00 +2.9822e+00 +4.8372e+00 +3.8434e+00 +4.5524e+00 +4.0891e-02 +3.0095e+00 +1.4202e+00 +4.6308e+00 -4.2596e+00 +4.9898e+00 -1.0737e+00 -7.6316e-01 -2.4005e+00 -3.4376e+00 -3.7042e+00 -1.4966e+00 +1.4985e+00 +9.8634e-01 +7.6026e-01
365 0 +2.166265267e+00 +2.166265267e+00 -2.209537347e+02 -2.209537347e+02 -3.0731e+00 +2.9806e+00 +4.8351e+00 +3.8634e+00 +4.5312e+00 +4.1299e-02 +3.0113e+00 +1.4318e+00 +4.6292e+00 -4.2532e+00 +4.9743e+00 -1.0724e+00 -7.6120e-01 -2.4005e+00 -3.4436e+00 -3.7004e+00 -1.4948e+00 +1.4983e+00 +9.8715e-01 +7.5446e-01
372 0 +1.933723341e+00 +1.933723341e+00 -2.211862767e+02 -2.211862767e+02 -3.0714e+00 +2.9801e+00 +4.8349e+00 +3.8514e+00 +4.5489e+00 +4.0263e-02 +3.0107e+00 +1.4452e+00 +4.6300e+00 -4.2575e+00 +4.9755e+00 -1.0721e+00 -7.6153e-01 -2.4011e+00 -3.4430e+00 -3.7000e+00 -1.4840e+00 +1.4987e+00 +9.8655e-01 +7.5717e-01
379 0 +1.745453691e+00 +1.745453691e+00 -2.213745463e+02 -2.213745463e+02 -3.0715e+00 +2.9791e+00 +4.8344e+00 +3.8727e+00 +4.5406e+00 +4.5327e-02 +3.0108e+00 +1.4336e+00 +4.6276e+00 -4.2526e+00 +4.9778e+00 -1.0721e+00 -7.6125e-01 -2.3994e+00 -3.4414e+00 -3.6994e+00 -1.4881e+00 +1.4981e+00 +9.8747e-01 +7.5549e-01
391 0 +1.579966394e+00 +1.579966394e+00 -2.215400336e+02 -2.215400336e+02 -3.0743e+00 +2.9800e+00 +4.8337e+00 +3.8713e+00 +4.5364e+00 +4.1476e-02 +3.0108e+00 +1.4409e+00 +4.6268e+00 -4.2570e+00 +4.9743e+00 -1.0725e+00 -7.6171e-01 -2.4015e+00 -3.4423e+00 -3.7023e+00 -1.4919e+00 +1.4981e+00 +9.8750e-01 +7.5571e-01
500 0 +1.536199746e+00 +1.536199746e+00 -2.215838003e+02 -2.215838003e+02 -3.0743e+00 +2.9800e+00 +4.8339e+00 +3.8720e+00 +4.5363e+00 +4.1324e-02 +3.0108e+00 +1.4414e+00 +4.6268e+00 -4.2567e+00 +4.9743e+00 -1.0729e+00 -7.6157e-01 -2.4011e+00 -3.4423e+00 -3.7023e+00 -1.4919e+00 +1.4981e+00 +9.8754e-01 +7.5576e-01
534 0 +1.501122891e+00 +1.501122891e+00 -2.216188771e+02 -2.216188771e+02 -3.0743e+00 +2.9800e+00 +4.8338e+00 +3.8718e+00 +4.5363e+00 +4.1298e-02 +3.0105e+00 +1.4415e+00 +4.6267e+00 -4.2565e+00 +4.9743e+00 -1.0728e+00 -7.6151e-01 -2.4012e+00 -3.4423e+00 -3.7023e+00 -1.4919e+00 +1.4981e+00 +9.8753e-01 +7.5577e-01
559 0 +1.478314258e+00 +1.478314258e+00 -2.216416857e+02 -2.216416857e+02 -3.0743e+00 +2.9803e+00 +4.8339e+00 +3.8720e+00 +4.5363e+00 +4.1443e-02 +3.0108e+00 +1.4414e+00 +4.6268e+00 -4.2562e+00 +4.9743e+00 -1.0730e+00 -7.6160e-01 -2.4010e+00 -3.4423e+00 -3.7024e+00 -1.4921e+00 +1.4980e+00 +9.8754e-01 +7.5576e-01
623 0 +1.440051786e+00 +1.440051786e+00 -2.216799482e+02 -2.216799482e+02 -3.0743e+00 +2.9804e+00 +4.8339e+00 +3.8720e+00 +4.5363e+00 +4.1346e-02 +3.0108e+00 +1.4415e+00 +4.6268e+00 -4.2559e+00 +4.9743e+00 -1.0730e+00 -7.6172e-01 -2.4009e+00 -3.4423e+00 -3.7023e+00 -1.4921e+00 +1.4980e+00 +9.8762e-01 +7.5556e-01
653 0 +1.402852003e+00 +1.402852003e+00 -2.217171480e+02 -2.217171480e+02 -3.0743e+00 +2.9804e+00 +4.8339e+00 +3.8719e+00 +4.5363e+00 +4.1335e-02 +3.0108e+00 +1.4415e+00 +4.6268e+00 -4.2559e+00 +4.9743e+00 -1.0732e+00 -7.6161e-01 -2.4008e+00 -3.4423e+00 -3.7023e+00 -1.4921e+00 +1.4980e+00 +9.8762e-01 +7.5549e-01
729 0 +1.377837071e+00 +1.377837071e+00 -2.217421629e+02 -2.217421629e+02 -3.0743e+00 +2.9804e+00 +4.8339e+00 +3.8719e+00 +4.5363e+00 +4.1340e-02 +3.0108e+00 +1.4415e+00 +4.6268e+00 -4.2559e+00 +4.9743e+00 -1.0732e+00 -7.6162e-01 -2.4008e+00 -3.4423e+00 -3.7023e+00 -1.4921e+00 +1.4981e+00 +9.8759e-01 +7.5549e-01
842 0 +1.347770865e+00 +1.347770865e+00 -2.217722291e+02 -2.217722291e+02 -3.0743e+00 +2.9804e+00 +4.8339e+00 +3.8719e+00 +4.5363e+00 +4.1338e-02 +3.0108e+00 +1.4415e+00 +4.6268e+00 -4.2555e+00 +4.9743e+00 -1.0733e+00 -7.6162e-01 -2.4007e+00 -3.4423e+00 -3.7023e+00 -1.4921e+00 +1.4980e+00 +9.8760e-01 +7.5550e-01
% f evaluations | g evaluations | best noise-free fitness - Fopt | noise-free fitness - Fopt (-4.443000000000e+01) | measured fitness | best measured fitness | x1 | x2...
1 0 +1.425228139e+01 +1.425228139e+01 -3.017771861e+01 -3.017771861e+01 +1.8709e+00 +3.7396e+00 -2.6423e+00 +4.9623e+00 -1.7552e+00 +4.1173e-01 +2.6787e+00 -4.0587e+00 -3.2460e-01 -8.0026e-01 +4.7227e+00 -4.6597e+00 +5.3035e-01 +3.1704e+00 -3.8872e+00 -4.4054e+00 -6.0967e-01 +2.4973e+00 -2.5471e+00 -4.5506e+00
4 0 +6.338592009e+00 +6.338592009e+00 -3.809140799e+01 -3.809140799e+01 -3.5868e-01 -2.7838e+00 +2.1780e-01 -2.4248e+00 -1.3239e+00 +4.9231e+00 -4.2547e+00 -1.3251e+00 -2.1132e+00 -7.0804e-01 +1.1241e+00 +4.6992e+00 +4.9819e+00 +4.4321e+00 -3.2998e+00 +4.4364e+00 +1.0613e+00 +6.2842e-01 -1.3268e+00 -2.8348e+00
25 0 +5.854641042e+00 +5.854641042e+00 -3.857535896e+01 -3.857535896e+01 -2.5414e+00 -4.5275e+00 -2.3946e+00 +4.1963e+00 +9.8134e-01 -7.8710e-01 -3.6136e+00 +5.9520e-01 -5.8481e-01 +3.1498e+00 +1.8182e+00 -3.0154e+00 +4.4779e+00 +1.7177e+00 +4.4173e+00 -4.4488e+00 +3.9537e+00 +2.9902e+00 -1.7972e+00 -4.3862e+00
219 0 +5.228047954e+00 +5.228047954e+00 -3.920195205e+01 -3.920195205e+01 -2.6237e+00 -4.5350e+00 -2.3898e+00 +4.1956e+00 +7.8484e-01 -7.8824e-01 -3.6064e+00 +5.9526e-01 -5.7927e-01 +3.0780e+00 +1.8181e+00 -3.0152e+00 +4.4775e+00 +1.6559e+00 +4.6019e+00 -4.4433e+00 +3.9914e+00 +2.9880e+00 -1.7968e+00 -4.4317e+00
312 0 +3.629743917e+00 +3.629743917e+00 -4.080025608e+01 -4.080025608e+01 -2.7034e+00 -4.5364e+00 -2.3894e+00 +4.1953e+00 +8.6732e-01 -7.8841e-01 -3.6072e+00 +6.0453e-01 -5.8191e-01 +3.0890e+00 +1.7872e+00 -3.0152e+00 +4.4653e+00 +1.6678e+00 +4.6099e+00 -4.4441e+00 +3.9841e+00 +2.9836e+00 -1.7971e+00 -4.4226e+00
339 0 +3.426778200e+00 +3.426778200e+00 -4.100322180e+01 -4.100322180e+01 -2.6616e+00 -4.5366e+00 -2.3894e+00 +4.1963e+00 +8.3725e-01 -7.8592e-01 -3.6072e+00 +5.9973e-01 -5.8058e-01 +3.0907e+00 +1.8156e+00 -3.0157e+00 +4.4776e+00 +1.6971e+00 +4.6605e+00 -4.4447e+00 +3.9899e+00 +2.9849e+00 -1.8130e+00 -4.4155e+00
364 0 +2.819373190e+00 +2.819373190e+00 -4.161062681e+01 -4.161062681e+01 -2.6867e+00 -4.5367e+00 -2.3894e+00 +4.1967e+00 +8.5597e-01 -7.8524e-01 -3.6072e+00 +5.9725e-01 -5.7975e-01 +3.0909e+00 +1.7953e+00 -3.0157e+00 +4.4820e+00 +1.6702e+00 +4.6515e+00 -4.4451e+00 +3.9869e+00 +2.9850e+00 -1.8116e+00 -4.4203e+00
478 0 +2.648686811e+00 +2.648686811e+00 -4.178131319e+01 -4.178131319e+01 -2.6881e+00 -4.5367e+00 -2.3894e+00 +4.1967e+00 +8.5746e-01 -7.8525e-01 -3.6072e+00 +5.9751e-01 -5.7974e-01 +3.0904e+00 +1.7952e+00 -3.0149e+00 +4.4826e+00 +1.6735e+00 +4.6521e+00 -4.4451e+00 +3.9869e+00 +2.9857e+00 -1.8116e+00 -4.4203e+00
501 0 +2.162501949e+00 +2.162501949e+00 -4.226749805e+01 -4.226749805e+01 -2.6763e+00 -4.5367e+00 -2.3894e+00 +4.1966e+00 +8.5557e-01 -7.8538e-01 -3.6072e+00 +5.9724e-01 -5.7976e-01 +3.0909e+00 +1.7945e+00 -3.0157e+00 +4.4812e+00 +1.6721e+00 +4.6522e+00 -4.4451e+00 +3.9851e+00 +2.9850e+00 -1.8115e+00 -4.4197e+00
529 0 +1.964145678e+00 +1.964145678e+00 -4.246585432e+01 -4.246585432e+01 -2.6791e+00 -4.5367e+00 -2.3894e+00 +4.1966e+00 +8.5396e-01 -7.8577e-01 -3.6072e+00 +5.9736e-01 -5.7977e-01 +3.0910e+00 +1.7943e+00 -3.0156e+00 +4.4810e+00 +1.6721e+00 +4.6525e+00 -4.4451e+00 +3.9844e+00 +2.9850e+00 -1.8115e+00 -4.4184e+00
676 0 +1.946693216e+00 +1.946693216e+00 -4.248330678e+01 -4.248330678e+01 -2.6795e+00 -4.5367e+00 -2.3894e+00 +4.1966e+00 +8.5421e-01 -7.8567e-01 -3.6072e+00 +5.9745e-01 -5.7976e-01 +3.0911e+00 +1.7947e+00 -3.0156e+00 +4.4810e+00 +1.6721e+00 +4.6524e+00 -4.4451e+00 +3.9844e+00 +2.9850e+00 -1.8114e+00 -4.4185e+00
% f evaluations | g evaluations | best noise-free fitness - Fopt | noise-free fitness - Fopt (2.557800000000e+02) | measured fitness | best measured fitness | x1 | x2...
1 0 +1.627735108e+01 +1.627735108e+01 +2.720573511e+02 +2.720573511e+02 -3.7400e-01 -1.0404e+00 -2.5619e+00 +2.6216e+00 -4.4571e-01 -2.4484e+00 +4.6277e+00 +3.1908e-01 -6.7205e-02 -2.5071e+00 -1.1508e+00 +4.4284e+00 +3.1915e+00 -1.7458e+00 -1.3840e+00 -4.0889e+00 +4.4882e+00 -2.9468e-01 +4.8651e+00 -1.3185e+00
3 0 +1.497858675e+01 +1.497858675e+01 +2.707585867e+02 +2.707585867e+02 +2.1448e+00 +3.6248e+00 +3.1947e+00 -4.0412e+00 +4.9826e+00 +1.4814e+00 -3.3064e+00 +2.1893e+00 -4.7811e+00 +2.9648e+00 +9.0620e-01 -1.6741e+00 -2.5375e+00 -4.5557e+00 -4.9306e+00 +2.9513e+00 -4.3914e+00 +8.9176e-01 -1.0093e+00 -7.8284e-01
4 0 +1.194568429e+01 +1.194568429e+01 +2.677256843e+02 +2.677256843e+02 -9.7451e-01 -4.7236e+00 +4.4175e+00 -1.0796e-01 -1.0709e+00 -9.6435e-01 -4.9882e+00 -4.1325e+00 +4.4018e+00 +2.4518e+00 +1.8113e+00 -4.6092e+00 -2.1964e+00 -3.3604e+00 +1.2975e+00 -3.9702e-01 +2.3185e+00 -2.8052e+00 +4.5067e+00 +3.0851e+00
14 0 +6.762197469e+00 +6.762197469e+00 +2.625421975e+02 +2.625421975e+02 -4.9169e+00 -3.9392e+00 -2.9765e+00 +4.8942e+00 +2.2238e+00 -1.2620e-01 -6.9260e-01 +4.3602e+00 -1.0968e+00 -2.3560e+00 +2.0110e+00 -1.7084e+00 -1.6747e+00 +2.5866e+00 +1.5814e+00 +4.9058e-01 +2.7733e+00 -1.6599e+00 -1.2024e+00 +4.2298e+00
47 0 +4.946635625e+00 +4.946635625e+00 +2.607266356e+02 +2.607266356e+02 +3.6866e+00 +3.7255e+00 +3.5556e+00 -3.5803e+00 +4.2659e+00 -4.9085e+00 -4.1914e+00 +3.6398e+00 -2.8272e+00 -3.8918e+00 -2.2740e+00 -4.6128e+00 +2.9316e+00 -2.5877e+00 +2.3204e+00 +1.1801e+00 -9.2766e-01 -2.4017e+00 -9.9179e-01 +1.2095e+00
214 0 +3.744085126e+00 +3.744085126e+00 +2.595240851e+02 +2.595240851e+02 +3.6747e+00 +3.6936e+00 +3.5667e+00 -3.5788e+00 +4.2511e+00 -4.9043e+00 -4.1913e+00 +3.5921e+00 -2.8271e+00 -3.9087e+00 -2.2490e+00 -4.6050e+00 +2.9131e+00 -2.5886e+00 +2.1826e+00 +1.1792e+00 -8.9907e-01 -2.4017e+00 -1.0207e+00 +1.2095e+00
348 0 +3.160572467e+00 +3.160572467e+00 +2.589405725e+02 +2.589405725e+02 +3.6778e+00 +3.6909e+00 +3.5669e+00 -3.5796e+00 +4.2523e+00 -4.9042e+00 -4.1914e+00 +3.5749e+00 -2.8329e+00 -3.9043e+00 -2.2490e+00 -4.6049e+00 +2.9145e+00 -2.5871e+00 +2.1762e+00 +1.1790e+00 -8.9138e-01 -2.4018e+00 -1.0207e+00 +1.2105e+00
366 0 +3.077705813e+00 +3.077705813e+00 +2.588577058e+02 +2.588577058e+02 +3.6773e+00 +3.6900e+00 +3.5668e+00 -3.5799e+00 +4.2510e+00 -4.9043e+00 -4.1913e+00 +3.5832e+00 -2.8360e+00 -3.9044e+00 -2.2509e+00 -4.6049e+00 +2.9147e+00 -2.5857e+00 +2.1783e+00 +1.1790e+00 -8.9056e-01 -2.4018e+00 -1.0189e+00 +1.2101e+00
369 0 +2.806204520e+00 +2.806204520e+00 +2.585862045e+02 +2.585862045e+02 +3.6749e+00 +3.6876e+00 +3.5685e+00 -3.5801e+00 +4.2556e+00 -4.9041e+00 -4.1920e+00 +3.5816e+00 -2.8341e+00 -3.9003e+00 -2.2484e+00 -4.6049e+00 +2.9134e+00 -2.5880e+00 +2.1759e+00 +1.1791e+00 -8.8949e-01 -2.4020e+00 -1.0182e+00 +1.2110e+00
380 0 +2.585836268e+00 +2.585836268e+00 +2.583658363e+02 +2.583658363e+02 +3.6772e+00 +3.6899e+00 +3.5656e+00 -3.5799e+00 +4.2512e+00 -4.9049e+00 -4.1903e+00 +3.5859e+00 -2.8346e+00 -3.9058e+00 -2.2490e+00 -4.6052e+00 +2.9190e+00 -2.5873e+00 +2.1799e+00 +1.1790e+00 -8.8947e-01 -2.4017e+00 -1.0206e+00 +1.2116e+00
381 0 +2.290829058e+00 +2.290829058e+00 +2.580708291e+02 +2.580708291e+02 +3.6778e+00 +3.6831e+00 +3.5669e+00 -3.5795e+00 +4.2533e+00 -4.9043e+00 -4.1913e+00 +3.5757e+00 -2.8273e+00 -3.9063e+00 -2.2504e+00 -4.6055e+00 +2.9160e+00 -2.5871e+00 +2.1821e+00 +1.1795e+00 -8.8610e-01 -2.4018e+00 -1.0229e+00 +1.2107e+00
394 0 +2.048617574e+00 +2.048617574e+00 +2.578286176e+02 +2.578286176e+02 +3.6767e+00 +3.6911e+00 +3.5668e+00 -3.5789e+00 +4.2489e+00 -4.9045e+00 -4.1914e+00 +3.5844e+00 -2.8316e+00 -3.9055e+00 -2.2471e+00 -4.6048e+00 +2.9139e+00 -2.5874e+00 +2.1617e+00 +1.1789e+00 -8.8851e-01 -2.4020e+00 -1.0208e+00 +1.2107e+00
422 0 +1.963817119e+00 +1.963817119e+00 +2.577438171e+02 +2.577438171e+02 +3.6777e+00 +3.6911e+00 +3.5668e+00 -3.5793e+00 +4.2507e+00 -4.9045e+00 -4.1914e+00 +3.5792e+00 -2.8295e+00 -3.9054e+00 -2.2472e+00 -4.6047e+00 +2.9141e+00 -2.5872e+00 +2.1668e+00 +1.1789e+00 -8.8883e-01 -2.4022e+00 -1.0208e+00 +1.2103e+00
432 0 +1.744529867e+00 +1.744529867e+00 +2.575245299e+02 +2.575245299e+02 +3.6768e+00 +3.6907e+00 +3.5663e+00 -3.5793e+00 +4.2490e+00 -4.9045e+00 -4.1911e+00 +3.5849e+00 -2.8317e+00 -3.9054e+00 -2.2470e+00 -4.6049e+00 +2.9138e+00 -2.5875e+00 +2.1653e+00 +1.1789e+00 -8.8785e-01 -2.4019e+00 -1.0208e+00 +1.2112e+00
457 0 +1.691207862e+00 +1.691207862e+00 +2.574712079e+02 +2.574712079e+02 +3.6763e+00 +3.6913e+00 +3.5668e+00 -3.5789e+00 +4.2494e+00 -4.9046e+00 -4.1914e+00 +3.5841e+00 -2.8307e+00 -3.9039e+00 -2.2485e+00 -4.6043e+00 +2.9144e+00 -2.5877e+00 +2.1626e+00 +1.1789e+00 -8.8573e-01 -2.4022e+00 -1.0211e+00 +1.2108e+00
479 0 +1.636816529e+00 +1.636816529e+00 +2.574168165e+02 +2.574168165e+02 +3.6763e+00 +3.6912e+00 +3.5668e+00 -3.5789e+00 +4.2491e+00 -4.9046e+00 -4.1914e+00 +3.5835e+00 -2.8313e+00 -3.9036e+00 -2.2483e+00 -4.6040e+00 +2.9144e+00 -2.5877e+00 +2.1626e+00 +1.1791e+00 -8.8599e-01 -2.4022e+00 -1.0210e+00 +1.2108e+00
528 0 +1.615210355e+00 +1.615210355e+00 +2.573952104e+02 +2.573952104e+02 +3.6762e+00 +3.6911e+00 +3.5669e+00 -3.5788e+00 +4.2490e+00 -4.9046e+00 -4.1914e+00 +3.5831e+00 -2.8313e+00 -3.9037e+00 -2.2482e+00 -4.6038e+00 +2.9144e+00 -2.5876e+00 +2.1621e+00 +1.1791e+00 -8.8588e-01 -2.4021e+00 -1.0211e+00 +1.2108e+00
550 0 +1.574031406e+00 +1.574031406e+00 +2.573540314e+02 +2.573540314e+02 +3.6763e+00 +3.6912e+00 +3.5668e+00 -3.5789e+00 +4.2488e+00 -4.9046e+00 -4.1914e+00 +3.5835e+00 -2.8317e+00 -3.9035e+00 -2.2483e+00 -4.6039e+00 +2.9144e+00 -2.5877e+00 +2.1625e+00 +1.1791e+00 -8.8649e-01 -2.4022e+00 -1.0210e+00 +1.2108e+00
635 0 +1.547284197e+00 +1.547284197e+00 +2.573272842e+02 +2.573272842e+02 +3.6763e+00 +3.6912e+00 +3.5668e+00 -3.5789e+00 +4.2488e+00 -4.9046e+00 -4.1914e+00 +3.5835e+00 -2.8316e+00 -3.9035e+00 -2.2483e+00 -4.6037e+00 +2.9143e+00 -2.5877e+00 +2.1625e+00 +1.1790e+00 -8.8642e-01 -2.4022e+00 -1.0209e+00 +1.2108e+00
% f evaluations | g evaluations | best noise-free fitness - Fopt | noise-free fitness - Fopt (1.000000000000e+03) | measured fitness | best measured fitness | x1 | x2...
1 0 +2.621385041e+01 +2.621385041e+01 +1.026213850e+03 +1.026213850e+03 +1.7227e+00 -2.8441e+00 -2.7747e+00 -3.8412e+00 -1.5771e+00 +4.1053e+00 -2.7894e+00 +2.4024e+00 +2.1034e+00 -1.7221e+00 +5.7321e-01 +3.8913e+00 -4.3617e+00 +4.8623e+00 -1.7217e+00 +2.9552e+00 +1.4150e+00 +1.0633e+00 +1.8558e+00 +2.2548e+00
2 0 +4.883024827e+00 +4.883024827e+00 +1.004883025e+03 +1.004883025e+03 +1.6637e+00 -4.1700e+00 -3.8128e+00 +1.6293e+00 -3.4384e+00 +1.8952e+00 -7.1736e-01 +3.1040e+00 +2.5363e+00 +7.1229e-01 +1.9108e-01 +4.1137e+00 -3.2904e+00 -2.2415e+00 +3.7728e+00 +4.0896e+00 +2.2319e+00 +4.4153e+00 -4.8166e+00 +1.7616e+00
259 0 +4.712251258e+00 +4.712251258e+00 +1.004712251e+03 +1.004712251e+03 +1.6638e+00 -4.1684e+00 -3.8129e+00 +1.6293e+00 -3.4385e+00 +1.8952e+00 -7.1728e-01 +3.1037e+00 +2.5364e+00 +7.1012e-01 +1.9103e-01 +4.1137e+00 -3.2701e+00 -2.2414e+00 +3.7703e+00 +4.0897e+00 +2.2165e+00 +4.4129e+00 -4.8143e+00 +1.7616e+00
289 0 +4.529363365e+00 +4.529363365e+00 +1.004529363e+03 +1.004529363e+03 +1.6637e+00 -4.1720e+00 -3.8126e+00 +1.6297e+00 -3.4384e+00 +1.8950e+00 -7.0862e-01 +3.1040e+00 +2.5363e+00 +7.1229e-01 +2.5268e-01 +4.1137e+00 -3.2258e+00 -2.2592e+00 +3.7729e+00 +4.0898e+00 +2.2319e+00 +4.4153e+00 -4.8180e+00 +1.7634e+00
312 0 +4.306232324e+00 +4.306232324e+00 +1.004306232e+03 +1.004306232e+03 +1.6637e+00 -4.1723e+00 -3.8127e+00 +1.6298e+00 -3.4384e+00 +1.8950e+00 -7.0423e-01 +3.1040e+00 +2.5363e+00 +7.1229e-01 +2.6286e-01 +4.1137e+00 -3.1972e+00 -2.2531e+00 +3.7729e+00 +4.0897e+00 +2.2319e+00 +4.4154e+00 -4.8185e+00 +1.7625e+00
316 0 +3.795519913e+00 +3.795519913e+00 +1.003795520e+03 +1.003795520e+03 +1.6344e+00 -4.1712e+00 -3.8126e+00 +1.6299e+00 -3.4410e+00 +1.8951e+00 -7.2320e-01 +3.1046e+00 +2.5366e+00 +7.1214e-01 +2.4224e-01 +4.1133e+00 -3.2426e+00 -2.2503e+00 +3.7740e+00 +4.0897e+00 +2.2319e+00 +4.4262e+00 -4.8174e+00 +1.7637e+00
364 0 +3.632298500e+00 +3.632298500e+00 +1.003632299e+03 +1.003632299e+03 +1.6378e+00 -4.1714e+00 -3.8126e+00 +1.6299e+00 -3.4427e+00 +1.8951e+00 -7.2846e-01 +3.1046e+00 +2.5367e+00 +7.1214e-01 +2.4308e-01 +4.1130e+00 -3.2529e+00 -2.2502e+00 +3.7744e+00 +4.0897e+00 +2.2319e+00 +4.4272e+00 -4.8169e+00 +1.7647e+00
374 0 +2.964149911e+00 +2.964149911e+00 +1.002964150e+03 +1.002964150e+03 +1.6534e+00 -4.1719e+00 -3.8094e+00 +1.6287e+00 -3.4401e+00 +1.8955e+00 -7.1953e-01 +3.0965e+00 +2.5368e+00 +7.1209e-01 +2.4179e-01 +4.1133e+00 -3.2401e+00 -2.2551e+00 +3.7729e+00 +4.0897e+00 +2.2320e+00 +4.4294e+00 -4.8169e+00 +1.7638e+00
417 0 +2.729113371e+00 +2.729113371e+00 +1.002729113e+03 +1.002729113e+03 +1.6449e+00 -4.1720e+00 -3.8084e+00 +1.6292e+00 -3.4402e+00 +1.8955e+00 -7.1963e-01 +3.0957e+00 +2.5368e+00 +7.1231e-01 +2.4002e-01 +4.1131e+00 -3.2365e+00 -2.2574e+00 +3.7738e+00 +4.0897e+00 +2.2320e+00 +4.4294e+00 -4.8169e+00 +1.7638e+00
459 0 +2.260156021e+00 +2.260156021e+00 +1.002260156e+03 +1.002260156e+03 +1.6537e+00 -4.1705e+00 -3.8094e+00 +1.6287e+00 -3.4399e+00 +1.8955e+00 -7.2016e-01 +3.1008e+00 +2.5368e+00 +7.1228e-01 +2.3504e-01 +4.1133e+00 -3.2363e+00 -2.2560e+00 +3.7727e+00 +4.0897e+00 +2.2320e+00 +4.4269e+00 -4.8168e+00 +1.7639e+00
491 0 +2.149445151e+00 +2.149445151e+00 +1.002149445e+03 +1.002149445e+03 +1.6539e+00 -4.1703e+00 -3.8094e+00 +1.6287e+00 -3.4400e+00 +1.8955e+00 -7.2021e-01 +3.0994e+00 +2.5368e+00 +7.1237e-01 +2.3342e-01 +4.1133e+00 -3.2365e+00 -2.2574e+00 +3.7727e+00 +4.0898e+00 +2.2320e+00 +4.4267e+00 -4.8167e+00 +1.7639e+00
530 0 +2.111704835e+00 +2.111704835e+00 +1.002111705e+03 +1.002111705e+03 +1.6539e+00 -4.1697e+00 -3.8094e+00 +1.6287e+00 -3.4401e+00 +1.8955e+00 -7.2009e-01 +3.0994e+00 +2.5368e+00 +7.1244e-01 +2.3258e-01 +4.1133e+00 -3.2367e+00 -2.2572e+00 +3.7727e+00 +4.0898e+00 +2.2320e+00 +4.4275e+00 -4.8167e+00 +1.7639e+00
558 0 +2.088137958e+00 +2.088137958e+00 +1.002088138e+03 +1.002088138e+03 +1.6543e+00 -4.1705e+00 -3.8093e+00 +1.6288e+00 -3.4401e+00 +1.8957e+00 -7.2020e-01 +3.0998e+00 +2.5368e+00 +7.1232e-01 +2.3322e-01 +4.1133e+00 -3.2365e+00 -2.2572e+00 +3.7728e+00 +4.0898e+00 +2.2320e+00 +4.4266e+00 -4.8166e+00 +1.7639e+00
653 0 +2.034480000e+00 +2.034480000e+00 +1.002034480e+03 +1.002034480e+03 +1.6546e+00 -4.1705e+00 -3.8090e+00 +1.6287e+00 -3.4401e+00 +1.8956e+00 -7.2002e-01 +3.0997e+00 +2.5368e+00 +7.1237e-01 +2.3336e-01 +4.1132e+00 -3.2368e+00 -2.2575e+00 +3.7728e+00 +4.0898e+00 +2.2320e+00 +4.4267e+00 -4.8166e+00 +1.7639e+00
775 0 +1.994827714e+00 +1.994827714e+00 +1.001994828e+03 +1.001994828e+03 +1.6547e+00 -4.1705e+00 -3.8087e+00 +1.6287e+00 -3.4401e+00 +1.8956e+00 -7.1993e-01 +3.0997e+00 +2.5368e+00 +7.1234e-01 +2.3327e-01 +4.1132e+00 -3.2369e+00 -2.2575e+00 +3.7728e+00 +4.0898e+00 +2.2320e+00 +4.4267e+00 -4.8167e+00 +1.7639e+00
% f evaluations | g evaluations | best noise-free fitness - Fopt | noise-free fitness - Fopt (-1.869500000000e+02) | measured fitness | best measured fitness | x1 | x2...
1 0 +1.485064173e+01 +1.485064173e+01 -1.720993583e+02 -1.720993583e+02 -2.9926e+00 -4.6905e+00 +1.8364e+00 +6.6351e-01 +9.0693e-02 +1.3190e+00 +6.4827e-01 +4.8741e+00 +1.9627e+00 +1.5670e+00 -3.0615e+00 +1.4518e-01 +1.0327e+00 +2.3901e+00 -4.1013e+00 -2.8493e+00 +3.7399e+00 +2.5489e+00 -4.5824e+00 +1.3944e+00
8 0 +1.087407341e+01 +1.087407341e+01 -1.760759266e+02 -1.760759266e+02 -2.7954e+00 +4.4177e+00 -3.1619e+00 +1.2395e+00 -3.4294e+00 -2.7449e+00 +4.2144e+00 -4.3533e+00 +9.1740e-01 +2.1799e+00 -1.0499e+00 -3.2013e+00 -2.9004e+00 +7.9706e-02 +8.2513e-01 +3.0812e+00 +2.3107e+00 -2.1239e+00 +2.7617e+00 +1.4027e+00
11 0 +9.510890026e+00 +9.510890026e+00 -1.774391100e+02 -1.774391100e+02 +2.6762e+00 +4.8665e+00 +1.2652e+00 -1.0781e-01 +1.6707e+00 +4.3653e+00 -4.5099e+00 +4.8876e+00 +3.7424e+00 +1.1659e-01 -4.3515e+00 -4.0582e+00 -4.8816e+00 +2.4143e+00 +1.9141e+00 -1.5017e+00 +2.2474e+00 +1.8422e+00 -2.8232e+00 +2.9747e-01
17 0 +7.672976522e+00 +7.672976522e+00 -1.792770235e+02 -1.792770235e+02 -2.6354e-01 +3.5256e+00 -1.9519e+00 -2.0866e+00 -2.2918e+00 +4.0482e+00 -2.4068e+00 -9.3837e-01 -2.6106e-01 +2.1014e+00 +4.7909e+00 +4.0943e+00 -3.3779e+00 +3.6288e+00 +4.1105e+00 +4.6592e+00 -4.2239e+00 +2.1885e+00 -3.3977e+00 +1.9896e+00
85 0 +4.654149322e+00 +4.654149322e+00 -1.822958507e+02 -1.822958507e+02 +1.0604e-01 +3.4449e+00 -2.8043e+00 -1.6221e+00 -1.8400e+00 +1.8136e+00 -3.2251e+00 -9.7944e-01 -2.5117e-01 +2.7605e-01 +3.0356e+00 -1.5028e-01 -4.0178e+00 +3.8836e+00 +4.0544e+00 -2.2061e-01 -1.3708e+00 -8.7312e-01 -3.7164e+00 +8.5102e-01
320 0 +3.571018709e+00 +3.571018709e+00 -1.833789813e+02 -1.833789813e+02 +1.1165e-01 +3.4449e+00 -2.8063e+00 -1.6245e+00 -1.8402e+00 +1.8146e+00 -3.2252e+00 -9.7945e-01 -2.5051e-01 +2.9070e-01 +3.0356e+00 -1.2330e-01 -4.0213e+00 +3.8827e+00 +4.0545e+00 -2.1721e-01 -1.3713e+00 -8.7954e-01 -3.7148e+00 +8.5849e-01
380 0 +3.424230439e+00 +3.424230439e+00 -1.835257696e+02 -1.835257696e+02 +1.1158e-01 +3.4449e+00 -2.8055e+00 -1.6244e+00 -1.8402e+00 +1.8114e+00 -3.2253e+00 -9.7945e-01 -2.4864e-01 +2.9906e-01 +3.0357e+00 -1.3376e-01 -4.0201e+00 +3.8822e+00 +4.0545e+00 -2.0608e-01 -1.3542e+00 -8.7659e-01 -3.7159e+00 +8.5565e-01
400 0 +2.884499913e+00 +2.884499913e+00 -1.840655001e+02 -1.840655001e+02 +1.1677e-01 +3.4449e+00 -2.8161e+00 -1.6260e+00 -1.8404e+00 +1.8140e+00 -3.2252e+00 -9.8149e-01 -2.5049e-01 +2.8383e-01 +3.0356e+00 -1.3101e-01 -4.0256e+00 +3.8866e+00 +4.0545e+00 -2.1521e-01 -1.3717e+00 -8.7946e-01 -3.7229e+00 +8.5447e-01
446 0 +2.669981939e+00 +2.669981939e+00 -1.842800181e+02 -1.842800181e+02 +1.1422e-01 +3.4449e+00 -2.8166e+00 -1.6266e+00 -1.8403e+00 +1.8133e+00 -3.2250e+00 -9.8211e-01 -2.5055e-01 +2.8330e-01 +3.0356e+00 -1.3261e-01 -4.0258e+00 +3.8891e+00 +4.0557e+00 -2.1493e-01 -1.3713e+00 -8.7895e-01 -3.7240e+00 +8.5430e-01
471 0 +2.524789197e+00 +2.524789197e+00 -1.844252108e+02 -1.844252108e+02 +1.1387e-01 +3.4448e+00 -2.8151e+00 -1.6268e+00 -1.8402e+00 +1.8130e+00 -3.2258e+00 -9.8139e-01 -2.5058e-01 +2.8304e-01 +3.0359e+00 -1.3517e-01 -4.0259e+00 +3.8885e+00 +4.0571e+00 -2.1323e-01 -1.3713e+00 -8.7888e-01 -3.7243e+00 +8.5411e-01
493 0 +2.305534091e+00 +2.305534091e+00 -1.846444659e+02 -1.846444659e+02 +1.1709e-01 +3.4449e+00 -2.8167e+00 -1.6263e+00 -1.8404e+00 +1.8128e+00 -3.2257e+00 -9.8195e-01 -2.5053e-01 +2.8631e-01 +3.0356e+00 -1.3526e-01 -4.0261e+00 +3.8917e+00 +4.0553e+00 -2.1403e-01 -1.3702e+00 -8.7872e-01 -3.7269e+00 +8.5392e-01
536 0 +2.234473186e+00 +2.234473186e+00 -1.847155268e+02 -1.847155268e+02 +1.1852e-01 +3.4449e+00 -2.8170e+00 -1.6261e+00 -1.8404e+00 +1.8130e+00 -3.2256e+00 -9.8233e-01 -2.5071e-01 +2.8656e-01 +3.0356e+00 -1.3446e-01 -4.0262e+00 +3.8918e+00 +4.0557e+00 -2.1418e-01 -1.3704e+00 -8.7888e-01 -3.7270e+00 +8.5362e-01
577 0 +2.146064020e+00 +2.146064020e+00 -1.848039360e+02 -1.848039360e+02 +1.1761e-01 +3.4449e+00 -2.8167e+00 -1.6263e+00 -1.8404e+00 +1.8123e+00 -3.2257e+00 -9.8207e-01 -2.5058e-01 +2.8578e-01 +3.0354e+00 -1.3540e-01 -4.0263e+00 +3.8918e+00 +4.0552e+00 -2.1462e-01 -1.3696e+00 -8.7872e-01 -3.7275e+00 +8.5371e-01
583 0 +2.117779209e+00 +2.117779209e+00 -1.848322208e+02 -1.848322208e+02 +1.1809e-01 +3.4449e+00 -2.8164e+00 -1.6264e+00 -1.8404e+00 +1.8127e+00 -3.2254e+00 -9.8200e-01 -2.5058e-01 +2.8543e-01 +3.0355e+00 -1.3542e-01 -4.0262e+00 +3.8918e+00 +4.0552e+00 -2.1447e-01 -1.3693e+00 -8.7875e-01 -3.7271e+00 +8.5390e-01
639 0 +2.074214982e+00 +2.074214982e+00 -1.848757850e+02 -1.848757850e+02 +1.1805e-01 +3.4449e+00 -2.8163e+00 -1.6264e+00 -1.8404e+00 +1.8128e+00 -3.2253e+00 -9.8197e-01 -2.5058e-01 +2.8543e-01 +3.0355e+00 -1.3539e-01 -4.0262e+00 +3.8917e+00 +4.0552e+00 -2.1449e-01 -1.3693e+00 -8.7875e-01 -3.7268e+00 +8.5391e-01
846 0 +2.041081575e+00 +2.041081575e+00 -1.849089184e+02 -1.849089184e+02 +1.1807e-01 +3.4449e+00 -2.8163e+00 -1.6264e+00 -1.8404e+00 +1.8128e+00 -3.2253e+00 -9.8195e-01 -2.5058e-01 +2.8546e-01 +3.0355e+00 -1.3541e-01 -4.0262e+00 +3.8917e+00 +4.0552e+00 -2.1454e-01 -1.3692e+00 -8.7875e-01 -3.7270e+00 +8.5388e-01
% f evaluations | g evaluations | best noise-free fitness - Fopt | noise-free fitness - Fopt (5.859500000000e+02) | measured fitness | best measured fitness | x1 | x2...
1 0 +2.156016747e+01 +2.156016747e+01 +6.075101675e+02 +6.075101675e+02 -4.5854e+00 +1.6143e+00 -2.3114e+00 +4.9937e+00 -4.4303e+00 -1.0649e+00 +8.9397e-01 +4.4723e-01 -1.6803e-01 +4.4193e+00 +4.2240e+00 +1.2116e+00 -2.7052e+00 -4.1342e+00 +9.5072e-02 -3.5256e+00 +4.8289e+00 +1.2351e+00 +5.3407e-01 +1.6968e+00
2 0 +1.113233645e+01 +1.113233645e+01 +5.970823365e+02 +5.970823365e+02 +3.3757e+00 +1.5847e+00 +6.9217e-01 -3.7296e+00 +4.6224e+00 -2.0480e+00 +4.2679e+00 -5.0135e-02 -3.3812e+00 +2.4811e+00 -2.9519e+00 +1.7213e+00 -4.5688e+00 +6.8573e-02 -1.1389e+00 -2.8367e+00 -6.9841e-01 +1.8283e+00 -1.8154e+00 +1.3762e+00
3 0 +7.609257354e+00 +7.609257354e+00 +5.935592574e+02 +5.935592574e+02 +1.1940e-01 -4.2491e+00 +2.9381e+00 -2.9519e+00 -3.6105e+00 +3.6258e-01 -9.0543e-01 -4.5884e+00 -9.1455e-01 +5.1897e-01 +4.6847e+00 -2.9727e+00 +7.4418e-01 -3.3791e+00 +4.1389e+00 +3.9631e+00 -1.4804e-01 -1.3884e+00 -3.4828e+00 +2.1120e+00
69 0 +5.736217935e+00 +5.736217935e+00 +5.916862179e+02 +5.916862179e+02 +7.6229e-01 -5.0000e+00 +3.3061e+00 -5.0000e+00 -3.8675e+00 -4.6218e-01 -2.0269e+00 -3.5945e+00 +2.2210e+00 +3.9553e-05 +9.6758e-01 -1.1800e+00 +7.5060e-01 -4.9821e+00 +3.8726e+00 +2.9224e+00 +1.1141e+00 -1.5067e+00 -4.8398e+00 +1.6673e+00
196 0 +5.118195260e+00 +5.118195260e+00 +5.910681953e+02 +5.910681953e+02 +8.3485e-01 -5.0000e+00 +3.3109e+00 -5.0000e+00 -3.8677e+00 -5.1974e-01 -1.9712e+00 -3.4072e+00 +2.3869e+00 -3.3018e-02 +9.2027e-01 -1.5102e+00 +7.5354e-01 -4.9875e+00 +3.8386e+00 +2.9837e+00 +1.2584e+00 -1.4974e+00 -4.8246e+00 +1.7589e+00
313 0 +3.991736108e+00 +3.991736108e+00 +5.899417361e+02 +5.899417361e+02 +8.5173e-01 -5.0000e+00 +3.3400e+00 -5.0000e+00 -3.8675e+00 -5.3031e-01 -1.9794e+00 -3.3990e+00 +2.3703e+00 -2.5622e-02 +9.2357e-01 -1.5189e+00 +7.5855e-01 -4.9837e+00 +3.8390e+00 +2.9870e+00 +1.2583e+00 -1.4980e+00 -4.8356e+00 +1.7751e+00
352 0 +3.959222848e+00 +3.959222848e+00 +5.899092228e+02 +5.899092228e+02 +8.6381e-01 -5.0000e+00 +3.3369e+00 -5.0000e+00 -3.8678e+00 -5.2165e-01 -1.9877e+00 -3.3970e+00 +2.3764e+00 -1.4265e-02 +9.2285e-01 -1.5207e+00 +7.6352e-01 -4.9857e+00 +3.8392e+00 +2.9931e+00 +1.2591e+00 -1.4977e+00 -4.8245e+00 +1.7675e+00
389 0 +3.600818916e+00 +3.600818916e+00 +5.895508189e+02 +5.895508189e+02 +8.6333e-01 -5.0000e+00 +3.3378e+00 -5.0000e+00 -3.8630e+00 -5.2158e-01 -1.9866e+00 -3.3934e+00 +2.3681e+00 -1.5467e-02 +9.2297e-01 -1.5163e+00 +7.6561e-01 -4.9856e+00 +3.8404e+00 +2.9932e+00 +1.2591e+00 -1.4877e+00 -4.8243e+00 +1.7652e+00
390 0 +2.946722580e+00 +2.946722580e+00 +5.888967226e+02 +5.888967226e+02 +8.6260e-01 -5.0000e+00 +3.3381e+00 -5.0000e+00 -3.8678e+00 -5.1900e-01 -1.9876e+00 -3.3970e+00 +2.3764e+00 -1.4461e-02 +9.2305e-01 -1.5213e+00 +7.6319e-01 -4.9866e+00 +3.8391e+00 +2.9852e+00 +1.2565e+00 -1.4976e+00 -4.8243e+00 +1.7672e+00
415 0 +2.739320196e+00 +2.739320196e+00 +5.886893202e+02 +5.886893202e+02 +8.6256e-01 -5.0000e+00 +3.3387e+00 -5.0000e+00 -3.8681e+00 -5.2020e-01 -1.9876e+00 -3.3970e+00 +2.3767e+00 -1.9450e-02 +9.2305e-01 -1.5181e+00 +7.6312e-01 -4.9859e+00 +3.8391e+00 +2.9858e+00 +1.2553e+00 -1.4953e+00 -4.8245e+00 +1.7669e+00
431 0 +2.394756239e+00 +2.394756239e+00 +5.883447562e+02 +5.883447562e+02 +8.6439e-01 -5.0000e+00 +3.3411e+00 -5.0000e+00 -3.8678e+00 -5.1846e-01 -1.9876e+00 -3.3969e+00 +2.3749e+00 -1.7541e-02 +9.2741e-01 -1.5207e+00 +7.6355e-01 -4.9868e+00 +3.8391e+00 +2.9841e+00 +1.2568e+00 -1.4976e+00 -4.8242e+00 +1.7677e+00
438 0 +2.239571324e+00 +2.239571324e+00 +5.881895713e+02 +5.881895713e+02 +8.6359e-01 -5.0000e+00 +3.3383e+00 -5.0000e+00 -3.8679e+00 -5.1625e-01 -1.9849e+00 -3.3956e+00 +2.3764e+00 -1.3930e-02 +9.2279e-01 -1.5207e+00 +7.6441e-01 -4.9867e+00 +3.8391e+00 +2.9851e+00 +1.2566e+00 -1.4976e+00 -4.8239e+00 +1.7672e+00
472 0 +2.073427786e+00 +2.073427786e+00 +5.880234278e+02 +5.880234278e+02 +8.6360e-01 -5.0000e+00 +3.3383e+00 -5.0000e+00 -3.8679e+00 -5.1507e-01 -1.9848e+00 -3.3952e+00 +2.3764e+00 -1.4031e-02 +9.2297e-01 -1.5207e+00 +7.6477e-01 -4.9867e+00 +3.8392e+00 +2.9852e+00 +1.2566e+00 -1.4977e+00 -4.8239e+00 +1.7685e+00
519 0 +2.041078280e+00 +2.041078280e+00 +5.879910783e+02 +5.879910783e+02 +8.6371e-01 -5.0000e+00 +3.3383e+00 -5.0000e+00 -3.8679e+00 -5.1544e-01 -1.9849e+00 -3.3952e+00 +2.3764e+00 -1.4240e-02 +9.2294e-01 -1.5206e+00 +7.6441e-01 -4.9866e+00 +3.8392e+00 +2.9853e+00 +1.2563e+00 -1.4974e+00 -4.8239e+00 +1.7685e+00
575 0 +1.938460668e+00 +1.938460668e+00 +5.878884607e+02 +5.878884607e+02 +8.6332e-01 -5.0000e+00 +3.3382e+00 -5.0000e+00 -3.8679e+00 -5.1352e-01 -1.9848e+00 -3.3952e+00 +2.3764e+00 -1.4221e-02 +9.2303e-01 -1.5206e+00 +7.6470e-01 -4.9863e+00 +3.8392e+00 +2.9851e+00 +1.2567e+00 -1.4977e+00 -4.8239e+00 +1.7686e+00
618 0 +1.893233950e+00 +1.893233950e+00 +5.878432339e+02 +5.878432339e+02 +8.6348e-01 -5.0000e+00 +3.3381e+00 -5.0000e+00 -3.8679e+00 -5.1248e-01 -1.9850e+00 -3.3952e+00 +2.3764e+00 -1.4121e-02 +9.2302e-01 -1.5208e+00 +7.6473e-01 -4.9863e+00 +3.8392e+00 +2.9854e+00 +1.2567e+00 -1.4977e+00 -4.8239e+00 +1.7684e+00
624 0 +1.809794346e+00 +1.809794346e+00 +5.877597943e+02 +5.877597943e+02 +8.6345e-01 -5.0000e+00 +3.3381e+00 -5.0000e+00 -3.8679e+00 -5.1120e-01 -1.9850e+00 -3.3952e+00 +2.3764e+00 -1.4157e-02 +9.2296e-01 -1.5208e+00 +7.6478e-01 -4.9863e+00 +3.8392e+00 +2.9857e+00 +1.2567e+00 -1.4977e+00 -4.8239e+00 +1.7685e+00
651 0 +1.682480123e+00 +1.682480123e+00 +5.876324801e+02 +5.876324801e+02 +8.6347e-01 -5.0000e+00 +3.3382e+00 -5.0000e+00 -3.8679e+00 -5.1029e-01 -1.9853e+00 -3.3952e+00 +2.3764e+00 -1.4124e-02 +9.2303e-01 -1.5207e+00 +7.6474e-01 -4.9863e+00 +3.8392e+00 +2.9856e+00 +1.2567e+00 -1.4977e+00 -4.8239e+00 +1.7682e+00
675 0 +1.621535998e+00 +1.621535998e+00 +5.875715360e+02 +5.875715360e+02 +8.6349e-01 -5.0000e+00 +3.3382e+00 -5.0000e+00 -3.8679e+00 -5.1010e-01 -1.9852e+00 -3.3952e+00 +2.3764e+00 -1.4121e-02 +9.2303e-01 -1.5207e+00 +7.6476e-01 -4.9863e+00 +3.8392e+00 +2.9856e+00 +1.2566e+00 -1.4977e+00 -4.8239e+00 +1.7683e+00
% f evaluations | g evaluations | best noise-free fitness - Fopt | noise-free fitness - Fopt (2.871600000000e+02) | measured fitness | best measured fitness | x1 | x2...
1 0 +1.740138574e+01 +1.740138574e+01 +3.045613857e+02 +3.045613857e+02 -2.6947e+00 +2.3825e+00 -3.8907e+00 -4.2016e+00 -4.1083e+00 +2.5790e+00 +2.4846e+00 +8.9319e-01 -4.5977e+00 -1.4209e+00 +1.6425e+00 -4.6500e+00 +1.1813e+00 -4.9998e-01 -2.6916e+00 +3.5984e+00 +3.1375e+00 -6.2538e-01 -1.6212e+00 -1.9575e+00
2 0 +1.530452142e+01 +1.530452142e+01 +3.024645214e+02 +3.024645214e+02 -4.5031e+00 +1.8856e-01 +7.8034e-01 -3.2691e+00 +3.5813e+00 -2.3212e+00 -2.0992e+00 -4.5125e+00 -8.5705e-01 -2.0238e+00 -2.8600e+00 +3.7578e-02 +3.8805e+00 -1.0346e+00 +2.8800e+00 +1.3464e+00 -2.5896e+00 +3.2884e+00 -4.8735e+00 +9.3833e-01
5 0 +1.489192048e+01 +1.489192048e+01 +3.020519205e+02 +3.020519205e+02 -1.8356e-01 -2.7340e+00 +4.1931e-01 -4.1028e+00 +4.4563e+00 +4.1721e-01 -3.6919e+00 +2.2354e+00 +2.8361e+00 -3.9186e+00 -3.0605e+00 -8.4915e-01 +6.7760e-01 +8.7371e-01 +2.6454e+00 -1.0317e+00 +4.4302e+00 +3.7773e+00 +1.4189e+00 -1.4613e+00
7 0 +9.484857906e+00 +9.484857906e+00 +2.966448579e+02 +2.966448579e+02 -2.0804e+00 -1.4805e+00 +2.8227e+00 +3.6878e+00 +1.5612e+00 -4.1872e+00 +2.9518e+00 +1.6799e+00 -7.2758e-01 -4.9493e+00 +4.0929e+00 +3.3885e+00 +4.7764e+00 +9.1816e-01 +2.7844e+00 +2.5331e+00 -3.0767e+00 -2.8101e+00 -2.0040e+00 -4.1092e+00
9 0 +8.234625635e+00 +8.234625635e+00 +2.953946256e+02 +2.953946256e+02 -6.1269e-01 +3.4446e+00 -3.8292e+00 -3.8972e+00 +4.5968e+00 -3.2863e-01 +1.2886e+00 +4.9441e+00 +3.5363e+00 -9.6996e-01 +1.1695e+00 -4.1386e+00 -4.1997e+00 -3.9941e+00 -1.7125e+00 -1.9316e+00 +1.2079e+00 +3.1543e+00 -3.0466e+00 +4.0883e+00
10 0 +6.905791591e+00 +6.905791591e+00 +2.940657916e+02 +2.940657916e+02 -9.7519e-01 -3.3461e+00 +3.6032e+00 +1.8919e-01 +3.3910e+00 -2.7472e+00 +4.1903e-01 +7.1328e-01 -2.5814e+00 -4.8294e+00 +2.2168e+00 +4.9784e+00 -3.4059e-01 -3.0116e+00 -3.8425e+00 -1.4339e+00 -3.6333e+00 -3.3018e+00 +1.0881e+00 +4.8623e+00
41 0 +4.691340517e+00 +4.691340517e+00 +2.918513405e+02 +2.918513405e+02 +2.4995e+00 +9.1680e-01 -1.8325e+00 -8.2540e-01 -4.1628e+00 +9.9657e-01 +3.6680e-01 -2.4574e+00 +1.3000e+00 +4.4078e+00 -6.8472e-01 -1.3435e+00 +1.4143e+00 -5.8003e-01 +4.4875e+00 +4.6211e+00 +4.5533e+00 +9.4992e-01 +1.5056e+00 -1.3065e+00
260 0 +3.296838020e+00 +3.296838020e+00 +2.904568380e+02 +2.904568380e+02 +2.5026e+00 +9.1421e-01 -1.8328e+00 -8.2615e-01 -4.1595e+00 +9.9365e-01 +3.6686e-01 -2.4572e+00 +1.2998e+00 +4.3832e+00 -6.8318e-01 -1.3485e+00 +1.4148e+00 -5.7720e-01 +4.4865e+00 +4.6167e+00 +4.5500e+00 +9.4938e-01 +1.5152e+00 -1.2982e+00
322 0 +2.217154352e+00 +2.217154352e+00 +2.893771544e+02 +2.893771544e+02 +2.5055e+00 +9.1578e-01 -1.8337e+00 -8.2586e-01 -4.1509e+00 +9.9228e-01 +3.7610e-01 -2.4572e+00 +1.2998e+00 +4.3848e+00 -6.8384e-01 -1.3445e+00 +1.4149e+00 -5.8032e-01 +4.4816e+00 +4.6178e+00 +4.5503e+00 +9.4912e-01 +1.5149e+00 -1.2983e+00
369 0 +1.937613743e+00 +1.937613743e+00 +2.890976137e+02 +2.890976137e+02 +2.5045e+00 +9.1458e-01 -1.8333e+00 -8.2847e-01 -4.1507e+00 +9.9165e-01 +3.7664e-01 -2.4572e+00 +1.3041e+00 +4.3848e+00 -6.8211e-01 -1.3445e+00 +1.4149e+00 -5.8140e-01 +4.4826e+00 +4.6186e+00 +4.5499e+00 +9.4935e-01 +1.5196e+00 -1.3072e+00
449 0 +1.662072582e+00 +1.662072582e+00 +2.888220726e+02 +2.888220726e+02 +2.5045e+00 +9.1550e-01 -1.8331e+00 -8.2760e-01 -4.1505e+00 +9.9152e-01 +3.7298e-01 -2.4588e+00 +1.3029e+00 +4.3846e+00 -6.8190e-01 -1.3441e+00 +1.4150e+00 -5.8198e-01 +4.4823e+00 +4.6191e+00 +4.5489e+00 +9.4930e-01 +1.5175e+00 -1.3064e+00
481 0 +1.594327381e+00 +1.594327381e+00 +2.887543274e+02 +2.887543274e+02 +2.5039e+00 +9.1526e-01 -1.8329e+00 -8.2787e-01 -4.1506e+00 +9.9154e-01 +3.7537e-01 -2.4597e+00 +1.3031e+00 +4.3844e+00 -6.8190e-01 -1.3440e+00 +1.4149e+00 -5.8192e-01 +4.4825e+00 +4.6190e+00 +4.5492e+00 +9.5077e-01 +1.5172e+00 -1.3066e+00
537 0 +1.574325670e+00 +1.574325670e+00 +2.887343257e+02 +2.887343257e+02 +2.5051e+00 +9.1534e-01 -1.8330e+00 -8.2794e-01 -4.1505e+00 +9.9165e-01 +3.7825e-01 -2.4586e+00 +1.3035e+00 +4.3831e+00 -6.8190e-01 -1.3441e+00 +1.4150e+00 -5.8201e-01 +4.4834e+00 +4.6188e+00 +4.5486e+00 +9.4916e-01 +1.5181e+00 -1.3062e+00
548 0 +1.533793171e+00 +1.533793171e+00 +2.886937932e+02 +2.886937932e+02 +2.5054e+00 +9.1541e-01 -1.8330e+00 -8.2789e-01 -4.1502e+00 +9.9159e-01 +3.7422e-01 -2.4571e+00 +1.3034e+00 +4.3831e+00 -6.8195e-01 -1.3440e+00 +1.4150e+00 -5.8198e-01 +4.4830e+00 +4.6191e+00 +4.5488e+00 +9.4917e-01 +1.5177e+00 -1.3060e+00
576 0 +1.431501553e+00 +1.431501553e+00 +2.885915016e+02 +2.885915016e+02 +2.5049e+00 +9.1539e-01 -1.8329e+00 -8.2779e-01 -4.1504e+00 +9.9160e-01 +3.7345e-01 -2.4585e+00 +1.3053e+00 +4.3845e+00 -6.8185e-01 -1.3442e+00 +1.4166e+00 -5.8209e-01 +4.4826e+00 +4.6190e+00 +4.5491e+00 +9.4912e-01 +1.5181e+00 -1.3062e+00
638 0 +1.394959154e+00 +1.394959154e+00 +2.885549592e+02 +2.885549592e+02 +2.5049e+00 +9.1553e-01 -1.8329e+00 -8.2770e-01 -4.1504e+00 +9.9183e-01 +3.7362e-01 -2.4585e+00 +1.3053e+00 +4.3844e+00 -6.8185e-01 -1.3442e+00 +1.4175e+00 -5.8208e-01 +4.4827e+00 +4.6190e+00 +4.5492e+00 +9.4913e-01 +1.5181e+00 -1.3062e+00
703 0 +1.374577642e+00 +1.374577642e+00 +2.885345776e+02 +2.885345776e+02 +2.5049e+00 +9.1539e-01 -1.8329e+00 -8.2779e-01 -4.1504e+00 +9.9161e-01 +3.7348e-01 -2.4585e+00 +1.3054e+00 +4.3843e+00 -6.8186e-01 -1.3441e+00 +1.4167e+00 -5.8208e-01 +4.4830e+00 +4.6190e+00 +4.5491e+00 +9.4913e-01 +1.5180e+00 -1.3062e+00
787 0 +1.348581430e+00 +1.348581430e+00 +2.885085814e+02 +2.885085814e+02 +2.5049e+00 +9.1539e-01 -1.8329e+00 -8.2780e-01 -4.1504e+00 +9.9161e-01 +3.7346e-01 -2.4585e+00 +1.3053e+00 +4.3844e+00 -6.8184e-01 -1.3442e+00 +1.4168e+00 -5.8208e-01 +4.4831e+00 +4.6190e+00 +4.5492e+00 +9.4915e-01 +1.5180e+00 -1.3061e+00
% f evaluations | g evaluations | best noise-free fitness - Fopt | noise-free fitness - Fopt (-3.943800000000e+02) | measured fitness | best measured fitness | x1 | x2...
1 0 +1.367781341e+01 +1.367781341e+01 -3.807021866e+02 -3.807021866e+02 -1.6741e+00 +1.5487e+00 -4.5893e+00 +2.6613e+00 +1.3004e+00 +8.1566e-01 +3.6585e+00 +3.0604e+00 +2.1196e+00 +4.3117e+00 -3.1127e+00 +4.0490e+00 -1.7551e+00 +4.1245e+00 -2.3737e+00 -3.8924e+00 -2.2584e+00 -3.6897e+00 +5.1455e-01 -1.0609e+00
2 0 +1.265008855e+01 +1.265008855e+01 -3.817299115e+02 -3.817299115e+02 +3.5115e+00 +2.5566e+00 -2.8423e+00 +7.9906e-01 -2.1478e+00 +4.0229e+00 +1.0322e+00 +3.1498e+00 -1.0026e+00 -4.7919e+00 +2.8385e-01 +4.7844e+00 +5.4077e-01 +8.0517e-01 -4.2781e+00 +2.1067e+00 +3.8598e+00 -1.1000e+00 +8.5667e-01 -3.6494e+00
6 0 +1.176097865e+01 +1.176097865e+01 -3.826190214e+02 -3.826190214e+02 -4.1398e+00 -3.7729e+00 -6.5921e-01 -4.4794e+00 -1.0146e+00 +5.4266e-01 -2.7940e+00 -2.6721e+00 -1.8710e+00 -4.8570e+00 +3.9273e+00 +1.6981e+00 +5.0832e-02 -1.8297e-01 -3.2804e+00 -1.1583e+00 -4.8168e+00 +3.9490e+00 +1.7086e+00 +2.1832e-01
8 0 +1.029442569e+01 +1.029442569e+01 -3.840855743e+02 -3.840855743e+02 -1.6341e+00 +4.1886e+00 +3.4658e+00 -2.9154e+00 -1.0124e+00 +3.2829e-01 +4.2038e+00 +1.8068e+00 -1.8615e+00 +3.8574e+00 +5.9887e-02 -3.8194e+00 +3.4026e+00 -1.8649e+00 +4.8129e+00 -4.7359e+00 +4.8488e+00 +3.7853e+00 +2.0267e+00 +4.0530e+00
11 0 +7.077877660e+00 +7.077877660e+00 -3.873021223e+02 -3.873021223e+02 -8.7476e-01 +3.3807e+00 +2.7697e+00 -4.0286e+00 +4.3830e-01 +4.7461e+00 +2.7459e+00 -4.8926e+00 +4.3403e+00 +4.0975e+00 -4.4606e+00 -3.2985e+00 -3.4332e+00 +3.4487e+00 -2.9500e-01 +2.7301e+00 +2.7933e+00 -2.5670e+00 +1.4086e+00 -2.3247e+00
31 0 +6.747727183e+00 +6.747727183e+00 -3.876322728e+02 -3.876322728e+02 +4.8253e+00 -1.6122e+00 -1.9120e+00 +2.4131e+00 -3.6919e+00 -3.5544e+00 -4.5361e+00 -2.3335e+00 +3.5740e+00 -2.1857e+00 +2.4179e+00 -2.0577e+00 -3.5877e+00 -4.1695e+00 +2.1873e+00 -4.5870e+00 -4.9666e+00 -3.5742e+00 -4.6162e+00 -1.2479e+00
60 0 +5.406368054e+00 +5.406368054e+00 -3.889736319e+02 -3.889736319e+02 +5.0000e+00 -1.6231e+00 -2.5423e+00 +2.4469e+00 -3.4400e+00 -7.4466e-02 -1.7348e+00 -2.7995e+00 +4.1818e+00 -2.5012e+00 +2.7186e-01 -1.7114e+00 -3.1680e+00 -4.5976e+00 +1.5418e+00 -5.0000e+00 -1.2967e+00 -3.4671e+00 -4.1107e+00 -7.9585e-01
250 0 +4.991562743e+00 +4.991562743e+00 -3.893884373e+02 -3.893884373e+02 +5.0000e+00 -1.6231e+00 -2.5491e+00 +2.4455e+00 -3.4331e+00 -6.4240e-02 -1.7298e+00 -2.8013e+00 +4.1801e+00 -2.3923e+00 +2.6983e-01 -1.7073e+00 -3.1638e+00 -4.5981e+00 +1.5371e+00 -5.0000e+00 -1.3430e+00 -3.4691e+00 -4.1290e+00 -8.0454e-01
256 0 +3.173948156e+00 +3.173948156e+00 -3.912060518e+02 -3.912060518e+02 +5.0000e+00 -1.6309e+00 -2.5378e+00 +2.4265e+00 -3.4255e+00 -8.0844e-02 -1.8477e+00 -2.6179e+00 +4.1544e+00 -2.5092e+00 +5.9532e-02 -1.7329e+00 -3.1103e+00 -4.5986e+00 +1.3562e+00 -5.0000e+00 -1.2921e+00 -3.4657e+00 -4.1053e+00 -7.9698e-01
364 0 +2.296797030e+00 +2.296797030e+00 -3.920832030e+02 -3.920832030e+02 +5.0000e+00 -1.6327e+00 -2.5383e+00 +2.4263e+00 -3.4259e+00 -8.0854e-02 -1.8267e+00 -2.6142e+00 +4.1547e+00 -2.5092e+00 +5.6316e-02 -1.7329e+00 -3.1103e+00 -4.6032e+00 +1.3544e+00 -5.0000e+00 -1.2922e+00 -3.4655e+00 -4.1053e+00 -7.9681e-01
384 0 +2.235906586e+00 +2.235906586e+00 -3.921440934e+02 -3.921440934e+02 +5.0000e+00 -1.6306e+00 -2.5339e+00 +2.4255e+00 -3.4222e+00 -7.8298e-02 -1.8512e+00 -2.6187e+00 +4.1481e+00 -2.5141e+00 +6.2527e-02 -1.7306e+00 -3.1109e+00 -4.5987e+00 +1.3347e+00 -5.0000e+00 -1.2932e+00 -3.4657e+00 -4.1052e+00 -7.9691e-01
415 0 +2.141592503e+00 +2.141592503e+00 -3.922384075e+02 -3.922384075e+02 +5.0000e+00 -1.6305e+00 -2.5339e+00 +2.4254e+00 -3.4219e+00 -7.4776e-02 -1.8520e+00 -2.6190e+00 +4.1482e+00 -2.5199e+00 +5.8208e-02 -1.7334e+00 -3.1113e+00 -4.5987e+00 +1.3400e+00 -5.0000e+00 -1.2936e+00 -3.4634e+00 -4.1052e+00 -7.9867e-01
417 0 +2.136209601e+00 +2.136209601e+00 -3.922437904e+02 -3.922437904e+02 +5.0000e+00 -1.6304e+00 -2.5327e+00 +2.4258e+00 -3.4225e+00 -7.8559e-02 -1.8565e+00 -2.6167e+00 +4.1507e+00 -2.5143e+00 +6.0788e-02 -1.7313e+00 -3.1110e+00 -4.5988e+00 +1.3376e+00 -5.0000e+00 -1.2930e+00 -3.4657e+00 -4.1024e+00 -7.9683e-01
420 0 +1.738713444e+00 +1.738713444e+00 -3.926412866e+02 -3.926412866e+02 +5.0000e+00 -1.6307e+00 -2.5345e+00 +2.4262e+00 -3.4234e+00 -7.8939e-02 -1.8491e+00 -2.6160e+00 +4.1444e+00 -2.5162e+00 +5.8157e-02 -1.7316e+00 -3.1110e+00 -4.5997e+00 +1.3203e+00 -5.0000e+00 -1.2925e+00 -3.4659e+00 -4.1031e+00 -7.9707e-01
429 0 +1.505867033e+00 +1.505867033e+00 -3.928741330e+02 -3.928741330e+02 +5.0000e+00 -1.6310e+00 -2.5339e+00 +2.4256e+00 -3.4235e+00 -7.9075e-02 -1.8466e+00 -2.6167e+00 +4.1480e+00 -2.5144e+00 +6.0392e-02 -1.7298e+00 -3.1111e+00 -4.5988e+00 +1.3358e+00 -5.0000e+00 -1.2927e+00 -3.4656e+00 -4.1052e+00 -7.9692e-01
473 0 +1.331070459e+00 +1.331070459e+00 -3.930489295e+02 -3.930489295e+02 +5.0000e+00 -1.6313e+00 -2.5311e+00 +2.4257e+00 -3.4237e+00 -7.9553e-02 -1.8476e+00 -2.6158e+00 +4.1478e+00 -2.5142e+00 +5.9336e-02 -1.7300e+00 -3.1112e+00 -4.5988e+00 +1.3324e+00 -5.0000e+00 -1.2929e+00 -3.4658e+00 -4.1054e+00 -7.9689e-01
527 0 +1.266232065e+00 +1.266232065e+00 -3.931137679e+02 -3.931137679e+02 +5.0000e+00 -1.6308e+00 -2.5304e+00 +2.4267e+00 -3.4236e+00 -7.9619e-02 -1.8478e+00 -2.6162e+00 +4.1482e+00 -2.5142e+00 +5.8500e-02 -1.7300e+00 -3.1110e+00 -4.5988e+00 +1.3325e+00 -5.0000e+00 -1.2929e+00 -3.4657e+00 -4.1053e+00 -7.9690e-01
572 0 +1.182954230e+00 +1.182954230e+00 -3.931970458e+02 -3.931970458e+02 +5.0000e+00 -1.6308e+00 -2.5296e+00 +2.4265e+00 -3.4237e+00 -7.9654e-02 -1.8471e+00 -2.6166e+00 +4.1483e+00 -2.5141e+00 +5.8375e-02 -1.7299e+00 -3.1110e+00 -4.5988e+00 +1.3325e+00 -5.0000e+00 -1.2929e+00 -3.4657e+00 -4.1053e+00 -7.9690e-01
650 0 +1.172971226e+00 +1.172971226e+00 -3.932070288e+02 -3.932070288e+02 +5.0000e+00 -1.6309e+00 -2.5296e+00 +2.4264e+00 -3.4237e+00 -7.9717e-02 -1.8467e+00 -2.6162e+00 +4.1483e+00 -2.5140e+00 +5.8399e-02 -1.7300e+00 -3.1109e+00 -4.5988e+00 +1.3320e+00 -5.0000e+00 -1.2929e+00 -3.4657e+00 -4.1053e+00 -7.9690e-01
675 0 +1.146694691e+00 +1.146694691e+00 -3.932333053e+02 -3.932333053e+02 +5.0000e+00 -1.6309e+00 -2.5291e+00 +2.4264e+00 -3.4237e+00 -7.9649e-02 -1.8466e+00 -2.6166e+00 +4.1482e+00 -2.5141e+00 +5.8419e-02 -1.7299e+00 -3.1109e+00 -4.5988e+00 +1.3325e+00 -5.0000e+00 -1.2929e+00 -3.4658e+00 -4.1053e+00 -7.9692e-01
% f evaluations | g evaluations | best noise-free fitness - Fopt | noise-free fitness - Fopt (5.443000000000e+01) | measured fitness | best measured fitness | x1 | x2...
1 0 +1.170650470e+01 +1.170650470e+01 +6.613650470e+01 +6.613650470e+01 +6.0080e-01 -4.6667e+00 +6.2080e-01 -1.7604e+00 -4.8703e+00 -1.6393e+00 +3.2211e+00 -1.5467e+00 -4.3394e-01 -2.7099e+00 +8.0564e-02 -3.9056e+00 -1.6021e+00 -1.8741e+00 +3.0027e+00 -4.5097e-01 -1.1122e-01 +2.9562e+00 -1.7986e+00 +3.0365e+00
6 0 +1.014931846e+01 +1.014931846e+01 +6.457931846e+01 +6.457931846e+01 -4.9874e+00 -4.1709e+00 +3.7276e+00 -1.8310e+00 +2.9289e+00 +2.4984e-01 +3.1713e+00 +4.5356e+00 -2.3645e-01 +4.3056e+00 -1.7340e+00 +2.7530e+00 -1.0962e-02 +1.7981e+00 -4.2984e+00 +4.2563e+00 -7.2819e-01 -4.8155e+00 +1.3999e+00 +1.8000e+00
10 0 +7.111758723e+00 +7.111758723e+00 +6.154175872e+01 +6.154175872e+01 +4.5725e+00 +3.0971e-01 +4.9278e+00 +4.1110e+00 +1.0798e+00 -3.6370e+00 +1.5715e+00 +4.7729e-02 -2.8837e+00 -3.4916e+00 +1.3282e+00 +9.9209e-01 +6.1228e-01 -2.8144e+00 -1.3820e+00 +1.5823e+00 -4.3350e+00 +2.3887e+00 -2.4276e+00 +3.9425e+00
15 0 +6.799607400e+00 +6.799607400e+00 +6.122960740e+01 +6.122960740e+01 +2.3325e+00 +5.9219e-02 +4.9970e+00 -1.5016e+00 +3.4455e+00 -3.4857e+00 -4.2464e+00 +3.4531e-01 -4.2697e+00 +4.4796e+00 +3.8592e+00 -3.4148e+00 -2.2813e-01 -2.1706e+00 -2.8448e+00 -1.2658e+00 -2.0247e+00 +4.6008e-01 -8.9122e-01 -4.3377e+00
70 0 +6.476116675e+00 +6.476116675e+00 +6.090611668e+01 +6.090611668e+01 +6.8247e-01 -2.9303e-03 +5.0000e+00 +5.3712e-01 +3.5030e+00 +4.2587e-01 -4.1674e+00 +9.9108e-01 -3.9666e+00 +4.3070e+00 +3.9067e+00 -1.7118e+00 +7.0188e-02 -2.4174e+00 -2.7589e+00 -5.6140e-01 -1.7611e+00 +2.3484e+00 -6.9052e-01 -3.4846e+00
86 0 +4.167302717e+00 +4.167302717e+00 +5.859730272e+01 +5.859730272e+01 +1.8708e+00 -2.3195e+00 +5.0000e+00 -7.1229e-01 +1.7262e+00 -4.1129e+00 -2.2949e+00 +1.2175e+00 -3.6135e+00 +4.4483e+00 +3.3949e+00 -3.3715e+00 -9.0419e-01 -3.3818e+00 -1.6635e+00 -1.9306e+00 -2.4688e+00 +4.5918e-01 -1.3251e+00 -4.0311e+00
282 0 +2.729258575e+00 +2.729258575e+00 +5.715925857e+01 +5.715925857e+01 +1.8631e+00 -2.3227e+00 +5.0000e+00 -7.2661e-01 +1.6952e+00 -4.1334e+00 -2.2961e+00 +1.2281e+00 -3.6137e+00 +4.4493e+00 +3.3992e+00 -3.3799e+00 -9.0430e-01 -3.3811e+00 -1.6535e+00 -1.9471e+00 -2.4680e+00 +4.5570e-01 -1.3249e+00 -4.0320e+00
375 0 +2.534657999e+00 +2.534657999e+00 +5.696465800e+01 +5.696465800e+01 +1.8631e+00 -2.3237e+00 +5.0000e+00 -7.2465e-01 +1.6923e+00 -4.1327e+00 -2.3025e+00 +1.2280e+00 -3.6138e+00 +4.4493e+00 +3.3974e+00 -3.3844e+00 -9.0438e-01 -3.3810e+00 -1.6528e+00 -1.9486e+00 -2.4680e+00 +4.5741e-01 -1.3249e+00 -4.0322e+00
393 0 +2.447724857e+00 +2.447724857e+00 +5.687772486e+01 +5.687772486e+01 +1.8583e+00 -2.3226e+00 +5.0000e+00 -7.2653e-01 +1.6859e+00 -4.1336e+00 -2.2961e+00 +1.2311e+00 -3.6137e+00 +4.4494e+00 +3.3981e+00 -3.3790e+00 -9.0411e-01 -3.3812e+00 -1.6530e+00 -1.9497e+00 -2.4680e+00 +4.5579e-01 -1.3249e+00 -4.0321e+00
415 0 +2.327911079e+00 +2.327911079e+00 +5.675791108e+01 +5.675791108e+01 +1.8548e+00 -2.3225e+00 +5.0000e+00 -7.2548e-01 +1.6789e+00 -4.1345e+00 -2.2961e+00 +1.2290e+00 -3.6137e+00 +4.4494e+00 +3.3983e+00 -3.3792e+00 -9.0406e-01 -3.3816e+00 -1.6530e+00 -1.9514e+00 -2.4683e+00 +4.5559e-01 -1.3249e+00 -4.0326e+00
426 0 +2.138394445e+00 +2.138394445e+00 +5.656839445e+01 +5.656839445e+01 +1.8595e+00 -2.3226e+00 +5.0000e+00 -7.2644e-01 +1.6881e+00 -4.1336e+00 -2.2967e+00 +1.2344e+00 -3.6136e+00 +4.4494e+00 +3.3977e+00 -3.3792e+00 -9.0422e-01 -3.3812e+00 -1.6531e+00 -1.9508e+00 -2.4680e+00 +4.5566e-01 -1.3246e+00 -4.0321e+00
436 0 +1.976995376e+00 +1.976995376e+00 +5.640699538e+01 +5.640699538e+01 +1.8578e+00 -2.3228e+00 +5.0000e+00 -7.2589e-01 +1.6885e+00 -4.1341e+00 -2.2961e+00 +1.2313e+00 -3.6156e+00 +4.4495e+00 +3.3982e+00 -3.3805e+00 -9.0412e-01 -3.3812e+00 -1.6531e+00 -1.9510e+00 -2.4680e+00 +4.5480e-01 -1.3249e+00 -4.0320e+00
468 0 +1.781893090e+00 +1.781893090e+00 +5.621189309e+01 +5.621189309e+01 +1.8560e+00 -2.3246e+00 +5.0000e+00 -7.2623e-01 +1.6885e+00 -4.1339e+00 -2.2961e+00 +1.2319e+00 -3.6157e+00 +4.4496e+00 +3.3984e+00 -3.3807e+00 -9.0411e-01 -3.3812e+00 -1.6530e+00 -1.9509e+00 -2.4681e+00 +4.5516e-01 -1.3248e+00 -4.0332e+00
498 0 +1.768114315e+00 +1.768114315e+00 +5.619811431e+01 +5.619811431e+01 +1.8569e+00 -2.3231e+00 +5.0000e+00 -7.2620e-01 +1.6888e+00 -4.1340e+00 -2.2961e+00 +1.2324e+00 -3.6156e+00 +4.4497e+00 +3.3983e+00 -3.3806e+00 -9.0409e-01 -3.3810e+00 -1.6529e+00 -1.9510e+00 -2.4676e+00 +4.5501e-01 -1.3249e+00 -4.0321e+00
538 0 +1.706640322e+00 +1.706640322e+00 +5.613664032e+01 +5.613664032e+01 +1.8564e+00 -2.3230e+00 +5.0000e+00 -7.2628e-01 +1.6887e+00 -4.1340e+00 -2.2962e+00 +1.2328e+00 -3.6151e+00 +4.4497e+00 +3.3983e+00 -3.3809e+00 -9.0407e-01 -3.3810e+00 -1.6528e+00 -1.9509e+00 -2.4673e+00 +4.5493e-01 -1.3249e+00 -4.0322e+00
553 0 +1.638091771e+00 +1.638091771e+00 +5.606809177e+01 +5.606809177e+01 +1.8568e+00 -2.3230e+00 +5.0000e+00 -7.2616e-01 +1.6888e+00 -4.1339e+00 -2.2961e+00 +1.2329e+00 -3.6156e+00 +4.4496e+00 +3.3983e+00 -3.3806e+00 -9.0409e-01 -3.3810e+00 -1.6528e+00 -1.9508e+00 -2.4677e+00 +4.5578e-01 -1.3251e+00 -4.0332e+00
574 0 +1.561419581e+00 +1.561419581e+00 +5.599141958e+01 +5.599141958e+01 +1.8568e+00 -2.3230e+00 +5.0000e+00 -7.2616e-01 +1.6891e+00 -4.1340e+00 -2.2961e+00 +1.2329e+00 -3.6156e+00 +4.4496e+00 +3.3983e+00 -3.3806e+00 -9.0409e-01 -3.3810e+00 -1.6525e+00 -1.9507e+00 -2.4677e+00 +4.5593e-01 -1.3251e+00 -4.0327e+00
575 0 +1.499181729e+00 +1.499181729e+00 +5.592918173e+01 +5.592918173e+01 +1.8569e+00 -2.3229e+00 +5.0000e+00 -7.2620e-01 +1.6888e+00 -4.1340e+00 -2.2961e+00 +1.2326e+00 -3.6156e+00 +4.4496e+00 +3.3983e+00 -3.3806e+00 -9.0415e-01 -3.3810e+00 -1.6527e+00 -1.9508e+00 -2.4677e+00 +4.5618e-01 -1.3252e+00 -4.0331e+00
652 0 +1.475800314e+00 +1.475800314e+00 +5.590580031e+01 +5.590580031e+01 +1.8569e+00 -2.3229e+00 +5.0000e+00 -7.2620e-01 +1.6888e+00 -4.1340e+00 -2.2961e+00 +1.2325e+00 -3.6156e+00 +4.4496e+00 +3.3983e+00 -3.3806e+00 -9.0418e-01 -3.3809e+00 -1.6527e+00 -1.9508e+00 -2.4677e+00 +4.5630e-01 -1.3251e+00 -4.0333e+00
684 0 +1.423472809e+00 +1.423472809e+00 +5.585347281e+01 +5.585347281e+01 +1.8568e+00 -2.3229e+00 +5.0000e+00 -7.2625e-01 +1.6887e+00 -4.1340e+00 -2.2961e+00 +1.2327e+00 -3.6156e+00 +4.4496e+00 +3.3983e+00 -3.3806e+00 -9.0418e-01 -3.3810e+00 -1.6527e+00 -1.9508e+00 -2.4677e+00 +4.5736e-01 -1.3254e+00 -4.0333e+00
699 0 +1.402202457e+00 +1.402202457e+00 +5.583220246e+01 +5.583220246e+01 +1.8568e+00 -2.3229e+00 +5.0000e+00 -7.2636e-01 +1.6887e+00 -4.1340e+00 -2.2961e+00 +1.2327e+00 -3.6156e+00 +4.4496e+00 +3.3983e+00 -3.3806e+00 -9.0417e-01 -3.3810e+00 -1.6527e+00 -1.9508e+00 -2.4677e+00 +4.5722e-01 -1.3255e+00 -4.0337e+00
741 0 +1.378656321e+00 +1.378656321e+00 +5.580865632e+01 +5.580865632e+01 +1.8568e+00 -2.3229e+00 +5.0000e+00 -7.2627e-01 +1.6887e+00 -4.1340e+00 -2.2961e+00 +1.2326e+00 -3.6156e+00 +4.4496e+00 +3.3983e+00 -3.3806e+00 -9.0417e-01 -3.3810e+00 -1.6527e+00 -1.9508e+00 -2.4677e+00 +4.5728e-01 -1.3255e+00 -4.0337e+00
% f evaluations | g evaluations | best noise-free fitness - Fopt | noise-free fitness - Fopt (1.396900000000e+02) | measured fitness | best measured fitness | x1 | x2...
1 0 +2.531634482e+01 +2.531634482e+01 +1.650063448e+02 +1.650063448e+02 +2.4420e+00 -3.1366e+00 -4.9298e+00 +4.8088e+00 -2.9321e+00 +5.1992e-01 -1.2896e+00 +3.1674e+00 -3.7455e+00 +2.7120e+00 -4.7547e+00 +4.1664e+00 +3.1152e+00 -2.4758e+00 +1.4392e+00 +3.7179e+00 -2.2186e+00 -3.0913e-01 +3.1618e-02 -4.8869e+00
2 0 +1.932073026e+01 +1.932073026e+01 +1.590107303e+02 +1.590107303e+02 +4.4493e+00 +4.1517e-01 -2.7294e+00 +3.7362e+00 -8.0560e-01 +1.7958e+00 +2.9331e+00 +2.2415e+00 +3.2744e-01 -1.0470e+00 -4.9088e+00 -4.2720e+00 +2.3814e-01 -2.4266e+00 -3.6526e+00 -7.3633e-01 -4.3521e+00 -2.0749e+00 +1.9828e+00 +3.3560e+00
3 0 +1.036774338e+01 +1.036774338e+01 +1.500577434e+02 +1.500577434e+02 -3.5797e+00 +3.1848e+00 -2.5125e+00 -1.5998e+00 +4.5153e-01 -4.6026e+00 +6.1585e-01 +3.6514e+00 +3.5486e+00 +3.5169e+00 -2.1502e+00 +2.2379e+00 +4.9044e+00 -3.2784e+00 +2.1993e+00 -3.1858e+00 +1.6926e+00 +2.5699e+00 +4.9415e+00 -4.9072e+00
5 0 +5.848178981e+00 +5.848178981e+00 +1.455381790e+02 +1.455381790e+02 -1.9562e+00 +3.8732e+00 +4.1805e+00 +2.8002e+00 -1.4544e+00 -4.4076e+00 +2.0646e+00 -1.9843e-01 -1.3034e-01 -4.9969e+00 -4.2033e+00 +7.1408e-01 +2.1536e+00 +1.3186e+00 -2.0296e+00 -9.8728e-01 -2.3028e+00 +4.7918e+00 -4.9813e+00 -2.1730e+00
80 0 +3.700317641e+00 +3.700317641e+00 +1.433903176e+02 +1.433903176e+02 -1.8924e+00 +1.9753e+00 +4.6760e+00 +2.7221e+00 +6.4150e-01 -4.3943e+00 +5.0000e+00 +1.4209e+00 -7.8745e-01 -5.0000e+00 -4.5690e+00 -2.1572e-02 +1.5928e+00 +1.3055e+00 -1.9858e+00 -9.9552e-01 -3.3416e+00 +2.3950e+00 -4.8268e+00 -2.1997e+00
316 0 +2.999372925e+00 +2.999372925e+00 +1.426893729e+02 +1.426893729e+02 -1.8923e+00 +1.9736e+00 +4.6608e+00 +2.6895e+00 +6.4217e-01 -4.3950e+00 +5.0000e+00 +1.4332e+00 -7.8761e-01 -5.0000e+00 -4.5685e+00 +1.0856e-02 +1.5990e+00 +1.2998e+00 -1.9977e+00 -1.0061e+00 -3.0551e+00 +2.4266e+00 -4.6452e+00 -2.1979e+00
365 0 +2.807567831e+00 +2.807567831e+00 +1.424975678e+02 +1.424975678e+02 -1.8949e+00 +1.9751e+00 +4.6584e+00 +2.6877e+00 +6.4234e-01 -4.3933e+00 +5.0000e+00 +1.4350e+00 -7.9138e-01 -5.0000e+00 -4.5675e+00 +1.0105e-02 +1.5990e+00 +1.2997e+00 -1.9939e+00 -1.0065e+00 -3.0553e+00 +2.4224e+00 -4.6478e+00 -2.1978e+00
370 0 +2.429793476e+00 +2.429793476e+00 +1.421197935e+02 +1.421197935e+02 -1.8903e+00 +1.9736e+00 +4.6607e+00 +2.6874e+00 +6.4200e-01 -4.3935e+00 +5.0000e+00 +1.4350e+00 -7.8443e-01 -5.0000e+00 -4.5692e+00 +1.1911e-02 +1.5990e+00 +1.3000e+00 -1.9986e+00 -1.0001e+00 -3.0583e+00 +2.4229e+00 -4.6452e+00 -2.1988e+00
424 0 +2.389687542e+00 +2.389687542e+00 +1.420796875e+02 +1.420796875e+02 -1.8910e+00 +1.9716e+00 +4.6559e+00 +2.6884e+00 +6.4202e-01 -4.3937e+00 +5.0000e+00 +1.4352e+00 -7.8633e-01 -5.0000e+00 -4.5697e+00 +1.1667e-02 +1.5991e+00 +1.3003e+00 -1.9990e+00 -1.0012e+00 -3.0584e+00 +2.4212e+00 -4.6444e+00 -2.1993e+00
429 0 +2.263286270e+00 +2.263286270e+00 +1.419532863e+02 +1.419532863e+02 -1.8940e+00 +1.9738e+00 +4.6604e+00 +2.6893e+00 +6.4207e-01 -4.3942e+00 +5.0000e+00 +1.4356e+00 -7.8661e-01 -5.0000e+00 -4.5694e+00 +1.2507e-02 +1.5987e+00 +1.3005e+00 -1.9988e+00 -1.0019e+00 -3.0589e+00 +2.4220e+00 -4.6430e+00 -2.1991e+00
448 0 +2.070148211e+00 +2.070148211e+00 +1.417601482e+02 +1.417601482e+02 -1.8916e+00 +1.9737e+00 +4.6607e+00 +2.6837e+00 +6.4161e-01 -4.3936e+00 +5.0000e+00 +1.4352e+00 -7.8670e-01 -5.0000e+00 -4.5690e+00 +1.1890e-02 +1.5990e+00 +1.2988e+00 -1.9986e+00 -1.0006e+00 -3.0611e+00 +2.4227e+00 -4.6463e+00 -2.1993e+00
467 0 +1.745591719e+00 +1.745591719e+00 +1.414355917e+02 +1.414355917e+02 -1.8916e+00 +1.9737e+00 +4.6607e+00 +2.6867e+00 +6.4162e-01 -4.3937e+00 +5.0000e+00 +1.4353e+00 -7.8626e-01 -5.0000e+00 -4.5691e+00 +1.1920e-02 +1.5990e+00 +1.2986e+00 -1.9986e+00 -1.0018e+00 -3.0639e+00 +2.4236e+00 -4.6446e+00 -2.1995e+00
485 0 +1.640093850e+00 +1.640093850e+00 +1.413300939e+02 +1.413300939e+02 -1.8916e+00 +1.9737e+00 +4.6607e+00 +2.6806e+00 +6.4176e-01 -4.3935e+00 +5.0000e+00 +1.4353e+00 -7.8406e-01 -5.0000e+00 -4.5683e+00 +1.1642e-02 +1.5990e+00 +1.2986e+00 -1.9983e+00 -1.0006e+00 -3.0623e+00 +2.4227e+00 -4.6463e+00 -2.1995e+00
536 0 +1.608684535e+00 +1.608684535e+00 +1.412986845e+02 +1.412986845e+02 -1.8919e+00 +1.9737e+00 +4.6607e+00 +2.6798e+00 +6.4176e-01 -4.3935e+00 +5.0000e+00 +1.4353e+00 -7.8555e-01 -5.0000e+00 -4.5681e+00 +1.1803e-02 +1.5990e+00 +1.2984e+00 -1.9982e+00 -1.0006e+00 -3.0634e+00 +2.4227e+00 -4.6469e+00 -2.1995e+00
544 0 +1.549078637e+00 +1.549078637e+00 +1.412390786e+02 +1.412390786e+02 -1.8916e+00 +1.9746e+00 +4.6616e+00 +2.6810e+00 +6.4174e-01 -4.3935e+00 +5.0000e+00 +1.4353e+00 -7.8238e-01 -5.0000e+00 -4.5687e+00 +1.1424e-02 +1.5990e+00 +1.2986e+00 -1.9981e+00 -1.0006e+00 -3.0636e+00 +2.4226e+00 -4.6490e+00 -2.1995e+00
573 0 +1.480317738e+00 +1.480317738e+00 +1.411703177e+02 +1.411703177e+02 -1.8916e+00 +1.9745e+00 +4.6614e+00 +2.6813e+00 +6.4175e-01 -4.3935e+00 +5.0000e+00 +1.4353e+00 -7.8264e-01 -5.0000e+00 -4.5688e+00 +1.1440e-02 +1.5990e+00 +1.2986e+00 -1.9981e+00 -1.0006e+00 -3.0640e+00 +2.4226e+00 -4.6499e+00 -2.1994e+00
576 0 +1.428674179e+00 +1.428674179e+00 +1.411186742e+02 +1.411186742e+02 -1.8916e+00 +1.9745e+00 +4.6610e+00 +2.6811e+00 +6.4191e-01 -4.3936e+00 +5.0000e+00 +1.4353e+00 -7.8236e-01 -5.0000e+00 -4.5684e+00 +1.1405e-02 +1.5990e+00 +1.2990e+00 -1.9981e+00 -1.0008e+00 -3.0632e+00 +2.4224e+00 -4.6497e+00 -2.1995e+00
582 0 +1.391408478e+00 +1.391408478e+00 +1.410814085e+02 +1.410814085e+02 -1.8916e+00 +1.9744e+00 +4.6616e+00 +2.6810e+00 +6.4167e-01 -4.3935e+00 +5.0000e+00 +1.4351e+00 -7.8158e-01 -5.0000e+00 -4.5684e+00 +1.1412e-02 +1.5990e+00 +1.2986e+00 -1.9979e+00 -1.0006e+00 -3.0626e+00 +2.4226e+00 -4.6502e+00 -2.1995e+00
640 0 +1.375257766e+00 +1.375257766e+00 +1.410652578e+02 +1.410652578e+02 -1.8916e+00 +1.9748e+00 +4.6615e+00 +2.6812e+00 +6.4177e-01 -4.3935e+00 +5.0000e+00 +1.4352e+00 -7.8190e-01 -5.0000e+00 -4.5687e+00 +1.1680e-02 +1.5990e+00 +1.2986e+00 -1.9981e+00 -1.0006e+00 -3.0637e+00 +2.4226e+00 -4.6508e+00 -2.1995e+00
703 0 +1.348090336e+00 +1.348090336e+00 +1.410380903e+02 +1.410380903e+02 -1.8916e+00 +1.9746e+00 +4.6615e+00 +2.6815e+00 +6.4176e-01 -4.3935e+00 +5.0000e+00 +1.4351e+00 -7.8253e-01 -5.0000e+00 -4.5687e+00 +1.1639e-02 +1.5990e+00 +1.2986e+00 -1.9981e+00 -1.0006e+00 -3.0638e+00 +2.4226e+00 -4.6501e+00 -2.1995e+00
% f evaluations | g evaluations | best noise-free fitness - Fopt | noise-free fitness - Fopt (-5.794000000000e+01) | measured fitness | best measured fitness | x1 | x2...
1 0 +1.955837159e+01 +1.955837159e+01 -3.838162841e+01 -3.838162841e+01 +3.2802e+00 -4.2045e+00 -9.5425e-02 -1.6279e-01 -4.1260e+00 +6.6223e-01 -3.0438e+00 +4.4722e+00 -2.2663e+00 +1.6489e+00 +9.7724e-01 +3.7691e+00 +4.7770e+00 +2.9061e+00 -4.0874e+00 +1.0684e+00 +2.2115e+00 -4.3149e+00 -1.3121e+00 +8.3666e-01
2 0 +1.730730748e+01 +1.730730748e+01 -4.063269252e+01 -4.063269252e+01 -5.2985e-01 +4.7865e+00 +4.6333e+00 +3.3547e+00 -4.6618e+00 -1.7999e+00 -4.0614e+00 -2.0380e+00 +1.5854e+00 -2.3240e+00 +4.9514e+00 +4.8303e+00 +6.8705e-01 -1.0024e+00 -4.5768e+00 -9.4570e-01 -2.8734e+00 +1.3690e+00 +3.3858e+00 -4.4115e+00
6 0 +8.251502657e+00 +8.251502657e+00 -4.968849734e+01 -4.968849734e+01 -1.1804e+00 +2.5422e+00 -3.8001e+00 -4.8697e+00 +2.7338e+00 -2.4332e+00 +1.1398e+00 -4.2751e+00 -1.2499e+00 -8.9308e-01 +4.6916e-01 -1.6969e+00 +2.0511e+00 -7.9193e-01 +3.0296e+00 +2.8015e+00 +2.9492e+00 -4.5862e-01 +3.4197e+00 +4.6917e+00
15 0 +7.502236845e+00 +7.502236845e+00 -5.043776316e+01 -5.043776316e+01 +2.7780e+00 +3.6854e+00 -4.2215e+00 -1.8094e+00 -1.3784e+00 +3.2781e-01 +2.3932e+00 +2.7392e+00 +1.3503e+00 -3.6392e+00 +6.8248e-01 +3.6525e+00 -1.4110e+00 +2.1134e+00 +4.6692e-01 -3.7102e+00 +4.1171e+00 +1.6963e+00 +4.2169e+00 -6.8005e-01
83 0 +7.272598993e+00 +7.272598993e+00 -5.066740101e+01 -5.066740101e+01 +1.0662e+00 +3.0707e+00 -5.0000e+00 -1.1942e+00 -1.7026e+00 +2.2304e+00 +2.3435e+00 +3.2404e+00 +2.4175e+00 -5.0000e+00 -6.9870e-01 +1.8854e+00 -2.1942e+00 +2.8448e+00 +9.1562e-01 -3.9111e+00 +3.7739e+00 +2.8657e+00 +1.8367e+00 -3.2785e-01
133 0 +5.447444828e+00 +5.447444828e+00 -5.249255517e+01 -5.249255517e+01 +2.6231e-01 +3.4802e+00 -5.0000e+00 -1.4967e+00 -2.3749e+00 -1.8132e+00 +2.6318e+00 +3.1823e+00 +1.8062e+00 -5.0000e+00 -3.4301e-01 +2.3327e+00 -2.1419e+00 +2.8126e+00 +9.3684e-01 -3.9495e+00 +3.1563e+00 +8.9452e-01 +1.8368e+00 -3.8052e-02
203 0 +4.536194499e+00 +4.536194499e+00 -5.340380550e+01 -5.340380550e+01 +2.6230e-01 +3.3493e+00 -5.0000e+00 -1.6553e+00 -1.0686e+00 -2.5994e+00 +2.5384e+00 +3.1737e+00 +1.8885e+00 -5.0000e+00 -3.9013e-01 +2.1187e+00 -2.1343e+00 +2.7042e+00 +5.4122e-01 -3.9483e+00 +2.9174e+00 +1.1999e+00 +1.8924e+00 +5.1591e-01
363 0 +3.942374465e+00 +3.942374465e+00 -5.399762554e+01 -5.399762554e+01 +2.6195e-01 +3.3498e+00 -5.0000e+00 -1.6551e+00 -1.0682e+00 -2.5999e+00 +2.5382e+00 +3.1737e+00 +1.8885e+00 -5.0000e+00 -3.8618e-01 +2.1199e+00 -2.1319e+00 +2.7040e+00 +5.3789e-01 -3.9483e+00 +2.9252e+00 +1.1998e+00 +1.8926e+00 +5.1844e-01
381 0 +3.529406608e+00 +3.529406608e+00 -5.441059339e+01 -5.441059339e+01 +2.6193e-01 +3.3492e+00 -5.0000e+00 -1.6538e+00 -1.0768e+00 -2.5988e+00 +2.5388e+00 +3.1715e+00 +1.8893e+00 -5.0000e+00 -3.9013e-01 +2.1187e+00 -2.1348e+00 +2.7035e+00 +5.4074e-01 -3.9484e+00 +2.9177e+00 +1.1998e+00 +1.8950e+00 +5.1697e-01
415 0 +3.183291076e+00 +3.183291076e+00 -5.475670892e+01 -5.475670892e+01 +2.6192e-01 +3.3498e+00 -5.0000e+00 -1.6535e+00 -1.0765e+00 -2.5991e+00 +2.5388e+00 +3.1721e+00 +1.8893e+00 -5.0000e+00 -3.9093e-01 +2.1193e+00 -2.1346e+00 +2.7033e+00 +5.4070e-01 -3.9484e+00 +2.9190e+00 +1.1998e+00 +1.8936e+00 +5.1664e-01
455 0 +2.856539810e+00 +2.856539810e+00 -5.508346019e+01 -5.508346019e+01 +2.6230e-01 +3.3492e+00 -5.0000e+00 -1.6530e+00 -1.0727e+00 -2.5957e+00 +2.5383e+00 +3.1723e+00 +1.8894e+00 -5.0000e+00 -3.8980e-01 +2.1189e+00 -2.1350e+00 +2.7038e+00 +5.4160e-01 -3.9486e+00 +2.9366e+00 +1.2001e+00 +1.8931e+00 +5.1686e-01
468 0 +2.739146101e+00 +2.739146101e+00 -5.520085390e+01 -5.520085390e+01 +2.6255e-01 +3.3492e+00 -5.0000e+00 -1.6534e+00 -1.0730e+00 -2.5955e+00 +2.5381e+00 +3.1725e+00 +1.8883e+00 -5.0000e+00 -3.8974e-01 +2.1190e+00 -2.1350e+00 +2.7037e+00 +5.4179e-01 -3.9485e+00 +2.9343e+00 +1.2001e+00 +1.8931e+00 +5.1691e-01
485 0 +2.553811507e+00 +2.553811507e+00 -5.538618849e+01 -5.538618849e+01 +2.6230e-01 +3.3492e+00 -5.0000e+00 -1.6530e+00 -1.0720e+00 -2.5941e+00 +2.5386e+00 +3.1726e+00 +1.8894e+00 -5.0000e+00 -3.8970e-01 +2.1189e+00 -2.1350e+00 +2.7037e+00 +5.4161e-01 -3.9488e+00 +2.9327e+00 +1.2001e+00 +1.8927e+00 +5.1687e-01
543 0 +2.429661847e+00 +2.429661847e+00 -5.551033815e+01 -5.551033815e+01 +2.6222e-01 +3.3492e+00 -5.0000e+00 -1.6528e+00 -1.0706e+00 -2.5928e+00 +2.5387e+00 +3.1714e+00 +1.8893e+00 -5.0000e+00 -3.8970e-01 +2.1188e+00 -2.1350e+00 +2.7036e+00 +5.4076e-01 -3.9485e+00 +2.9321e+00 +1.1985e+00 +1.8929e+00 +5.1853e-01
571 0 +2.343941417e+00 +2.343941417e+00 -5.559605858e+01 -5.559605858e+01 +2.6224e-01 +3.3491e+00 -5.0000e+00 -1.6529e+00 -1.0707e+00 -2.5914e+00 +2.5386e+00 +3.1716e+00 +1.8893e+00 -5.0000e+00 -3.8969e-01 +2.1188e+00 -2.1350e+00 +2.7035e+00 +5.4079e-01 -3.9485e+00 +2.9322e+00 +1.1985e+00 +1.8929e+00 +5.1841e-01
579 0 +2.271065116e+00 +2.271065116e+00 -5.566893488e+01 -5.566893488e+01 +2.6226e-01 +3.3492e+00 -5.0000e+00 -1.6527e+00 -1.0706e+00 -2.5914e+00 +2.5387e+00 +3.1715e+00 +1.8893e+00 -5.0000e+00 -3.8972e-01 +2.1188e+00 -2.1350e+00 +2.7037e+00 +5.4114e-01 -3.9485e+00 +2.9294e+00 +1.1989e+00 +1.8925e+00 +5.1834e-01
598 0 +2.185533341e+00 +2.185533341e+00 -5.575446666e+01 -5.575446666e+01 +2.6227e-01 +3.3492e+00 -5.0000e+00 -1.6529e+00 -1.0704e+00 -2.5909e+00 +2.5386e+00 +3.1715e+00 +1.8893e+00 -5.0000e+00 -3.8970e-01 +2.1189e+00 -2.1350e+00 +2.7037e+00 +5.4084e-01 -3.9485e+00 +2.9319e+00 +1.1975e+00 +1.8922e+00 +5.1854e-01
733 0 +2.125074248e+00 +2.125074248e+00 -5.581492575e+01 -5.581492575e+01 +2.6227e-01 +3.3492e+00 -5.0000e+00 -1.6529e+00 -1.0704e+00 -2.5909e+00 +2.5385e+00 +3.1715e+00 +1.8893e+00 -5.0000e+00 -3.8969e-01 +2.1189e+00 -2.1350e+00 +2.7038e+00 +5.4079e-01 -3.9485e+00 +2.9320e+00 +1.1974e+00 +1.8921e+00 +5.1853e-01
% f evaluations | g evaluations | best noise-free fitness - Fopt | noise-free fitness - Fopt (1.253900000000e+02) | measured fitness | best measured fitness | x1 | x2...
1 0 +9.298872475e+00 +9.298872475e+00 +1.346888725e+02 +1.346888725e+02 +1.5337e+00 -1.3207e+00 -2.4803e+00 +2.8659e+00 +3.3711e+00 -4.0198e+00 -2.5801e-01 +3.2765e-01 +3.1122e+00 +1.8695e+00 -1.8175e-01 +3.0666e+00 -1.2987e+00 -2.1137e+00 -1.8670e+00 -3.1482e+00 +2.7674e+00 -9.9243e-02 +4.9349e+00 -2.7047e+00
18 0 +8.826118673e+00 +8.826118673e+00 +1.342161187e+02 +1.342161187e+02 +2.3673e+00 +3.6046e+00 +4.5778e-01 +2.3377e+00 +2.0248e+00 +1.1580e+00 -2.5113e+00 -4.4899e+00 -2.4738e+00 -3.7213e+00 -1.7245e+00 -2.3676e+00 +8.0955e-01 -1.0865e+00 +3.1427e+00 +3.0246e-01 +3.7189e+00 +4.7855e-01 -1.4611e+00 -1.9957e+00
25 0 +6.662606363e+00 +6.662606363e+00 +1.320526064e+02 +1.320526064e+02 +2.5356e+00 -4.6103e+00 -1.8675e+00 +4.3201e+00 +2.7960e+00 -2.9030e+00 +4.8947e+00 -1.2483e+00 -4.0840e+00 +4.7203e-01 +2.1214e+00 -1.4928e+00 +1.5526e+00 -1.7867e+00 +3.8506e+00 -4.4544e+00 +1.0495e+00 -2.2948e+00 +4.2130e+00 +1.9203e+00
31 0 +5.597477735e+00 +5.597477735e+00 +1.309874777e+02 +1.309874777e+02 -2.8807e+00 +8.3283e-01 +2.6079e+00 -3.2697e+00 +3.7899e+00 +1.9265e+00 -1.6222e+00 -1.0454e+00 -4.5438e+00 -3.8853e+00 +3.9163e+00 -3.9012e+00 -7.0665e-01 -3.8300e-01 -4.5143e+00 -3.3070e+00 +4.3775e+00 -3.0268e+00 +4.9937e+00 -2.6311e+00
69 0 +5.035230295e+00 +5.035230295e+00 +1.304252303e+02 +1.304252303e+02 -1.1420e+00 -1.9959e+00 +4.6864e+00 -4.1884e+00 +4.8053e+00 +4.2158e+00 -1.2716e+00 -2.7867e+00 -4.7234e+00 -3.8950e+00 +1.3906e+00 -2.1620e+00 +1.9878e-01 -1.2370e+00 -5.0000e+00 +2.0530e+00 +4.8090e+00 -4.8490e+00 +1.4794e+00 -3.3854e+00
79 0 +4.764331264e+00 +4.764331264e+00 +1.301543313e+02 +1.301543313e+02 -2.9224e+00 +1.2158e+00 +5.0000e+00 -2.0344e+00 +2.9982e+00 +8.3469e-01 -1.6147e+00 -9.9075e-01 -2.6664e+00 -5.0000e+00 +4.0134e+00 -3.9119e+00 -7.3205e-01 +9.5383e-01 -9.0037e-01 -3.4586e+00 +4.4595e+00 -2.8207e+00 +3.7001e+00 -1.4270e+00
289 0 +4.431322847e+00 +4.431322847e+00 +1.298213228e+02 +1.298213228e+02 -2.9245e+00 +1.2157e+00 +5.0000e+00 -2.0407e+00 +3.0040e+00 +8.4019e-01 -1.6147e+00 -9.9074e-01 -2.6564e+00 -5.0000e+00 +4.0136e+00 -3.9120e+00 -7.3306e-01 +9.5240e-01 -8.8569e-01 -3.4585e+00 +4.4589e+00 -2.8195e+00 +3.7026e+00 -1.4369e+00
291 0 +3.929744924e+00 +3.929744924e+00 +1.293197449e+02 +1.293197449e+02 -2.9219e+00 +1.2159e+00 +5.0000e+00 -2.0553e+00 +2.9994e+00 +8.3446e-01 -1.6213e+00 -9.9854e-01 -2.6689e+00 -5.0000e+00 +4.0065e+00 -3.9300e+00 -7.2964e-01 +9.1374e-01 -9.1101e-01 -3.4585e+00 +4.4608e+00 -2.8207e+00 +3.7001e+00 -1.4257e+00
316 0 +3.863950902e+00 +3.863950902e+00 +1.292539509e+02 +1.292539509e+02 -2.9220e+00 +1.2159e+00 +5.0000e+00 -2.0524e+00 +3.0022e+00 +8.3420e-01 -1.6243e+00 -9.9562e-01 -2.6683e+00 -5.0000e+00 +4.0072e+00 -3.9168e+00 -7.2970e-01 +9.2698e-01 -9.1311e-01 -3.4586e+00 +4.4607e+00 -2.8210e+00 +3.6981e+00 -1.4255e+00
337 0 +3.738163481e+00 +3.738163481e+00 +1.291281635e+02 +1.291281635e+02 -2.9221e+00 +1.2160e+00 +5.0000e+00 -2.0576e+00 +2.9996e+00 +8.3505e-01 -1.6230e+00 -1.0023e+00 -2.6769e+00 -5.0000e+00 +4.0036e+00 -3.9300e+00 -7.2777e-01 +9.0847e-01 -9.1166e-01 -3.4588e+00 +4.4597e+00 -2.8205e+00 +3.7001e+00 -1.4192e+00
358 0 +3.251831801e+00 +3.251831801e+00 +1.286418318e+02 +1.286418318e+02 -2.9218e+00 +1.2179e+00 +5.0000e+00 -2.0584e+00 +2.9943e+00 +8.3168e-01 -1.6197e+00 -9.8367e-01 -2.6634e+00 -5.0000e+00 +4.0100e+00 -3.9352e+00 -7.2652e-01 +9.2522e-01 -9.1073e-01 -3.4586e+00 +4.4605e+00 -2.8205e+00 +3.6972e+00 -1.4322e+00
365 0 +2.914858632e+00 +2.914858632e+00 +1.283048586e+02 +1.283048586e+02 -2.9218e+00 +1.2175e+00 +5.0000e+00 -2.0585e+00 +2.9944e+00 +8.3255e-01 -1.6198e+00 -9.8491e-01 -2.6661e+00 -5.0000e+00 +4.0110e+00 -3.9365e+00 -7.2587e-01 +9.2056e-01 -9.1129e-01 -3.4549e+00 +4.4609e+00 -2.8206e+00 +3.6964e+00 -1.4266e+00
366 0 +2.806114865e+00 +2.806114865e+00 +1.281961149e+02 +1.281961149e+02 -2.9218e+00 +1.2174e+00 +5.0000e+00 -2.0588e+00 +2.9935e+00 +8.3155e-01 -1.6195e+00 -9.7799e-01 -2.6609e+00 -5.0000e+00 +4.0087e+00 -3.9368e+00 -7.2774e-01 +9.2240e-01 -9.0951e-01 -3.4588e+00 +4.4616e+00 -2.8205e+00 +3.6968e+00 -1.4353e+00
376 0 +2.460740875e+00 +2.460740875e+00 +1.278507409e+02 +1.278507409e+02 -2.9238e+00 +1.2181e+00 +5.0000e+00 -2.0590e+00 +2.9947e+00 +8.3189e-01 -1.6225e+00 -9.7756e-01 -2.6652e+00 -5.0000e+00 +4.0110e+00 -3.9398e+00 -7.2568e-01 +9.1417e-01 -9.0937e-01 -3.4585e+00 +4.4628e+00 -2.8206e+00 +3.7072e+00 -1.4057e+00
416 0 +2.199785732e+00 +2.199785732e+00 +1.275897857e+02 +1.275897857e+02 -2.9230e+00 +1.2194e+00 +5.0000e+00 -2.0596e+00 +2.9947e+00 +8.3211e-01 -1.6240e+00 -9.7621e-01 -2.6647e+00 -5.0000e+00 +4.0110e+00 -3.9369e+00 -7.2546e-01 +9.0411e-01 -9.0897e-01 -3.4585e+00 +4.4622e+00 -2.8209e+00 +3.7100e+00 -1.3954e+00
426 0 +2.179869387e+00 +2.179869387e+00 +1.275698694e+02 +1.275698694e+02 -2.9237e+00 +1.2181e+00 +5.0000e+00 -2.0544e+00 +2.9953e+00 +8.3184e-01 -1.6240e+00 -9.7379e-01 -2.6652e+00 -5.0000e+00 +4.0101e+00 -3.9403e+00 -7.2569e-01 +9.1232e-01 -9.0944e-01 -3.4586e+00 +4.4628e+00 -2.8205e+00 +3.7043e+00 -1.4060e+00
475 0 +2.109448040e+00 +2.109448040e+00 +1.274994480e+02 +1.274994480e+02 -2.9229e+00 +1.2179e+00 +5.0000e+00 -2.0551e+00 +2.9953e+00 +8.3170e-01 -1.6240e+00 -9.7323e-01 -2.6652e+00 -5.0000e+00 +4.0101e+00 -3.9391e+00 -7.2569e-01 +9.1319e-01 -9.0692e-01 -3.4585e+00 +4.4631e+00 -2.8205e+00 +3.7039e+00 -1.4067e+00
483 0 +1.978151118e+00 +1.978151118e+00 +1.273681511e+02 +1.273681511e+02 -2.9240e+00 +1.2181e+00 +5.0000e+00 -2.0545e+00 +2.9952e+00 +8.3208e-01 -1.6237e+00 -9.7210e-01 -2.6652e+00 -5.0000e+00 +4.0119e+00 -3.9392e+00 -7.2489e-01 +9.1197e-01 -9.0942e-01 -3.4586e+00 +4.4627e+00 -2.8205e+00 +3.7040e+00 -1.4083e+00
495 0 +1.937903642e+00 +1.937903642e+00 +1.273279036e+02 +1.273279036e+02 -2.9238e+00 +1.2181e+00 +5.0000e+00 -2.0540e+00 +2.9950e+00 +8.3188e-01 -1.6236e+00 -9.7292e-01 -2.6655e+00 -5.0000e+00 +4.0127e+00 -3.9395e+00 -7.2574e-01 +9.1281e-01 -9.0941e-01 -3.4586e+00 +4.4634e+00 -2.8205e+00 +3.7057e+00 -1.4059e+00
558 0 +1.850107205e+00 +1.850107205e+00 +1.272401072e+02 +1.272401072e+02 -2.9236e+00 +1.2181e+00 +5.0000e+00 -2.0540e+00 +2.9952e+00 +8.3198e-01 -1.6257e+00 -9.7315e-01 -2.6654e+00 -5.0000e+00 +4.0119e+00 -3.9377e+00 -7.2568e-01 +9.1337e-01 -9.0937e-01 -3.4593e+00 +4.4634e+00 -2.8205e+00 +3.7057e+00 -1.4061e+00
573 0 +1.806715195e+00 +1.806715195e+00 +1.271967152e+02 +1.271967152e+02 -2.9236e+00 +1.2181e+00 +5.0000e+00 -2.0535e+00 +2.9951e+00 +8.3194e-01 -1.6263e+00 -9.7317e-01 -2.6654e+00 -5.0000e+00 +4.0113e+00 -3.9382e+00 -7.2568e-01 +9.1346e-01 -9.0936e-01 -3.4595e+00 +4.4633e+00 -2.8205e+00 +3.7054e+00 -1.4064e+00
581 0 +1.747729203e+00 +1.747729203e+00 +1.271377292e+02 +1.271377292e+02 -2.9235e+00 +1.2181e+00 +5.0000e+00 -2.0541e+00 +2.9952e+00 +8.3195e-01 -1.6264e+00 -9.7374e-01 -2.6654e+00 -5.0000e+00 +4.0114e+00 -3.9379e+00 -7.2581e-01 +9.1352e-01 -9.0936e-01 -3.4588e+00 +4.4632e+00 -2.8205e+00 +3.7059e+00 -1.4061e+00
612 0 +1.729444406e+00 +1.729444406e+00 +1.271194444e+02 +1.271194444e+02 -2.9236e+00 +1.2181e+00 +5.0000e+00 -2.0540e+00 +2.9952e+00 +8.3199e-01 -1.6267e+00 -9.7324e-01 -2.6654e+00 -5.0000e+00 +4.0115e+00 -3.9386e+00 -7.2567e-01 +9.1334e-01 -9.0939e-01 -3.4591e+00 +4.4634e+00 -2.8205e+00 +3.7065e+00 -1.4053e+00
637 0 +1.643760650e+00 +1.643760650e+00 +1.270337607e+02 +1.270337607e+02 -2.9236e+00 +1.2181e+00 +5.0000e+00 -2.0540e+00 +2.9952e+00 +8.3199e-01 -1.6271e+00 -9.7277e-01 -2.6654e+00 -5.0000e+00 +4.0116e+00 -3.9393e+00 -7.2570e-01 +9.1335e-01 -9.0950e-01 -3.4592e+00 +4.4634e+00 -2.8205e+00 +3.7067e+00 -1.4056e+00
677 0 +1.616554254e+00 +1.616554254e+00 +1.270065543e+02 +1.270065543e+02 -2.9236e+00 +1.2181e+00 +5.0000e+00 -2.0541e+00 +2.9952e+00 +8.3198e-01 -1.6269e+00 -9.7259e-01 -2.6654e+00 -5.0000e+00 +4.0116e+00 -3.9396e+00 -7.2569e-01 +9.1336e-01 -9.0945e-01 -3.4592e+00 +4.4634e+00 -2.8205e+00 +3.7067e+00 -1.4065e+00
732 0 +1.578074468e+00 +1.578074468e+00 +1.269680745e+02 +1.269680745e+02 -2.9236e+00 +1.2181e+00 +5.0000e+00 -2.0540e+00 +2.9952e+00 +8.3198e-01 -1.6272e+00 -9.7304e-01 -2.6654e+00 -5.0000e+00 +4.0118e+00 -3.9396e+00 -7.2570e-01 +9.1335e-01 -9.0950e-01 -3.4593e+00 +4.4634e+00 -2.8205e+00 +3.7066e+00 -1.4059e+00
819 0 +1.546602404e+00 +1.546602404e+00 +1.269366024e+02 +1.269366024e+02 -2.9236e+00 +1.2181e+00 +5.0000e+00 -2.0540e+00 +2.9952e+00 +8.3198e-01 -1.6271e+00 -9.7295e-01 -2.6654e+00 -5.0000e+00 +4.0117e+00 -3.9397e+00 -7.2570e-01 +9.1336e-01 -9.0956e-01 -3.4593e+00 +4.4634e+00 -2.8205e+00 +3.7066e+00 -1.4059e+00
