% f evaluations | g evaluations | best noise-free fitness - Fopt | noise-free fitness - Fopt (6.870000000000e+00) | measured fitness | best measured fitness | x1 | x2...
1 0 +5.113208750e+01 +5.113208750e+01 +5.800208750e+01 +5.800208750e+01 -2.2534e+00 -1.7791e+00 -2.8057e+00
2 0 +3.837661205e+01 +3.837661205e+01 +4.524661205e+01 +4.524661205e+01 -3.1584e+00 -1.6612e+00 +3.5521e+00
4 0 +1.212569674e+01 +1.212569674e+01 +1.899569674e+01 +1.899569674e+01 -2.5580e+00 -4.7815e+00 +5.8259e-02
6 0 +6.357444582e+00 +6.357444582e+00 +1.322744458e+01 +1.322744458e+01 -4.5650e+00 +3.3260e+00 -4.2789e+00
33 0 +4.672244490e+00 +4.672244490e+00 +1.154224449e+01 +1.154224449e+01 +1.6509e-01 -3.4948e+00 -2.8567e+00
59 0 +3.087187920e+00 +3.087187920e+00 +9.957187920e+00 +9.957187920e+00 +6.0030e-02 -2.8946e+00 -2.5989e+00
207 0 +2.918437348e+00 +2.918437348e+00 +9.788437348e+00 +9.788437348e+00 +6.1057e-02 -2.8939e+00 -2.5970e+00
210 0 +2.593106545e+00 +2.593106545e+00 +9.463106545e+00 +9.463106545e+00 +6.1677e-02 -2.8980e+00 -2.6008e+00
263 0 +1.732365054e+00 +1.732365054e+00 +8.602365054e+00 +8.602365054e+00 +6.1319e-02 -2.8979e+00 -2.5941e+00
343 0 +1.540202548e+00 +1.540202548e+00 +8.410202548e+00 +8.410202548e+00 +6.0259e-02 -2.8943e+00 -2.5914e+00
363 0 +1.140204525e+00 +1.140204525e+00 +8.010204525e+00 +8.010204525e+00 +5.9811e-02 -2.8950e+00 -2.5917e+00
438 0 +1.039004036e+00 +1.039004036e+00 +7.909004036e+00 +7.909004036e+00 +5.9742e-02 -2.8954e+00 -2.5918e+00
467 0 +1.003225230e+00 +1.003225230e+00 +7.873225230e+00 +7.873225230e+00 +5.9744e-02 -2.8954e+00 -2.5918e+00
613 0 +9.997332530e-01 +9.997332530e-01 +7.869733253e+00 +7.869733253e+00 +5.9748e-02 -2.8954e+00 -2.5918e+00
% f evaluations | g evaluations | best noise-free fitness - Fopt | noise-free fitness - Fopt (1.000000000000e-02) | measured fitness | best measured fitness | x1 | x2...
1 0 +4.255292015e+01 +4.255292015e+01 +4.256292015e+01 +4.256292015e+01 +2.4902e+00 -1.9991e+00 -1.5714e+00
2 0 +1.036029882e+01 +1.036029882e+01 +1.037029882e+01 +1.037029882e+01 +1.9403e+00 -2.5962e+00 -5.1744e-01
19 0 +5.922412720e+00 +5.922412720e+00 +5.932412720e+00 +5.932412720e+00 +2.1595e+00 +3.6968e+00 -7.5655e-01
144 0 +5.345486390e+00 +5.345486390e+00 +5.355486390e+00 +5.355486390e+00 +9.0260e-01 +3.8096e+00 -2.4203e-01
166 0 +4.805841998e+00 +4.805841998e+00 +4.815841998e+00 +4.815841998e+00 +1.0964e+00 +3.8137e+00 -4.3555e-01
237 0 +1.597119678e+00 +1.597119678e+00 +1.607119678e+00 +1.607119678e+00 +1.1079e+00 +3.8151e+00 -4.2398e-01
318 0 +1.500449970e+00 +1.500449970e+00 +1.510449970e+00 +1.510449970e+00 +1.1080e+00 +3.8151e+00 -4.2397e-01
345 0 +1.453765846e+00 +1.453765846e+00 +1.463765846e+00 +1.463765846e+00 +1.1081e+00 +3.8152e+00 -4.2419e-01
393 0 +1.439500910e+00 +1.439500910e+00 +1.449500910e+00 +1.449500910e+00 +1.1082e+00 +3.8151e+00 -4.2429e-01
520 0 +1.341281787e+00 +1.341281787e+00 +1.351281787e+00 +1.351281787e+00 +1.1082e+00 +3.8158e+00 -4.2391e-01
573 0 +1.287124294e+00 +1.287124294e+00 +1.297124294e+00 +1.297124294e+00 +1.1082e+00 +3.8161e+00 -4.2391e-01
589 0 +1.256619075e+00 +1.256619075e+00 +1.266619075e+00 +1.266619075e+00 +1.1082e+00 +3.8162e+00 -4.2394e-01
678 0 +1.218031782e+00 +1.218031782e+00 +1.228031782e+00 +1.228031782e+00 +1.1082e+00 +3.8165e+00 -4.2386e-01
987 0 +1.202202138e+00 +1.202202138e+00 +1.212202138e+00 +1.212202138e+00 +1.1082e+00 +3.8166e+00 -4.2383e-01
% f evaluations | g evaluations | best noise-free fitness - Fopt | noise-free fitness - Fopt (-1.306100000000e+02) | measured fitness | best measured fitness | x1 | x2...
1 0 +1.172196433e+01 +1.172196433e+01 -1.188880357e+02 -1.188880357e+02 -1.5210e+00 +3.7612e+00 -1.1798e+00
9 0 +1.142350072e+01 +1.142350072e+01 -1.191864993e+02 -1.191864993e+02 -4.2747e+00 +3.0496e+00 -1.1136e+00
34 0 +9.305247663e+00 +9.305247663e+00 -1.213047523e+02 -1.213047523e+02 +2.9655e+00 +3.5432e-01 -8.7557e-01
52 0 +8.976412645e+00 +8.976412645e+00 -1.216335874e+02 -1.216335874e+02 +1.5004e+00 +2.4789e+00 -1.7899e-01
71 0 +2.383839664e+00 +2.383839664e+00 -1.282261603e+02 -1.282261603e+02 +1.6013e+00 +7.7914e-02 -1.4617e+00
114 0 +1.829528699e+00 +1.829528699e+00 -1.287804713e+02 -1.287804713e+02 +1.5508e+00 -1.5104e-01 -2.2501e+00
202 0 +1.621644815e+00 +1.621644815e+00 -1.289883552e+02 -1.289883552e+02 +1.1909e+00 -1.3136e-01 -2.2696e+00
271 0 +1.400878225e+00 +1.400878225e+00 -1.292091218e+02 -1.292091218e+02 +1.1875e+00 -1.3129e-01 -2.2693e+00
358 0 +1.238437126e+00 +1.238437126e+00 -1.293715629e+02 -1.293715629e+02 +1.1881e+00 -1.3129e-01 -2.2694e+00
387 0 +1.165852557e+00 +1.165852557e+00 -1.294441474e+02 -1.294441474e+02 +1.1880e+00 -1.3159e-01 -2.2694e+00
404 0 +1.128311568e+00 +1.128311568e+00 -1.294816884e+02 -1.294816884e+02 +1.1887e+00 -1.3129e-01 -2.2694e+00
420 0 +1.117112080e+00 +1.117112080e+00 -1.294928879e+02 -1.294928879e+02 +1.1890e+00 -1.3126e-01 -2.2694e+00
428 0 +1.090431784e+00 +1.090431784e+00 -1.295195682e+02 -1.295195682e+02 +1.1885e+00 -1.3130e-01 -2.2696e+00
430 0 +1.056082333e+00 +1.056082333e+00 -1.295539177e+02 -1.295539177e+02 +1.1891e+00 -1.3131e-01 -2.2694e+00
567 0 +1.030923118e+00 +1.030923118e+00 -1.295790769e+02 -1.295790769e+02 +1.1888e+00 -1.3133e-01 -2.2696e+00
632 0 +1.021208739e+00 +1.021208739e+00 -1.295887913e+02 -1.295887913e+02 +1.1887e+00 -1.3134e-01 -2.2696e+00
% f evaluations | g evaluations | best noise-free fitness - Fopt | noise-free fitness - Fopt (-2.231200000000e+02) | measured fitness | best measured fitness | x1 | x2...
1 0 +3.703161158e+00 +3.703161158e+00 -2.194168388e+02 -2.194168388e+02 +2.6478e+00 +2.0273e+00 -5.8052e-02
47 0 +3.611398955e+00 +3.611398955e+00 -2.195086010e+02 -2.195086010e+02 +1.9145e+00 +1.0852e+00 +2.1253e-01
252 0 +3.320331301e+00 +3.320331301e+00 -2.197996687e+02 -2.197996687e+02 +1.9180e+00 +1.0864e+00 +2.3175e-01
278 0 +3.096197107e+00 +3.096197107e+00 -2.200238029e+02 -2.200238029e+02 +1.9178e+00 +1.0869e+00 +2.3035e-01
281 0 +2.914579035e+00 +2.914579035e+00 -2.202054210e+02 -2.202054210e+02 +1.9177e+00 +1.0864e+00 +2.3048e-01
292 0 +2.521509829e+00 +2.521509829e+00 -2.205984902e+02 -2.205984902e+02 +1.9181e+00 +1.0810e+00 +2.2758e-01
316 0 +2.336470405e+00 +2.336470405e+00 -2.207835296e+02 -2.207835296e+02 +1.9180e+00 +1.0811e+00 +2.2782e-01
323 0 +1.787710366e+00 +1.787710366e+00 -2.213322896e+02 -2.213322896e+02 +1.9180e+00 +1.0819e+00 +2.2904e-01
330 0 +1.592923362e+00 +1.592923362e+00 -2.215270766e+02 -2.215270766e+02 +1.9181e+00 +1.0802e+00 +2.2946e-01
347 0 +1.480021331e+00 +1.480021331e+00 -2.216399787e+02 -2.216399787e+02 +1.9180e+00 +1.0793e+00 +2.2922e-01
372 0 +1.310061052e+00 +1.310061052e+00 -2.218099389e+02 -2.218099389e+02 +1.9181e+00 +1.0788e+00 +2.2969e-01
427 0 +1.257048464e+00 +1.257048464e+00 -2.218629515e+02 -2.218629515e+02 +1.9179e+00 +1.0790e+00 +2.2922e-01
487 0 +1.217306926e+00 +1.217306926e+00 -2.219026931e+02 -2.219026931e+02 +1.9179e+00 +1.0790e+00 +2.2934e-01
531 0 +1.201090406e+00 +1.201090406e+00 -2.219189096e+02 -2.219189096e+02 +1.9179e+00 +1.0790e+00 +2.2938e-01
555 0 +1.164324777e+00 +1.164324777e+00 -2.219556752e+02 -2.219556752e+02 +1.9179e+00 +1.0790e+00 +2.2942e-01
% f evaluations | g evaluations | best noise-free fitness - Fopt | noise-free fitness - Fopt (-4.443000000000e+01) | measured fitness | best measured fitness | x1 | x2...
1 0 +2.858613481e+01 +2.858613481e+01 -1.584386519e+01 -1.584386519e+01 -3.5171e-02 -3.4999e+00 +8.4605e-01
2 0 +1.176010683e+01 +1.176010683e+01 -3.266989317e+01 -3.266989317e+01 +2.4612e+00 +4.6042e+00 +2.9685e+00
17 0 +5.963744797e+00 +5.963744797e+00 -3.846625520e+01 -3.846625520e+01 +4.9372e+00 -3.5765e+00 +3.0149e+00
18 0 +5.858680776e+00 +5.858680776e+00 -3.857131922e+01 -3.857131922e+01 -2.3526e+00 +2.9202e+00 -2.7756e+00
55 0 +5.721664009e+00 +5.721664009e+00 -3.870833599e+01 -3.870833599e+01 -1.4794e+00 +2.3923e+00 -4.8854e+00
67 0 +3.597806902e+00 +3.597806902e+00 -4.083219310e+01 -4.083219310e+01 -2.1709e+00 +4.8641e-01 -2.1342e+00
139 0 +2.196166076e+00 +2.196166076e+00 -4.223383392e+01 -4.223383392e+01 -2.2185e+00 -1.9644e+00 -1.2721e+00
267 0 +2.029213484e+00 +2.029213484e+00 -4.240078652e+01 -4.240078652e+01 -2.2139e+00 -1.9604e+00 -1.2736e+00
318 0 +1.511958569e+00 +1.511958569e+00 -4.291804143e+01 -4.291804143e+01 -2.2110e+00 -1.9620e+00 -1.2774e+00
364 0 +5.135483588e-01 +5.135483588e-01 -4.391645164e+01 -4.391645164e+01 -2.2099e+00 -1.9656e+00 -1.2773e+00
406 0 +4.225520136e-01 +4.225520136e-01 -4.400744799e+01 -4.400744799e+01 -2.2110e+00 -1.9654e+00 -1.2774e+00
416 0 +2.955219005e-01 +2.955219005e-01 -4.413447810e+01 -4.413447810e+01 -2.2101e+00 -1.9654e+00 -1.2774e+00
433 0 +2.816060622e-01 +2.816060622e-01 -4.414839394e+01 -4.414839394e+01 -2.2105e+00 -1.9658e+00 -1.2774e+00
456 0 +2.502587602e-01 +2.502587602e-01 -4.417974124e+01 -4.417974124e+01 -2.2109e+00 -1.9661e+00 -1.2776e+00
474 0 +2.128765837e-01 +2.128765837e-01 -4.421712342e+01 -4.421712342e+01 -2.2109e+00 -1.9661e+00 -1.2775e+00
480 0 +1.791140671e-01 +1.791140671e-01 -4.425088593e+01 -4.425088593e+01 -2.2112e+00 -1.9656e+00 -1.2771e+00
524 0 +1.633464597e-01 +1.633464597e-01 -4.426665354e+01 -4.426665354e+01 -2.2112e+00 -1.9655e+00 -1.2770e+00
547 0 +1.514701233e-01 +1.514701233e-01 -4.427852988e+01 -4.427852988e+01 -2.2113e+00 -1.9657e+00 -1.2771e+00
571 0 +1.511375168e-01 +1.511375168e-01 -4.427886248e+01 -4.427886248e+01 -2.2113e+00 -1.9657e+00 -1.2770e+00
573 0 +1.404640573e-01 +1.404640573e-01 -4.428953594e+01 -4.428953594e+01 -2.2112e+00 -1.9657e+00 -1.2771e+00
587 0 +1.346753830e-01 +1.346753830e-01 -4.429532462e+01 -4.429532462e+01 -2.2113e+00 -1.9658e+00 -1.2771e+00
603 0 +1.226925258e-01 +1.226925258e-01 -4.430730747e+01 -4.430730747e+01 -2.2112e+00 -1.9658e+00 -1.2771e+00
759 0 +1.201338552e-01 +1.201338552e-01 -4.430986614e+01 -4.430986614e+01 -2.2112e+00 -1.9658e+00 -1.2771e+00
% f evaluations | g evaluations | best noise-free fitness - Fopt | noise-free fitness - Fopt (2.557800000000e+02) | measured fitness | best measured fitness | x1 | x2...
1 0 +2.144412004e+01 +2.144412004e+01 +2.772241200e+02 +2.772241200e+02 +5.1187e-01 +3.5368e+00 +3.2705e+00
4 0 +1.363355563e+01 +1.363355563e+01 +2.694135556e+02 +2.694135556e+02 +3.7982e+00 -3.3361e+00 +1.5139e+00
7 0 +1.325551345e+01 +1.325551345e+01 +2.690355134e+02 +2.690355134e+02 -1.7268e+00 +3.6042e-01 -4.5400e+00
12 0 +1.031604862e+01 +1.031604862e+01 +2.660960486e+02 +2.660960486e+02 +4.4077e+00 +2.7426e+00 -1.6795e-01
19 0 +3.253425480e+00 +3.253425480e+00 +2.590334255e+02 +2.590334255e+02 +2.7921e+00 -8.1087e-01 +1.7651e+00
155 0 +2.982726617e+00 +2.982726617e+00 +2.587627266e+02 +2.587627266e+02 +2.7793e+00 -7.0905e-01 +1.9609e+00
250 0 +2.297785892e+00 +2.297785892e+00 +2.580777859e+02 +2.580777859e+02 +2.7927e+00 -9.5126e-01 +2.0626e+00
312 0 +1.612292131e+00 +1.612292131e+00 +2.573922921e+02 +2.573922921e+02 +2.7916e+00 -9.4845e-01 +2.0628e+00
374 0 +1.346443099e+00 +1.346443099e+00 +2.571264431e+02 +2.571264431e+02 +2.7925e+00 -9.5080e-01 +2.0655e+00
404 0 +1.241893973e+00 +1.241893973e+00 +2.570218940e+02 +2.570218940e+02 +2.7916e+00 -9.4817e-01 +2.0642e+00
419 0 +1.069286239e+00 +1.069286239e+00 +2.568492862e+02 +2.568492862e+02 +2.7916e+00 -9.4840e-01 +2.0643e+00
427 0 +7.947194825e-01 +7.947194825e-01 +2.565747195e+02 +2.565747195e+02 +2.7916e+00 -9.4976e-01 +2.0668e+00
521 0 +7.469976396e-01 +7.469976396e-01 +2.565269976e+02 +2.565269976e+02 +2.7916e+00 -9.4935e-01 +2.0664e+00
557 0 +6.933004458e-01 +6.933004458e-01 +2.564733004e+02 +2.564733004e+02 +2.7920e+00 -9.4976e-01 +2.0661e+00
577 0 +6.901147523e-01 +6.901147523e-01 +2.564701148e+02 +2.564701148e+02 +2.7919e+00 -9.4974e-01 +2.0662e+00
584 0 +6.753776218e-01 +6.753776218e-01 +2.564553776e+02 +2.564553776e+02 +2.7920e+00 -9.4976e-01 +2.0663e+00
589 0 +6.269581251e-01 +6.269581251e-01 +2.564069581e+02 +2.564069581e+02 +2.7921e+00 -9.4977e-01 +2.0661e+00
617 0 +6.092995277e-01 +6.092995277e-01 +2.563892995e+02 +2.563892995e+02 +2.7921e+00 -9.4976e-01 +2.0659e+00
628 0 +5.821856076e-01 +5.821856076e-01 +2.563621856e+02 +2.563621856e+02 +2.7921e+00 -9.4976e-01 +2.0660e+00
732 0 +5.752600286e-01 +5.752600286e-01 +2.563552600e+02 +2.563552600e+02 +2.7921e+00 -9.4976e-01 +2.0660e+00
% f evaluations | g evaluations | best noise-free fitness - Fopt | noise-free fitness - Fopt (1.000000000000e+03) | measured fitness | best measured fitness | x1 | x2...
1 0 +2.160346807e+01 +2.160346807e+01 +1.021603468e+03 +1.021603468e+03 -1.7420e+00 -2.2493e+00 -6.8595e-01
4 0 +1.509907681e+01 +1.509907681e+01 +1.015099077e+03 +1.015099077e+03 -1.9080e+00 +2.4605e+00 -1.8305e+00
8 0 +1.332315386e+01 +1.332315386e+01 +1.013323154e+03 +1.013323154e+03 -6.1578e-01 -1.8819e+00 -4.8570e+00
11 0 +3.194208483e+00 +3.194208483e+00 +1.003194208e+03 +1.003194208e+03 -1.3070e-02 -4.7985e+00 -4.6769e+00
175 0 +3.058758633e+00 +3.058758633e+00 +1.003058759e+03 +1.003058759e+03 -6.5848e-02 -5.0000e+00 -4.6817e+00
192 0 +1.267433764e+00 +1.267433764e+00 +1.001267434e+03 +1.001267434e+03 -2.8937e-03 -4.8017e+00 -4.6770e+00
209 0 +3.529511251e-01 +3.529511251e-01 +1.000352951e+03 +1.000352951e+03 -4.8469e-03 -4.7990e+00 -4.6773e+00
323 0 +3.309389682e-01 +3.309389682e-01 +1.000330939e+03 +1.000330939e+03 -5.1354e-03 -4.7987e+00 -4.6766e+00
335 0 +3.129807638e-01 +3.129807638e-01 +1.000312981e+03 +1.000312981e+03 -4.8460e-03 -4.7989e+00 -4.6774e+00
347 0 +2.828682776e-01 +2.828682776e-01 +1.000282868e+03 +1.000282868e+03 -5.1091e-03 -4.7988e+00 -4.6774e+00
369 0 +2.581329812e-01 +2.581329812e-01 +1.000258133e+03 +1.000258133e+03 -5.2108e-03 -4.7989e+00 -4.6776e+00
409 0 +2.476670783e-01 +2.476670783e-01 +1.000247667e+03 +1.000247667e+03 -5.2684e-03 -4.7988e+00 -4.6773e+00
426 0 +2.419567402e-01 +2.419567402e-01 +1.000241957e+03 +1.000241957e+03 -5.2336e-03 -4.7988e+00 -4.6773e+00
437 0 +2.329785173e-01 +2.329785173e-01 +1.000232979e+03 +1.000232979e+03 -5.3151e-03 -4.7987e+00 -4.6772e+00
468 0 +2.273127601e-01 +2.273127601e-01 +1.000227313e+03 +1.000227313e+03 -5.3457e-03 -4.7987e+00 -4.6772e+00
501 0 +2.187840677e-01 +2.187840677e-01 +1.000218784e+03 +1.000218784e+03 -5.3412e-03 -4.7987e+00 -4.6773e+00
522 0 +2.155704349e-01 +2.155704349e-01 +1.000215570e+03 +1.000215570e+03 -5.3539e-03 -4.7987e+00 -4.6774e+00
579 0 +2.129606190e-01 +2.129606190e-01 +1.000212961e+03 +1.000212961e+03 -5.3495e-03 -4.7988e+00 -4.6775e+00
% f evaluations | g evaluations | best noise-free fitness - Fopt | noise-free fitness - Fopt (-1.869500000000e+02) | measured fitness | best measured fitness | x1 | x2...
1 0 +2.336092120e+01 +2.336092120e+01 -1.635890788e+02 -1.635890788e+02 -3.7242e+00 -1.4761e+00 -7.4211e-01
4 0 +1.273541180e+01 +1.273541180e+01 -1.742145882e+02 -1.742145882e+02 -4.2326e+00 +3.5662e+00 +3.7612e+00
12 0 +1.089702745e+01 +1.089702745e+01 -1.760529726e+02 -1.760529726e+02 -1.0315e+00 -2.0753e-01 +3.7734e+00
16 0 +1.054834905e+01 +1.054834905e+01 -1.764016510e+02 -1.764016510e+02 +3.8836e-01 -1.1520e+00 +1.5877e+00
22 0 +8.705095494e+00 +8.705095494e+00 -1.782449045e+02 -1.782449045e+02 -3.2599e+00 -3.3127e-01 -6.3591e-01
24 0 +7.846398993e+00 +7.846398993e+00 -1.791036010e+02 -1.791036010e+02 +2.7416e+00 -2.2306e+00 +4.9618e+00
33 0 +4.700347318e+00 +4.700347318e+00 -1.822496527e+02 -1.822496527e+02 -3.7172e+00 -9.8094e-01 +2.7626e+00
96 0 +4.005836121e+00 +4.005836121e+00 -1.829441639e+02 -1.829441639e+02 -3.9644e+00 -2.3143e+00 -4.3071e-01
262 0 +2.824901357e+00 +2.824901357e+00 -1.841250986e+02 -1.841250986e+02 -3.9592e+00 -2.3146e+00 -4.3052e-01
269 0 +2.245475873e+00 +2.245475873e+00 -1.847045241e+02 -1.847045241e+02 -3.9643e+00 -2.3097e+00 -4.3018e-01
291 0 +1.710669505e+00 +1.710669505e+00 -1.852393305e+02 -1.852393305e+02 -3.9644e+00 -2.3078e+00 -4.3090e-01
312 0 +1.574728219e+00 +1.574728219e+00 -1.853752718e+02 -1.853752718e+02 -3.9623e+00 -2.3080e+00 -4.3093e-01
366 0 +1.458711428e+00 +1.458711428e+00 -1.854912886e+02 -1.854912886e+02 -3.9636e+00 -2.3080e+00 -4.3093e-01
368 0 +1.433749402e+00 +1.433749402e+00 -1.855162506e+02 -1.855162506e+02 -3.9626e+00 -2.3080e+00 -4.3083e-01
373 0 +1.372412541e+00 +1.372412541e+00 -1.855775875e+02 -1.855775875e+02 -3.9628e+00 -2.3079e+00 -4.3091e-01
415 0 +1.309830317e+00 +1.309830317e+00 -1.856401697e+02 -1.856401697e+02 -3.9632e+00 -2.3079e+00 -4.3091e-01
416 0 +1.279115506e+00 +1.279115506e+00 -1.856708845e+02 -1.856708845e+02 -3.9630e+00 -2.3079e+00 -4.3091e-01
% f evaluations | g evaluations | best noise-free fitness - Fopt | noise-free fitness - Fopt (5.859500000000e+02) | measured fitness | best measured fitness | x1 | x2...
1 0 +2.175340970e+00 +2.175340970e+00 +5.881253410e+02 +5.881253410e+02 -3.0211e+00 -3.2459e+00 -4.8022e+00
214 0 +1.619855299e+00 +1.619855299e+00 +5.875698553e+02 +5.875698553e+02 -3.0193e+00 -3.2441e+00 -4.8023e+00
259 0 +9.799862672e-01 +9.799862672e-01 +5.869299863e+02 +5.869299863e+02 -3.0180e+00 -3.2430e+00 -4.8023e+00
265 0 +9.264414713e-01 +9.264414713e-01 +5.868764415e+02 +5.868764415e+02 -3.0188e+00 -3.2416e+00 -4.8021e+00
300 0 +7.137571767e-01 +7.137571767e-01 +5.866637572e+02 +5.866637572e+02 -3.0195e+00 -3.2440e+00 -4.7988e+00
307 0 +6.832830595e-01 +6.832830595e-01 +5.866332831e+02 +5.866332831e+02 -3.0186e+00 -3.2435e+00 -4.8003e+00
314 0 +6.607910211e-01 +6.607910211e-01 +5.866107910e+02 +5.866107910e+02 -3.0187e+00 -3.2438e+00 -4.7975e+00
321 0 +6.599407298e-01 +6.599407298e-01 +5.866099407e+02 +5.866099407e+02 -3.0189e+00 -3.2442e+00 -4.7988e+00
330 0 +2.716800315e-01 +2.716800315e-01 +5.862216800e+02 +5.862216800e+02 -3.0180e+00 -3.2435e+00 -4.7985e+00
395 0 +2.426863684e-01 +2.426863684e-01 +5.861926864e+02 +5.861926864e+02 -3.0180e+00 -3.2435e+00 -4.7985e+00
425 0 +2.308659317e-01 +2.308659317e-01 +5.861808659e+02 +5.861808659e+02 -3.0180e+00 -3.2435e+00 -4.7984e+00
443 0 +2.042402421e-01 +2.042402421e-01 +5.861542402e+02 +5.861542402e+02 -3.0180e+00 -3.2434e+00 -4.7984e+00
469 0 +1.909247562e-01 +1.909247562e-01 +5.861409248e+02 +5.861409248e+02 -3.0180e+00 -3.2434e+00 -4.7985e+00
485 0 +1.844936043e-01 +1.844936043e-01 +5.861344936e+02 +5.861344936e+02 -3.0180e+00 -3.2434e+00 -4.7984e+00
523 0 +1.730793742e-01 +1.730793742e-01 +5.861230794e+02 +5.861230794e+02 -3.0182e+00 -3.2433e+00 -4.7985e+00
628 0 +1.689802704e-01 +1.689802704e-01 +5.861189803e+02 +5.861189803e+02 -3.0181e+00 -3.2433e+00 -4.7985e+00
% f evaluations | g evaluations | best noise-free fitness - Fopt | noise-free fitness - Fopt (2.871600000000e+02) | measured fitness | best measured fitness | x1 | x2...
1 0 +4.437284935e+01 +4.437284935e+01 +3.315328493e+02 +3.315328493e+02 -3.8622e+00 +3.5515e+00 -4.1756e+00
2 0 +3.252361234e+01 +3.252361234e+01 +3.196836123e+02 +3.196836123e+02 +3.1505e+00 -2.1067e+00 -2.6813e+00
3 0 +1.022005409e+01 +1.022005409e+01 +2.973800541e+02 +2.973800541e+02 -3.9762e+00 +1.3309e+00 -7.0314e-01
10 0 +8.272945885e+00 +8.272945885e+00 +2.954329459e+02 +2.954329459e+02 -1.3106e+00 -4.9869e-02 +3.9313e+00
52 0 +7.474258915e+00 +7.474258915e+00 +2.946342589e+02 +2.946342589e+02 -4.5280e+00 -3.3922e-01 +2.1131e+00
53 0 +5.147343110e+00 +5.147343110e+00 +2.923073431e+02 +2.923073431e+02 +3.7658e-01 +5.2956e-01 +6.3652e-01
62 0 +3.923246779e+00 +3.923246779e+00 +2.910832468e+02 +2.910832468e+02 -1.2645e+00 -6.5168e-01 +1.3219e+00
175 0 +3.010033465e+00 +3.010033465e+00 +2.901700335e+02 +2.901700335e+02 -1.2602e+00 -6.4138e-01 +1.3077e+00
217 0 +2.296474153e+00 +2.296474153e+00 +2.894564742e+02 +2.894564742e+02 -1.2614e+00 -6.4130e-01 +1.3104e+00
267 0 +1.050649605e+00 +1.050649605e+00 +2.882106496e+02 +2.882106496e+02 -1.2662e+00 -6.4211e-01 +1.3111e+00
312 0 +6.746822784e-01 +6.746822784e-01 +2.878346823e+02 +2.878346823e+02 -1.2686e+00 -6.4205e-01 +1.3109e+00
328 0 +6.425448202e-01 +6.425448202e-01 +2.878025448e+02 +2.878025448e+02 -1.2665e+00 -6.4095e-01 +1.3064e+00
363 0 +5.579673038e-01 +5.579673038e-01 +2.877179673e+02 +2.877179673e+02 -1.2707e+00 -6.4303e-01 +1.3081e+00
365 0 +4.778299766e-01 +4.778299766e-01 +2.876378300e+02 +2.876378300e+02 -1.2670e+00 -6.4069e-01 +1.3053e+00
378 0 +3.728724226e-01 +3.728724226e-01 +2.875328724e+02 +2.875328724e+02 -1.2665e+00 -6.3939e-01 +1.3035e+00
389 0 +3.220493026e-01 +3.220493026e-01 +2.874820493e+02 +2.874820493e+02 -1.2681e+00 -6.4134e-01 +1.3062e+00
416 0 +2.664849563e-01 +2.664849563e-01 +2.874264850e+02 +2.874264850e+02 -1.2680e+00 -6.4147e-01 +1.3079e+00
421 0 +2.129027995e-01 +2.129027995e-01 +2.873729028e+02 +2.873729028e+02 -1.2680e+00 -6.4116e-01 +1.3062e+00
427 0 +1.153215574e-01 +1.153215574e-01 +2.872753216e+02 +2.872753216e+02 -1.2683e+00 -6.4091e-01 +1.3061e+00
473 0 +8.318520770e-02 +8.318520770e-02 +2.872431852e+02 +2.872431852e+02 -1.2683e+00 -6.4094e-01 +1.3060e+00
477 0 +7.703879448e-02 +7.703879448e-02 +2.872370388e+02 +2.872370388e+02 -1.2684e+00 -6.4101e-01 +1.3061e+00
536 0 +7.202813002e-02 +7.202813002e-02 +2.872320281e+02 +2.872320281e+02 -1.2684e+00 -6.4102e-01 +1.3062e+00
547 0 +6.298689067e-02 +6.298689067e-02 +2.872229869e+02 +2.872229869e+02 -1.2684e+00 -6.4102e-01 +1.3061e+00
623 0 +5.858163846e-02 +5.858163846e-02 +2.872185816e+02 +2.872185816e+02 -1.2684e+00 -6.4103e-01 +1.3061e+00
642 0 +5.666526431e-02 +5.666526431e-02 +2.872166653e+02 +2.872166653e+02 -1.2684e+00 -6.4104e-01 +1.3061e+00
692 0 +5.591903001e-02 +5.591903001e-02 +2.872159190e+02 +2.872159190e+02 -1.2684e+00 -6.4104e-01 +1.3061e+00
780 0 +5.485184443e-02 +5.485184443e-02 +2.872148518e+02 +2.872148518e+02 -1.2684e+00 -6.4104e-01 +1.3061e+00
% f evaluations | g evaluations | best noise-free fitness - Fopt | noise-free fitness - Fopt (-3.943800000000e+02) | measured fitness | best measured fitness | x1 | x2...
1 0 +3.474984116e+01 +3.474984116e+01 -3.596301588e+02 -3.596301588e+02 +4.8533e+00 -1.8906e+00 +1.9032e+00
3 0 +1.897989562e+01 +1.897989562e+01 -3.754001044e+02 -3.754001044e+02 -2.6245e+00 +4.5572e+00 -1.4327e+00
11 0 +1.740729538e+01 +1.740729538e+01 -3.769727046e+02 -3.769727046e+02 -2.6718e+00 +2.4629e+00 +5.9810e-01
21 0 +1.192665419e+01 +1.192665419e+01 -3.824533458e+02 -3.824533458e+02 -8.2934e-01 +8.4376e-03 +4.8020e+00
22 0 +8.253646625e+00 +8.253646625e+00 -3.861263534e+02 -3.861263534e+02 -1.2863e+00 +4.0712e+00 +2.6421e+00
27 0 +6.244400928e+00 +6.244400928e+00 -3.881355991e+02 -3.881355991e+02 +6.5185e-01 -4.5293e-01 -2.2685e+00
34 0 +4.667714033e+00 +4.667714033e+00 -3.897122860e+02 -3.897122860e+02 -4.3808e+00 -7.8584e-01 +2.7111e+00
211 0 +1.787654474e+00 +1.787654474e+00 -3.925923455e+02 -3.925923455e+02 -4.4066e+00 -7.8584e-01 +2.7157e+00
279 0 +1.725025739e+00 +1.725025739e+00 -3.926549743e+02 -3.926549743e+02 -4.4001e+00 -7.8597e-01 +2.7135e+00
289 0 +1.552205980e+00 +1.552205980e+00 -3.928277940e+02 -3.928277940e+02 -4.4044e+00 -7.8584e-01 +2.7162e+00
299 0 +1.361533462e+00 +1.361533462e+00 -3.930184665e+02 -3.930184665e+02 -4.4038e+00 -7.8543e-01 +2.7135e+00
313 0 +1.187298008e+00 +1.187298008e+00 -3.931927020e+02 -3.931927020e+02 -4.4038e+00 -7.8479e-01 +2.7132e+00
381 0 +1.106463963e+00 +1.106463963e+00 -3.932735360e+02 -3.932735360e+02 -4.4035e+00 -7.8548e-01 +2.7143e+00
382 0 +1.089876660e+00 +1.089876660e+00 -3.932901233e+02 -3.932901233e+02 -4.4033e+00 -7.8545e-01 +2.7142e+00
447 0 +1.069080252e+00 +1.069080252e+00 -3.933109197e+02 -3.933109197e+02 -4.4033e+00 -7.8544e-01 +2.7141e+00
% f evaluations | g evaluations | best noise-free fitness - Fopt | noise-free fitness - Fopt (5.443000000000e+01) | measured fitness | best measured fitness | x1 | x2...
1 0 +2.249517780e+01 +2.249517780e+01 +7.692517780e+01 +7.692517780e+01 +4.1976e+00 -4.7553e+00 -3.4600e+00
3 0 +1.767854454e+01 +1.767854454e+01 +7.210854454e+01 +7.210854454e+01 -1.7251e+00 -4.1477e+00 +1.2742e+00
4 0 +1.153109672e+01 +1.153109672e+01 +6.596109672e+01 +6.596109672e+01 +4.3551e+00 +2.2499e+00 +1.1593e+00
16 0 +6.470861128e+00 +6.470861128e+00 +6.090086113e+01 +6.090086113e+01 -2.3988e+00 -2.7348e+00 +2.8129e+00
57 0 +5.731822272e+00 +5.731822272e+00 +6.016182227e+01 +6.016182227e+01 -3.9594e+00 -2.5061e+00 +4.1665e+00
72 0 +4.937764013e+00 +4.937764013e+00 +5.936776401e+01 +5.936776401e+01 -3.5009e+00 -3.2039e+00 +2.8020e+00
82 0 +4.375962498e+00 +4.375962498e+00 +5.880596250e+01 +5.880596250e+01 -3.3105e+00 -2.8858e-01 +3.5388e+00
166 0 +1.712445819e+00 +1.712445819e+00 +5.614244582e+01 +5.614244582e+01 -3.2460e+00 -1.8506e-01 +3.6440e+00
382 0 +1.696065532e+00 +1.696065532e+00 +5.612606553e+01 +5.612606553e+01 -3.2478e+00 -1.8165e-01 +3.6443e+00
458 0 +1.595913740e+00 +1.595913740e+00 +5.602591374e+01 +5.602591374e+01 -3.2478e+00 -1.8167e-01 +3.6442e+00
479 0 +1.455239106e+00 +1.455239106e+00 +5.588523911e+01 +5.588523911e+01 -3.2471e+00 -1.8196e-01 +3.6452e+00
521 0 +1.427427645e+00 +1.427427645e+00 +5.585742765e+01 +5.585742765e+01 -3.2473e+00 -1.8184e-01 +3.6449e+00
522 0 +1.393524409e+00 +1.393524409e+00 +5.582352441e+01 +5.582352441e+01 -3.2468e+00 -1.8209e-01 +3.6452e+00
528 0 +1.316298666e+00 +1.316298666e+00 +5.574629867e+01 +5.574629867e+01 -3.2472e+00 -1.8236e-01 +3.6445e+00
599 0 +1.273286689e+00 +1.273286689e+00 +5.570328669e+01 +5.570328669e+01 -3.2470e+00 -1.8264e-01 +3.6445e+00
613 0 +1.243329227e+00 +1.243329227e+00 +5.567332923e+01 +5.567332923e+01 -3.2470e+00 -1.8262e-01 +3.6445e+00
628 0 +1.220486889e+00 +1.220486889e+00 +5.565048689e+01 +5.565048689e+01 -3.2470e+00 -1.8282e-01 +3.6444e+00
% f evaluations | g evaluations | best noise-free fitness - Fopt | noise-free fitness - Fopt (1.396900000000e+02) | measured fitness | best measured fitness | x1 | x2...
1 0 +1.534664951e+01 +1.534664951e+01 +1.550366495e+02 +1.550366495e+02 -1.8311e+00 -1.7887e+00 +1.5294e+00
8 0 +1.030692823e+01 +1.030692823e+01 +1.499969282e+02 +1.499969282e+02 +2.9224e+00 +4.4517e+00 -2.0217e+00
19 0 +4.733149598e+00 +4.733149598e+00 +1.444231496e+02 +1.444231496e+02 +4.7565e-01 -4.7238e+00 -2.3620e+00
124 0 +2.417855382e+00 +2.417855382e+00 +1.421078554e+02 +1.421078554e+02 +3.3124e-01 -3.6739e+00 -1.6853e+00
270 0 +1.922596860e+00 +1.922596860e+00 +1.416125969e+02 +1.416125969e+02 +3.3423e-01 -3.6919e+00 -1.6853e+00
316 0 +1.675690835e+00 +1.675690835e+00 +1.413656908e+02 +1.413656908e+02 +3.3295e-01 -3.6934e+00 -1.6835e+00
325 0 +1.436989259e+00 +1.436989259e+00 +1.411269893e+02 +1.411269893e+02 +3.3415e-01 -3.6925e+00 -1.6900e+00
344 0 +1.261382796e+00 +1.261382796e+00 +1.409513828e+02 +1.409513828e+02 +3.3282e-01 -3.6919e+00 -1.6857e+00
359 0 +1.157222531e+00 +1.157222531e+00 +1.408472225e+02 +1.408472225e+02 +3.3419e-01 -3.6927e+00 -1.6878e+00
364 0 +1.075732394e+00 +1.075732394e+00 +1.407657324e+02 +1.407657324e+02 +3.3418e-01 -3.6925e+00 -1.6879e+00
403 0 +9.358578147e-01 +9.358578147e-01 +1.406258578e+02 +1.406258578e+02 +3.3420e-01 -3.6924e+00 -1.6883e+00
446 0 +8.853353467e-01 +8.853353467e-01 +1.405753353e+02 +1.405753353e+02 +3.3434e-01 -3.6923e+00 -1.6887e+00
505 0 +8.441234432e-01 +8.441234432e-01 +1.405341234e+02 +1.405341234e+02 +3.3433e-01 -3.6920e+00 -1.6887e+00
540 0 +8.284190751e-01 +8.284190751e-01 +1.405184191e+02 +1.405184191e+02 +3.3433e-01 -3.6920e+00 -1.6887e+00
% f evaluations | g evaluations | best noise-free fitness - Fopt | noise-free fitness - Fopt (-5.794000000000e+01) | measured fitness | best measured fitness | x1 | x2...
1 0 +5.123998338e+01 +5.123998338e+01 -6.700016620e+00 -6.700016620e+00 +3.9968e+00 -4.9163e+00 +4.5814e-01
2 0 +4.874658979e+01 +4.874658979e+01 -9.193410208e+00 -9.193410208e+00 +2.1785e+00 -3.1657e+00 -1.9596e+00
3 0 +1.557345392e+01 +1.557345392e+01 -4.236654608e+01 -4.236654608e+01 +1.1786e+00 +1.5208e+00 -2.3666e+00
6 0 +1.339764394e+01 +1.339764394e+01 -4.454235606e+01 -4.454235606e+01 +4.1547e+00 +3.1327e+00 +2.4342e+00
10 0 +1.063901799e+01 +1.063901799e+01 -4.730098201e+01 -4.730098201e+01 +8.0027e-01 +1.5835e+00 +3.9647e+00
15 0 +8.535822691e+00 +8.535822691e+00 -4.940417731e+01 -4.940417731e+01 +8.4477e-01 +4.6531e+00 -3.2299e-01
21 0 +4.598057066e+00 +4.598057066e+00 -5.334194293e+01 -5.334194293e+01 -1.7063e+00 +3.4755e+00 +2.7380e+00
29 0 +3.643163620e+00 +3.643163620e+00 -5.429683638e+01 -5.429683638e+01 +4.2218e+00 -1.1911e+00 +2.3436e-01
207 0 +3.191941821e+00 +3.191941821e+00 -5.474805818e+01 -5.474805818e+01 +4.2207e+00 -1.1906e+00 +2.3679e-01
219 0 +2.925529724e+00 +2.925529724e+00 -5.501447028e+01 -5.501447028e+01 +4.2218e+00 -1.1643e+00 +2.3448e-01
311 0 +2.530324034e+00 +2.530324034e+00 -5.540967597e+01 -5.540967597e+01 +4.2218e+00 -1.1654e+00 +2.3360e-01
312 0 +2.479150165e+00 +2.479150165e+00 -5.546084984e+01 -5.546084984e+01 +4.2218e+00 -1.1638e+00 +2.3254e-01
320 0 +2.231336586e+00 +2.231336586e+00 -5.570866341e+01 -5.570866341e+01 +4.2218e+00 -1.1608e+00 +2.3052e-01
357 0 +2.162709377e+00 +2.162709377e+00 -5.577729062e+01 -5.577729062e+01 +4.2222e+00 -1.1622e+00 +2.3136e-01
378 0 +1.760859908e+00 +1.760859908e+00 -5.617914009e+01 -5.617914009e+01 +4.2226e+00 -1.1630e+00 +2.2702e-01
380 0 +1.589733306e+00 +1.589733306e+00 -5.635026669e+01 -5.635026669e+01 +4.2222e+00 -1.1616e+00 +2.2912e-01
401 0 +1.545283685e+00 +1.545283685e+00 -5.639471632e+01 -5.639471632e+01 +4.2223e+00 -1.1602e+00 +2.2875e-01
435 0 +1.364324766e+00 +1.364324766e+00 -5.657567523e+01 -5.657567523e+01 +4.2224e+00 -1.1614e+00 +2.2860e-01
488 0 +1.324991370e+00 +1.324991370e+00 -5.661500863e+01 -5.661500863e+01 +4.2227e+00 -1.1594e+00 +2.2820e-01
522 0 +1.302656590e+00 +1.302656590e+00 -5.663734341e+01 -5.663734341e+01 +4.2227e+00 -1.1589e+00 +2.2798e-01
557 0 +1.276731663e+00 +1.276731663e+00 -5.666326834e+01 -5.666326834e+01 +4.2226e+00 -1.1606e+00 +2.2827e-01
566 0 +1.220416486e+00 +1.220416486e+00 -5.671958351e+01 -5.671958351e+01 +4.2227e+00 -1.1598e+00 +2.2802e-01
644 0 +1.198076150e+00 +1.198076150e+00 -5.674192385e+01 -5.674192385e+01 +4.2227e+00 -1.1599e+00 +2.2801e-01
% f evaluations | g evaluations | best noise-free fitness - Fopt | noise-free fitness - Fopt (1.253900000000e+02) | measured fitness | best measured fitness | x1 | x2...
1 0 +3.582672062e+00 +3.582672062e+00 +1.289726721e+02 +1.289726721e+02 -2.2278e+00 -2.1290e+00 -1.2135e+00
46 0 +2.412071271e+00 +2.412071271e+00 +1.278020713e+02 +1.278020713e+02 +2.8305e+00 +4.1916e+00 +3.8382e+00
213 0 +1.716896381e+00 +1.716896381e+00 +1.271068964e+02 +1.271068964e+02 +2.8189e+00 +4.1913e+00 +3.7774e+00
312 0 +1.298585520e+00 +1.298585520e+00 +1.266885855e+02 +1.266885855e+02 +2.8189e+00 +4.1906e+00 +3.7764e+00
572 0 +1.288232852e+00 +1.288232852e+00 +1.266782329e+02 +1.266782329e+02 +2.8189e+00 +4.1906e+00 +3.7764e+00
