% f evaluations | g evaluations | best noise-free fitness - Fopt | noise-free fitness - Fopt (-4.620900000000e+02) | measured fitness | best measured fitness | x1 | x2...
1 0 +4.400799386e+02 +4.400799386e+02 -2.201006137e+01 -2.201006137e+01 +3.7899e+00 -4.5633e+00 -3.4456e+00 +5.2868e-01 +2.3630e+00
4 0 +1.627531606e+02 +1.627531606e+02 -2.993368394e+02 -2.993368394e+02 +1.7889e+00 -3.0921e+00 +2.0415e+00 +8.0935e-01 -3.7713e-01
6 0 +1.590500237e+02 +1.590500237e+02 -3.030399763e+02 -3.030399763e+02 -2.2529e+00 -2.3427e+00 -7.7942e-01 -2.0304e-01 +4.8282e-01
25 0 +1.030839456e+02 +1.030839456e+02 -3.590060544e+02 -3.590060544e+02 -7.1516e-01 +4.4505e+00 +6.7411e-01 -1.3958e+00 +1.0352e-01
71 0 +1.016834925e+02 +1.016834925e+02 -3.604065075e+02 -3.604065075e+02 -2.5272e-01 +4.5826e+00 +1.2788e+00 -9.4306e-01 +1.5476e+00
81 0 +9.326164623e+01 +9.326164623e+01 -3.688283538e+02 -3.688283538e+02 -7.1021e-01 +4.0509e+00 +1.0865e+00 -9.8050e-01 +7.7195e-01
96 0 +5.747079557e+01 +5.747079557e+01 -4.046192044e+02 -4.046192044e+02 +7.5543e-01 +4.3695e+00 +1.7473e+00 +3.7760e-01 +1.5151e+00
124 0 +5.546738717e+01 +5.546738717e+01 -4.066226128e+02 -4.066226128e+02 -5.5008e-01 +4.5619e+00 +1.6904e+00 -1.0125e-01 +1.7220e+00
133 0 +5.292384645e+01 +5.292384645e+01 -4.091661535e+02 -4.091661535e+02 +1.2558e-01 +4.4330e+00 +2.1977e+00 +1.8924e-01 +1.8304e+00
146 0 +5.137366146e+01 +5.137366146e+01 -4.107163385e+02 -4.107163385e+02 +1.5794e-01 +3.1546e+00 +7.6803e-01 +4.6475e-01 +1.3463e+00
155 0 +4.476834221e+01 +4.476834221e+01 -4.173216578e+02 -4.173216578e+02 +1.0195e-01 +3.5769e+00 +6.9155e-01 +6.4102e-01 +1.3288e+00
167 0 +3.457843243e+01 +3.457843243e+01 -4.275115676e+02 -4.275115676e+02 +4.5570e-01 +2.3703e+00 +6.4192e-01 +4.6298e-01 +1.9685e+00
222 0 +3.297448727e+01 +3.297448727e+01 -4.291155127e+02 -4.291155127e+02 +4.1779e-01 +2.3125e+00 +5.8689e-01 +4.4648e-01 +1.9716e+00
265 0 +3.007186852e+01 +3.007186852e+01 -4.320181315e+02 -4.320181315e+02 +3.7463e-01 +2.3121e+00 +5.9001e-01 +4.3431e-01 +1.9855e+00
285 0 +2.927628522e+01 +2.927628522e+01 -4.328137148e+02 -4.328137148e+02 +3.9212e-01 +2.2197e+00 +6.1004e-01 +4.2345e-01 +1.9772e+00
287 0 +2.781894677e+01 +2.781894677e+01 -4.342710532e+02 -4.342710532e+02 +4.2662e-01 +2.3407e+00 +6.4231e-01 +4.2940e-01 +1.9992e+00
288 0 +2.752782628e+01 +2.752782628e+01 -4.345621737e+02 -4.345621737e+02 +3.1608e-01 +2.3130e+00 +5.7682e-01 +4.0736e-01 +1.9746e+00
306 0 +2.595579422e+01 +2.595579422e+01 -4.361342058e+02 -4.361342058e+02 +4.1682e-01 +2.3496e+00 +5.9590e-01 +4.0114e-01 +1.9733e+00
311 0 +2.501154775e+01 +2.501154775e+01 -4.370784523e+02 -4.370784523e+02 +4.0563e-01 +2.3388e+00 +6.0283e-01 +4.0546e-01 +1.9847e+00
317 0 +2.431918049e+01 +2.431918049e+01 -4.377708195e+02 -4.377708195e+02 +4.4317e-01 +2.3380e+00 +5.9555e-01 +3.9438e-01 +1.9763e+00
319 0 +2.363836563e+01 +2.363836563e+01 -4.384516344e+02 -4.384516344e+02 +4.2305e-01 +2.3431e+00 +5.9869e-01 +3.8961e-01 +1.9739e+00
321 0 +2.297483987e+01 +2.297483987e+01 -4.391151601e+02 -4.391151601e+02 +4.0072e-01 +2.2308e+00 +5.8827e-01 +3.7411e-01 +1.9719e+00
353 0 +2.064071911e+01 +2.064071911e+01 -4.414492809e+02 -4.414492809e+02 +4.0612e-01 +2.3510e+00 +6.0073e-01 +3.6935e-01 +1.9857e+00
366 0 +1.900979279e+01 +1.900979279e+01 -4.430802072e+02 -4.430802072e+02 +4.0572e-01 +2.3446e+00 +5.9973e-01 +3.5519e-01 +1.9876e+00
387 0 +1.792407488e+01 +1.792407488e+01 -4.441659251e+02 -4.441659251e+02 +3.8634e-01 +2.3032e+00 +6.0388e-01 +3.3556e-01 +1.9696e+00
420 0 +1.751033975e+01 +1.751033975e+01 -4.445796602e+02 -4.445796602e+02 +3.9101e-01 +2.3203e+00 +6.0319e-01 +3.2304e-01 +1.9738e+00
423 0 +1.726532385e+01 +1.726532385e+01 -4.448246761e+02 -4.448246761e+02 +3.8621e-01 +2.2914e+00 +6.0333e-01 +3.1739e-01 +1.9755e+00
457 0 +1.686236289e+01 +1.686236289e+01 -4.452276371e+02 -4.452276371e+02 +3.9190e-01 +2.3093e+00 +6.0472e-01 +3.2532e-01 +1.9816e+00
527 0 +1.652558465e+01 +1.652558465e+01 -4.455644154e+02 -4.455644154e+02 +3.9037e-01 +2.3043e+00 +6.0772e-01 +3.2241e-01 +1.9866e+00
624 0 +1.621375445e+01 +1.621375445e+01 -4.458762456e+02 -4.458762456e+02 +3.9237e-01 +2.3023e+00 +6.1413e-01 +3.2488e-01 +1.9870e+00
779 0 +1.582615011e+01 +1.582615011e+01 -4.462638499e+02 -4.462638499e+02 +3.9278e-01 +2.3023e+00 +6.2319e-01 +3.2544e-01 +1.9871e+00
935 0 +1.544028530e+01 +1.544028530e+01 -4.466497147e+02 -4.466497147e+02 +3.9278e-01 +2.3023e+00 +6.3418e-01 +3.2544e-01 +1.9874e+00
1093 0 +1.510344103e+01 +1.510344103e+01 -4.469865590e+02 -4.469865590e+02 +3.9278e-01 +2.3023e+00 +6.4858e-01 +3.2544e-01 +1.9874e+00
% f evaluations | g evaluations | best noise-free fitness - Fopt | noise-free fitness - Fopt (7.766000000000e+01) | measured fitness | best measured fitness | x1 | x2...
1 0 +6.532921667e+02 +6.532921667e+02 +7.309521667e+02 +7.309521667e+02 -1.5346e-01 -6.7866e-01 -3.5470e+00 +2.8432e+00 +3.1972e+00
2 0 +2.706769211e+02 +2.706769211e+02 +3.483369211e+02 +3.483369211e+02 +6.0088e-01 +4.8447e+00 -4.0770e+00 +3.4120e+00 -5.0831e-01
12 0 +2.684524137e+02 +2.684524137e+02 +3.461124137e+02 +3.461124137e+02 -3.6197e+00 +2.2928e-01 -3.2381e+00 -1.4566e+00 +2.1100e+00
14 0 +1.007662423e+02 +1.007662423e+02 +1.784262423e+02 +1.784262423e+02 +7.3822e-01 +1.4778e+00 -2.1155e+00 +3.8758e+00 +2.0933e+00
37 0 +9.866581928e+01 +9.866581928e+01 +1.763258193e+02 +1.763258193e+02 -1.3318e+00 -3.4095e+00 +3.2870e-01 +4.3440e+00 +1.8037e+00
54 0 +8.852097236e+01 +8.852097236e+01 +1.661809724e+02 +1.661809724e+02 -7.7004e-01 -3.5284e+00 +3.9966e-01 +4.5502e+00 +2.2044e+00
70 0 +8.618410087e+01 +8.618410087e+01 +1.638441009e+02 +1.638441009e+02 -5.3143e-01 -3.5684e+00 +8.0994e-01 +5.0000e+00 +1.8275e+00
81 0 +8.383509693e+01 +8.383509693e+01 +1.614950969e+02 +1.614950969e+02 +1.1032e-01 -2.5222e+00 +1.5603e+00 +4.2438e+00 +1.7903e+00
129 0 +7.798347843e+01 +7.798347843e+01 +1.556434784e+02 +1.556434784e+02 +1.1629e-01 -3.2510e+00 +9.0271e-01 +5.0000e+00 +1.8413e+00
133 0 +6.877092149e+01 +6.877092149e+01 +1.464309215e+02 +1.464309215e+02 -2.9479e-01 -2.9572e+00 +1.1482e+00 +4.5457e+00 +1.7922e+00
146 0 +5.123784347e+01 +5.123784347e+01 +1.288978435e+02 +1.288978435e+02 -7.0053e-01 -2.9502e+00 +5.1429e-01 +3.6259e+00 +1.7609e+00
157 0 +3.971201594e+01 +3.971201594e+01 +1.173720159e+02 +1.173720159e+02 -5.3451e-01 -2.9261e+00 +1.2142e+00 +3.3983e+00 +1.7696e+00
185 0 +3.584410816e+01 +3.584410816e+01 +1.135041082e+02 +1.135041082e+02 -5.6388e-01 -2.9485e+00 +6.4751e-01 +4.2174e+00 +1.7738e+00
216 0 +3.194744439e+01 +3.194744439e+01 +1.096074444e+02 +1.096074444e+02 -5.6157e-01 -3.2058e+00 +6.0148e-01 +4.2289e+00 +1.7615e+00
259 0 +3.063934705e+01 +3.063934705e+01 +1.082993471e+02 +1.082993471e+02 -6.1151e-01 -3.1006e+00 +5.8692e-01 +4.2196e+00 +1.7754e+00
307 0 +2.904668296e+01 +2.904668296e+01 +1.067066830e+02 +1.067066830e+02 -5.9404e-01 -3.1356e+00 +6.1378e-01 +4.2301e+00 +1.7717e+00
312 0 +2.882687289e+01 +2.882687289e+01 +1.064868729e+02 +1.064868729e+02 -5.9164e-01 -3.1301e+00 +6.2040e-01 +4.2286e+00 +1.7788e+00
333 0 +2.805938558e+01 +2.805938558e+01 +1.057193856e+02 +1.057193856e+02 -6.0852e-01 -3.1501e+00 +6.3126e-01 +4.2295e+00 +1.7709e+00
396 0 +2.746321508e+01 +2.746321508e+01 +1.051232151e+02 +1.051232151e+02 -6.3098e-01 -3.1381e+00 +6.3848e-01 +4.2308e+00 +1.7781e+00
1463 0 +2.691365599e+01 +2.691365599e+01 +1.045736560e+02 +1.045736560e+02 -6.4019e-01 -3.1415e+00 +6.7638e-01 +4.2282e+00 +1.7782e+00
% f evaluations | g evaluations | best noise-free fitness - Fopt | noise-free fitness - Fopt (1.156800000000e+02) | measured fitness | best measured fitness | x1 | x2...
1 0 +1.983155271e+02 +1.983155271e+02 +3.139955271e+02 +3.139955271e+02 +2.3623e-01 -2.5942e+00 +6.3695e-02 -2.1350e+00 +3.6261e+00
27 0 +1.540358713e+02 +1.540358713e+02 +2.697158713e+02 +2.697158713e+02 +9.0470e-01 -4.9107e+00 +1.6988e-01 -7.3445e-01 +3.3669e+00
53 0 +1.332701906e+02 +1.332701906e+02 +2.489501906e+02 +2.489501906e+02 -3.2234e+00 -8.2688e-01 -1.7639e+00 +2.7116e+00 +1.6069e+00
57 0 +1.123248502e+02 +1.123248502e+02 +2.280048502e+02 +2.280048502e+02 -4.2275e+00 +2.1844e-01 -1.1989e+00 +2.5654e+00 +1.7287e+00
63 0 +8.672383081e+01 +8.672383081e+01 +2.024038308e+02 +2.024038308e+02 -3.0245e+00 -6.5100e-01 -8.9848e-01 +3.0350e+00 +2.2130e+00
67 0 +8.214648169e+01 +8.214648169e+01 +1.978264817e+02 +1.978264817e+02 +1.7149e-01 -7.2222e-01 -2.0688e+00 +2.8830e+00 +2.1811e+00
115 0 +7.717076246e+01 +7.717076246e+01 +1.928507625e+02 +1.928507625e+02 -7.2300e-01 -1.0596e+00 +2.4702e-01 +2.8830e+00 +1.7176e+00
130 0 +6.898966737e+01 +6.898966737e+01 +1.846696674e+02 +1.846696674e+02 -1.9162e+00 -6.0161e-01 +2.3924e-01 +2.6270e+00 +2.1381e+00
164 0 +4.805617394e+01 +4.805617394e+01 +1.637361739e+02 +1.637361739e+02 -7.7501e-01 -1.0687e+00 +2.4732e-01 +2.6784e+00 +2.0960e+00
217 0 +4.684991767e+01 +4.684991767e+01 +1.625299177e+02 +1.625299177e+02 -7.5893e-01 -1.0981e+00 +1.9930e-01 +2.6535e+00 +2.1291e+00
239 0 +4.129929885e+01 +4.129929885e+01 +1.569792988e+02 +1.569792988e+02 -7.8171e-01 -1.0786e+00 +2.4856e-01 +2.7038e+00 +2.1511e+00
261 0 +3.978312245e+01 +3.978312245e+01 +1.554631224e+02 +1.554631224e+02 -1.0130e+00 -1.0779e+00 +2.4787e-01 +2.7035e+00 +2.3822e+00
318 0 +3.844083117e+01 +3.844083117e+01 +1.541208312e+02 +1.541208312e+02 -7.8265e-01 -9.2948e-01 +2.4748e-01 +2.6934e+00 +2.1688e+00
322 0 +3.701377831e+01 +3.701377831e+01 +1.526937783e+02 +1.526937783e+02 -7.8218e-01 -9.9979e-01 +2.3737e-01 +2.6900e+00 +2.1727e+00
326 0 +3.582464852e+01 +3.582464852e+01 +1.515046485e+02 +1.515046485e+02 -8.3722e-01 -9.7840e-01 +2.3539e-01 +2.6936e+00 +2.1501e+00
381 0 +3.538461849e+01 +3.538461849e+01 +1.510646185e+02 +1.510646185e+02 -8.4521e-01 -9.6033e-01 +2.3425e-01 +2.6882e+00 +2.1600e+00
% f evaluations | g evaluations | best noise-free fitness - Fopt | noise-free fitness - Fopt (-3.710000000000e+00) | measured fitness | best measured fitness | x1 | x2...
1 0 +3.846219046e+02 +3.846219046e+02 +3.809119046e+02 +3.809119046e+02 -3.0772e+00 -6.0118e-01 -3.7953e+00 +3.6714e+00 -1.3673e+00
7 0 +3.269527683e+02 +3.269527683e+02 +3.232427683e+02 +3.232427683e+02 +1.6134e+00 +7.7487e-02 -3.5196e+00 -1.5034e+00 +2.1273e+00
11 0 +2.448257402e+02 +2.448257402e+02 +2.411157402e+02 +2.411157402e+02 +1.6800e+00 +3.1350e+00 -4.4067e-01 -2.4746e-01 +9.3584e-01
22 0 +1.080925696e+02 +1.080925696e+02 +1.043825696e+02 +1.043825696e+02 -7.2340e-01 -4.3268e+00 +3.1888e-01 +2.9764e+00 +1.5585e+00
35 0 +1.064009537e+02 +1.064009537e+02 +1.026909537e+02 +1.026909537e+02 -2.1456e+00 -3.9558e+00 -1.0945e+00 +1.8313e+00 +2.7984e+00
45 0 +8.153467523e+01 +8.153467523e+01 +7.782467523e+01 +7.782467523e+01 +1.5800e+00 -2.8828e+00 +1.4608e+00 +3.6539e+00 +2.7506e+00
54 0 +7.278889488e+01 +7.278889488e+01 +6.907889488e+01 +6.907889488e+01 +1.6513e+00 -2.9047e+00 +6.3216e-01 +3.8001e+00 +2.3471e+00
55 0 +6.410799083e+01 +6.410799083e+01 +6.039799083e+01 +6.039799083e+01 +1.8134e+00 -3.2803e+00 +1.9151e+00 +3.8125e+00 +2.8099e+00
61 0 +6.135744119e+01 +6.135744119e+01 +5.764744119e+01 +5.764744119e+01 +1.5088e+00 -2.3965e-01 +7.0873e-01 +3.8716e+00 +2.3266e+00
63 0 +4.102632342e+01 +4.102632342e+01 +3.731632342e+01 +3.731632342e+01 +1.3271e+00 -2.8615e+00 +1.3703e+00 +3.8798e+00 +2.7739e+00
92 0 +2.648615956e+01 +2.648615956e+01 +2.277615956e+01 +2.277615956e+01 +2.1246e+00 -2.1694e+00 +1.2736e+00 +5.0000e+00 +3.1321e+00
173 0 +1.757056370e+01 +1.757056370e+01 +1.386056370e+01 +1.386056370e+01 +2.1254e+00 -1.5266e+00 +1.1691e+00 +4.8766e+00 +3.1312e+00
215 0 +8.664679509e+00 +8.664679509e+00 +4.954679509e+00 +4.954679509e+00 +2.1211e+00 -1.6265e+00 +1.1505e+00 +4.8029e+00 +3.1483e+00
284 0 +7.491643391e+00 +7.491643391e+00 +3.781643391e+00 +3.781643391e+00 +2.1208e+00 -1.5296e+00 +1.1698e+00 +4.8074e+00 +3.1511e+00
311 0 +7.406126021e+00 +7.406126021e+00 +3.696126021e+00 +3.696126021e+00 +2.1212e+00 -1.5286e+00 +1.1710e+00 +4.8104e+00 +3.1532e+00
319 0 +7.203914908e+00 +7.203914908e+00 +3.493914908e+00 +3.493914908e+00 +2.1206e+00 -1.4581e+00 +1.1730e+00 +4.8088e+00 +3.1516e+00
372 0 +7.027883473e+00 +7.027883473e+00 +3.317883473e+00 +3.317883473e+00 +2.1210e+00 -1.4847e+00 +1.1781e+00 +4.8146e+00 +3.1497e+00
% f evaluations | g evaluations | best noise-free fitness - Fopt | noise-free fitness - Fopt (1.321800000000e+02) | measured fitness | best measured fitness | x1 | x2...
1 0 +7.145338979e+02 +7.145338979e+02 +8.467138979e+02 +8.467138979e+02 +2.5107e+00 -3.3513e+00 +3.1428e+00 +4.4243e+00 -3.8255e+00
2 0 +4.233001396e+02 +4.233001396e+02 +5.554801396e+02 +5.554801396e+02 +4.8050e+00 +5.5479e-01 -1.5291e+00 +2.4072e+00 +4.5668e-02
8 0 +2.404080272e+02 +2.404080272e+02 +3.725880272e+02 +3.725880272e+02 -1.7129e+00 -1.8037e+00 -2.8395e+00 +1.6811e-01 +2.1883e+00
16 0 +2.283756597e+02 +2.283756597e+02 +3.605556597e+02 +3.605556597e+02 +3.2483e+00 -4.0508e+00 +2.1131e+00 -7.7710e-01 +2.8372e+00
22 0 +1.779834197e+02 +1.779834197e+02 +3.101634197e+02 +3.101634197e+02 -2.6997e+00 +1.9785e+00 +1.3883e+00 -3.2376e+00 -5.2618e-03
38 0 +1.664586745e+02 +1.664586745e+02 +2.986386745e+02 +2.986386745e+02 +1.3622e+00 +1.6803e+00 +8.5238e-01 +3.1220e-01 +2.2056e-01
53 0 +1.026544615e+02 +1.026544615e+02 +2.348344615e+02 +2.348344615e+02 +1.5643e+00 +1.8041e+00 +7.0701e-01 -2.9583e+00 +1.9591e+00
67 0 +6.985972474e+01 +6.985972474e+01 +2.020397247e+02 +2.020397247e+02 +1.9011e+00 -4.7612e-01 +3.2391e+00 -2.1442e+00 +2.5170e+00
105 0 +5.714146465e+01 +5.714146465e+01 +1.893214647e+02 +1.893214647e+02 +1.9202e+00 +6.7999e-01 +2.4484e+00 -2.1335e+00 +2.6296e+00
115 0 +5.243215305e+01 +5.243215305e+01 +1.846121531e+02 +1.846121531e+02 +1.4905e+00 -7.1070e-01 +3.4023e+00 -1.6149e+00 +2.3422e+00
174 0 +4.512401015e+01 +4.512401015e+01 +1.773040102e+02 +1.773040102e+02 +1.7751e+00 -1.4675e+00 +3.4030e+00 -1.6503e+00 +2.5815e+00
182 0 +4.464669473e+01 +4.464669473e+01 +1.768266947e+02 +1.768266947e+02 +9.5060e-01 -5.8953e-01 +3.4048e+00 -1.6170e+00 +2.4669e+00
207 0 +3.648681916e+01 +3.648681916e+01 +1.686668192e+02 +1.686668192e+02 +7.5785e-01 -6.0280e-01 +3.5575e+00 -1.5136e+00 +2.4710e+00
242 0 +3.363939604e+01 +3.363939604e+01 +1.658193960e+02 +1.658193960e+02 +6.9846e-01 -5.8222e-01 +3.3999e+00 -1.0397e+00 +2.4782e+00
286 0 +2.989144589e+01 +2.989144589e+01 +1.620714459e+02 +1.620714459e+02 +6.8210e-01 -5.8250e-01 +3.4039e+00 -1.5229e+00 +2.4731e+00
297 0 +2.617868395e+01 +2.617868395e+01 +1.583586840e+02 +1.583586840e+02 +7.0629e-01 -7.4105e-01 +3.4660e+00 -1.0651e+00 +2.4610e+00
312 0 +2.496782845e+01 +2.496782845e+01 +1.571478285e+02 +1.571478285e+02 +6.9089e-01 -7.8186e-01 +3.4501e+00 -1.0548e+00 +2.4565e+00
328 0 +2.416027739e+01 +2.416027739e+01 +1.563402774e+02 +1.563402774e+02 +7.1137e-01 -6.8586e-01 +3.4411e+00 -1.5362e+00 +2.4615e+00
400 0 +2.285859650e+01 +2.285859650e+01 +1.550385965e+02 +1.550385965e+02 +7.0810e-01 -7.3427e-01 +3.4239e+00 -1.5082e+00 +2.4644e+00
416 0 +2.212030516e+01 +2.212030516e+01 +1.543003052e+02 +1.543003052e+02 +7.0868e-01 -7.3663e-01 +3.4314e+00 -1.5304e+00 +2.4643e+00
420 0 +2.075496335e+01 +2.075496335e+01 +1.529349634e+02 +1.529349634e+02 +7.0820e-01 -7.7587e-01 +3.4232e+00 -1.5115e+00 +2.4780e+00
483 0 +2.006658881e+01 +2.006658881e+01 +1.522465888e+02 +1.522465888e+02 +7.0412e-01 -8.0192e-01 +3.4245e+00 -1.5159e+00 +2.4843e+00
520 0 +1.957209535e+01 +1.957209535e+01 +1.517520954e+02 +1.517520954e+02 +7.0867e-01 -7.9194e-01 +3.4337e+00 -1.5174e+00 +2.4849e+00
578 0 +1.948584082e+01 +1.948584082e+01 +1.516658408e+02 +1.516658408e+02 +7.0921e-01 -7.8310e-01 +3.4350e+00 -1.5205e+00 +2.4888e+00
714 0 +1.903821430e+01 +1.903821430e+01 +1.512182143e+02 +1.512182143e+02 +7.0976e-01 -7.9429e-01 +3.4537e+00 -1.5211e+00 +2.4860e+00
% f evaluations | g evaluations | best noise-free fitness - Fopt | noise-free fitness - Fopt (-3.930000000000e+01) | measured fitness | best measured fitness | x1 | x2...
1 0 +4.779755676e+02 +4.779755676e+02 +4.386755676e+02 +4.386755676e+02 -3.6812e+00 -3.5930e+00 -4.9438e+00 +4.1609e+00 -3.9682e+00
2 0 +3.734374918e+02 +3.734374918e+02 +3.341374918e+02 +3.341374918e+02 -2.9524e+00 -3.9780e+00 +1.0283e+00 +4.1719e+00 -4.2447e+00
4 0 +2.477548896e+02 +2.477548896e+02 +2.084548896e+02 +2.084548896e+02 +2.9455e+00 +4.2784e+00 -3.1471e+00 +3.3410e+00 -1.1158e+00
17 0 +2.161049265e+02 +2.161049265e+02 +1.768049265e+02 +1.768049265e+02 -3.3248e-01 +3.4012e+00 +8.1668e-01 +2.4952e-01 -1.8515e+00
21 0 +8.968127178e+01 +8.968127178e+01 +5.038127178e+01 +5.038127178e+01 +7.2254e-01 +5.5112e-02 +1.7260e+00 +6.0145e-01 -2.0192e-01
67 0 +8.229285876e+01 +8.229285876e+01 +4.299285876e+01 +4.299285876e+01 +1.6803e+00 +3.3410e-01 +1.4543e+00 +9.0431e-01 +6.8018e-01
115 0 +8.086956898e+01 +8.086956898e+01 +4.156956898e+01 +4.156956898e+01 +1.4172e+00 +3.4928e-01 +2.1335e+00 +1.0116e+00 +7.3502e-01
117 0 +7.039746704e+01 +7.039746704e+01 +3.109746704e+01 +3.109746704e+01 +1.1818e+00 +2.2025e-01 +1.8121e+00 +7.1640e-01 +6.7728e-01
145 0 +4.594412990e+01 +4.594412990e+01 +6.644129904e+00 +6.644129904e+00 +2.3528e+00 +2.9029e-01 +1.2268e+00 +1.8801e+00 +7.7149e-01
180 0 +4.539490609e+01 +4.539490609e+01 +6.094906091e+00 +6.094906091e+00 +2.2294e+00 +2.9511e-01 +1.2198e+00 +2.4290e+00 +7.7404e-01
187 0 +4.209565285e+01 +4.209565285e+01 +2.795652852e+00 +2.795652852e+00 +2.3935e+00 +2.4113e-01 +1.7734e+00 +1.9465e+00 +9.6017e-01
208 0 +3.016330283e+01 +3.016330283e+01 -9.136697169e+00 -9.136697169e+00 +2.5337e+00 +5.2384e-01 +1.7796e+00 +2.1324e+00 +1.0702e+00
250 0 +2.526956754e+01 +2.526956754e+01 -1.403043246e+01 -1.403043246e+01 +2.5163e+00 +2.4600e-01 +1.7060e+00 +2.1882e+00 +1.0270e+00
259 0 +2.272517915e+01 +2.272517915e+01 -1.657482085e+01 -1.657482085e+01 +2.4771e+00 +2.4640e-01 +1.6932e+00 +2.2178e+00 +1.0748e+00
260 0 +1.996484310e+01 +1.996484310e+01 -1.933515690e+01 -1.933515690e+01 +2.5186e+00 +2.7968e-01 +1.6524e+00 +2.2015e+00 +1.0311e+00
314 0 +1.955298746e+01 +1.955298746e+01 -1.974701254e+01 -1.974701254e+01 +2.5139e+00 +2.7862e-01 +1.6536e+00 +2.2019e+00 +1.0319e+00
324 0 +1.947425717e+01 +1.947425717e+01 -1.982574283e+01 -1.982574283e+01 +2.5209e+00 +2.7192e-01 +1.6520e+00 +2.1999e+00 +1.0321e+00
348 0 +1.487484063e+01 +1.487484063e+01 -2.442515937e+01 -2.442515937e+01 +2.5214e+00 +2.8326e-01 +1.7385e+00 +2.1859e+00 +9.9893e-01
381 0 +1.478848210e+01 +1.478848210e+01 -2.451151790e+01 -2.451151790e+01 +2.5206e+00 +2.8899e-01 +1.7400e+00 +2.1915e+00 +1.0018e+00
520 0 +1.441966912e+01 +1.441966912e+01 -2.488033088e+01 -2.488033088e+01 +2.5210e+00 +3.1820e-01 +1.7341e+00 +2.1878e+00 +1.0021e+00
624 0 +1.408922408e+01 +1.408922408e+01 -2.521077592e+01 -2.521077592e+01 +2.5211e+00 +3.5356e-01 +1.7336e+00 +2.1868e+00 +1.0022e+00
% f evaluations | g evaluations | best noise-free fitness - Fopt | noise-free fitness - Fopt (4.296000000000e+01) | measured fitness | best measured fitness | x1 | x2...
1 0 +4.792953970e+02 +4.792953970e+02 +5.222553970e+02 +5.222553970e+02 +1.4322e+00 -2.0774e+00 -3.5466e+00 +4.4957e+00 -4.2562e+00
3 0 +2.281270296e+02 +2.281270296e+02 +2.710870296e+02 +2.710870296e+02 -3.3458e+00 +1.2265e+00 +2.8388e+00 -3.0232e+00 -1.7599e+00
5 0 +1.852884924e+02 +1.852884924e+02 +2.282484924e+02 +2.282484924e+02 +1.2322e+00 -2.4554e+00 +5.7975e-01 +1.6008e+00 -2.0473e+00
14 0 +7.825733330e+01 +7.825733330e+01 +1.212173333e+02 +1.212173333e+02 +1.3102e+00 +3.2630e+00 +2.1215e+00 -8.9388e-01 -5.1714e-01
23 0 +5.461251972e+01 +5.461251972e+01 +9.757251972e+01 +9.757251972e+01 +6.3556e-01 +2.3441e+00 +2.2079e+00 +9.7827e-01 -9.9992e-01
61 0 +5.333384961e+01 +5.333384961e+01 +9.629384961e+01 +9.629384961e+01 +1.2559e+00 +2.5607e+00 +2.2057e+00 +1.6741e-01 -4.6838e-01
66 0 +5.137135945e+01 +5.137135945e+01 +9.433135945e+01 +9.433135945e+01 -4.5633e-01 +2.2798e+00 +1.7371e+00 +1.4932e+00 -5.8782e-01
77 0 +3.211218784e+01 +3.211218784e+01 +7.507218784e+01 +7.507218784e+01 +5.4697e-01 +1.2562e+00 +2.3464e+00 +9.6071e-01 +8.6428e-01
140 0 +2.706482175e+01 +2.706482175e+01 +7.002482175e+01 +7.002482175e+01 +5.4839e-01 +8.3830e-01 +2.3353e+00 +9.4169e-01 +8.9869e-01
141 0 +2.065276345e+01 +2.065276345e+01 +6.361276345e+01 +6.361276345e+01 +4.2897e-01 +1.5534e+00 +2.2684e+00 +1.0065e+00 +8.5611e-01
176 0 +1.910078309e+01 +1.910078309e+01 +6.206078309e+01 +6.206078309e+01 +4.3486e-01 +1.6028e+00 +2.2424e+00 +9.9665e-01 +8.2747e-01
179 0 +1.336375778e+01 +1.336375778e+01 +5.632375778e+01 +5.632375778e+01 +4.1023e-01 +1.6675e+00 +1.7098e+00 +9.8620e-01 +8.7362e-01
187 0 +1.259347219e+01 +1.259347219e+01 +5.555347219e+01 +5.555347219e+01 +4.4767e-01 +1.7103e+00 +2.2503e+00 +9.4866e-01 +8.5751e-01
208 0 +1.018067980e+01 +1.018067980e+01 +5.314067980e+01 +5.314067980e+01 +4.5588e-01 +1.6248e+00 +2.2443e+00 +9.9851e-01 +8.7222e-01
262 0 +9.539473772e+00 +9.539473772e+00 +5.249947377e+01 +5.249947377e+01 +4.6188e-01 +1.6548e+00 +2.2477e+00 +1.0639e+00 +8.7174e-01
270 0 +6.947944653e+00 +6.947944653e+00 +4.990794465e+01 +4.990794465e+01 +4.5418e-01 +1.7075e+00 +2.2446e+00 +1.0132e+00 +8.6291e-01
276 0 +6.437809470e+00 +6.437809470e+00 +4.939780947e+01 +4.939780947e+01 +4.7777e-01 +1.6440e+00 +2.1768e+00 +1.0401e+00 +8.7061e-01
290 0 +5.096183638e+00 +5.096183638e+00 +4.805618364e+01 +4.805618364e+01 +4.4818e-01 +1.7731e+00 +2.1887e+00 +1.0281e+00 +8.7263e-01
317 0 +2.987419673e+00 +2.987419673e+00 +4.594741967e+01 +4.594741967e+01 +4.9223e-01 +1.7471e+00 +2.1495e+00 +1.0263e+00 +8.7654e-01
367 0 +2.436075718e+00 +2.436075718e+00 +4.539607572e+01 +4.539607572e+01 +5.1922e-01 +1.7454e+00 +2.1582e+00 +1.0173e+00 +8.7920e-01
417 0 +2.347404388e+00 +2.347404388e+00 +4.530740439e+01 +4.530740439e+01 +5.0249e-01 +1.7459e+00 +2.1582e+00 +1.0109e+00 +8.8479e-01
420 0 +2.340686862e+00 +2.340686862e+00 +4.530068686e+01 +4.530068686e+01 +5.1831e-01 +1.7460e+00 +2.1518e+00 +1.0188e+00 +8.8244e-01
440 0 +2.290433013e+00 +2.290433013e+00 +4.525043301e+01 +4.525043301e+01 +5.1964e-01 +1.7423e+00 +2.1582e+00 +1.0179e+00 +8.8147e-01
444 0 +2.214549269e+00 +2.214549269e+00 +4.517454927e+01 +4.517454927e+01 +5.2351e-01 +1.7439e+00 +2.1578e+00 +1.0121e+00 +8.8773e-01
461 0 +2.150969965e+00 +2.150969965e+00 +4.511096997e+01 +4.511096997e+01 +5.2660e-01 +1.7447e+00 +2.1592e+00 +1.0172e+00 +8.8909e-01
472 0 +2.108529055e+00 +2.108529055e+00 +4.506852905e+01 +4.506852905e+01 +5.2777e-01 +1.7447e+00 +2.1642e+00 +1.0175e+00 +8.9020e-01
478 0 +2.084705675e+00 +2.084705675e+00 +4.504470568e+01 +4.504470568e+01 +5.2699e-01 +1.7444e+00 +2.1699e+00 +1.0159e+00 +8.9172e-01
644 0 +2.035494662e+00 +2.035494662e+00 +4.499549466e+01 +4.499549466e+01 +5.2206e-01 +1.7438e+00 +2.1695e+00 +1.0173e+00 +8.9206e-01
% f evaluations | g evaluations | best noise-free fitness - Fopt | noise-free fitness - Fopt (2.842200000000e+02) | measured fitness | best measured fitness | x1 | x2...
1 0 +5.203462906e+02 +5.203462906e+02 +8.045662906e+02 +8.045662906e+02 -4.2566e+00 +3.1846e+00 +4.9955e-01 -2.3854e+00 -4.0934e+00
2 0 +3.540411968e+02 +3.540411968e+02 +6.382611968e+02 +6.382611968e+02 -1.7981e+00 +1.0395e+00 -1.9676e+00 -4.1891e+00 -6.8686e-01
4 0 +2.623944043e+02 +2.623944043e+02 +5.466144043e+02 +5.466144043e+02 +5.9653e-01 +1.2018e+00 -2.0249e+00 -5.8915e-01 -1.5241e+00
14 0 +2.168938663e+02 +2.168938663e+02 +5.011138663e+02 +5.011138663e+02 -2.3869e+00 -3.4037e+00 -2.7765e+00 +4.2718e-01 -2.2522e-01
33 0 +1.500288359e+02 +1.500288359e+02 +4.342488359e+02 +4.342488359e+02 +1.3274e+00 +5.7526e-01 -3.9146e+00 +2.5451e+00 +5.6407e-01
56 0 +1.206245372e+02 +1.206245372e+02 +4.048445372e+02 +4.048445372e+02 +1.2298e+00 +6.4691e-01 -3.1076e+00 +2.3946e+00 +1.3359e+00
62 0 +1.031614483e+02 +1.031614483e+02 +3.873814483e+02 +3.873814483e+02 +7.9558e-02 +5.0397e-01 -3.3954e+00 +2.6743e+00 +7.4953e-01
69 0 +6.230062329e+01 +6.230062329e+01 +3.465206233e+02 +3.465206233e+02 +9.4107e-01 +4.0367e-01 -2.2151e+00 +2.1945e+00 +1.1617e+00
97 0 +5.151802569e+01 +5.151802569e+01 +3.357380257e+02 +3.357380257e+02 +1.9410e-01 -4.2374e-01 -1.3158e+00 +2.6329e+00 +8.4304e-01
107 0 +5.013139246e+01 +5.013139246e+01 +3.343513925e+02 +3.343513925e+02 +5.9662e-02 -2.4655e-01 +2.0789e-01 +2.7237e+00 +1.6517e+00
108 0 +4.912562117e+01 +4.912562117e+01 +3.333456212e+02 +3.333456212e+02 -4.7926e-02 -8.4918e-01 -1.1700e+00 +2.6744e+00 +9.2169e-01
112 0 +4.660909701e+01 +4.660909701e+01 +3.308290970e+02 +3.308290970e+02 +3.0799e-01 -1.1089e+00 -1.0729e-01 +2.5621e+00 +1.6505e+00
159 0 +3.528059476e+01 +3.528059476e+01 +3.195005948e+02 +3.195005948e+02 +2.0538e-01 -3.5966e-01 -6.3945e-02 +2.6618e+00 +1.6502e+00
163 0 +3.449397364e+01 +3.449397364e+01 +3.187139736e+02 +3.187139736e+02 +3.0811e-01 -8.9660e-01 +5.7235e-01 +2.5738e+00 +1.7505e+00
175 0 +3.139097216e+01 +3.139097216e+01 +3.156109722e+02 +3.156109722e+02 +2.9858e-01 -1.0692e+00 +4.4384e-02 +2.5740e+00 +1.2017e+00
224 0 +2.944621977e+01 +2.944621977e+01 +3.136662198e+02 +3.136662198e+02 +3.2826e-01 -1.1552e+00 -9.6399e-03 +2.6061e+00 +1.1717e+00
246 0 +2.556924523e+01 +2.556924523e+01 +3.097892452e+02 +3.097892452e+02 +2.9811e-01 -1.0995e+00 +3.0176e-01 +2.5997e+00 +1.5210e+00
260 0 +2.408023118e+01 +2.408023118e+01 +3.083002312e+02 +3.083002312e+02 +3.5498e-01 -1.0620e+00 +3.5182e-01 +2.6312e+00 +1.5845e+00
263 0 +2.104174475e+01 +2.104174475e+01 +3.052617447e+02 +3.052617447e+02 +2.9792e-01 -1.0704e+00 +3.6939e-01 +2.5764e+00 +1.5025e+00
270 0 +1.888047268e+01 +1.888047268e+01 +3.031004727e+02 +3.031004727e+02 +2.9813e-01 -1.1006e+00 +3.6850e-01 +2.6056e+00 +1.5288e+00
311 0 +1.605616435e+01 +1.605616435e+01 +3.002761643e+02 +3.002761643e+02 +2.9834e-01 -1.0908e+00 +4.9657e-01 +2.6073e+00 +1.5228e+00
340 0 +1.560455856e+01 +1.560455856e+01 +2.998245586e+02 +2.998245586e+02 +2.9803e-01 -1.0547e+00 +4.0532e-01 +2.6086e+00 +1.5098e+00
364 0 +1.544829640e+01 +1.544829640e+01 +2.996682964e+02 +2.996682964e+02 +3.0454e-01 -1.0515e+00 +4.1765e-01 +2.6081e+00 +1.5090e+00
374 0 +1.443565499e+01 +1.443565499e+01 +2.986556550e+02 +2.986556550e+02 +2.9808e-01 -1.0525e+00 +4.2604e-01 +2.6090e+00 +1.5151e+00
375 0 +1.406886822e+01 +1.406886822e+01 +2.982888682e+02 +2.982888682e+02 +2.9773e-01 -1.0178e+00 +4.2864e-01 +2.6072e+00 +1.5156e+00
378 0 +1.379814884e+01 +1.379814884e+01 +2.980181488e+02 +2.980181488e+02 +2.9811e-01 -1.0589e+00 +4.3505e-01 +2.6149e+00 +1.5196e+00
416 0 +1.348038289e+01 +1.348038289e+01 +2.977003829e+02 +2.977003829e+02 +2.9322e-01 -1.0583e+00 +4.2868e-01 +2.6176e+00 +1.5212e+00
467 0 +1.280976799e+01 +1.280976799e+01 +2.970297680e+02 +2.970297680e+02 +2.9962e-01 -1.0571e+00 +4.5306e-01 +2.6249e+00 +1.5241e+00
532 0 +1.256687639e+01 +1.256687639e+01 +2.967868764e+02 +2.967868764e+02 +2.9891e-01 -1.0410e+00 +4.5117e-01 +2.6206e+00 +1.5269e+00
835 0 +1.230170933e+01 +1.230170933e+01 +2.965217093e+02 +2.965217093e+02 +2.9891e-01 -1.0259e+00 +4.4835e-01 +2.6219e+00 +1.5308e+00
1248 0 +1.201304836e+01 +1.201304836e+01 +2.962330484e+02 +2.962330484e+02 +2.9891e-01 -1.0258e+00 +4.4836e-01 +2.6267e+00 +1.5309e+00
1519 0 +1.174655002e+01 +1.174655002e+01 +2.959665500e+02 +2.959665500e+02 +2.9891e-01 -1.0258e+00 +4.4836e-01 +2.6312e+00 +1.5309e+00
1833 0 +1.145981259e+01 +1.145981259e+01 +2.956798126e+02 +2.956798126e+02 +2.9891e-01 -1.0258e+00 +4.4836e-01 +2.6362e+00 +1.5309e+00
2030 0 +1.121695498e+01 +1.121695498e+01 +2.954369550e+02 +2.954369550e+02 +2.9891e-01 -1.0258e+00 +4.4836e-01 +2.6406e+00 +1.5309e+00
2239 0 +1.091669950e+01 +1.091669950e+01 +2.951366995e+02 +2.951366995e+02 +2.9891e-01 -1.0258e+00 +4.4836e-01 +2.6465e+00 +1.5309e+00
2443 0 +1.070486599e+01 +1.070486599e+01 +2.949248660e+02 +2.949248660e+02 +2.9891e-01 -1.0258e+00 +4.4836e-01 +2.6512e+00 +1.5309e+00
2601 0 +1.045946273e+01 +1.045946273e+01 +2.946794627e+02 +2.946794627e+02 +2.9891e-01 -1.0258e+00 +4.4836e-01 +2.6578e+00 +1.5309e+00
% f evaluations | g evaluations | best noise-free fitness - Fopt | noise-free fitness - Fopt (-3.217000000000e+01) | measured fitness | best measured fitness | x1 | x2...
1 0 +4.482307675e+03 +4.482307675e+03 +4.450137675e+03 +4.450137675e+03 +2.5675e+00 +1.6899e+00 +4.0402e+00 -2.8766e+00 -2.5561e+00
2 0 +8.155134962e+02 +8.155134962e+02 +7.833434962e+02 +7.833434962e+02 -4.8462e+00 -1.8684e+00 -4.0781e+00 -2.4451e+00 -4.5133e+00
7 0 +5.288979337e+02 +5.288979337e+02 +4.967279337e+02 +4.967279337e+02 -1.4471e+00 +4.4389e+00 -1.4407e+00 -3.7581e+00 -2.6247e+00
8 0 +2.486323608e+02 +2.486323608e+02 +2.164623608e+02 +2.164623608e+02 +2.2654e+00 +1.6845e+00 -3.5116e-01 -2.6766e+00 +5.7507e-01
9 0 +2.048118151e+02 +2.048118151e+02 +1.726418151e+02 +1.726418151e+02 +1.7378e+00 +1.8622e-02 -4.9743e+00 -2.5101e+00 +3.2776e+00
11 0 +1.270958608e+02 +1.270958608e+02 +9.492586079e+01 +9.492586079e+01 -2.7022e+00 -1.8656e+00 -2.0503e+00 +1.5220e+00 +2.9190e+00
56 0 +1.139393195e+02 +1.139393195e+02 +8.176931948e+01 +8.176931948e+01 -8.6464e-01 -2.1449e+00 -2.6562e+00 -5.9644e-01 +3.6684e+00
118 0 +7.927317644e+01 +7.927317644e+01 +4.710317644e+01 +4.710317644e+01 -3.0938e-01 -1.9152e+00 -8.3816e-01 +9.6325e-01 +3.7577e+00
139 0 +7.576794995e+01 +7.576794995e+01 +4.359794995e+01 +4.359794995e+01 -6.3642e-01 -1.8927e+00 -2.5580e+00 -6.3362e-01 +3.6699e+00
163 0 +6.293675231e+01 +6.293675231e+01 +3.076675231e+01 +3.076675231e+01 -5.5962e-01 -1.7625e+00 -2.4223e+00 -6.1208e-01 +3.6886e+00
207 0 +6.052016372e+01 +6.052016372e+01 +2.835016372e+01 +2.835016372e+01 -5.2389e-01 -1.8573e+00 -2.4018e+00 -6.1906e-01 +3.6725e+00
261 0 +5.962898250e+01 +5.962898250e+01 +2.745898250e+01 +2.745898250e+01 -5.1162e-01 -1.8716e+00 -2.4046e+00 -6.1855e-01 +3.6787e+00
280 0 +5.779762252e+01 +5.779762252e+01 +2.562762252e+01 +2.562762252e+01 -5.2358e-01 -1.9004e+00 -2.4124e+00 -5.8254e-01 +3.6724e+00
316 0 +5.719138157e+01 +5.719138157e+01 +2.502138157e+01 +2.502138157e+01 -5.2376e-01 -1.9094e+00 -2.4060e+00 -5.6586e-01 +3.6733e+00
364 0 +5.536551387e+01 +5.536551387e+01 +2.319551387e+01 +2.319551387e+01 -5.3827e-01 -1.9001e+00 -2.4144e+00 -5.5881e-01 +3.6920e+00
675 0 +5.494933022e+01 +5.494933022e+01 +2.277933022e+01 +2.277933022e+01 -5.3674e-01 -1.8931e+00 -2.4148e+00 -5.4431e-01 +3.7004e+00
% f evaluations | g evaluations | best noise-free fitness - Fopt | noise-free fitness - Fopt (-5.858000000000e+01) | measured fitness | best measured fitness | x1 | x2...
1 0 +6.378013963e+02 +6.378013963e+02 +5.792213963e+02 +5.792213963e+02 -3.2571e-01 -1.4123e+00 -4.7012e+00 -4.4547e+00 -1.8060e+00
2 0 +2.556623669e+02 +2.556623669e+02 +1.970823669e+02 +1.970823669e+02 -8.5690e-01 -3.5665e-02 -8.6894e-01 -2.4501e+00 +1.3754e+00
5 0 +1.927163538e+02 +1.927163538e+02 +1.341363538e+02 +1.341363538e+02 -2.4443e+00 -1.1169e+00 +1.0735e+00 -2.5874e+00 +2.4658e+00
9 0 +1.239934692e+02 +1.239934692e+02 +6.541346919e+01 +6.541346919e+01 +1.0793e+00 -4.9598e+00 -2.3618e+00 +6.7949e-01 +2.0335e+00
33 0 +8.520317686e+01 +8.520317686e+01 +2.662317686e+01 +2.662317686e+01 +2.8713e+00 -3.5559e-01 +2.4800e-01 -1.2085e+00 +3.5482e+00
66 0 +8.430687612e+01 +8.430687612e+01 +2.572687612e+01 +2.572687612e+01 +2.7071e+00 -9.9775e-01 +6.9434e-01 -3.5774e-01 +3.4665e+00
71 0 +8.164744677e+01 +8.164744677e+01 +2.306744677e+01 +2.306744677e+01 +3.0325e+00 -3.4349e-01 -1.3296e+00 +4.4579e-01 +3.3224e+00
107 0 +6.840047178e+01 +6.840047178e+01 +9.820471778e+00 +9.820471778e+00 +2.2365e+00 -3.2511e-01 -1.4270e+00 +3.4850e-01 +3.5429e+00
108 0 +6.538419135e+01 +6.538419135e+01 +6.804191355e+00 +6.804191355e+00 +3.0523e+00 -3.4389e-01 -1.2924e+00 +1.8699e+00 +3.2678e+00
117 0 +4.473064203e+01 +4.473064203e+01 -1.384935797e+01 -1.384935797e+01 +2.5991e+00 -3.4391e-01 -1.3761e+00 +7.3387e-01 +3.2497e+00
173 0 +4.390918287e+01 +4.390918287e+01 -1.467081713e+01 -1.467081713e+01 +2.6739e+00 -3.3070e-01 -4.4849e-01 +1.0425e+00 +3.2558e+00
175 0 +3.999163905e+01 +3.999163905e+01 -1.858836095e+01 -1.858836095e+01 +2.5143e+00 -3.4381e-01 -1.3854e+00 +6.8463e-01 +3.2498e+00
178 0 +3.864044056e+01 +3.864044056e+01 -1.993955944e+01 -1.993955944e+01 +2.5954e+00 -3.5827e-01 -1.3635e+00 +6.9722e-01 +3.2508e+00
209 0 +3.704346586e+01 +3.704346586e+01 -2.153653414e+01 -2.153653414e+01 +2.5804e+00 -3.7082e-01 -1.3362e+00 +6.6195e-01 +3.2627e+00
231 0 +3.568980166e+01 +3.568980166e+01 -2.289019834e+01 -2.289019834e+01 +2.5917e+00 -3.6052e-01 -1.3457e+00 +6.9087e-01 +3.2884e+00
260 0 +3.534621015e+01 +3.534621015e+01 -2.323378985e+01 -2.323378985e+01 +2.5924e+00 -3.5787e-01 -1.3413e+00 +6.9049e-01 +3.2813e+00
% f evaluations | g evaluations | best noise-free fitness - Fopt | noise-free fitness - Fopt (-6.049200000000e+02) | measured fitness | best measured fitness | x1 | x2...
1 0 +2.122245163e+04 +2.122245163e+04 +2.061753163e+04 +2.061753163e+04 -1.5063e-01 -4.9641e+00 -1.8143e-01 -9.6635e-01 +4.9676e+00
2 0 +6.031257552e+03 +6.031257552e+03 +5.426337552e+03 +5.426337552e+03 -3.6055e+00 +3.7792e+00 +3.2117e+00 +1.4732e+00 +2.5803e+00
3 0 +1.272106211e+03 +1.272106211e+03 +6.671862108e+02 +6.671862108e+02 -2.9220e+00 +3.4267e+00 -1.4760e+00 -2.4817e-01 +1.3938e+00
6 0 +3.448442865e+02 +3.448442865e+02 -2.600757135e+02 -2.600757135e+02 -3.7786e+00 +9.8620e-01 +1.7052e+00 +2.3739e+00 -4.9174e+00
12 0 +2.542233918e+02 +2.542233918e+02 -3.506966082e+02 -3.506966082e+02 +1.1285e+00 +6.3110e-02 +8.6801e-01 +4.8513e+00 -3.3086e+00
15 0 +2.310281052e+02 +2.310281052e+02 -3.738918948e+02 -3.738918948e+02 -3.7110e+00 -2.6274e+00 +1.9191e+00 -9.8958e-01 -2.8059e+00
21 0 +1.377591766e+02 +1.377591766e+02 -4.671608234e+02 -4.671608234e+02 -2.4540e+00 -7.1892e-02 +1.6034e+00 -1.7118e+00 +3.3975e-01
62 0 +7.369267790e+01 +7.369267790e+01 -5.312273221e+02 -5.312273221e+02 -4.6056e-01 -1.1641e-01 +1.1904e+00 +1.8458e+00 +5.2361e-01
104 0 +5.808646148e+01 +5.808646148e+01 -5.468335385e+02 -5.468335385e+02 -1.9584e+00 +2.4333e-01 +1.4929e+00 +1.4446e+00 +5.1603e-01
112 0 +3.466889919e+01 +3.466889919e+01 -5.702511008e+02 -5.702511008e+02 +3.8785e-01 +6.7506e-01 +9.9889e-01 +2.3018e+00 +3.1913e-01
127 0 +2.996934544e+01 +2.996934544e+01 -5.749506546e+02 -5.749506546e+02 -9.5508e-01 -3.8514e-01 +1.4892e+00 +1.9472e+00 +4.8476e-01
188 0 +2.776106858e+01 +2.776106858e+01 -5.771589314e+02 -5.771589314e+02 -9.6698e-01 -3.3217e-01 +1.5190e+00 +3.7240e+00 +3.9151e-01
231 0 +1.965184599e+01 +1.965184599e+01 -5.852681540e+02 -5.852681540e+02 -9.6175e-01 -3.2435e-01 +1.5061e+00 +3.0433e+00 +3.8812e-01
284 0 +1.704196771e+01 +1.704196771e+01 -5.878780323e+02 -5.878780323e+02 -9.6184e-01 -2.5437e-01 +1.5026e+00 +3.0291e+00 +3.9212e-01
289 0 +1.198933510e+01 +1.198933510e+01 -5.929306649e+02 -5.929306649e+02 -9.4004e-01 -3.2439e-01 +1.5432e+00 +2.7943e+00 +3.5367e-01
370 0 +1.095209833e+01 +1.095209833e+01 -5.939679017e+02 -5.939679017e+02 -9.3960e-01 -2.9811e-01 +1.5005e+00 +2.7994e+00 +3.5235e-01
475 0 +1.069696854e+01 +1.069696854e+01 -5.942230315e+02 -5.942230315e+02 -9.4524e-01 -3.0025e-01 +1.4916e+00 +2.7956e+00 +3.5470e-01
5262 0 +1.047055016e+01 +1.047055016e+01 -5.944494498e+02 -5.944494498e+02 -9.4999e-01 -2.9066e-01 +1.4775e+00 +2.7937e+00 +3.6237e-01
6041 0 +1.023194120e+01 +1.023194120e+01 -5.946880588e+02 -5.946880588e+02 -9.4999e-01 -2.4939e-01 +1.4775e+00 +2.7937e+00 +3.6237e-01
6499 0 +9.996007709e+00 +9.996007709e+00 -5.949239923e+02 -5.949239923e+02 -9.4999e-01 -2.1197e-01 +1.4775e+00 +2.7937e+00 +3.6237e-01
% f evaluations | g evaluations | best noise-free fitness - Fopt | noise-free fitness - Fopt (1.337000000000e+02) | measured fitness | best measured fitness | x1 | x2...
1 0 +6.334406616e+02 +6.334406616e+02 +7.671406616e+02 +7.671406616e+02 -1.3048e+00 +1.6532e+00 -1.4987e+00 +1.0539e+00 -4.1467e+00
2 0 +4.342279754e+02 +4.342279754e+02 +5.679279754e+02 +5.679279754e+02 -3.9283e+00 +2.4737e+00 -1.5930e+00 +3.6673e-02 -2.0839e+00
7 0 +4.171081781e+02 +4.171081781e+02 +5.508081781e+02 +5.508081781e+02 +1.2092e+00 -6.5743e-01 -4.2772e+00 -1.3489e+00 -9.2532e-01
8 0 +3.322237514e+02 +3.322237514e+02 +4.659237514e+02 +4.659237514e+02 -1.3126e+00 -3.0838e-01 -4.0900e+00 +2.2092e+00 -1.0593e+00
9 0 +1.998221840e+02 +1.998221840e+02 +3.335221840e+02 +3.335221840e+02 +1.4715e-01 -8.1219e-02 -4.2942e+00 +4.6431e+00 +3.8476e+00
15 0 +1.647538973e+02 +1.647538973e+02 +2.984538973e+02 +2.984538973e+02 +1.7237e+00 +1.5481e+00 -2.2361e+00 -5.7064e-01 +1.6621e+00
16 0 +1.335908685e+02 +1.335908685e+02 +2.672908685e+02 +2.672908685e+02 -1.6589e+00 -2.0112e+00 -3.4515e+00 +2.1000e+00 +3.2163e+00
29 0 +1.067506408e+02 +1.067506408e+02 +2.404506408e+02 +2.404506408e+02 +2.3082e+00 -2.4450e+00 -6.3920e-01 +1.1721e-01 +2.6956e+00
63 0 +6.398420202e+01 +6.398420202e+01 +1.976842020e+02 +1.976842020e+02 +2.3986e+00 -1.1477e+00 -6.3605e-01 -7.1688e-01 +3.3591e+00
123 0 +5.732967987e+01 +5.732967987e+01 +1.910296799e+02 +1.910296799e+02 +2.4174e+00 -1.2181e+00 -6.9245e-01 +3.1179e-02 +3.3613e+00
161 0 +4.415708348e+01 +4.415708348e+01 +1.778570835e+02 +1.778570835e+02 +2.4660e+00 -1.2191e+00 -2.6714e-01 -1.8146e-01 +3.4242e+00
209 0 +4.102815180e+01 +4.102815180e+01 +1.747281518e+02 +1.747281518e+02 +2.4666e+00 -1.1970e+00 -1.7643e-01 -1.9385e-01 +3.3983e+00
264 0 +3.986356022e+01 +3.986356022e+01 +1.735635602e+02 +1.735635602e+02 +2.4758e+00 -1.1972e+00 -2.0104e-01 -2.1342e-01 +3.3794e+00
300 0 +3.853221251e+01 +3.853221251e+01 +1.722322125e+02 +1.722322125e+02 +2.4661e+00 -1.2869e+00 -1.8081e-01 -1.9179e-01 +3.4048e+00
317 0 +3.735492671e+01 +3.735492671e+01 +1.710549267e+02 +1.710549267e+02 +2.4661e+00 -1.3076e+00 -2.2037e-01 -1.9208e-01 +3.4008e+00
368 0 +3.670682722e+01 +3.670682722e+01 +1.704068272e+02 +1.704068272e+02 +2.4661e+00 -1.3468e+00 -2.2222e-01 -1.9282e-01 +3.3953e+00
392 0 +3.592561870e+01 +3.592561870e+01 +1.696256187e+02 +1.696256187e+02 +2.4661e+00 -1.3230e+00 -2.1458e-01 -1.9184e-01 +3.3723e+00
% f evaluations | g evaluations | best noise-free fitness - Fopt | noise-free fitness - Fopt (-2.098000000000e+01) | measured fitness | best measured fitness | x1 | x2...
1 0 +3.169627084e+02 +3.169627084e+02 +2.959827084e+02 +2.959827084e+02 -1.3308e+00 -3.1690e+00 +5.6179e-01 +3.7400e+00 -7.6842e-01
7 0 +1.249363478e+02 +1.249363478e+02 +1.039563478e+02 +1.039563478e+02 +1.9285e+00 -1.9430e+00 -3.6948e+00 -3.2220e-01 +1.3288e+00
62 0 +1.112589845e+02 +1.112589845e+02 +9.027898447e+01 +9.027898447e+01 +1.0710e+00 +4.1852e-01 -3.2502e+00 -6.4288e-01 +1.4491e+00
66 0 +9.606279562e+01 +9.606279562e+01 +7.508279562e+01 +7.508279562e+01 +1.9900e+00 -1.4661e+00 -2.2369e+00 -1.1258e+00 +2.4274e+00
97 0 +9.298679763e+01 +9.298679763e+01 +7.200679763e+01 +7.200679763e+01 +1.8746e+00 -2.4152e+00 +4.7775e-01 -2.0947e-01 +2.1244e+00
98 0 +8.555452539e+01 +8.555452539e+01 +6.457452539e+01 +6.457452539e+01 +1.8294e+00 -1.0262e+00 -2.7332e+00 -7.3062e-01 +1.7655e+00
109 0 +6.539737636e+01 +6.539737636e+01 +4.441737636e+01 +4.441737636e+01 +1.8839e+00 -4.2890e-01 -3.0938e+00 -7.8840e-01 +1.8094e+00
135 0 +5.882523405e+01 +5.882523405e+01 +3.784523405e+01 +3.784523405e+01 +1.8268e+00 -1.1586e+00 -6.9401e-01 -5.6248e-01 +1.8197e+00
156 0 +4.696196505e+01 +4.696196505e+01 +2.598196505e+01 +2.598196505e+01 +1.8517e+00 -1.2023e+00 +2.1911e-01 -5.6570e-01 +1.7559e+00
170 0 +4.282407158e+01 +4.282407158e+01 +2.184407158e+01 +2.184407158e+01 +1.8264e+00 -1.1990e+00 -3.6840e-01 -5.5167e-01 +1.8303e+00
179 0 +4.067167414e+01 +4.067167414e+01 +1.969167414e+01 +1.969167414e+01 +1.8806e+00 -1.2420e+00 -8.5024e-01 -4.7932e-01 +1.8089e+00
210 0 +3.795043509e+01 +3.795043509e+01 +1.697043509e+01 +1.697043509e+01 +1.8831e+00 -1.2092e+00 -8.1662e-01 -5.1952e-01 +1.8226e+00
222 0 +3.625566241e+01 +3.625566241e+01 +1.527566241e+01 +1.527566241e+01 +1.9090e+00 -1.2184e+00 -8.2901e-01 -5.1145e-01 +1.8089e+00
223 0 +3.292558176e+01 +3.292558176e+01 +1.194558176e+01 +1.194558176e+01 +1.9797e+00 -1.0382e+00 -4.2110e-01 -4.7813e-01 +1.7882e+00
282 0 +3.185366577e+01 +3.185366577e+01 +1.087366577e+01 +1.087366577e+01 +1.9999e+00 -1.0261e+00 -3.8052e-01 -4.7031e-01 +1.7894e+00
294 0 +3.071699641e+01 +3.071699641e+01 +9.736996407e+00 +9.736996407e+00 +1.9986e+00 -1.0637e+00 -2.3220e-01 -4.7810e-01 +1.8098e+00
300 0 +2.815821931e+01 +2.815821931e+01 +7.178219312e+00 +7.178219312e+00 +2.0261e+00 -1.0501e+00 -3.0368e-01 -4.8609e-01 +1.8014e+00
316 0 +2.748341687e+01 +2.748341687e+01 +6.503416874e+00 +6.503416874e+00 +1.9904e+00 -1.0999e+00 -2.6915e-01 -4.8708e-01 +1.7933e+00
318 0 +2.606228273e+01 +2.606228273e+01 +5.082282726e+00 +5.082282726e+00 +2.0261e+00 -1.1091e+00 -2.9520e-01 -4.8605e-01 +1.7930e+00
369 0 +2.565487739e+01 +2.565487739e+01 +4.674877388e+00 +4.674877388e+00 +2.0191e+00 -1.1194e+00 -3.2617e-01 -4.8581e-01 +1.7933e+00
585 0 +2.511873602e+01 +2.511873602e+01 +4.138736022e+00 +4.138736022e+00 +2.0353e+00 -1.1355e+00 -3.2548e-01 -4.8821e-01 +1.8004e+00
% f evaluations | g evaluations | best noise-free fitness - Fopt | noise-free fitness - Fopt (1.353300000000e+02) | measured fitness | best measured fitness | x1 | x2...
1 0 +4.704165581e+03 +4.704165581e+03 +4.839495581e+03 +4.839495581e+03 -1.3169e+00 +3.9944e+00 +4.7961e+00 +6.1080e-01 +1.3722e+00
2 0 +2.404693493e+03 +2.404693493e+03 +2.540023493e+03 +2.540023493e+03 -4.7844e+00 +1.7609e+00 -4.9830e+00 +1.8623e+00 +4.7309e+00
3 0 +1.219436974e+03 +1.219436974e+03 +1.354766974e+03 +1.354766974e+03 +2.9530e+00 +2.3130e+00 +1.2931e+00 +3.8617e+00 -1.4633e+00
4 0 +5.487559210e+02 +5.487559210e+02 +6.840859210e+02 +6.840859210e+02 -3.9522e+00 -3.4757e+00 +2.9904e-01 -1.2968e+00 -3.7480e+00
8 0 +4.146525763e+02 +4.146525763e+02 +5.499825763e+02 +5.499825763e+02 -3.2579e+00 -7.0584e-01 +1.4090e+00 -2.7427e+00 -2.5663e+00
10 0 +1.837385248e+02 +1.837385248e+02 +3.190685248e+02 +3.190685248e+02 +2.2463e-02 -4.8989e+00 -2.9705e+00 -4.6640e+00 +2.3466e+00
20 0 +1.347917900e+02 +1.347917900e+02 +2.701217900e+02 +2.701217900e+02 +1.0038e+00 +2.2035e+00 -2.3446e+00 -3.7710e+00 +1.3175e+00
59 0 +9.182345408e+01 +9.182345408e+01 +2.271534541e+02 +2.271534541e+02 -5.6543e-01 +6.4671e-01 -3.5135e+00 -3.5008e+00 +2.4010e+00
62 0 +7.816619995e+01 +7.816619995e+01 +2.134962000e+02 +2.134962000e+02 +5.2625e-01 +1.4936e-01 -2.3296e+00 -4.1851e+00 +2.2680e+00
134 0 +6.040053629e+01 +6.040053629e+01 +1.957305363e+02 +1.957305363e+02 +4.9440e-01 -1.8131e-01 -2.3388e+00 -1.7346e+00 +2.5002e+00
155 0 +5.943418250e+01 +5.943418250e+01 +1.947641825e+02 +1.947641825e+02 +4.3981e-01 -1.2084e-01 -2.3192e+00 -2.2602e+00 +2.4913e+00
175 0 +5.637861056e+01 +5.637861056e+01 +1.917086106e+02 +1.917086106e+02 +4.9086e-01 -1.3081e-01 -2.3605e+00 -2.5484e+00 +2.5218e+00
180 0 +4.899121076e+01 +4.899121076e+01 +1.843212108e+02 +1.843212108e+02 +4.9623e-01 -1.2516e+00 -2.3399e+00 -2.6448e+00 +3.1534e+00
264 0 +4.020809614e+01 +4.020809614e+01 +1.755380961e+02 +1.755380961e+02 +4.5878e-01 -7.1164e-01 -2.4274e+00 -2.6121e+00 +3.1718e+00
315 0 +3.895151643e+01 +3.895151643e+01 +1.742815164e+02 +1.742815164e+02 +4.5885e-01 -8.0540e-01 -2.3935e+00 -2.6142e+00 +3.1627e+00
340 0 +3.863487046e+01 +3.863487046e+01 +1.739648705e+02 +1.739648705e+02 +4.6477e-01 -7.8890e-01 -2.4334e+00 -2.6063e+00 +3.1693e+00
416 0 +3.791194561e+01 +3.791194561e+01 +1.732419456e+02 +1.732419456e+02 +4.7406e-01 -7.7953e-01 -2.4050e+00 -2.6086e+00 +3.1719e+00
1102 0 +3.713577407e+01 +3.713577407e+01 +1.724657741e+02 +1.724657741e+02 +5.0825e-01 -7.8599e-01 -2.4111e+00 -2.6191e+00 +3.1756e+00
% f evaluations | g evaluations | best noise-free fitness - Fopt | noise-free fitness - Fopt (4.066000000000e+01) | measured fitness | best measured fitness | x1 | x2...
1 0 +4.755532498e+02 +4.755532498e+02 +5.162132498e+02 +5.162132498e+02 +1.1117e+00 -6.5422e-01 -1.7115e+00 -1.8639e+00 -4.0820e+00
6 0 +9.977575328e+01 +9.977575328e+01 +1.404357533e+02 +1.404357533e+02 -8.7134e-01 +1.9609e+00 +1.3711e+00 -1.2584e+00 +5.3800e-01
67 0 +8.988034135e+01 +8.988034135e+01 +1.305403413e+02 +1.305403413e+02 +3.7552e-01 +1.1262e+00 +1.5120e+00 -1.6245e+00 +1.6099e+00
83 0 +8.849439585e+01 +8.849439585e+01 +1.291543959e+02 +1.291543959e+02 +6.2390e-01 +3.2931e+00 +1.7879e+00 -1.8300e+00 +1.5730e+00
107 0 +8.245075250e+01 +8.245075250e+01 +1.231107525e+02 +1.231107525e+02 +1.1350e+00 +2.6476e+00 +2.1145e+00 -2.0376e+00 +8.8091e-01
108 0 +4.809367939e+01 +4.809367939e+01 +8.875367939e+01 +8.875367939e+01 +2.0852e+00 +2.5876e+00 +1.7226e+00 -1.8246e+00 +1.5235e+00
156 0 +3.911500309e+01 +3.911500309e+01 +7.977500309e+01 +7.977500309e+01 +2.1926e+00 +2.8834e+00 +1.7469e+00 -1.8162e+00 +1.3880e+00
216 0 +3.681195634e+01 +3.681195634e+01 +7.747195634e+01 +7.747195634e+01 +2.1878e+00 +2.8128e+00 +1.7591e+00 -1.8023e+00 +1.4181e+00
259 0 +3.609055779e+01 +3.609055779e+01 +7.675055779e+01 +7.675055779e+01 +2.1723e+00 +2.7839e+00 +1.7289e+00 -1.8109e+00 +1.3926e+00
263 0 +3.460451705e+01 +3.460451705e+01 +7.526451705e+01 +7.526451705e+01 +2.1563e+00 +2.9814e+00 +1.6424e+00 -1.8176e+00 +1.4075e+00
267 0 +3.257890840e+01 +3.257890840e+01 +7.323890840e+01 +7.323890840e+01 +2.0832e+00 +2.9486e+00 +1.7382e+00 -1.8150e+00 +1.4092e+00
272 0 +3.034441250e+01 +3.034441250e+01 +7.100441250e+01 +7.100441250e+01 +2.1566e+00 +2.8986e+00 +1.6289e+00 -1.8120e+00 +1.4138e+00
312 0 +2.972902392e+01 +2.972902392e+01 +7.038902392e+01 +7.038902392e+01 +2.1458e+00 +2.8982e+00 +1.6322e+00 -1.8129e+00 +1.4143e+00
322 0 +2.738999766e+01 +2.738999766e+01 +6.804999766e+01 +6.804999766e+01 +2.1068e+00 +2.8980e+00 +1.6178e+00 -1.7953e+00 +1.4112e+00
373 0 +2.645845104e+01 +2.645845104e+01 +6.711845104e+01 +6.711845104e+01 +2.0775e+00 +2.8778e+00 +1.6157e+00 -1.7999e+00 +1.4112e+00
412 0 +2.610110003e+01 +2.610110003e+01 +6.676110003e+01 +6.676110003e+01 +2.0718e+00 +2.8666e+00 +1.6205e+00 -1.7930e+00 +1.4172e+00
