% f evaluations | g evaluations | best noise-free fitness - Fopt | noise-free fitness - Fopt (1.491500000000e+02) | measured fitness | best measured fitness | x1 | x2...
1 0 +7.902981207e+05 +7.902981207e+05 +7.904472707e+05 +7.904472707e+05 +4.5517e+00 -2.6896e+00 -2.0359e+00 +3.9747e+00 +3.6009e+00 +7.3284e-01 +3.1181e+00 -6.5028e-01 -1.9277e+00 +3.2557e+00 -3.7385e+00 -3.0638e+00 -4.2674e+00 +3.8911e+00 -2.0178e+00 +4.6774e+00 +2.5250e+00 -1.2919e+00 -1.1044e+00 -2.6248e+00
2 0 +3.586800879e+05 +3.586800879e+05 +3.588292379e+05 +3.588292379e+05 -4.5113e+00 +9.5008e-01 +3.2176e+00 -2.1596e+00 -4.9155e+00 -4.2547e+00 -2.0911e+00 +4.4673e+00 +4.8456e-01 +3.8824e+00 -2.6539e+00 -2.2788e+00 -1.8193e+00 -4.2315e+00 +5.3899e-01 +1.7935e-01 -1.8026e+00 +4.1944e+00 -2.7632e+00 -6.0881e-01
3 0 +1.209579015e+05 +1.209579015e+05 +1.211070515e+05 +1.211070515e+05 +1.4773e+00 +2.4178e+00 -4.1242e+00 +4.2865e+00 -3.5156e+00 -4.8104e+00 -4.2564e+00 -3.0535e+00 -4.6845e-01 -3.7687e+00 -9.6734e-01 -9.2627e-01 -8.4337e-01 +2.0571e+00 -4.7068e+00 -4.1146e+00 -5.7146e-01 -1.8514e-01 -7.8461e-01 +2.4554e+00
52 0 +1.102229697e+05 +1.102229697e+05 +1.103721197e+05 +1.103721197e+05 +1.3391e+00 +2.5227e+00 +1.2862e+00 +4.4972e+00 -3.1305e+00 -4.3682e+00 -5.0000e+00 -5.0000e+00 -8.3923e-01 -4.1993e+00 -1.5948e+00 -1.7318e+00 -1.2203e+00 +7.0709e-01 -5.0000e+00 -1.4387e+00 -2.5413e-01 -1.2820e+00 -1.3374e+00 +1.3960e+00
59 0 +7.546875610e+04 +7.546875610e+04 +7.561790610e+04 +7.561790610e+04 +1.8918e+00 +7.3784e-01 -1.7615e+00 +4.1205e+00 -3.4348e+00 -2.0870e+00 -4.8077e+00 -2.7281e+00 -5.1881e-01 -3.4905e+00 -2.0008e+00 -8.5233e-01 -7.4865e-01 +1.8538e+00 -5.0000e+00 -1.7070e+00 -7.1511e-01 -7.7407e-01 -1.3819e+00 +2.4828e+00
104 0 +7.201715221e+04 +7.201715221e+04 +7.216630221e+04 +7.216630221e+04 +1.7283e+00 -6.2879e-02 -2.8312e+00 +4.0072e+00 -3.5039e+00 -2.1665e+00 -4.8561e+00 -2.8748e+00 -5.1981e-01 -3.6755e+00 -1.8105e+00 -2.4187e-01 -4.9696e-01 +1.7789e+00 -5.0000e+00 -1.7732e+00 -7.8199e-01 -1.0517e+00 -1.3685e+00 +2.2620e+00
109 0 +5.910451985e+04 +5.910451985e+04 +5.925366985e+04 +5.925366985e+04 +1.8567e+00 -2.6434e-01 -8.2335e-01 +3.7261e+00 -3.5416e+00 -3.4929e+00 -5.0000e+00 -2.6537e+00 -4.3088e-01 -3.1981e+00 -2.0750e+00 +6.7145e-01 -8.4999e-01 +1.1350e+00 -5.0000e+00 -3.7864e-01 -5.8096e-01 -1.2749e+00 -1.5049e+00 +3.0152e+00
155 0 +5.440355214e+04 +5.440355214e+04 +5.455270214e+04 +5.455270214e+04 +1.7830e+00 +2.0974e-01 +9.7599e-01 +3.6529e+00 -3.4792e+00 -2.2872e+00 -5.0000e+00 -2.7531e+00 -4.3225e-01 -3.3890e+00 -2.1402e+00 +7.3724e-01 -1.0914e+00 +7.8622e-01 -5.0000e+00 +3.8757e-01 -6.4205e-01 -1.1123e+00 -1.4189e+00 +2.8811e+00
163 0 +5.332215633e+04 +5.332215633e+04 +5.347130633e+04 +5.347130633e+04 +1.8460e+00 +2.8679e-01 -3.8726e-01 +3.8172e+00 -3.5483e+00 -3.0701e+00 -4.9888e+00 -2.6545e+00 -3.8164e-01 -2.9597e+00 -2.0715e+00 +6.9418e-01 -8.4521e-01 +7.0800e-01 -5.0000e+00 -4.8989e-01 -5.9334e-01 -9.4929e-01 -1.5063e+00 +3.1421e+00
194 0 +4.768079668e+04 +4.768079668e+04 +4.782994668e+04 +4.782994668e+04 +1.2282e+00 -2.9987e-01 -5.6583e-01 +3.5137e+00 -3.2304e+00 -3.4718e+00 -4.9434e+00 -2.7785e+00 -5.3871e-01 -2.8100e+00 -2.0842e+00 +7.7378e-01 -8.5110e-01 +8.7776e-01 -5.0000e+00 -4.3684e-01 -5.6479e-01 -1.5643e+00 -1.5207e+00 +2.8743e+00
207 0 +4.675523033e+04 +4.675523033e+04 +4.690438033e+04 +4.690438033e+04 +1.0822e+00 -3.2802e-01 -1.0816e+00 +3.5102e+00 -3.3753e+00 -3.2807e+00 -4.9543e+00 -2.7649e+00 -4.6452e-01 -2.6716e+00 -2.0696e+00 +7.7125e-01 -8.4040e-01 +9.2775e-01 -5.0000e+00 -3.9326e-01 -5.9135e-01 -1.8137e+00 -1.4395e+00 +2.8764e+00
209 0 +4.524115836e+04 +4.524115836e+04 +4.539030836e+04 +4.539030836e+04 +6.7577e-01 -3.0145e-01 -9.5950e-02 +3.5729e+00 -3.2051e+00 -3.5796e+00 -4.9141e+00 -2.7702e+00 -5.0811e-01 -2.5122e+00 -2.0907e+00 +7.7436e-01 -8.4767e-01 +8.9261e-01 -5.0000e+00 -4.2028e-01 -5.5225e-01 -1.5458e+00 -1.5317e+00 +2.8744e+00
222 0 +4.465996044e+04 +4.465996044e+04 +4.480911044e+04 +4.480911044e+04 +9.4760e-01 -2.2297e-01 -3.4472e-01 +3.6028e+00 -3.1423e+00 -3.6280e+00 -4.9309e+00 -2.7809e+00 -5.9708e-01 -2.4991e+00 -1.9785e+00 +1.1746e-01 -8.4948e-01 +7.2150e-01 -5.0000e+00 -5.8582e-01 -5.6171e-01 -1.4033e+00 -1.5202e+00 +2.8493e+00
231 0 +4.364287158e+04 +4.364287158e+04 +4.379202158e+04 +4.379202158e+04 +9.1436e-01 -4.2848e-01 -2.1517e-01 +3.3876e+00 -3.3510e+00 -3.4557e+00 -4.9401e+00 -2.5365e+00 -5.1484e-01 -2.5885e+00 -2.0909e+00 +9.1997e-01 -8.5534e-01 +7.5539e-01 -5.0000e+00 -3.8016e-01 -5.7973e-01 -1.4556e+00 -1.5660e+00 +2.8796e+00
267 0 +4.225562777e+04 +4.225562777e+04 +4.240477777e+04 +4.240477777e+04 +1.0295e+00 -8.9625e-02 -2.4681e-01 +3.3137e+00 -3.3458e+00 -3.4373e+00 -4.9328e+00 -2.6050e+00 -5.1489e-01 -2.5354e+00 -2.0903e+00 +8.5283e-01 -8.5530e-01 +6.4677e-01 -5.0000e+00 -3.5943e-01 -5.7911e-01 -1.6151e+00 -1.5480e+00 +2.8671e+00
284 0 +4.142449901e+04 +4.142449901e+04 +4.157364901e+04 +4.157364901e+04 +5.9233e-01 -4.2097e-01 +5.6825e-02 +3.3376e+00 -3.3489e+00 -3.4617e+00 -4.9498e+00 -2.0172e+00 -4.9833e-01 -2.5703e+00 -2.0916e+00 +7.7017e-01 -8.7603e-01 +7.8575e-01 -5.0000e+00 -3.8279e-01 -8.5218e-01 -1.4058e+00 -1.4295e+00 +2.8818e+00
318 0 +4.066980370e+04 +4.066980370e+04 +4.081895370e+04 +4.081895370e+04 +5.3570e-01 -4.9100e-01 +1.6779e-01 +3.3255e+00 -3.3249e+00 -3.4686e+00 -4.9509e+00 -1.9611e+00 -4.8972e-01 -2.5528e+00 -2.0935e+00 +3.9614e-01 -8.7907e-01 +7.9172e-01 -5.0000e+00 -4.8132e-01 -8.9234e-01 -1.4096e+00 -1.3387e+00 +2.8946e+00
366 0 +3.913333778e+04 +3.913333778e+04 +3.928248778e+04 +3.928248778e+04 +6.6507e-01 -4.0573e-01 +7.4664e-03 +3.1600e+00 -3.3293e+00 -3.2941e+00 -4.9415e+00 -1.9256e+00 -5.0855e-01 -2.5529e+00 -2.0917e+00 +7.7073e-01 -8.8597e-01 +7.1319e-01 -5.0000e+00 -3.2619e-01 -8.1382e-01 -1.3631e+00 -1.3885e+00 +2.8786e+00
415 0 +3.888390882e+04 +3.888390882e+04 +3.903305882e+04 +3.903305882e+04 +6.5263e-01 -4.0818e-01 -2.8818e-02 +3.1579e+00 -3.3294e+00 -3.2223e+00 -4.9434e+00 -1.9180e+00 -5.0855e-01 -2.5621e+00 -2.0892e+00 +7.7566e-01 -8.8612e-01 +7.0964e-01 -5.0000e+00 -3.1580e-01 -7.9184e-01 -1.3729e+00 -1.3502e+00 +2.8790e+00
572 0 +3.799379607e+04 +3.799379607e+04 +3.814294607e+04 +3.814294607e+04 +6.7692e-01 -4.0865e-01 +4.2550e-02 +2.9749e+00 -3.3302e+00 -3.2288e+00 -4.9417e+00 -1.8565e+00 -5.0965e-01 -2.5525e+00 -2.0913e+00 +7.6414e-01 -8.8519e-01 +7.0513e-01 -5.0000e+00 -3.1826e-01 -7.9707e-01 -1.3517e+00 -1.3886e+00 +2.8782e+00
788 0 +3.711070943e+04 +3.711070943e+04 +3.725985943e+04 +3.725985943e+04 +6.7739e-01 -4.0889e-01 +4.2282e-02 +2.6888e+00 -3.3300e+00 -3.2287e+00 -4.9418e+00 -1.8582e+00 -5.0965e-01 -2.5509e+00 -2.0913e+00 +7.6320e-01 -8.8486e-01 +7.0143e-01 -5.0000e+00 -3.2067e-01 -7.9414e-01 -1.3520e+00 -1.3886e+00 +2.8782e+00
1045 0 +3.630143034e+04 +3.630143034e+04 +3.645058034e+04 +3.645058034e+04 +6.7707e-01 -4.0890e-01 +4.2276e-02 +2.1083e+00 -3.3300e+00 -3.2287e+00 -4.9418e+00 -1.8582e+00 -5.0965e-01 -2.5509e+00 -2.0913e+00 +7.6296e-01 -8.8503e-01 +7.0072e-01 -5.0000e+00 -3.2081e-01 -7.9408e-01 -1.3518e+00 -1.3886e+00 +2.8782e+00
12180 0 +3.547782200e+04 +3.547782200e+04 +3.562697200e+04 +3.562697200e+04 +6.7707e-01 -4.0890e-01 +4.2276e-02 +1.6175e+00 -3.3300e+00 -3.2287e+00 -4.9418e+00 -1.8582e+00 -5.0965e-01 -2.3139e+00 -2.0913e+00 +7.6296e-01 -8.8503e-01 +7.0071e-01 -5.0000e+00 -3.2081e-01 -7.9408e-01 -1.3518e+00 -1.3886e+00 +2.8782e+00
13261 0 +3.466765887e+04 +3.466765887e+04 +3.481680887e+04 +3.481680887e+04 +6.7707e-01 -4.0890e-01 +4.2276e-02 +1.6175e+00 -3.3300e+00 -3.2287e+00 -4.9418e+00 -1.8582e+00 -5.0965e-01 -1.7952e+00 -2.0913e+00 +7.6296e-01 -8.8503e-01 +7.0071e-01 -5.0000e+00 -3.2081e-01 -7.9408e-01 -1.3518e+00 -1.3886e+00 +2.8782e+00
