% f evaluations | g evaluations | best noise-free fitness - Fopt | noise-free fitness - Fopt (1.000000000000e+03) | measured fitness | best measured fitness | x1 | x2...
1 0 +6.924716087e+03 +6.924716087e+03 +7.924716087e+03 +7.924716087e+03
2 0 +3.467969297e+03 +3.467969297e+03 +4.467969297e+03 +4.467969297e+03
3 0 +3.048186227e+03 +3.048186227e+03 +4.048186227e+03 +4.048186227e+03
5 0 +2.974870632e+03 +2.974870632e+03 +3.974870632e+03 +3.974870632e+03
13 0 +2.841915897e+03 +2.841915897e+03 +3.841915897e+03 +3.841915897e+03
22 0 +2.655056814e+03 +2.655056814e+03 +3.655056814e+03 +3.655056814e+03
28 0 +2.273650832e+03 +2.273650832e+03 +3.273650832e+03 +3.273650832e+03
30 0 +1.967219363e+03 +1.967219363e+03 +2.967219363e+03 +2.967219363e+03
56 0 +1.701335600e+03 +1.701335600e+03 +2.701335600e+03 +2.701335600e+03
59 0 +1.654058297e+03 +1.654058297e+03 +2.654058297e+03 +2.654058297e+03
87 0 +1.582106666e+03 +1.582106666e+03 +2.582106666e+03 +2.582106666e+03
104 0 +1.423451257e+03 +1.423451257e+03 +2.423451257e+03 +2.423451257e+03
158 0 +1.404469732e+03 +1.404469732e+03 +2.404469732e+03 +2.404469732e+03
161 0 +1.334576297e+03 +1.334576297e+03 +2.334576297e+03 +2.334576297e+03
211 0 +1.301655396e+03 +1.301655396e+03 +2.301655396e+03 +2.301655396e+03
221 0 +1.281818136e+03 +1.281818136e+03 +2.281818136e+03 +2.281818136e+03
248 0 +1.236830505e+03 +1.236830505e+03 +2.236830505e+03 +2.236830505e+03
270 0 +1.227919569e+03 +1.227919569e+03 +2.227919569e+03 +2.227919569e+03
315 0 +1.200214095e+03 +1.200214095e+03 +2.200214095e+03 +2.200214095e+03
363 0 +1.170960739e+03 +1.170960739e+03 +2.170960739e+03 +2.170960739e+03
417 0 +1.136632417e+03 +1.136632417e+03 +2.136632417e+03 +2.136632417e+03
572 0 +1.121302291e+03 +1.121302291e+03 +2.121302291e+03 +2.121302291e+03
% f evaluations | g evaluations | best noise-free fitness - Fopt | noise-free fitness - Fopt (7.003000000000e+01) | measured fitness | best measured fitness | x1 | x2...
1 0 +9.979369463e+03 +9.979369463e+03 +1.004939946e+04 +1.004939946e+04
2 0 +5.592998135e+03 +5.592998135e+03 +5.663028135e+03 +5.663028135e+03
3 0 +3.996673711e+03 +3.996673711e+03 +4.066703711e+03 +4.066703711e+03
4 0 +3.446287789e+03 +3.446287789e+03 +3.516317789e+03 +3.516317789e+03
5 0 +3.051500402e+03 +3.051500402e+03 +3.121530402e+03 +3.121530402e+03
16 0 +2.212181627e+03 +2.212181627e+03 +2.282211627e+03 +2.282211627e+03
53 0 +2.006462768e+03 +2.006462768e+03 +2.076492768e+03 +2.076492768e+03
69 0 +1.952422172e+03 +1.952422172e+03 +2.022452172e+03 +2.022452172e+03
107 0 +1.922570107e+03 +1.922570107e+03 +1.992600107e+03 +1.992600107e+03
134 0 +1.875335228e+03 +1.875335228e+03 +1.945365228e+03 +1.945365228e+03
146 0 +1.832855605e+03 +1.832855605e+03 +1.902885605e+03 +1.902885605e+03
159 0 +1.728727608e+03 +1.728727608e+03 +1.798757608e+03 +1.798757608e+03
192 0 +1.696646739e+03 +1.696646739e+03 +1.766676739e+03 +1.766676739e+03
243 0 +1.656327504e+03 +1.656327504e+03 +1.726357504e+03 +1.726357504e+03
283 0 +1.618915094e+03 +1.618915094e+03 +1.688945094e+03 +1.688945094e+03
374 0 +1.576674402e+03 +1.576674402e+03 +1.646704402e+03 +1.646704402e+03
650 0 +1.548744006e+03 +1.548744006e+03 +1.618774006e+03 +1.618774006e+03
% f evaluations | g evaluations | best noise-free fitness - Fopt | noise-free fitness - Fopt (-4.822000000000e+01) | measured fitness | best measured fitness | x1 | x2...
1 0 +3.605267900e+03 +3.605267900e+03 +3.557047900e+03 +3.557047900e+03
2 0 +2.856251732e+03 +2.856251732e+03 +2.808031732e+03 +2.808031732e+03
3 0 +2.608843150e+03 +2.608843150e+03 +2.560623150e+03 +2.560623150e+03
12 0 +2.346206626e+03 +2.346206626e+03 +2.297986626e+03 +2.297986626e+03
36 0 +2.200369223e+03 +2.200369223e+03 +2.152149223e+03 +2.152149223e+03
50 0 +2.143161237e+03 +2.143161237e+03 +2.094941237e+03 +2.094941237e+03
65 0 +2.033827995e+03 +2.033827995e+03 +1.985607995e+03 +1.985607995e+03
68 0 +1.843399525e+03 +1.843399525e+03 +1.795179525e+03 +1.795179525e+03
107 0 +1.770349430e+03 +1.770349430e+03 +1.722129430e+03 +1.722129430e+03
129 0 +1.718651327e+03 +1.718651327e+03 +1.670431327e+03 +1.670431327e+03
130 0 +1.678447693e+03 +1.678447693e+03 +1.630227693e+03 +1.630227693e+03
158 0 +1.635268086e+03 +1.635268086e+03 +1.587048086e+03 +1.587048086e+03
159 0 +1.591633990e+03 +1.591633990e+03 +1.543413990e+03 +1.543413990e+03
199 0 +1.574962495e+03 +1.574962495e+03 +1.526742495e+03 +1.526742495e+03
215 0 +1.521499799e+03 +1.521499799e+03 +1.473279799e+03 +1.473279799e+03
216 0 +1.502098510e+03 +1.502098510e+03 +1.453878510e+03 +1.453878510e+03
285 0 +1.447216365e+03 +1.447216365e+03 +1.398996365e+03 +1.398996365e+03
297 0 +1.435503352e+03 +1.435503352e+03 +1.387283352e+03 +1.387283352e+03
381 0 +1.412218988e+03 +1.412218988e+03 +1.363998988e+03 +1.363998988e+03
1672 0 +1.380352079e+03 +1.380352079e+03 +1.332132079e+03 +1.332132079e+03
% f evaluations | g evaluations | best noise-free fitness - Fopt | noise-free fitness - Fopt (2.547000000000e+01) | measured fitness | best measured fitness | x1 | x2...
1 0 +7.134037835e+03 +7.134037835e+03 +7.159507835e+03 +7.159507835e+03
2 0 +4.063134985e+03 +4.063134985e+03 +4.088604985e+03 +4.088604985e+03
4 0 +3.826641527e+03 +3.826641527e+03 +3.852111527e+03 +3.852111527e+03
5 0 +3.346136383e+03 +3.346136383e+03 +3.371606383e+03 +3.371606383e+03
6 0 +2.097616905e+03 +2.097616905e+03 +2.123086905e+03 +2.123086905e+03
63 0 +2.009382226e+03 +2.009382226e+03 +2.034852226e+03 +2.034852226e+03
85 0 +1.928992792e+03 +1.928992792e+03 +1.954462792e+03 +1.954462792e+03
87 0 +1.894173812e+03 +1.894173812e+03 +1.919643812e+03 +1.919643812e+03
115 0 +1.830660633e+03 +1.830660633e+03 +1.856130633e+03 +1.856130633e+03
117 0 +1.652158249e+03 +1.652158249e+03 +1.677628249e+03 +1.677628249e+03
163 0 +1.618423322e+03 +1.618423322e+03 +1.643893322e+03 +1.643893322e+03
219 0 +1.544236951e+03 +1.544236951e+03 +1.569706951e+03 +1.569706951e+03
272 0 +1.488773194e+03 +1.488773194e+03 +1.514243194e+03 +1.514243194e+03
316 0 +1.465062417e+03 +1.465062417e+03 +1.490532417e+03 +1.490532417e+03
401 0 +1.438075842e+03 +1.438075842e+03 +1.463545842e+03 +1.463545842e+03
489 0 +1.409410605e+03 +1.409410605e+03 +1.434880605e+03 +1.434880605e+03
% f evaluations | g evaluations | best noise-free fitness - Fopt | noise-free fitness - Fopt (-1.008100000000e+02) | measured fitness | best measured fitness | x1 | x2...
1 0 +2.888393459e+03 +2.888393459e+03 +2.787583459e+03 +2.787583459e+03
7 0 +2.846834254e+03 +2.846834254e+03 +2.746024254e+03 +2.746024254e+03
15 0 +2.640643232e+03 +2.640643232e+03 +2.539833232e+03 +2.539833232e+03
28 0 +2.534958277e+03 +2.534958277e+03 +2.434148277e+03 +2.434148277e+03
35 0 +2.185101587e+03 +2.185101587e+03 +2.084291587e+03 +2.084291587e+03
53 0 +2.083473852e+03 +2.083473852e+03 +1.982663852e+03 +1.982663852e+03
67 0 +1.878632551e+03 +1.878632551e+03 +1.777822551e+03 +1.777822551e+03
105 0 +1.835067394e+03 +1.835067394e+03 +1.734257394e+03 +1.734257394e+03
147 0 +1.663452361e+03 +1.663452361e+03 +1.562642361e+03 +1.562642361e+03
167 0 +1.645256711e+03 +1.645256711e+03 +1.544446711e+03 +1.544446711e+03
235 0 +1.600146208e+03 +1.600146208e+03 +1.499336208e+03 +1.499336208e+03
261 0 +1.569516335e+03 +1.569516335e+03 +1.468706335e+03 +1.468706335e+03
284 0 +1.510504804e+03 +1.510504804e+03 +1.409694804e+03 +1.409694804e+03
364 0 +1.469023701e+03 +1.469023701e+03 +1.368213701e+03 +1.368213701e+03
541 0 +1.445005324e+03 +1.445005324e+03 +1.344195324e+03 +1.344195324e+03
% f evaluations | g evaluations | best noise-free fitness - Fopt | noise-free fitness - Fopt (-3.531300000000e+02) | measured fitness | best measured fitness | x1 | x2...
1 0 +4.172665551e+03 +4.172665551e+03 +3.819535551e+03 +3.819535551e+03
5 0 +4.017229693e+03 +4.017229693e+03 +3.664099693e+03 +3.664099693e+03
9 0 +3.426988763e+03 +3.426988763e+03 +3.073858763e+03 +3.073858763e+03
11 0 +1.527168549e+03 +1.527168549e+03 +1.174038549e+03 +1.174038549e+03
106 0 +1.449757676e+03 +1.449757676e+03 +1.096627676e+03 +1.096627676e+03
123 0 +1.408712706e+03 +1.408712706e+03 +1.055582706e+03 +1.055582706e+03
133 0 +1.294563071e+03 +1.294563071e+03 +9.414330713e+02 +9.414330713e+02
158 0 +1.284558124e+03 +1.284558124e+03 +9.314281238e+02 +9.314281238e+02
170 0 +1.206332543e+03 +1.206332543e+03 +8.532025425e+02 +8.532025425e+02
198 0 +1.190442537e+03 +1.190442537e+03 +8.373125369e+02 +8.373125369e+02
232 0 +1.164635515e+03 +1.164635515e+03 +8.115055154e+02 +8.115055154e+02
263 0 +1.126208663e+03 +1.126208663e+03 +7.730786629e+02 +7.730786629e+02
289 0 +1.119212348e+03 +1.119212348e+03 +7.660823476e+02 +7.660823476e+02
366 0 +1.090837703e+03 +1.090837703e+03 +7.377077033e+02 +7.377077033e+02
541 0 +1.071277463e+03 +1.071277463e+03 +7.181474631e+02 +7.181474631e+02
% f evaluations | g evaluations | best noise-free fitness - Fopt | noise-free fitness - Fopt (8.716000000000e+01) | measured fitness | best measured fitness | x1 | x2...
1 0 +8.412182290e+03 +8.412182290e+03 +8.499342290e+03 +8.499342290e+03
2 0 +6.005843749e+03 +6.005843749e+03 +6.093003749e+03 +6.093003749e+03
3 0 +2.711406935e+03 +2.711406935e+03 +2.798566935e+03 +2.798566935e+03
51 0 +2.690599347e+03 +2.690599347e+03 +2.777759347e+03 +2.777759347e+03
59 0 +2.586361904e+03 +2.586361904e+03 +2.673521904e+03 +2.673521904e+03
67 0 +2.538730862e+03 +2.538730862e+03 +2.625890862e+03 +2.625890862e+03
72 0 +2.128015939e+03 +2.128015939e+03 +2.215175939e+03 +2.215175939e+03
90 0 +2.031708399e+03 +2.031708399e+03 +2.118868399e+03 +2.118868399e+03
124 0 +1.976861210e+03 +1.976861210e+03 +2.064021210e+03 +2.064021210e+03
130 0 +1.943296136e+03 +1.943296136e+03 +2.030456136e+03 +2.030456136e+03
138 0 +1.857433296e+03 +1.857433296e+03 +1.944593296e+03 +1.944593296e+03
210 0 +1.797062114e+03 +1.797062114e+03 +1.884222114e+03 +1.884222114e+03
211 0 +1.765092040e+03 +1.765092040e+03 +1.852252040e+03 +1.852252040e+03
222 0 +1.700508297e+03 +1.700508297e+03 +1.787668297e+03 +1.787668297e+03
234 0 +1.688634169e+03 +1.688634169e+03 +1.775794169e+03 +1.775794169e+03
318 0 +1.627719769e+03 +1.627719769e+03 +1.714879769e+03 +1.714879769e+03
376 0 +1.613823408e+03 +1.613823408e+03 +1.700983408e+03 +1.700983408e+03
474 0 +1.584027562e+03 +1.584027562e+03 +1.671187562e+03 +1.671187562e+03
% f evaluations | g evaluations | best noise-free fitness - Fopt | noise-free fitness - Fopt (-3.475000000000e+01) | measured fitness | best measured fitness | x1 | x2...
1 0 +2.951425782e+03 +2.951425782e+03 +2.916675782e+03 +2.916675782e+03
22 0 +2.294143230e+03 +2.294143230e+03 +2.259393230e+03 +2.259393230e+03
59 0 +2.174495318e+03 +2.174495318e+03 +2.139745318e+03 +2.139745318e+03
63 0 +1.726289455e+03 +1.726289455e+03 +1.691539455e+03 +1.691539455e+03
121 0 +1.651829936e+03 +1.651829936e+03 +1.617079936e+03 +1.617079936e+03
156 0 +1.532774487e+03 +1.532774487e+03 +1.498024487e+03 +1.498024487e+03
212 0 +1.449443584e+03 +1.449443584e+03 +1.414693584e+03 +1.414693584e+03
214 0 +1.429714506e+03 +1.429714506e+03 +1.394964506e+03 +1.394964506e+03
325 0 +1.396566525e+03 +1.396566525e+03 +1.361816525e+03 +1.361816525e+03
380 0 +1.355225904e+03 +1.355225904e+03 +1.320475904e+03 +1.320475904e+03
416 0 +1.346662126e+03 +1.346662126e+03 +1.311912126e+03 +1.311912126e+03
727 0 +1.318235736e+03 +1.318235736e+03 +1.283485736e+03 +1.283485736e+03
2246 0 +1.287818484e+03 +1.287818484e+03 +1.253068484e+03 +1.253068484e+03
% f evaluations | g evaluations | best noise-free fitness - Fopt | noise-free fitness - Fopt (-1.000000000000e+03) | measured fitness | best measured fitness | x1 | x2...
1 0 +4.838261796e+03 +4.838261796e+03 +3.838261796e+03 +3.838261796e+03
5 0 +4.490303330e+03 +4.490303330e+03 +3.490303330e+03 +3.490303330e+03
12 0 +4.275438971e+03 +4.275438971e+03 +3.275438971e+03 +3.275438971e+03
15 0 +3.541811212e+03 +3.541811212e+03 +2.541811212e+03 +2.541811212e+03
25 0 +2.164293898e+03 +2.164293898e+03 +1.164293898e+03 +1.164293898e+03
52 0 +2.007301827e+03 +2.007301827e+03 +1.007301827e+03 +1.007301827e+03
65 0 +1.770838805e+03 +1.770838805e+03 +7.708388052e+02 +7.708388052e+02
136 0 +1.709662535e+03 +1.709662535e+03 +7.096625353e+02 +7.096625353e+02
160 0 +1.698156214e+03 +1.698156214e+03 +6.981562138e+02 +6.981562138e+02
161 0 +1.634160511e+03 +1.634160511e+03 +6.341605114e+02 +6.341605114e+02
286 0 +1.611441857e+03 +1.611441857e+03 +6.114418575e+02 +6.114418575e+02
341 0 +1.559992162e+03 +1.559992162e+03 +5.599921622e+02 +5.599921622e+02
433 0 +1.548237658e+03 +1.548237658e+03 +5.482376583e+02 +5.482376583e+02
% f evaluations | g evaluations | best noise-free fitness - Fopt | noise-free fitness - Fopt (-9.247000000000e+01) | measured fitness | best measured fitness | x1 | x2...
1 0 +2.873203242e+03 +2.873203242e+03 +2.780733242e+03 +2.780733242e+03
3 0 +2.237010268e+03 +2.237010268e+03 +2.144540268e+03 +2.144540268e+03
8 0 +2.186247853e+03 +2.186247853e+03 +2.093777853e+03 +2.093777853e+03
47 0 +1.804710324e+03 +1.804710324e+03 +1.712240324e+03 +1.712240324e+03
70 0 +1.776997501e+03 +1.776997501e+03 +1.684527501e+03 +1.684527501e+03
75 0 +1.734862788e+03 +1.734862788e+03 +1.642392788e+03 +1.642392788e+03
77 0 +1.532291214e+03 +1.532291214e+03 +1.439821214e+03 +1.439821214e+03
135 0 +1.490689436e+03 +1.490689436e+03 +1.398219436e+03 +1.398219436e+03
150 0 +1.420298760e+03 +1.420298760e+03 +1.327828760e+03 +1.327828760e+03
166 0 +1.378820313e+03 +1.378820313e+03 +1.286350313e+03 +1.286350313e+03
223 0 +1.339030983e+03 +1.339030983e+03 +1.246560983e+03 +1.246560983e+03
233 0 +1.314595471e+03 +1.314595471e+03 +1.222125471e+03 +1.222125471e+03
300 0 +1.286682575e+03 +1.286682575e+03 +1.194212575e+03 +1.194212575e+03
409 0 +1.254892506e+03 +1.254892506e+03 +1.162422506e+03 +1.162422506e+03
15265 0 +1.230244907e+03 +1.230244907e+03 +1.137774907e+03 +1.137774907e+03
% f evaluations | g evaluations | best noise-free fitness - Fopt | noise-free fitness - Fopt (-2.153000000000e+02) | measured fitness | best measured fitness | x1 | x2...
1 0 +4.191592545e+03 +4.191592545e+03 +3.976292545e+03 +3.976292545e+03
9 0 +3.857363735e+03 +3.857363735e+03 +3.642063735e+03 +3.642063735e+03
10 0 +3.536986276e+03 +3.536986276e+03 +3.321686276e+03 +3.321686276e+03
11 0 +3.283880165e+03 +3.283880165e+03 +3.068580165e+03 +3.068580165e+03
23 0 +2.589817153e+03 +2.589817153e+03 +2.374517153e+03 +2.374517153e+03
25 0 +2.130774214e+03 +2.130774214e+03 +1.915474214e+03 +1.915474214e+03
47 0 +2.027443375e+03 +2.027443375e+03 +1.812143375e+03 +1.812143375e+03
57 0 +1.858497304e+03 +1.858497304e+03 +1.643197304e+03 +1.643197304e+03
103 0 +1.702702268e+03 +1.702702268e+03 +1.487402268e+03 +1.487402268e+03
117 0 +1.452241130e+03 +1.452241130e+03 +1.236941130e+03 +1.236941130e+03
157 0 +1.398774090e+03 +1.398774090e+03 +1.183474090e+03 +1.183474090e+03
173 0 +1.349701831e+03 +1.349701831e+03 +1.134401831e+03 +1.134401831e+03
203 0 +1.336659591e+03 +1.336659591e+03 +1.121359591e+03 +1.121359591e+03
214 0 +1.315050195e+03 +1.315050195e+03 +1.099750195e+03 +1.099750195e+03
270 0 +1.282273416e+03 +1.282273416e+03 +1.066973416e+03 +1.066973416e+03
282 0 +1.257146911e+03 +1.257146911e+03 +1.041846911e+03 +1.041846911e+03
344 0 +1.222329504e+03 +1.222329504e+03 +1.007029504e+03 +1.007029504e+03
432 0 +1.199417047e+03 +1.199417047e+03 +9.841170473e+02 +9.841170473e+02
1467 0 +1.174761386e+03 +1.174761386e+03 +9.594613860e+02 +9.594613860e+02
% f evaluations | g evaluations | best noise-free fitness - Fopt | noise-free fitness - Fopt (-5.449000000000e+01) | measured fitness | best measured fitness | x1 | x2...
1 0 +7.913221987e+03 +7.913221987e+03 +7.858731987e+03 +7.858731987e+03
2 0 +4.659328571e+03 +4.659328571e+03 +4.604838571e+03 +4.604838571e+03
9 0 +3.383849293e+03 +3.383849293e+03 +3.329359293e+03 +3.329359293e+03
10 0 +2.798760278e+03 +2.798760278e+03 +2.744270278e+03 +2.744270278e+03
21 0 +2.742081783e+03 +2.742081783e+03 +2.687591783e+03 +2.687591783e+03
29 0 +2.669755508e+03 +2.669755508e+03 +2.615265508e+03 +2.615265508e+03
57 0 +2.314048961e+03 +2.314048961e+03 +2.259558961e+03 +2.259558961e+03
66 0 +2.224765313e+03 +2.224765313e+03 +2.170275313e+03 +2.170275313e+03
69 0 +2.140358830e+03 +2.140358830e+03 +2.085868830e+03 +2.085868830e+03
91 0 +1.629197024e+03 +1.629197024e+03 +1.574707024e+03 +1.574707024e+03
103 0 +1.378414095e+03 +1.378414095e+03 +1.323924095e+03 +1.323924095e+03
177 0 +1.339279851e+03 +1.339279851e+03 +1.284789851e+03 +1.284789851e+03
214 0 +1.311939434e+03 +1.311939434e+03 +1.257449434e+03 +1.257449434e+03
218 0 +1.264062871e+03 +1.264062871e+03 +1.209572871e+03 +1.209572871e+03
233 0 +1.235231686e+03 +1.235231686e+03 +1.180741686e+03 +1.180741686e+03
316 0 +1.230044844e+03 +1.230044844e+03 +1.175554844e+03 +1.175554844e+03
364 0 +1.191216413e+03 +1.191216413e+03 +1.136726413e+03 +1.136726413e+03
416 0 +1.152985228e+03 +1.152985228e+03 +1.098495228e+03 +1.098495228e+03
469 0 +1.128684603e+03 +1.128684603e+03 +1.074194603e+03 +1.074194603e+03
558 0 +1.121504999e+03 +1.121504999e+03 +1.067014999e+03 +1.067014999e+03
1407 0 +1.096460551e+03 +1.096460551e+03 +1.041970551e+03 +1.041970551e+03
% f evaluations | g evaluations | best noise-free fitness - Fopt | noise-free fitness - Fopt (5.049000000000e+01) | measured fitness | best measured fitness | x1 | x2...
1 0 +3.908828202e+03 +3.908828202e+03 +3.959318202e+03 +3.959318202e+03
2 0 +3.792188179e+03 +3.792188179e+03 +3.842678179e+03 +3.842678179e+03
3 0 +3.177325148e+03 +3.177325148e+03 +3.227815148e+03 +3.227815148e+03
8 0 +2.887346967e+03 +2.887346967e+03 +2.937836967e+03 +2.937836967e+03
9 0 +2.834254193e+03 +2.834254193e+03 +2.884744193e+03 +2.884744193e+03
10 0 +2.610598556e+03 +2.610598556e+03 +2.661088556e+03 +2.661088556e+03
56 0 +2.288964868e+03 +2.288964868e+03 +2.339454868e+03 +2.339454868e+03
90 0 +2.025444450e+03 +2.025444450e+03 +2.075934450e+03 +2.075934450e+03
110 0 +1.756345410e+03 +1.756345410e+03 +1.806835410e+03 +1.806835410e+03
156 0 +1.687593027e+03 +1.687593027e+03 +1.738083027e+03 +1.738083027e+03
184 0 +1.641425581e+03 +1.641425581e+03 +1.691915581e+03 +1.691915581e+03
219 0 +1.614757154e+03 +1.614757154e+03 +1.665247154e+03 +1.665247154e+03
223 0 +1.567708048e+03 +1.567708048e+03 +1.618198048e+03 +1.618198048e+03
276 0 +1.515308244e+03 +1.515308244e+03 +1.565798244e+03 +1.565798244e+03
319 0 +1.500217448e+03 +1.500217448e+03 +1.550707448e+03 +1.550707448e+03
364 0 +1.469974616e+03 +1.469974616e+03 +1.520464616e+03 +1.520464616e+03
416 0 +1.438062036e+03 +1.438062036e+03 +1.488552036e+03 +1.488552036e+03
528 0 +1.412382116e+03 +1.412382116e+03 +1.462872116e+03 +1.462872116e+03
% f evaluations | g evaluations | best noise-free fitness - Fopt | noise-free fitness - Fopt (-3.641300000000e+02) | measured fitness | best measured fitness | x1 | x2...
1 0 +6.670683732e+03 +6.670683732e+03 +6.306553732e+03 +6.306553732e+03
2 0 +3.076204305e+03 +3.076204305e+03 +2.712074305e+03 +2.712074305e+03
7 0 +2.832581848e+03 +2.832581848e+03 +2.468451848e+03 +2.468451848e+03
12 0 +1.836389725e+03 +1.836389725e+03 +1.472259725e+03 +1.472259725e+03
52 0 +1.610143337e+03 +1.610143337e+03 +1.246013337e+03 +1.246013337e+03
106 0 +1.555604406e+03 +1.555604406e+03 +1.191474406e+03 +1.191474406e+03
108 0 +1.373404019e+03 +1.373404019e+03 +1.009274019e+03 +1.009274019e+03
155 0 +1.317317470e+03 +1.317317470e+03 +9.531874701e+02 +9.531874701e+02
159 0 +1.188093342e+03 +1.188093342e+03 +8.239633425e+02 +8.239633425e+02
227 0 +1.171386569e+03 +1.171386569e+03 +8.072565691e+02 +8.072565691e+02
250 0 +1.095313637e+03 +1.095313637e+03 +7.311836374e+02 +7.311836374e+02
339 0 +1.067454083e+03 +1.067454083e+03 +7.033240834e+02 +7.033240834e+02
454 0 +1.046816370e+03 +1.046816370e+03 +6.826863700e+02 +6.826863700e+02
1359 0 +1.023200418e+03 +1.023200418e+03 +6.590704180e+02 +6.590704180e+02
% f evaluations | g evaluations | best noise-free fitness - Fopt | noise-free fitness - Fopt (1.592700000000e+02) | measured fitness | best measured fitness | x1 | x2...
1 0 +5.067518937e+03 +5.067518937e+03 +5.226788937e+03 +5.226788937e+03
2 0 +3.595884625e+03 +3.595884625e+03 +3.755154625e+03 +3.755154625e+03
10 0 +3.003553971e+03 +3.003553971e+03 +3.162823971e+03 +3.162823971e+03
13 0 +2.565267990e+03 +2.565267990e+03 +2.724537990e+03 +2.724537990e+03
54 0 +2.461661885e+03 +2.461661885e+03 +2.620931885e+03 +2.620931885e+03
55 0 +2.449942015e+03 +2.449942015e+03 +2.609212015e+03 +2.609212015e+03
61 0 +2.236711094e+03 +2.236711094e+03 +2.395981094e+03 +2.395981094e+03
68 0 +1.753560011e+03 +1.753560011e+03 +1.912830011e+03 +1.912830011e+03
112 0 +1.692173523e+03 +1.692173523e+03 +1.851443523e+03 +1.851443523e+03
114 0 +1.639969257e+03 +1.639969257e+03 +1.799239257e+03 +1.799239257e+03
118 0 +1.617918311e+03 +1.617918311e+03 +1.777188311e+03 +1.777188311e+03
155 0 +1.536358304e+03 +1.536358304e+03 +1.695628304e+03 +1.695628304e+03
173 0 +1.511435170e+03 +1.511435170e+03 +1.670705170e+03 +1.670705170e+03
213 0 +1.459112044e+03 +1.459112044e+03 +1.618382044e+03 +1.618382044e+03
238 0 +1.411434945e+03 +1.411434945e+03 +1.570704945e+03 +1.570704945e+03
307 0 +1.378224082e+03 +1.378224082e+03 +1.537494082e+03 +1.537494082e+03
325 0 +1.337203642e+03 +1.337203642e+03 +1.496473642e+03 +1.496473642e+03
421 0 +1.317809380e+03 +1.317809380e+03 +1.477079380e+03 +1.477079380e+03
520 0 +1.286428239e+03 +1.286428239e+03 +1.445698239e+03 +1.445698239e+03
