% f evaluations | g evaluations | best noise-free fitness - Fopt | noise-free fitness - Fopt (-4.620900000000e+02) | measured fitness | best measured fitness | x1 | x2...
1 0 +3.480058773e+01 +3.480058773e+01 -4.272894123e+02 -4.272894123e+02 -4.1704e+00 +3.8857e+00
21 0 +2.007741829e+01 +2.007741829e+01 -4.420125817e+02 -4.420125817e+02 +1.6388e+00 +2.9342e+00
26 0 +1.957630624e+01 +1.957630624e+01 -4.425136938e+02 -4.425136938e+02 -3.2893e+00 +2.5257e+00
34 0 +1.761116510e+01 +1.761116510e+01 -4.444788349e+02 -4.444788349e+02 +6.0718e-01 +2.7445e+00
1121 0 +9.443716300e+00 +9.443716300e+00 -4.526462837e+02 -4.526462837e+02 +6.8404e-01 +2.3176e+00
1274 0 +1.321542731e+00 +1.321542731e+00 -4.607684573e+02 -4.607684573e+02 -2.3757e+00 +2.6710e+00
6276 0 +9.351233415e-01 +9.351233415e-01 -4.611548767e+02 -4.611548767e+02 -2.2679e+00 +2.2943e+00
19852 0 +3.240270151e-01 +3.240270151e-01 -4.617659730e+02 -4.617659730e+02 -2.3115e+00 +2.3094e+00
51600 0 +2.723967914e-01 +2.723967914e-01 -4.618176032e+02 -4.618176032e+02 -2.3758e+00 +2.2996e+00
160110 0 +2.357664880e-01 +2.357664880e-01 -4.618542335e+02 -4.618542335e+02 -2.3128e+00 +2.2944e+00
196605 0 +1.414304391e-01 +1.414304391e-01 -4.619485696e+02 -4.619485696e+02 -2.3168e+00 +2.3027e+00
237282 0 +8.682445265e-02 +8.682445265e-02 -4.620031755e+02 -4.620031755e+02 -2.3301e+00 +2.2945e+00
242335 0 +6.733595153e-02 +6.733595153e-02 -4.620226640e+02 -4.620226640e+02 -2.3489e+00 +2.3061e+00
301543 0 +2.548766741e-02 +2.548766741e-02 -4.620645123e+02 -4.620645123e+02 -2.3348e+00 +2.2969e+00
415361 0 +1.568668644e-02 +1.568668644e-02 -4.620743133e+02 -4.620743133e+02 -2.3430e+00 +2.2972e+00
463441 0 +1.114646854e-02 +1.114646854e-02 -4.620788535e+02 -4.620788535e+02 -2.3436e+00 +2.2977e+00
% f evaluations | g evaluations | best noise-free fitness - Fopt | noise-free fitness - Fopt (7.766000000000e+01) | measured fitness | best measured fitness | x1 | x2...
1 0 +7.926933603e+01 +7.926933603e+01 +1.569293360e+02 +1.569293360e+02 -1.7353e+00 -2.9866e+00
6 0 +4.025500677e+01 +4.025500677e+01 +1.179150068e+02 +1.179150068e+02 -2.5039e+00 +1.0156e-01
7 0 +2.761124381e+01 +2.761124381e+01 +1.052712438e+02 +1.052712438e+02 +2.6899e+00 -7.4240e-01
34 0 +1.023578205e+01 +1.023578205e+01 +8.789578205e+01 +8.789578205e+01 +3.3221e+00 -1.5574e-01
3979 0 +7.002991462e+00 +7.002991462e+00 +8.466299146e+01 +8.466299146e+01 +2.4374e+00 -1.5853e+00
6327 0 +6.612740350e+00 +6.612740350e+00 +8.427274035e+01 +8.427274035e+01 +2.4476e+00 -1.5796e+00
7296 0 +6.145120816e+00 +6.145120816e+00 +8.380512082e+01 +8.380512082e+01 +2.3800e+00 -1.2122e+00
7961 0 +4.945817994e+00 +4.945817994e+00 +8.260581799e+01 +8.260581799e+01 +2.3216e+00 -1.5469e+00
8828 0 +4.477778273e+00 +4.477778273e+00 +8.213777827e+01 +8.213777827e+01 +2.4457e+00 -8.0759e-01
9134 0 +1.873748879e+00 +1.873748879e+00 +7.953374888e+01 +7.953374888e+01 +2.3263e+00 -1.1622e+00
13830 0 +1.709352923e+00 +1.709352923e+00 +7.936935292e+01 +7.936935292e+01 +2.4575e+00 -1.1644e+00
19291 0 +1.477579269e+00 +1.477579269e+00 +7.913757927e+01 +7.913757927e+01 +2.3605e+00 -1.1736e+00
22302 0 +1.420863161e+00 +1.420863161e+00 +7.908086316e+01 +7.908086316e+01 +2.4379e+00 -1.1583e+00
24446 0 +1.467674181e-01 +1.467674181e-01 +7.780676742e+01 +7.780676742e+01 +2.3752e+00 -8.5133e-01
36390 0 +1.211117371e-01 +1.211117371e-01 +7.778111174e+01 +7.778111174e+01 +2.3789e+00 -8.5083e-01
83907 0 +7.631945611e-03 +7.631945611e-03 +7.766763195e+01 +7.766763195e+01 +2.3939e+00 -8.5482e-01
177158 0 +1.734200111e-04 +1.734200111e-04 +7.766017342e+01 +7.766017342e+01 +2.3975e+00 -8.5590e-01
% f evaluations | g evaluations | best noise-free fitness - Fopt | noise-free fitness - Fopt (1.156800000000e+02) | measured fitness | best measured fitness | x1 | x2...
1 0 +1.319104691e+02 +1.319104691e+02 +2.475904691e+02 +2.475904691e+02 -2.4498e-01 -4.3065e+00
2 0 +7.957602661e+00 +7.957602661e+00 +1.236376027e+02 +1.236376027e+02 -1.1999e+00 -1.2414e+00
4285 0 +7.082940238e+00 +7.082940238e+00 +1.227629402e+02 +1.227629402e+02 -4.2424e+00 -1.3120e+00
5307 0 +6.121578421e+00 +6.121578421e+00 +1.218015784e+02 +1.218015784e+02 -4.1784e+00 -1.2737e+00
6072 0 +5.909319931e+00 +5.909319931e+00 +1.215893199e+02 +1.215893199e+02 -4.2226e+00 -9.5781e-01
8063 0 +5.565233032e+00 +5.565233032e+00 +1.212452330e+02 +1.212452330e+02 -4.2042e+00 -1.2992e+00
8165 0 +5.210677971e+00 +5.210677971e+00 +1.208906780e+02 +1.208906780e+02 -4.1659e+00 -1.3003e+00
9134 0 +5.004458939e+00 +5.004458939e+00 +1.206844589e+02 +1.206844589e+02 -4.1432e+00 -1.2902e+00
17300 0 +4.418636395e+00 +4.418636395e+00 +1.200986364e+02 +1.200986364e+02 -4.1936e+00 -9.9014e-01
17657 0 +4.139591340e+00 +4.139591340e+00 +1.198195913e+02 +1.198195913e+02 -4.1107e+00 -9.9109e-01
32000 0 +4.064823138e+00 +4.064823138e+00 +1.197448231e+02 +1.197448231e+02 -4.1178e+00 -9.8827e-01
38022 0 +2.865953826e+00 +2.865953826e+00 +1.185459538e+02 +1.185459538e+02 -3.1736e+00 -1.2745e+00
103864 0 +1.561661029e+00 +1.561661029e+00 +1.172416610e+02 +1.172416610e+02 -3.1413e+00 -9.7457e-01
309301 0 +1.087251839e+00 +1.087251839e+00 +1.167672518e+02 +1.167672518e+02 -3.1749e+00 -9.7580e-01
456856 0 +5.556674635e-01 +5.556674635e-01 +1.162356675e+02 +1.162356675e+02 -2.1789e+00 -9.9969e-01
464616 0 +3.910028841e-01 +3.910028841e-01 +1.160710029e+02 +1.160710029e+02 -2.1607e+00 -9.9613e-01
464922 0 +2.967243912e-01 +2.967243912e-01 +1.159767244e+02 +1.159767244e+02 -2.2128e+00 -9.8702e-01
% f evaluations | g evaluations | best noise-free fitness - Fopt | noise-free fitness - Fopt (-3.710000000000e+00) | measured fitness | best measured fitness | x1 | x2...
1 0 +6.165221830e+01 +6.165221830e+01 +5.794221830e+01 +5.794221830e+01 +4.0068e+00 -3.9977e-01
8 0 +5.928142375e+01 +5.928142375e+01 +5.557142375e+01 +5.557142375e+01 -3.5308e+00 -3.2673e+00
12 0 +5.591025069e+01 +5.591025069e+01 +5.220025069e+01 +5.220025069e+01 -1.2062e+00 -3.5214e+00
14 0 +5.079008254e+01 +5.079008254e+01 +4.708008254e+01 +4.708008254e+01 +1.2936e+00 -5.5976e-01
29 0 +3.909926741e+01 +3.909926741e+01 +3.538926741e+01 +3.538926741e+01 -1.1307e+00 -2.6735e+00
40 0 +3.335245118e+01 +3.335245118e+01 +2.964245118e+01 +2.964245118e+01 +4.1800e-01 -1.5228e+00
41 0 +2.558493436e+01 +2.558493436e+01 +2.187493436e+01 +2.187493436e+01 +3.4235e+00 -3.2274e+00
458 0 +1.988019860e+01 +1.988019860e+01 +1.617019860e+01 +1.617019860e+01 +3.1553e+00 -3.4436e+00
3010 0 +1.158628234e+01 +1.158628234e+01 +7.876282336e+00 +7.876282336e+00 +2.8695e+00 -2.2603e+00
4948 0 +6.664585827e+00 +6.664585827e+00 +2.954585827e+00 +2.954585827e+00 +3.1863e+00 -1.6050e+00
7859 0 +4.138861923e+00 +4.138861923e+00 +4.288619226e-01 +4.288619226e-01 +3.1196e+00 -1.9926e+00
8318 0 +2.666682466e+00 +2.666682466e+00 -1.043317534e+00 -1.043317534e+00 +3.1989e+00 -1.9638e+00
9185 0 +1.610024543e+00 +1.610024543e+00 -2.099975457e+00 -2.099975457e+00 +3.1565e+00 -1.9080e+00
16229 0 +1.462568910e+00 +1.462568910e+00 -2.247431090e+00 -2.247431090e+00 +3.1167e+00 -1.9608e+00
23426 0 +1.277701607e+00 +1.277701607e+00 -2.432298393e+00 -2.432298393e+00 +3.1595e+00 -1.9378e+00
25927 0 +1.126512193e+00 +1.126512193e+00 -2.583487807e+00 -2.583487807e+00 +3.1354e+00 -1.9217e+00
36441 0 +6.980964687e-01 +6.980964687e-01 -3.011903531e+00 -3.011903531e+00 +3.0568e+00 -2.2970e+00
36849 0 +5.125183993e-01 +5.125183993e-01 -3.197481601e+00 -3.197481601e+00 +3.0778e+00 -2.2872e+00
40217 0 +4.672248781e-01 +4.672248781e-01 -3.242775122e+00 -3.242775122e+00 +3.1042e+00 -2.2785e+00
41443 0 +2.654696823e-01 +2.654696823e-01 -3.444530318e+00 -3.444530318e+00 +3.1342e+00 -2.3062e+00
47618 0 +2.394596777e-01 +2.394596777e-01 -3.470540322e+00 -3.470540322e+00 +3.1240e+00 -2.3064e+00
48383 0 +5.248002401e-02 +5.248002401e-02 -3.657519976e+00 -3.657519976e+00 +3.1129e+00 -2.2903e+00
58642 0 +9.384890248e-03 +9.384890248e-03 -3.700615110e+00 -3.700615110e+00 +3.1219e+00 -2.2974e+00
388056 0 +9.054873896e-03 +9.054873896e-03 -3.700945126e+00 -3.700945126e+00 +3.1183e+00 -2.2974e+00
% f evaluations | g evaluations | best noise-free fitness - Fopt | noise-free fitness - Fopt (1.321800000000e+02) | measured fitness | best measured fitness | x1 | x2...
1 0 +7.188162694e+01 +7.188162694e+01 +2.040616269e+02 +2.040616269e+02 +1.7831e+00 +3.4266e-01
3 0 +4.628593568e+01 +4.628593568e+01 +1.784659357e+02 +1.784659357e+02 -4.7341e+00 -4.2994e-01
8 0 +3.651442199e+01 +3.651442199e+01 +1.686944220e+02 +1.686944220e+02 +1.3677e+00 +1.1076e+00
9 0 +1.931964598e+01 +1.931964598e+01 +1.514996460e+02 +1.514996460e+02 -4.4707e+00 +1.1456e+00
25 0 +1.588745046e+01 +1.588745046e+01 +1.480674505e+02 +1.480674505e+02 -1.9365e+00 +1.8451e+00
101 0 +1.077710219e+01 +1.077710219e+01 +1.429571022e+02 +1.429571022e+02 -4.9120e+00 +1.1562e+00
407 0 +1.030118494e+01 +1.030118494e+01 +1.424811849e+02 +1.424811849e+02 -4.7881e+00 +1.1120e+00
1937 0 +7.727858390e+00 +7.727858390e+00 +1.399078584e+02 +1.399078584e+02 -4.7346e+00 +1.4172e+00
2549 0 +4.411488520e+00 +4.411488520e+00 +1.365914885e+02 +1.365914885e+02 -4.8388e+00 +1.1714e+00
3061 0 +4.254215968e+00 +4.254215968e+00 +1.364342160e+02 +1.364342160e+02 -4.8035e+00 +1.1482e+00
3112 0 +3.254966368e+00 +3.254966368e+00 +1.354349664e+02 +1.354349664e+02 -4.7112e+00 +1.1611e+00
4948 0 +2.853758607e+00 +2.853758607e+00 +1.350337586e+02 +1.350337586e+02 -4.7508e+00 +1.1906e+00
11992 0 +2.521545758e+00 +2.521545758e+00 +1.347015458e+02 +1.347015458e+02 -4.7525e+00 +1.1866e+00
15105 0 +1.095095119e+00 +1.095095119e+00 +1.332750951e+02 +1.332750951e+02 -4.7627e+00 +1.4748e+00
19291 0 +1.030418703e+00 +1.030418703e+00 +1.332104187e+02 +1.332104187e+02 -4.7682e+00 +1.4799e+00
229985 0 +4.832546511e-01 +4.832546511e-01 +1.326632547e+02 +1.326632547e+02 -3.7753e+00 +1.4675e+00
284342 0 +2.495944417e-01 +2.495944417e-01 +1.324295944e+02 +1.324295944e+02 -3.7429e+00 +1.4922e+00
295621 0 +1.906329505e-01 +1.906329505e-01 +1.323706330e+02 +1.323706330e+02 -3.7583e+00 +1.4722e+00
295672 0 +9.773229358e-02 +9.773229358e-02 +1.322777323e+02 +1.322777323e+02 -3.7535e+00 +1.4893e+00
365496 0 +2.530040139e-02 +2.530040139e-02 +1.322053004e+02 +1.322053004e+02 -3.7536e+00 +1.4810e+00
421436 0 +7.374694530e-03 +7.374694530e-03 +1.321873747e+02 +1.321873747e+02 -3.7701e+00 +1.4826e+00
% f evaluations | g evaluations | best noise-free fitness - Fopt | noise-free fitness - Fopt (-3.930000000000e+01) | measured fitness | best measured fitness | x1 | x2...
1 0 +1.570832238e+02 +1.570832238e+02 +1.177832238e+02 +1.177832238e+02 -5.6218e-01 +1.3083e+00
3 0 +5.182603959e+01 +5.182603959e+01 +1.252603959e+01 +1.252603959e+01 +3.3517e+00 -1.6308e+00
4 0 +3.275178537e+01 +3.275178537e+01 -6.548214635e+00 -6.548214635e+00 +2.1425e-01 -1.4185e+00
9 0 +1.164154211e+01 +1.164154211e+01 -2.765845789e+01 -2.765845789e+01 +4.5880e-01 -1.5630e+00
1223 0 +8.533586431e+00 +8.533586431e+00 -3.076641357e+01 -3.076641357e+01 -5.4215e-01 -1.5773e+00
19393 0 +7.571382330e+00 +7.571382330e+00 -3.172861767e+01 -3.172861767e+01 -5.1687e-01 -1.5707e+00
22965 0 +6.693778273e+00 +6.693778273e+00 -3.260622173e+01 -3.260622173e+01 -5.8222e-01 -1.5527e+00
23171 0 +6.155827770e+00 +6.155827770e+00 -3.314417223e+01 -3.314417223e+01 -5.5781e-01 -1.5575e+00
24905 0 +5.847555045e+00 +5.847555045e+00 -3.345244496e+01 -3.345244496e+01 -4.9229e-01 -1.5394e+00
25927 0 +5.033892333e+00 +5.033892333e+00 -3.426610767e+01 -3.426610767e+01 -5.2338e-01 -1.5416e+00
37920 0 +3.221852885e+00 +3.221852885e+00 -3.607814711e+01 -3.607814711e+01 -1.4976e+00 -8.8605e-01
39452 0 +2.101516018e+00 +2.101516018e+00 -3.719848398e+01 -3.719848398e+01 -1.5246e+00 -8.6322e-01
51141 0 +2.088127565e+00 +2.088127565e+00 -3.721187243e+01 -3.721187243e+01 -1.5480e+00 -8.6600e-01
51498 0 +2.025933811e+00 +2.025933811e+00 -3.727406619e+01 -3.727406619e+01 -1.5430e+00 -8.6567e-01
74056 0 +1.424866907e+00 +1.424866907e+00 -3.787513309e+01 -3.787513309e+01 -1.5135e+00 -1.2350e+00
100802 0 +1.313302353e+00 +1.313302353e+00 -3.798669765e+01 -3.798669765e+01 -2.4931e+00 -1.5422e+00
103864 0 +1.023312060e+00 +1.023312060e+00 -3.827668794e+01 -3.827668794e+01 -2.5369e+00 -8.7541e-01
107336 0 +7.078066572e-01 +7.078066572e-01 -3.859219334e+01 -3.859219334e+01 -2.4897e+00 -1.2160e+00
108611 0 +6.903533945e-01 +6.903533945e-01 -3.860964661e+01 -3.860964661e+01 -2.4783e+00 -1.2283e+00
111520 0 +3.799958592e-01 +3.799958592e-01 -3.892000414e+01 -3.892000414e+01 -2.5277e+00 -1.2142e+00
131936 0 +1.072443709e-01 +1.072443709e-01 -3.919275563e+01 -3.919275563e+01 -2.5342e+00 -1.2376e+00
227484 0 +9.706754915e-02 +9.706754915e-02 -3.920293245e+01 -3.920293245e+01 -2.5546e+00 -1.2320e+00
284546 0 +2.127873110e-02 +2.127873110e-02 -3.927872127e+01 -3.927872127e+01 -2.5424e+00 -1.2276e+00
% f evaluations | g evaluations | best noise-free fitness - Fopt | noise-free fitness - Fopt (4.296000000000e+01) | measured fitness | best measured fitness | x1 | x2...
1 0 +5.346460062e+01 +5.346460062e+01 +9.642460062e+01 +9.642460062e+01 -2.3789e+00 -9.8807e-02
5 0 +4.129745857e+01 +4.129745857e+01 +8.425745857e+01 +8.425745857e+01 -2.9720e+00 +1.7717e+00
15 0 +2.197744544e+01 +2.197744544e+01 +6.493744544e+01 +6.493744544e+01 +2.5315e+00 +2.2662e+00
24 0 +1.209941954e+01 +1.209941954e+01 +5.505941954e+01 +5.505941954e+01 +4.5326e-01 +2.5157e+00
1529 0 +9.637097147e+00 +9.637097147e+00 +5.259709715e+01 +5.259709715e+01 -3.2210e-01 +2.0386e+00
1937 0 +8.973689382e+00 +8.973689382e+00 +5.193368938e+01 +5.193368938e+01 -5.2115e-01 +1.0332e+00
14901 0 +8.432260187e+00 +8.432260187e+00 +5.139226019e+01 +5.139226019e+01 -3.8003e-01 +1.0420e+00
17504 0 +8.114793747e+00 +8.114793747e+00 +5.107479375e+01 +5.107479375e+01 -4.4508e-01 +1.0393e+00
17965 0 +7.765943123e+00 +7.765943123e+00 +5.072594312e+01 +5.072594312e+01 -2.7112e-01 +1.4251e+00
19291 0 +7.583778059e+00 +7.583778059e+00 +5.054377806e+01 +5.054377806e+01 -2.7676e-01 +1.4273e+00
21537 0 +7.080002330e+00 +7.080002330e+00 +5.004000233e+01 +5.004000233e+01 -3.8481e-01 +1.4538e+00
22098 0 +6.433588903e+00 +6.433588903e+00 +4.939358890e+01 +4.939358890e+01 -5.5812e-01 +1.4339e+00
28887 0 +5.040454125e+00 +5.040454125e+00 +4.800045413e+01 +4.800045413e+01 -4.3184e-01 +1.4224e+00
40370 0 +4.459524062e+00 +4.459524062e+00 +4.741952406e+01 +4.741952406e+01 -3.8918e-01 +1.7264e+00
43536 0 +4.089552375e+00 +4.089552375e+00 +4.704955237e+01 +4.704955237e+01 -4.5078e-01 +1.7290e+00
67728 0 +4.035858412e+00 +4.035858412e+00 +4.699585841e+01 +4.699585841e+01 -4.6599e-01 +1.7355e+00
161183 0 +1.535763676e+00 +1.535763676e+00 +4.449576368e+01 +4.449576368e+01 +4.8609e-01 +1.7269e+00
234781 0 +1.481280017e+00 +1.481280017e+00 +4.444128002e+01 +4.444128002e+01 +5.5174e-01 +1.7360e+00
247798 0 +1.436327708e+00 +1.436327708e+00 +4.439632771e+01 +4.439632771e+01 +5.4996e-01 +1.7356e+00
261527 0 +8.889935026e-01 +8.889935026e-01 +4.384899350e+01 +4.384899350e+01 +1.4387e+00 +1.7383e+00
265662 0 +5.191404698e-01 +5.191404698e-01 +4.347914047e+01 +4.347914047e+01 +1.4905e+00 +1.7225e+00
265866 0 +3.926192597e-02 +3.926192597e-02 +4.299926193e+01 +4.299926193e+01 +1.5261e+00 +1.7382e+00
325123 0 +3.430508732e-02 +3.430508732e-02 +4.299430509e+01 +4.299430509e+01 +1.5149e+00 +1.7409e+00
% f evaluations | g evaluations | best noise-free fitness - Fopt | noise-free fitness - Fopt (2.842200000000e+02) | measured fitness | best measured fitness | x1 | x2...
1 0 +5.143663046e+01 +5.143663046e+01 +3.356566305e+02 +3.356566305e+02 +1.6492e+00 +8.6035e-01
3 0 +2.250283940e+01 +2.250283940e+01 +3.067228394e+02 +3.067228394e+02 -5.8377e-01 +1.5111e-01
12 0 +2.188193264e+01 +2.188193264e+01 +3.061019326e+02 +3.061019326e+02 +6.0209e-01 -2.7455e-01
24 0 +1.688960024e+01 +1.688960024e+01 +3.011096002e+02 +3.011096002e+02 -4.3625e+00 +8.5635e-02
45 0 +1.646430762e+01 +1.646430762e+01 +3.006843076e+02 +3.006843076e+02 +1.9095e+00 -2.0121e-01
59154 0 +1.014181933e+01 +1.014181933e+01 +2.943618193e+02 +2.943618193e+02 +9.0141e-01 +1.3898e-01
103405 0 +9.193346083e+00 +9.193346083e+00 +2.934133461e+02 +2.934133461e+02 +9.3881e-01 -2.2962e-01
108611 0 +8.557061441e+00 +8.557061441e+00 +2.927770614e+02 +2.927770614e+02 -9.8854e-01 -2.2214e-01
110092 0 +6.564837472e+00 +6.564837472e+00 +2.907848375e+02 +2.907848375e+02 -5.6080e-02 +1.7439e-01
114225 0 +5.563530902e+00 +5.563530902e+00 +2.897835309e+02 +2.897835309e+02 -7.3094e-02 +1.2344e-01
114327 0 +5.117279786e+00 +5.117279786e+00 +2.893372798e+02 +2.893372798e+02 -6.8499e-02 -2.3616e-01
114786 0 +4.211273577e+00 +4.211273577e+00 +2.884312736e+02 +2.884312736e+02 -1.1629e-01 -2.2456e-01
279595 0 +2.991284770e+00 +2.991284770e+00 +2.872112848e+02 +2.872112848e+02 -1.1217e+00 -1.8116e-01
284597 0 +1.594239271e+00 +1.594239271e+00 +2.858142393e+02 +2.858142393e+02 -1.1303e+00 -2.1088e-01
291998 0 +1.101244691e+00 +1.101244691e+00 +2.853212447e+02 +2.853212447e+02 -1.0930e+00 -2.2249e-01
311392 0 +7.246396832e-01 +7.246396832e-01 +2.849446397e+02 +2.849446397e+02 -2.0467e+00 -2.2361e-01
335433 0 +1.863035873e-01 +1.863035873e-01 +2.844063036e+02 +2.844063036e+02 -2.1123e+00 -2.2793e-01
398519 0 +1.461064489e-01 +1.461064489e-01 +2.843661064e+02 +2.843661064e+02 -2.1202e+00 -2.1188e-01
403111 0 +7.696274596e-02 +7.696274596e-02 +2.842969627e+02 +2.842969627e+02 -2.0921e+00 -2.2388e-01
% f evaluations | g evaluations | best noise-free fitness - Fopt | noise-free fitness - Fopt (-3.217000000000e+01) | measured fitness | best measured fitness | x1 | x2...
1 0 +3.647801891e+02 +3.647801891e+02 +3.326101891e+02 +3.326101891e+02 -3.7754e+00 -4.2239e+00
2 0 +3.310586031e+01 +3.310586031e+01 +9.358603094e-01 +9.358603094e-01 -2.6227e+00 +9.3911e-01
5 0 +2.755868000e+01 +2.755868000e+01 -4.611320001e+00 -4.611320001e+00 -3.5439e-01 +1.3480e+00
7 0 +2.532031489e+01 +2.532031489e+01 -6.849685107e+00 -6.849685107e+00 +2.2975e+00 +2.9632e+00
11 0 +9.019303679e+00 +9.019303679e+00 -2.315069632e+01 -2.315069632e+01 +1.5948e+00 +2.5226e+00
32 0 +8.710024932e+00 +8.710024932e+00 -2.345997507e+01 -2.345997507e+01 +1.3096e+00 +1.1927e+00
1733 0 +8.513743275e+00 +8.513743275e+00 -2.365625673e+01 -2.365625673e+01 -5.8347e-01 +2.4781e+00
5152 0 +7.088279943e+00 +7.088279943e+00 -2.508172006e+01 -2.508172006e+01 +5.4361e-01 +2.2682e+00
8420 0 +6.742772095e+00 +6.742772095e+00 -2.542722791e+01 -2.542722791e+01 +4.3344e-01 +2.4465e+00
8726 0 +5.781219481e+00 +5.781219481e+00 -2.638878052e+01 -2.638878052e+01 +4.5825e-01 +2.4549e+00
9185 0 +3.007771869e+00 +3.007771869e+00 -2.916222813e+01 -2.916222813e+01 +4.7860e-01 +2.1837e+00
15617 0 +2.611471728e+00 +2.611471728e+00 -2.955852827e+01 -2.955852827e+01 +5.1187e-01 +1.8442e+00
18220 0 +2.277876075e+00 +2.277876075e+00 -2.989212392e+01 -2.989212392e+01 +4.5172e-01 +2.2379e+00
20874 0 +2.060889339e+00 +2.060889339e+00 -3.010911066e+01 -3.010911066e+01 +4.5385e-01 +2.2263e+00
31847 0 +1.213938280e+00 +1.213938280e+00 -3.095606172e+01 -3.095606172e+01 +4.5784e-01 +1.8653e+00
37359 0 +1.148518439e+00 +1.148518439e+00 -3.102148156e+01 -3.102148156e+01 +4.5322e-01 +1.8638e+00
99270 0 +1.270803359e-02 +1.270803359e-02 -3.215729197e+01 -3.215729197e+01 +1.4484e+00 +1.8572e+00
% f evaluations | g evaluations | best noise-free fitness - Fopt | noise-free fitness - Fopt (-5.858000000000e+01) | measured fitness | best measured fitness | x1 | x2...
1 0 +1.930018459e+02 +1.930018459e+02 +1.344218459e+02 +1.344218459e+02 +1.1193e+00 +3.1080e-01
2 0 +9.857838314e+01 +9.857838314e+01 +3.999838314e+01 +3.999838314e+01 -5.3888e-01 -3.8545e-01
4 0 +8.748652980e+01 +8.748652980e+01 +2.890652980e+01 +2.890652980e+01 -3.3152e+00 -3.8477e+00
5 0 +2.492472168e+01 +2.492472168e+01 -3.365527832e+01 -3.365527832e+01 -7.4509e-01 -2.1453e+00
9 0 +2.186778885e+01 +2.186778885e+01 -3.671221115e+01 -3.671221115e+01 +3.3821e+00 -1.7227e+00
23 0 +1.532375439e+01 +1.532375439e+01 -4.325624561e+01 -4.325624561e+01 +3.9402e-01 -2.2143e+00
3061 0 +1.197296276e+01 +1.197296276e+01 -4.660703724e+01 -4.660703724e+01 -5.6244e-01 -2.4868e+00
7092 0 +1.083506492e+01 +1.083506492e+01 -4.774493508e+01 -4.774493508e+01 -4.4303e-01 -2.8346e+00
9644 0 +1.054464637e+01 +1.054464637e+01 -4.803535363e+01 -4.803535363e+01 +3.7825e-01 -2.4984e+00
11380 0 +7.987865217e+00 +7.987865217e+00 -5.059213478e+01 -5.059213478e+01 +4.7084e-01 -2.8058e+00
12861 0 +6.626459505e+00 +6.626459505e+00 -5.195354050e+01 -5.195354050e+01 +6.2273e-01 -2.0975e+00
17606 0 +5.267569405e+00 +5.267569405e+00 -5.331243059e+01 -5.331243059e+01 +7.2117e-01 -2.4877e+00
19699 0 +4.073645251e+00 +4.073645251e+00 -5.450635475e+01 -5.450635475e+01 +6.0527e-01 -2.5093e+00
43485 0 +3.749982159e+00 +3.749982159e+00 -5.483001784e+01 -5.483001784e+01 +1.5164e+00 -2.4916e+00
241723 0 +2.698142679e+00 +2.698142679e+00 -5.588185732e+01 -5.588185732e+01 +1.5297e+00 -2.5009e+00
246113 0 +2.614506101e+00 +2.614506101e+00 -5.596549390e+01 -5.596549390e+01 +1.5937e+00 -2.8014e+00
247082 0 +2.141566142e+00 +2.141566142e+00 -5.643843386e+01 -5.643843386e+01 +1.6118e+00 -2.8140e+00
248716 0 +2.102332028e+00 +2.102332028e+00 -5.647766797e+01 -5.647766797e+01 +1.5990e+00 -2.8233e+00
254636 0 +1.533212942e+00 +1.533212942e+00 -5.704678706e+01 -5.704678706e+01 +1.6312e+00 -2.5076e+00
266682 0 +1.451352816e+00 +1.451352816e+00 -5.712864718e+01 -5.712864718e+01 +1.5725e+00 -2.4944e+00
267039 0 +1.349474938e+00 +1.349474938e+00 -5.723052506e+01 -5.723052506e+01 +1.5664e+00 -2.5017e+00
267192 0 +1.318197537e+00 +1.318197537e+00 -5.726180246e+01 -5.726180246e+01 +1.5915e+00 -2.5199e+00
275409 0 +1.107699368e+00 +1.107699368e+00 -5.747230063e+01 -5.747230063e+01 +1.6085e+00 -2.5108e+00
% f evaluations | g evaluations | best noise-free fitness - Fopt | noise-free fitness - Fopt (-6.049200000000e+02) | measured fitness | best measured fitness | x1 | x2...
1 0 +9.746398447e+02 +9.746398447e+02 +3.697198447e+02 +3.697198447e+02 +4.6366e+00 +3.8319e+00
2 0 +4.817195851e+01 +4.817195851e+01 -5.567480415e+02 -5.567480415e+02 -4.4934e+00 -2.1881e+00
18 0 +4.373724273e+01 +4.373724273e+01 -5.611827573e+02 -5.611827573e+02 -1.3639e+00 -2.4821e+00
23 0 +2.348142793e+01 +2.348142793e+01 -5.814385721e+02 -5.814385721e+02 -2.1226e-01 -5.8433e-02
27 0 +1.096495454e+01 +1.096495454e+01 -5.939550455e+02 -5.939550455e+02 -2.8960e+00 -2.9630e-01
5817 0 +8.472511866e+00 +8.472511866e+00 -5.964474881e+02 -5.964474881e+02 -3.0244e+00 -9.6659e-01
40880 0 +6.410332719e+00 +6.410332719e+00 -5.985096673e+02 -5.985096673e+02 -3.0807e+00 -9.9291e-01
41137 0 +5.806396838e+00 +5.806396838e+00 -5.991136032e+02 -5.991136032e+02 -3.0131e+00 -9.8130e-01
41188 0 +5.704331707e+00 +5.704331707e+00 -5.992156683e+02 -5.992156683e+02 -3.0149e+00 -9.8545e-01
42106 0 +4.478223885e+00 +4.478223885e+00 -6.004417761e+02 -6.004417761e+02 -3.0141e+00 -1.0062e+00
44046 0 +4.071598268e+00 +4.071598268e+00 -6.008484017e+02 -6.008484017e+02 -2.9753e+00 -1.0197e+00
45423 0 +3.516048789e+00 +3.516048789e+00 -6.014039512e+02 -6.014039512e+02 -1.9690e+00 -1.3026e+00
50629 0 +3.364132370e+00 +3.364132370e+00 -6.015558676e+02 -6.015558676e+02 -2.0509e+00 -1.0393e+00
51294 0 +1.189944392e+00 +1.189944392e+00 -6.037300556e+02 -6.037300556e+02 -2.0121e+00 -1.0215e+00
125455 0 +1.139239602e+00 +1.139239602e+00 -6.037807604e+02 -6.037807604e+02 -2.0058e+00 -1.0077e+00
177821 0 +1.056408711e+00 +1.056408711e+00 -6.038635913e+02 -6.038635913e+02 -1.9827e+00 -1.0165e+00
% f evaluations | g evaluations | best noise-free fitness - Fopt | noise-free fitness - Fopt (1.337000000000e+02) | measured fitness | best measured fitness | x1 | x2...
1 0 +3.283543338e+02 +3.283543338e+02 +4.620543338e+02 +4.620543338e+02 +3.9315e-01 -4.9896e+00
2 0 +2.078074529e+02 +2.078074529e+02 +3.415074529e+02 +3.415074529e+02 -2.1953e+00 -2.9456e+00
3 0 +4.562228069e+01 +4.562228069e+01 +1.793222807e+02 +1.793222807e+02 +3.1396e-01 +2.5820e+00
7 0 +4.055042020e+01 +4.055042020e+01 +1.742504202e+02 +1.742504202e+02 -2.8553e+00 -1.6351e-02
12 0 +3.722493660e+01 +3.722493660e+01 +1.709249366e+02 +1.709249366e+02 +1.8385e+00 +8.3084e-01
14 0 +1.628394909e+01 +1.628394909e+01 +1.499839491e+02 +1.499839491e+02 +3.3668e-01 +1.5282e+00
39 0 +2.037771645e+00 +2.037771645e+00 +1.357377716e+02 +1.357377716e+02 +1.4714e+00 +6.4770e-01
101618 0 +1.645702003e+00 +1.645702003e+00 +1.353457020e+02 +1.353457020e+02 +2.5275e+00 +1.3133e+00
102691 0 +1.150976374e+00 +1.150976374e+00 +1.348509764e+02 +1.348509764e+02 +2.4570e+00 +1.3030e+00
106314 0 +7.644437907e-01 +7.644437907e-01 +1.344644438e+02 +1.344644438e+02 +2.5329e+00 +9.6073e-01
160467 0 +7.383492135e-01 +7.383492135e-01 +1.344383492e+02 +1.344383492e+02 +2.4188e+00 +9.6326e-01
167154 0 +2.038027510e-01 +2.038027510e-01 +1.339038028e+02 +1.339038028e+02 +2.5050e+00 +9.5091e-01
183384 0 +1.747762989e-01 +1.747762989e-01 +1.338747763e+02 +1.338747763e+02 +2.4463e+00 +9.5555e-01
204157 0 +6.460320375e-02 +6.460320375e-02 +1.337646032e+02 +1.337646032e+02 +2.4580e+00 +9.5294e-01
212784 0 +3.695356093e-02 +3.695356093e-02 +1.337369536e+02 +1.337369536e+02 +2.4838e+00 +9.5121e-01
% f evaluations | g evaluations | best noise-free fitness - Fopt | noise-free fitness - Fopt (-2.098000000000e+01) | measured fitness | best measured fitness | x1 | x2...
1 0 +8.983459140e+01 +8.983459140e+01 +6.885459140e+01 +6.885459140e+01 -1.1928e+00 +3.9804e+00
3 0 +2.180141397e+01 +2.180141397e+01 +8.214139727e-01 +8.214139727e-01 +3.0818e+00 +1.0259e+00
5 0 +6.326069642e+00 +6.326069642e+00 -1.465393036e+01 -1.465393036e+01 +1.4091e-01 +1.6314e+00
815 0 +2.932626672e+00 +2.932626672e+00 -1.804737333e+01 -1.804737333e+01 +9.9521e-01 +1.9125e+00
71863 0 +2.285170273e+00 +2.285170273e+00 -1.869482973e+01 -1.869482973e+01 +1.0595e+00 +1.6199e+00
94729 0 +2.063959856e+00 +2.063959856e+00 -1.891604014e+01 -1.891604014e+01 +1.0894e+00 +1.8988e+00
101720 0 +1.238070943e+00 +1.238070943e+00 -1.974192906e+01 -1.974192906e+01 +1.0529e+00 +1.9087e+00
104629 0 +8.367433195e-01 +8.367433195e-01 -2.014325668e+01 -2.014325668e+01 +2.0779e+00 +1.8992e+00
108203 0 +4.246309936e-01 +4.246309936e-01 -2.055536901e+01 -2.055536901e+01 +2.0255e+00 +1.9290e+00
124178 0 +1.193296507e-01 +1.193296507e-01 -2.086067035e+01 -2.086067035e+01 +2.0495e+00 +1.9115e+00
165265 0 +7.195676879e-02 +7.195676879e-02 -2.090804323e+01 -2.090804323e+01 +2.0770e+00 +1.9227e+00
173841 0 +3.327483547e-02 +3.327483547e-02 -2.094672516e+01 -2.094672516e+01 +2.0608e+00 +1.9233e+00
234936 0 +1.566860184e-02 +1.566860184e-02 -2.096433140e+01 -2.096433140e+01 +2.0640e+00 +1.9220e+00
% f evaluations | g evaluations | best noise-free fitness - Fopt | noise-free fitness - Fopt (1.353300000000e+02) | measured fitness | best measured fitness | x1 | x2...
1 0 +5.493105030e+02 +5.493105030e+02 +6.846405030e+02 +6.846405030e+02 -1.1080e+00 +4.1379e+00
2 0 +3.619670837e+01 +3.619670837e+01 +1.715267084e+02 +1.715267084e+02 +9.2433e-01 -1.0734e-01
8 0 +2.825754168e+01 +2.825754168e+01 +1.635875417e+02 +1.635875417e+02 +2.1684e+00 -6.9939e-01
30 0 +1.990574658e+01 +1.990574658e+01 +1.552357466e+02 +1.552357466e+02 +2.3948e+00 +6.0775e-01
458 0 +1.528709508e+01 +1.528709508e+01 +1.506170951e+02 +1.506170951e+02 +3.6313e+00 +7.2228e-01
59970 0 +1.053292389e+01 +1.053292389e+01 +1.458629239e+02 +1.458629239e+02 -2.4665e+00 +3.6736e-01
62879 0 +1.046995592e+01 +1.046995592e+01 +1.457999559e+02 +1.457999559e+02 -2.4649e+00 -2.9188e-01
68748 0 +1.010513377e+01 +1.010513377e+01 +1.454351338e+02 +1.454351338e+02 -2.4447e+00 +3.6104e-02
69464 0 +9.373651563e+00 +9.373651563e+00 +1.447036516e+02 +1.447036516e+02 -2.4716e+00 +1.5712e-02
85388 0 +9.104726937e+00 +9.104726937e+00 +1.444347269e+02 +1.444347269e+02 -2.4909e+00 +1.7207e-02
96514 0 +7.287935518e+00 +7.287935518e+00 +1.426179355e+02 +1.426179355e+02 -1.5574e+00 +4.0211e-01
99782 0 +5.006379133e+00 +5.006379133e+00 +1.403363791e+02 +1.403363791e+02 -1.4288e+00 -2.8562e-01
104221 0 +4.682425314e+00 +4.682425314e+00 +1.400124253e+02 +1.400124253e+02 -1.4856e+00 +3.3181e-02
106365 0 +3.989634959e+00 +3.989634959e+00 +1.393196350e+02 +1.393196350e+02 -1.4209e+00 +2.4216e-02
116165 0 +2.539447342e+00 +2.539447342e+00 +1.378694473e+02 +1.378694473e+02 -5.1369e-01 +2.6068e-02
212886 0 +1.619227350e+00 +1.619227350e+00 +1.369492273e+02 +1.369492273e+02 -4.7684e-01 +3.9300e-02
229320 0 +1.261681348e+00 +1.261681348e+00 +1.365916813e+02 +1.365916813e+02 -4.7402e-01 +3.0518e-02
239681 0 +1.126429833e+00 +1.126429833e+00 +1.364564298e+02 +1.364564298e+02 -4.3387e-01 +2.2090e-02
284699 0 +1.080404036e+00 +1.080404036e+00 +1.364104040e+02 +1.364104040e+02 -4.5490e-01 +1.7330e-02
315680 0 +1.053273695e+00 +1.053273695e+00 +1.363832737e+02 +1.363832737e+02 -4.4562e-01 +2.8897e-02
426232 0 +1.006465243e-02 +1.006465243e-02 +1.353400647e+02 +1.353400647e+02 +5.3918e-01 +2.5505e-02
% f evaluations | g evaluations | best noise-free fitness - Fopt | noise-free fitness - Fopt (4.066000000000e+01) | measured fitness | best measured fitness | x1 | x2...
1 0 +2.344193746e+02 +2.344193746e+02 +2.750793746e+02 +2.750793746e+02 -1.4055e+00 -3.1512e+00
3 0 +9.825640951e+01 +9.825640951e+01 +1.389164095e+02 +1.389164095e+02 -4.0703e+00 -6.4081e-01
6 0 +4.817999447e+01 +4.817999447e+01 +8.883999447e+01 +8.883999447e+01 -3.4986e+00 +5.8987e-01
8 0 +1.959170951e+01 +1.959170951e+01 +6.025170951e+01 +6.025170951e+01 +1.1605e+00 +1.3710e+00
31 0 +8.779490261e+00 +8.779490261e+00 +4.943949026e+01 +4.943949026e+01 +2.0580e+00 +1.9988e+00
5126 0 +6.904954230e+00 +6.904954230e+00 +4.756495423e+01 +4.756495423e+01 +5.0000e+00 +1.2813e+00
15974 0 +5.593651861e+00 +5.593651861e+00 +4.625365186e+01 +4.625365186e+01 +4.0206e+00 +5.6712e-01
17300 0 +4.499691050e+00 +4.499691050e+00 +4.515969105e+01 +4.515969105e+01 +4.1099e+00 +9.3498e-01
17861 0 +2.500838995e+00 +2.500838995e+00 +4.316083899e+01 +4.316083899e+01 +4.0509e+00 +9.2337e-01
31694 0 +1.675118580e+00 +1.675118580e+00 +4.233511858e+01 +4.233511858e+01 +3.0411e+00 +1.5772e+00
33634 0 +2.807908547e-01 +2.807908547e-01 +4.094079085e+01 +4.094079085e+01 +3.0795e+00 +1.2553e+00
38993 0 +2.375382190e-01 +2.375382190e-01 +4.089753822e+01 +4.089753822e+01 +3.0877e+00 +1.2510e+00
39656 0 +2.020793866e-01 +2.020793866e-01 +4.086207939e+01 +4.086207939e+01 +3.0856e+00 +1.2495e+00
39962 0 +1.794268057e-01 +1.794268057e-01 +4.083942681e+01 +4.083942681e+01 +3.0828e+00 +1.2472e+00
125965 0 +2.680864637e-02 +2.680864637e-02 +4.068680865e+01 +4.068680865e+01 +3.0598e+00 +1.2503e+00
