% f evaluations | g evaluations | best noise-free fitness - Fopt | noise-free fitness - Fopt (-6.211100000000e+02) | measured fitness | best measured fitness | x1 | x2...
1 0 +2.918812790e+08 +2.918812790e+08 +2.918806579e+08 +2.918806579e+08
3 0 +2.918759001e+08 +2.918759001e+08 +2.918752790e+08 +2.918752790e+08
809 0 +2.880869398e+08 +2.880869398e+08 +2.880863187e+08 +2.880863187e+08
1014 0 +2.815047795e+08 +2.815047795e+08 +2.815041584e+08 +2.815041584e+08
1125 0 +2.743115604e+08 +2.743115604e+08 +2.743109393e+08 +2.743109393e+08
1182 0 +2.690851513e+08 +2.690851513e+08 +2.690845302e+08 +2.690845302e+08
1237 0 +2.627869891e+08 +2.627869891e+08 +2.627863680e+08 +2.627863680e+08
1293 0 +2.548623303e+08 +2.548623303e+08 +2.548617091e+08 +2.548617091e+08
1329 0 +2.487941481e+08 +2.487941481e+08 +2.487935270e+08 +2.487935270e+08
1348 0 +2.453880669e+08 +2.453880669e+08 +2.453874458e+08 +2.453874458e+08
1386 0 +2.380156045e+08 +2.380156045e+08 +2.380149834e+08 +2.380149834e+08
1405 0 +2.341532150e+08 +2.341532150e+08 +2.341525939e+08 +2.341525939e+08
1442 0 +2.260318967e+08 +2.260318967e+08 +2.260312755e+08 +2.260312755e+08
1460 0 +2.219125389e+08 +2.219125389e+08 +2.219119177e+08 +2.219119177e+08
1478 0 +2.176915139e+08 +2.176915139e+08 +2.176908928e+08 +2.176908928e+08
1497 0 +2.133566776e+08 +2.133566776e+08 +2.133560565e+08 +2.133560565e+08
1534 0 +2.049103402e+08 +2.049103402e+08 +2.049097191e+08 +2.049097191e+08
1552 0 +2.009082101e+08 +2.009082101e+08 +2.009075890e+08 +2.009075890e+08
1571 0 +1.971161080e+08 +1.971161080e+08 +1.971154869e+08 +1.971154869e+08
1589 0 +1.937017748e+08 +1.937017748e+08 +1.937011537e+08 +1.937011537e+08
1627 0 +1.882504771e+08 +1.882504771e+08 +1.882498560e+08 +1.882498560e+08
1664 0 +1.857093953e+08 +1.857093953e+08 +1.857087742e+08 +1.857087742e+08
2697 0 +1.816496072e+08 +1.816496072e+08 +1.816489861e+08 +1.816489861e+08
2862 0 +1.774238205e+08 +1.774238205e+08 +1.774231994e+08 +1.774231994e+08
2972 0 +1.737087213e+08 +1.737087213e+08 +1.737081002e+08 +1.737081002e+08
3616 0 +1.697263948e+08 +1.697263948e+08 +1.697257737e+08 +1.697257737e+08
3779 0 +1.654214396e+08 +1.654214396e+08 +1.654208185e+08 +1.654208185e+08
3857 0 +1.620798951e+08 +1.620798951e+08 +1.620792740e+08 +1.620792740e+08
3935 0 +1.575337382e+08 +1.575337382e+08 +1.575331171e+08 +1.575331171e+08
3993 0 +1.536287770e+08 +1.536287770e+08 +1.536281559e+08 +1.536281559e+08
4032 0 +1.507967866e+08 +1.507967866e+08 +1.507961655e+08 +1.507961655e+08
4067 0 +1.478245989e+08 +1.478245989e+08 +1.478239778e+08 +1.478239778e+08
4127 0 +1.436071022e+08 +1.436071022e+08 +1.436064811e+08 +1.436064811e+08
4184 0 +1.412350876e+08 +1.412350876e+08 +1.412344664e+08 +1.412344664e+08
4534 0 +1.379726232e+08 +1.379726232e+08 +1.379720021e+08 +1.379720021e+08
4801 0 +1.348385544e+08 +1.348385544e+08 +1.348379333e+08 +1.348379333e+08
4925 0 +1.314964657e+08 +1.314964657e+08 +1.314958446e+08 +1.314958446e+08
4995 0 +1.282394598e+08 +1.282394598e+08 +1.282388387e+08 +1.282388387e+08
5054 0 +1.253722081e+08 +1.253722081e+08 +1.253715869e+08 +1.253715869e+08
5091 0 +1.229304081e+08 +1.229304081e+08 +1.229297870e+08 +1.229297870e+08
5148 0 +1.192626508e+08 +1.192626508e+08 +1.192620297e+08 +1.192620297e+08
5182 0 +1.170580941e+08 +1.170580941e+08 +1.170574730e+08 +1.170574730e+08
5235 0 +1.147889726e+08 +1.147889726e+08 +1.147883515e+08 +1.147883515e+08
5294 0 +1.121728929e+08 +1.121728929e+08 +1.121722718e+08 +1.121722718e+08
5879 0 +1.095974909e+08 +1.095974909e+08 +1.095968697e+08 +1.095968697e+08
6856 0 +1.071450201e+08 +1.071450201e+08 +1.071443990e+08 +1.071443990e+08
7037 0 +1.047110173e+08 +1.047110173e+08 +1.047103962e+08 +1.047103962e+08
7189 0 +1.022793859e+08 +1.022793859e+08 +1.022787648e+08 +1.022787648e+08
% f evaluations | g evaluations | best noise-free fitness - Fopt | noise-free fitness - Fopt (-2.548200000000e+02) | measured fitness | best measured fitness | x1 | x2...
1 0 +4.780123172e+08 +4.780123172e+08 +4.780120624e+08 +4.780120624e+08
2 0 +4.780039836e+08 +4.780039836e+08 +4.780037287e+08 +4.780037287e+08
871 0 +4.677009664e+08 +4.677009664e+08 +4.677007116e+08 +4.677007116e+08
1021 0 +4.565446343e+08 +4.565446343e+08 +4.565443794e+08 +4.565443794e+08
1114 0 +4.447125080e+08 +4.447125080e+08 +4.447122532e+08 +4.447122532e+08
1168 0 +4.350738423e+08 +4.350738423e+08 +4.350735874e+08 +4.350735874e+08
1224 0 +4.227938309e+08 +4.227938309e+08 +4.227935761e+08 +4.227935761e+08
1261 0 +4.129580300e+08 +4.129580300e+08 +4.129577751e+08 +4.129577751e+08
1297 0 +4.073033950e+08 +4.073033950e+08 +4.073031401e+08 +4.073031401e+08
1317 0 +3.952495091e+08 +3.952495091e+08 +3.952492543e+08 +3.952492543e+08
1336 0 +3.886116184e+08 +3.886116184e+08 +3.886113636e+08 +3.886113636e+08
1374 0 +3.743212111e+08 +3.743212111e+08 +3.743209563e+08 +3.743209563e+08
1392 0 +3.668105963e+08 +3.668105963e+08 +3.668103415e+08 +3.668103415e+08
1411 0 +3.589454770e+08 +3.589454770e+08 +3.589452222e+08 +3.589452222e+08
1429 0 +3.507722624e+08 +3.507722624e+08 +3.507720076e+08 +3.507720076e+08
1448 0 +3.423258871e+08 +3.423258871e+08 +3.423256323e+08 +3.423256323e+08
1466 0 +3.338627011e+08 +3.338627011e+08 +3.338624463e+08 +3.338624463e+08
1484 0 +3.252930641e+08 +3.252930641e+08 +3.252928093e+08 +3.252928093e+08
1502 0 +3.163685898e+08 +3.163685898e+08 +3.163683350e+08 +3.163683350e+08
1520 0 +3.161554306e+08 +3.161554306e+08 +3.161551758e+08 +3.161551758e+08
1521 0 +3.075083366e+08 +3.075083366e+08 +3.075080818e+08 +3.075080818e+08
1539 0 +2.987706746e+08 +2.987706746e+08 +2.987704198e+08 +2.987704198e+08
1558 0 +2.903300307e+08 +2.903300307e+08 +2.903297759e+08 +2.903297759e+08
1576 0 +2.820377021e+08 +2.820377021e+08 +2.820374472e+08 +2.820374472e+08
1595 0 +2.743984351e+08 +2.743984351e+08 +2.743981803e+08 +2.743981803e+08
1613 0 +2.673195031e+08 +2.673195031e+08 +2.673192483e+08 +2.673192483e+08
1632 0 +2.608331328e+08 +2.608331328e+08 +2.608328780e+08 +2.608328780e+08
1651 0 +2.553448434e+08 +2.553448434e+08 +2.553445886e+08 +2.553445886e+08
1670 0 +2.509432371e+08 +2.509432371e+08 +2.509429823e+08 +2.509429823e+08
1964 0 +2.454447235e+08 +2.454447235e+08 +2.454444687e+08 +2.454444687e+08
2424 0 +2.396377528e+08 +2.396377528e+08 +2.396374980e+08 +2.396374980e+08
2557 0 +2.340319520e+08 +2.340319520e+08 +2.340316971e+08 +2.340316971e+08
2630 0 +2.290786172e+08 +2.290786172e+08 +2.290783624e+08 +2.290783624e+08
2704 0 +2.228015394e+08 +2.228015394e+08 +2.228012845e+08 +2.228012845e+08
2759 0 +2.172608511e+08 +2.172608511e+08 +2.172605963e+08 +2.172605963e+08
2800 0 +2.132373734e+08 +2.132373734e+08 +2.132371186e+08 +2.132371186e+08
2858 0 +2.077923978e+08 +2.077923978e+08 +2.077921430e+08 +2.077921430e+08
2914 0 +2.033837181e+08 +2.033837181e+08 +2.033834633e+08 +2.033834633e+08
3562 0 +1.995111971e+08 +1.995111971e+08 +1.995109422e+08 +1.995109422e+08
3752 0 +1.946473820e+08 +1.946473820e+08 +1.946471272e+08 +1.946471272e+08
3865 0 +1.904863471e+08 +1.904863471e+08 +1.904860923e+08 +1.904860923e+08
3941 0 +1.851027424e+08 +1.851027424e+08 +1.851024876e+08 +1.851024876e+08
3997 0 +1.807216122e+08 +1.807216122e+08 +1.807213573e+08 +1.807213573e+08
4050 0 +1.762108194e+08 +1.762108194e+08 +1.762105646e+08 +1.762105646e+08
4090 0 +1.731153597e+08 +1.731153597e+08 +1.731151049e+08 +1.731151049e+08
4142 0 +1.685982727e+08 +1.685982727e+08 +1.685980179e+08 +1.685980179e+08
4218 0 +1.659235272e+08 +1.659235272e+08 +1.659232723e+08 +1.659232723e+08
5575 0 +1.621502922e+08 +1.621502922e+08 +1.621500374e+08 +1.621500374e+08
6562 0 +1.582720968e+08 +1.582720968e+08 +1.582718419e+08 +1.582718419e+08
7217 0 +1.547713811e+08 +1.547713811e+08 +1.547711263e+08 +1.547711263e+08
7398 0 +1.511220194e+08 +1.511220194e+08 +1.511217645e+08 +1.511217645e+08
7504 0 +1.473274397e+08 +1.473274397e+08 +1.473271849e+08 +1.473271849e+08
7579 0 +1.442273110e+08 +1.442273110e+08 +1.442270562e+08 +1.442270562e+08
7655 0 +1.405810635e+08 +1.405810635e+08 +1.405808087e+08 +1.405808087e+08
7751 0 +1.380247518e+08 +1.380247518e+08 +1.380244970e+08 +1.380244970e+08
% f evaluations | g evaluations | best noise-free fitness - Fopt | noise-free fitness - Fopt (5.661000000000e+01) | measured fitness | best measured fitness | x1 | x2...
1 0 +3.234975236e+08 +3.234975236e+08 +3.234975803e+08 +3.234975803e+08
10 0 +3.234953605e+08 +3.234953605e+08 +3.234954171e+08 +3.234954171e+08
966 0 +3.156034811e+08 +3.156034811e+08 +3.156035377e+08 +3.156035377e+08
1096 0 +3.088851840e+08 +3.088851840e+08 +3.088852406e+08 +3.088852406e+08
1190 0 +3.010964102e+08 +3.010964102e+08 +3.010964668e+08 +3.010964668e+08
1245 0 +2.949645588e+08 +2.949645588e+08 +2.949646154e+08 +2.949646154e+08
1300 0 +2.874747786e+08 +2.874747786e+08 +2.874748352e+08 +2.874748352e+08
1338 0 +2.815177625e+08 +2.815177625e+08 +2.815178191e+08 +2.815178191e+08
1375 0 +2.750818536e+08 +2.750818536e+08 +2.750819102e+08 +2.750819102e+08
1412 0 +2.680295882e+08 +2.680295882e+08 +2.680296448e+08 +2.680296448e+08
1450 0 +2.603263780e+08 +2.603263780e+08 +2.603264346e+08 +2.603264346e+08
1469 0 +2.564231970e+08 +2.564231970e+08 +2.564232537e+08 +2.564232537e+08
1505 0 +2.486020514e+08 +2.486020514e+08 +2.486021080e+08 +2.486021080e+08
1524 0 +2.445286553e+08 +2.445286553e+08 +2.445287119e+08 +2.445287119e+08
1561 0 +2.366178971e+08 +2.366178971e+08 +2.366179537e+08 +2.366179537e+08
1579 0 +2.327858931e+08 +2.327858931e+08 +2.327859497e+08 +2.327859497e+08
1598 0 +2.289525605e+08 +2.289525605e+08 +2.289526171e+08 +2.289526171e+08
1636 0 +2.217856393e+08 +2.217856393e+08 +2.217856959e+08 +2.217856959e+08
1655 0 +2.185228400e+08 +2.185228400e+08 +2.185228966e+08 +2.185228966e+08
1692 0 +2.127908307e+08 +2.127908307e+08 +2.127908873e+08 +2.127908873e+08
1729 0 +2.079885482e+08 +2.079885482e+08 +2.079886048e+08 +2.079886048e+08
1783 0 +2.031199785e+08 +2.031199785e+08 +2.031200351e+08 +2.031200351e+08
2830 0 +1.994544918e+08 +1.994544918e+08 +1.994545484e+08 +1.994545484e+08
3051 0 +1.947353884e+08 +1.947353884e+08 +1.947354450e+08 +1.947354450e+08
4026 0 +1.905141272e+08 +1.905141272e+08 +1.905141838e+08 +1.905141838e+08
4524 0 +1.862000637e+08 +1.862000637e+08 +1.862001203e+08 +1.862001203e+08
5354 0 +1.818411745e+08 +1.818411745e+08 +1.818412311e+08 +1.818412311e+08
5560 0 +1.774788477e+08 +1.774788477e+08 +1.774789043e+08 +1.774789043e+08
5683 0 +1.732258127e+08 +1.732258127e+08 +1.732258693e+08 +1.732258693e+08
5780 0 +1.696342684e+08 +1.696342684e+08 +1.696343251e+08 +1.696343251e+08
6339 0 +1.657411877e+08 +1.657411877e+08 +1.657412443e+08 +1.657412443e+08
6509 0 +1.619927949e+08 +1.619927949e+08 +1.619928515e+08 +1.619928515e+08
6639 0 +1.584433334e+08 +1.584433334e+08 +1.584433900e+08 +1.584433900e+08
7518 0 +1.547840260e+08 +1.547840260e+08 +1.547840826e+08 +1.547840826e+08
% f evaluations | g evaluations | best noise-free fitness - Fopt | noise-free fitness - Fopt (-1.810000000000e+01) | measured fitness | best measured fitness | x1 | x2...
1 0 +2.845524290e+08 +2.845524290e+08 +2.845524109e+08 +2.845524109e+08
4 0 +2.845490081e+08 +2.845490081e+08 +2.845489900e+08 +2.845489900e+08
818 0 +2.817119835e+08 +2.817119835e+08 +2.817119654e+08 +2.817119654e+08
1058 0 +2.752169900e+08 +2.752169900e+08 +2.752169719e+08 +2.752169719e+08
1171 0 +2.684776569e+08 +2.684776569e+08 +2.684776388e+08 +2.684776388e+08
1245 0 +2.618625783e+08 +2.618625783e+08 +2.618625602e+08 +2.618625602e+08
1300 0 +2.552969085e+08 +2.552969085e+08 +2.552968904e+08 +2.552968904e+08
1337 0 +2.498920754e+08 +2.498920754e+08 +2.498920573e+08 +2.498920573e+08
1375 0 +2.436275329e+08 +2.436275329e+08 +2.436275148e+08 +2.436275148e+08
1413 0 +2.365599633e+08 +2.365599633e+08 +2.365599452e+08 +2.365599452e+08
1431 0 +2.328126448e+08 +2.328126448e+08 +2.328126267e+08 +2.328126267e+08
1450 0 +2.287401567e+08 +2.287401567e+08 +2.287401386e+08 +2.287401386e+08
1487 0 +2.199666884e+08 +2.199666884e+08 +2.199666703e+08 +2.199666703e+08
1505 0 +2.152160686e+08 +2.152160686e+08 +2.152160505e+08 +2.152160505e+08
1524 0 +2.102316987e+08 +2.102316987e+08 +2.102316806e+08 +2.102316806e+08
1542 0 +2.052161040e+08 +2.052161040e+08 +2.052160859e+08 +2.052160859e+08
1561 0 +1.998272012e+08 +1.998272012e+08 +1.998271831e+08 +1.998271831e+08
1580 0 +1.942819204e+08 +1.942819204e+08 +1.942819023e+08 +1.942819023e+08
1599 0 +1.888715682e+08 +1.888715682e+08 +1.888715501e+08 +1.888715501e+08
1617 0 +1.835003176e+08 +1.835003176e+08 +1.835002995e+08 +1.835002995e+08
1636 0 +1.779534985e+08 +1.779534985e+08 +1.779534804e+08 +1.779534804e+08
1654 0 +1.776890845e+08 +1.776890845e+08 +1.776890664e+08 +1.776890664e+08
1655 0 +1.725238558e+08 +1.725238558e+08 +1.725238377e+08 +1.725238377e+08
1674 0 +1.674797200e+08 +1.674797200e+08 +1.674797019e+08 +1.674797019e+08
1692 0 +1.626480626e+08 +1.626480626e+08 +1.626480445e+08 +1.626480445e+08
1711 0 +1.582302900e+08 +1.582302900e+08 +1.582302719e+08 +1.582302719e+08
1729 0 +1.543510064e+08 +1.543510064e+08 +1.543509883e+08 +1.543509883e+08
1747 0 +1.511647949e+08 +1.511647949e+08 +1.511647768e+08 +1.511647768e+08
1784 0 +1.474124325e+08 +1.474124325e+08 +1.474124144e+08 +1.474124144e+08
2706 0 +1.444435535e+08 +1.444435535e+08 +1.444435354e+08 +1.444435354e+08
2872 0 +1.407299189e+08 +1.407299189e+08 +1.407299008e+08 +1.407299008e+08
2950 0 +1.377496296e+08 +1.377496296e+08 +1.377496115e+08 +1.377496115e+08
3023 0 +1.338360530e+08 +1.338360530e+08 +1.338360349e+08 +1.338360349e+08
3062 0 +1.312305620e+08 +1.312305620e+08 +1.312305439e+08 +1.312305439e+08
3099 0 +1.283473243e+08 +1.283473243e+08 +1.283473062e+08 +1.283473062e+08
3138 0 +1.248110605e+08 +1.248110605e+08 +1.248110424e+08 +1.248110424e+08
3158 0 +1.229848826e+08 +1.229848826e+08 +1.229848645e+08 +1.229848645e+08
3194 0 +1.190947802e+08 +1.190947802e+08 +1.190947621e+08 +1.190947621e+08
3213 0 +1.168700180e+08 +1.168700180e+08 +1.168699999e+08 +1.168699999e+08
3233 0 +1.143860148e+08 +1.143860148e+08 +1.143859967e+08 +1.143859967e+08
3253 0 +1.119588635e+08 +1.119588635e+08 +1.119588454e+08 +1.119588454e+08
3273 0 +1.094752459e+08 +1.094752459e+08 +1.094752278e+08 +1.094752278e+08
3293 0 +1.071192104e+08 +1.071192104e+08 +1.071191923e+08 +1.071191923e+08
3330 0 +1.026890523e+08 +1.026890523e+08 +1.026890342e+08 +1.026890342e+08
3349 0 +1.007174159e+08 +1.007174159e+08 +1.007173978e+08 +1.007173978e+08
3368 0 +9.912099433e+07 +9.912099433e+07 +9.912097623e+07 +9.912097623e+07
3405 0 +9.770067377e+07 +9.770067377e+07 +9.770065567e+07 +9.770065567e+07
4130 0 +9.540570551e+07 +9.540570551e+07 +9.540568741e+07 +9.540568741e+07
4257 0 +9.325970052e+07 +9.325970052e+07 +9.325968242e+07 +9.325968242e+07
4347 0 +9.092494581e+07 +9.092494581e+07 +9.092492771e+07 +9.092492771e+07
4423 0 +8.860587755e+07 +8.860587755e+07 +8.860585945e+07 +8.860585945e+07
4476 0 +8.699659520e+07 +8.699659520e+07 +8.699657710e+07 +8.699657710e+07
4564 0 +8.506983526e+07 +8.506983526e+07 +8.506981716e+07 +8.506981716e+07
5128 0 +8.316447303e+07 +8.316447303e+07 +8.316445493e+07 +8.316445493e+07
5260 0 +8.095870562e+07 +8.095870562e+07 +8.095868752e+07 +8.095868752e+07
5333 0 +7.940502047e+07 +7.940502047e+07 +7.940500237e+07 +7.940500237e+07
5404 0 +7.750624152e+07 +7.750624152e+07 +7.750622342e+07 +7.750622342e+07
5490 0 +7.560112495e+07 +7.560112495e+07 +7.560110685e+07 +7.560110685e+07
6244 0 +7.406056248e+07 +7.406056248e+07 +7.406054438e+07 +7.406054438e+07
6442 0 +7.237030110e+07 +7.237030110e+07 +7.237028300e+07 +7.237028300e+07
7460 0 +7.075853037e+07 +7.075853037e+07 +7.075851227e+07 +7.075851227e+07
% f evaluations | g evaluations | best noise-free fitness - Fopt | noise-free fitness - Fopt (3.777000000000e+01) | measured fitness | best measured fitness | x1 | x2...
1 0 +2.003609534e+08 +2.003609534e+08 +2.003609912e+08 +2.003609912e+08
3 0 +2.003601525e+08 +2.003601525e+08 +2.003601903e+08 +2.003601903e+08
719 0 +1.994519141e+08 +1.994519141e+08 +1.994519519e+08 +1.994519519e+08
1091 0 +1.945242086e+08 +1.945242086e+08 +1.945242463e+08 +1.945242463e+08
1201 0 +1.903797931e+08 +1.903797931e+08 +1.903798309e+08 +1.903798309e+08
1275 0 +1.861348900e+08 +1.861348900e+08 +1.861349278e+08 +1.861349278e+08
1332 0 +1.818237115e+08 +1.818237115e+08 +1.818237493e+08 +1.818237493e+08
1387 0 +1.764300059e+08 +1.764300059e+08 +1.764300436e+08 +1.764300436e+08
1425 0 +1.720221992e+08 +1.720221992e+08 +1.720222370e+08 +1.720222370e+08
1444 0 +1.696030148e+08 +1.696030148e+08 +1.696030526e+08 +1.696030526e+08
1481 0 +1.643403948e+08 +1.643403948e+08 +1.643404326e+08 +1.643404326e+08
1500 0 +1.613930384e+08 +1.613930384e+08 +1.613930762e+08 +1.613930762e+08
1519 0 +1.583424076e+08 +1.583424076e+08 +1.583424454e+08 +1.583424454e+08
1556 0 +1.517917244e+08 +1.517917244e+08 +1.517917621e+08 +1.517917621e+08
1574 0 +1.483241678e+08 +1.483241678e+08 +1.483242056e+08 +1.483242056e+08
1592 0 +1.447442045e+08 +1.447442045e+08 +1.447442423e+08 +1.447442423e+08
1611 0 +1.408678750e+08 +1.408678750e+08 +1.408679128e+08 +1.408679128e+08
1629 0 +1.370427819e+08 +1.370427819e+08 +1.370428197e+08 +1.370428197e+08
1648 0 +1.330776189e+08 +1.330776189e+08 +1.330776567e+08 +1.330776567e+08
1666 0 +1.291990602e+08 +1.291990602e+08 +1.291990979e+08 +1.291990979e+08
1684 0 +1.252763199e+08 +1.252763199e+08 +1.252763576e+08 +1.252763576e+08
1703 0 +1.214796824e+08 +1.214796824e+08 +1.214797202e+08 +1.214797202e+08
1721 0 +1.178327792e+08 +1.178327792e+08 +1.178328169e+08 +1.178328169e+08
1740 0 +1.144876221e+08 +1.144876221e+08 +1.144876598e+08 +1.144876598e+08
1759 0 +1.115739002e+08 +1.115739002e+08 +1.115739380e+08 +1.115739380e+08
1777 0 +1.092711819e+08 +1.092711819e+08 +1.092712197e+08 +1.092712197e+08
1831 0 +1.071378380e+08 +1.071378380e+08 +1.071378757e+08 +1.071378757e+08
2697 0 +1.046481771e+08 +1.046481771e+08 +1.046482149e+08 +1.046482149e+08
2848 0 +1.019369155e+08 +1.019369155e+08 +1.019369533e+08 +1.019369533e+08
2937 0 +9.942306084e+07 +9.942306084e+07 +9.942309861e+07 +9.942309861e+07
2993 0 +9.743340247e+07 +9.743340247e+07 +9.743344024e+07 +9.743344024e+07
3052 0 +9.531968716e+07 +9.531968716e+07 +9.531972493e+07 +9.531972493e+07
3111 0 +9.324092627e+07 +9.324092627e+07 +9.324096404e+07 +9.324096404e+07
3747 0 +9.110567399e+07 +9.110567399e+07 +9.110571176e+07 +9.110571176e+07
3961 0 +8.898216481e+07 +8.898216481e+07 +8.898220258e+07 +8.898220258e+07
4082 0 +8.679497717e+07 +8.679497717e+07 +8.679501494e+07 +8.679501494e+07
4175 0 +8.480894773e+07 +8.480894773e+07 +8.480898550e+07 +8.480898550e+07
4629 0 +8.315229235e+07 +8.315229235e+07 +8.315233012e+07 +8.315233012e+07
4954 0 +8.111941710e+07 +8.111941710e+07 +8.111945487e+07 +8.111945487e+07
5066 0 +7.943078460e+07 +7.943078460e+07 +7.943082237e+07 +7.943082237e+07
5163 0 +7.761387472e+07 +7.761387472e+07 +7.761391249e+07 +7.761391249e+07
5221 0 +7.577302951e+07 +7.577302951e+07 +7.577306728e+07 +7.577306728e+07
5300 0 +7.404768739e+07 +7.404768739e+07 +7.404772516e+07 +7.404772516e+07
5841 0 +7.233975466e+07 +7.233975466e+07 +7.233979243e+07 +7.233979243e+07
6000 0 +7.076300857e+07 +7.076300857e+07 +7.076304634e+07 +7.076304634e+07
6755 0 +6.915369192e+07 +6.915369192e+07 +6.915372969e+07 +6.915372969e+07
7604 0 +6.760322633e+07 +6.760322633e+07 +6.760326410e+07 +6.760326410e+07
% f evaluations | g evaluations | best noise-free fitness - Fopt | noise-free fitness - Fopt (-6.325500000000e+02) | measured fitness | best measured fitness | x1 | x2...
1 0 +3.900911686e+08 +3.900911686e+08 +3.900905360e+08 +3.900905360e+08
2 0 +3.900851991e+08 +3.900851991e+08 +3.900845665e+08 +3.900845665e+08
526 0 +3.890306486e+08 +3.890306486e+08 +3.890300160e+08 +3.890300160e+08
972 0 +3.799064096e+08 +3.799064096e+08 +3.799057771e+08 +3.799057771e+08
1102 0 +3.709865222e+08 +3.709865222e+08 +3.709858897e+08 +3.709858897e+08
1177 0 +3.628915338e+08 +3.628915338e+08 +3.628909013e+08 +3.628909013e+08
1251 0 +3.520795383e+08 +3.520795383e+08 +3.520789057e+08 +3.520789057e+08
1289 0 +3.452785795e+08 +3.452785795e+08 +3.452779469e+08 +3.452779469e+08
1325 0 +3.378125632e+08 +3.378125632e+08 +3.378119307e+08 +3.378119307e+08
1361 0 +3.291880832e+08 +3.291880832e+08 +3.291874507e+08 +3.291874507e+08
1398 0 +3.195451228e+08 +3.195451228e+08 +3.195444903e+08 +3.195444903e+08
1417 0 +3.142549172e+08 +3.142549172e+08 +3.142542846e+08 +3.142542846e+08
1436 0 +3.087905667e+08 +3.087905667e+08 +3.087899342e+08 +3.087899342e+08
1473 0 +2.973882517e+08 +2.973882517e+08 +2.973876191e+08 +2.973876191e+08
1492 0 +2.914285417e+08 +2.914285417e+08 +2.914279092e+08 +2.914279092e+08
1511 0 +2.855208717e+08 +2.855208717e+08 +2.855202391e+08 +2.855202391e+08
1530 0 +2.796959151e+08 +2.796959151e+08 +2.796952826e+08 +2.796952826e+08
1548 0 +2.740089022e+08 +2.740089022e+08 +2.740082696e+08 +2.740082696e+08
1566 0 +2.685957747e+08 +2.685957747e+08 +2.685951421e+08 +2.685951421e+08
1603 0 +2.584716504e+08 +2.584716504e+08 +2.584710178e+08 +2.584710178e+08
1622 0 +2.544108268e+08 +2.544108268e+08 +2.544101942e+08 +2.544101942e+08
1640 0 +2.510151104e+08 +2.510151104e+08 +2.510144778e+08 +2.510144778e+08
2335 0 +2.453994523e+08 +2.453994523e+08 +2.453988197e+08 +2.453988197e+08
2631 0 +2.394290874e+08 +2.394290874e+08 +2.394284549e+08 +2.394284549e+08
2746 0 +2.341832361e+08 +2.341832361e+08 +2.341826035e+08 +2.341826035e+08
2818 0 +2.290382968e+08 +2.290382968e+08 +2.290376642e+08 +2.290376642e+08
2897 0 +2.227089279e+08 +2.227089279e+08 +2.227082953e+08 +2.227082953e+08
2951 0 +2.181846316e+08 +2.181846316e+08 +2.181839991e+08 +2.181839991e+08
3024 0 +2.131701040e+08 +2.131701040e+08 +2.131694714e+08 +2.131694714e+08
3578 0 +2.088729941e+08 +2.088729941e+08 +2.088723615e+08 +2.088723615e+08
3729 0 +2.040380320e+08 +2.040380320e+08 +2.040373994e+08 +2.040373994e+08
3826 0 +1.991463701e+08 +1.991463701e+08 +1.991457375e+08 +1.991457375e+08
3902 0 +1.946407238e+08 +1.946407238e+08 +1.946400912e+08 +1.946400912e+08
4001 0 +1.901259909e+08 +1.901259909e+08 +1.901253583e+08 +1.901253583e+08
4598 0 +1.860027479e+08 +1.860027479e+08 +1.860021154e+08 +1.860021154e+08
4728 0 +1.815653263e+08 +1.815653263e+08 +1.815646938e+08 +1.815646938e+08
4818 0 +1.778196071e+08 +1.778196071e+08 +1.778189746e+08 +1.778189746e+08
4877 0 +1.731477360e+08 +1.731477360e+08 +1.731471035e+08 +1.731471035e+08
4932 0 +1.694831197e+08 +1.694831197e+08 +1.694824871e+08 +1.694824871e+08
5011 0 +1.656414080e+08 +1.656414080e+08 +1.656407755e+08 +1.656407755e+08
5793 0 +1.620500887e+08 +1.620500887e+08 +1.620494561e+08 +1.620494561e+08
5952 0 +1.583052950e+08 +1.583052950e+08 +1.583046624e+08 +1.583046624e+08
6056 0 +1.543514838e+08 +1.543514838e+08 +1.543508512e+08 +1.543508512e+08
6145 0 +1.509804591e+08 +1.509804591e+08 +1.509798265e+08 +1.509798265e+08
6714 0 +1.479023310e+08 +1.479023310e+08 +1.479016984e+08 +1.479016984e+08
6917 0 +1.442945867e+08 +1.442945867e+08 +1.442939541e+08 +1.442939541e+08
7017 0 +1.412165853e+08 +1.412165853e+08 +1.412159527e+08 +1.412159527e+08
7100 0 +1.375337191e+08 +1.375337191e+08 +1.375330866e+08 +1.375330866e+08
7170 0 +1.347499478e+08 +1.347499478e+08 +1.347493153e+08 +1.347493153e+08
7817 0 +1.318022092e+08 +1.318022092e+08 +1.318015767e+08 +1.318015767e+08
8001 0 +1.286026375e+08 +1.286026375e+08 +1.286020050e+08 +1.286020050e+08
% f evaluations | g evaluations | best noise-free fitness - Fopt | noise-free fitness - Fopt (-8.530000000000e+01) | measured fitness | best measured fitness | x1 | x2...
1 0 +9.293108617e+08 +9.293108617e+08 +9.293107764e+08 +9.293107764e+08
2 0 +9.293033316e+08 +9.293033316e+08 +9.293032463e+08 +9.293032463e+08
798 0 +9.108069540e+08 +9.108069540e+08 +9.108068687e+08 +9.108068687e+08
945 0 +8.905578020e+08 +8.905578020e+08 +8.905577167e+08 +8.905577167e+08
1039 0 +8.682991722e+08 +8.682991722e+08 +8.682990869e+08 +8.682990869e+08
1094 0 +8.499461730e+08 +8.499461730e+08 +8.499460877e+08 +8.499460877e+08
1149 0 +8.266102687e+08 +8.266102687e+08 +8.266101834e+08 +8.266101834e+08
1186 0 +8.077247899e+08 +8.077247899e+08 +8.077247046e+08 +8.077247046e+08
1223 0 +7.858148090e+08 +7.858148090e+08 +7.858147237e+08 +7.858147237e+08
1241 0 +7.734786075e+08 +7.734786075e+08 +7.734785222e+08 +7.734785222e+08
1279 0 +7.458987471e+08 +7.458987471e+08 +7.458986618e+08 +7.458986618e+08
1298 0 +7.306954441e+08 +7.306954441e+08 +7.306953588e+08 +7.306953588e+08
1317 0 +7.147676679e+08 +7.147676679e+08 +7.147675826e+08 +7.147675826e+08
1335 0 +6.982370967e+08 +6.982370967e+08 +6.982370114e+08 +6.982370114e+08
1354 0 +6.805363211e+08 +6.805363211e+08 +6.805362358e+08 +6.805362358e+08
1373 0 +6.619978796e+08 +6.619978796e+08 +6.619977943e+08 +6.619977943e+08
1391 0 +6.430590114e+08 +6.430590114e+08 +6.430589261e+08 +6.430589261e+08
1410 0 +6.233866667e+08 +6.233866667e+08 +6.233865814e+08 +6.233865814e+08
1428 0 +6.029788486e+08 +6.029788486e+08 +6.029787633e+08 +6.029787633e+08
1446 0 +6.019820330e+08 +6.019820330e+08 +6.019819477e+08 +6.019819477e+08
1447 0 +5.816008347e+08 +5.816008347e+08 +5.816007494e+08 +5.816007494e+08
1465 0 +5.607393406e+08 +5.607393406e+08 +5.607392553e+08 +5.607392553e+08
1484 0 +5.388509312e+08 +5.388509312e+08 +5.388508459e+08 +5.388508459e+08
1503 0 +5.169631972e+08 +5.169631972e+08 +5.169631119e+08 +5.169631119e+08
1522 0 +4.954634568e+08 +4.954634568e+08 +4.954633715e+08 +4.954633715e+08
1541 0 +4.745523603e+08 +4.745523603e+08 +4.745522750e+08 +4.745522750e+08
1560 0 +4.551408142e+08 +4.551408142e+08 +4.551407289e+08 +4.551407289e+08
1578 0 +4.369098569e+08 +4.369098569e+08 +4.369097716e+08 +4.369097716e+08
1596 0 +4.202643474e+08 +4.202643474e+08 +4.202642621e+08 +4.202642621e+08
1614 0 +4.052236950e+08 +4.052236950e+08 +4.052236097e+08 +4.052236097e+08
1633 0 +3.920434939e+08 +3.920434939e+08 +3.920434086e+08 +3.920434086e+08
1651 0 +3.816241161e+08 +3.816241161e+08 +3.816240308e+08 +3.816240308e+08
1669 0 +3.738918189e+08 +3.738918189e+08 +3.738917336e+08 +3.738917336e+08
1688 0 +3.695792790e+08 +3.695792790e+08 +3.695791937e+08 +3.695791937e+08
2365 0 +3.625995760e+08 +3.625995760e+08 +3.625994907e+08 +3.625994907e+08
2540 0 +3.548091704e+08 +3.548091704e+08 +3.548090851e+08 +3.548090851e+08
2622 0 +3.463020794e+08 +3.463020794e+08 +3.463019941e+08 +3.463019941e+08
2696 0 +3.373070272e+08 +3.373070272e+08 +3.373069419e+08 +3.373069419e+08
2755 0 +3.283420349e+08 +3.283420349e+08 +3.283419496e+08 +3.283419496e+08
2792 0 +3.220475796e+08 +3.220475796e+08 +3.220474943e+08 +3.220474943e+08
2829 0 +3.147116819e+08 +3.147116819e+08 +3.147115966e+08 +3.147115966e+08
2869 0 +3.066826349e+08 +3.066826349e+08 +3.066825496e+08 +3.066825496e+08
2908 0 +2.985053059e+08 +2.985053059e+08 +2.985052206e+08 +2.985052206e+08
2927 0 +2.946114100e+08 +2.946114100e+08 +2.946113247e+08 +2.946113247e+08
2966 0 +2.870620557e+08 +2.870620557e+08 +2.870619704e+08 +2.870619704e+08
3003 0 +2.810841846e+08 +2.810841846e+08 +2.810840993e+08 +2.810840993e+08
3588 0 +2.754019717e+08 +2.754019717e+08 +2.754018864e+08 +2.754018864e+08
3878 0 +2.685915832e+08 +2.685915832e+08 +2.685914979e+08 +2.685914979e+08
3998 0 +2.629992233e+08 +2.629992233e+08 +2.629991380e+08 +2.629991380e+08
4507 0 +2.570355977e+08 +2.570355977e+08 +2.570355124e+08 +2.570355124e+08
5039 0 +2.507532962e+08 +2.507532962e+08 +2.507532109e+08 +2.507532109e+08
5186 0 +2.451217033e+08 +2.451217033e+08 +2.451216180e+08 +2.451216180e+08
5297 0 +2.392744220e+08 +2.392744220e+08 +2.392743367e+08 +2.392743367e+08
5389 0 +2.342527121e+08 +2.342527121e+08 +2.342526268e+08 +2.342526268e+08
5957 0 +2.288480775e+08 +2.288480775e+08 +2.288479922e+08 +2.288479922e+08
6104 0 +2.236625598e+08 +2.236625598e+08 +2.236624745e+08 +2.236624745e+08
6222 0 +2.187254629e+08 +2.187254629e+08 +2.187253776e+08 +2.187253776e+08
6299 0 +2.134600360e+08 +2.134600360e+08 +2.134599507e+08 +2.134599507e+08
6848 0 +2.089171548e+08 +2.089171548e+08 +2.089170695e+08 +2.089170695e+08
7135 0 +2.037039161e+08 +2.037039161e+08 +2.037038308e+08 +2.037038308e+08
7262 0 +1.994954901e+08 +1.994954901e+08 +1.994954048e+08 +1.994954048e+08
7922 0 +1.949723498e+08 +1.949723498e+08 +1.949722645e+08 +1.949722645e+08
% f evaluations | g evaluations | best noise-free fitness - Fopt | noise-free fitness - Fopt (1.719500000000e+02) | measured fitness | best measured fitness | x1 | x2...
1 0 +5.354822174e+08 +5.354822174e+08 +5.354823893e+08 +5.354823893e+08
2 0 +5.354711091e+08 +5.354711091e+08 +5.354712810e+08 +5.354712810e+08
926 0 +5.240119578e+08 +5.240119578e+08 +5.240121298e+08 +5.240121298e+08
1074 0 +5.117036018e+08 +5.117036018e+08 +5.117037737e+08 +5.117037737e+08
1166 0 +4.982957965e+08 +4.982957965e+08 +4.982959685e+08 +4.982959685e+08
1222 0 +4.869656253e+08 +4.869656253e+08 +4.869657973e+08 +4.869657973e+08
1260 0 +4.776091069e+08 +4.776091069e+08 +4.776092789e+08 +4.776092789e+08
1297 0 +4.669164036e+08 +4.669164036e+08 +4.669165755e+08 +4.669165755e+08
1333 0 +4.547106652e+08 +4.547106652e+08 +4.547108371e+08 +4.547108371e+08
1370 0 +4.399648076e+08 +4.399648076e+08 +4.399649795e+08 +4.399649795e+08
1389 0 +4.318825818e+08 +4.318825818e+08 +4.318827537e+08 +4.318827537e+08
1407 0 +4.232989713e+08 +4.232989713e+08 +4.232991433e+08 +4.232991433e+08
1426 0 +4.140548878e+08 +4.140548878e+08 +4.140550597e+08 +4.140550597e+08
1445 0 +4.041125589e+08 +4.041125589e+08 +4.041127308e+08 +4.041127308e+08
1463 0 +3.939359710e+08 +3.939359710e+08 +3.939361430e+08 +3.939361430e+08
1482 0 +3.829264360e+08 +3.829264360e+08 +3.829266079e+08 +3.829266079e+08
1500 0 +3.714833432e+08 +3.714833432e+08 +3.714835151e+08 +3.714835151e+08
1519 0 +3.595294820e+08 +3.595294820e+08 +3.595296539e+08 +3.595296539e+08
1537 0 +3.470059296e+08 +3.470059296e+08 +3.470061016e+08 +3.470061016e+08
1555 0 +3.463784798e+08 +3.463784798e+08 +3.463786518e+08 +3.463786518e+08
1556 0 +3.335615918e+08 +3.335615918e+08 +3.335617638e+08 +3.335617638e+08
1575 0 +3.203601909e+08 +3.203601909e+08 +3.203603629e+08 +3.203603629e+08
1593 0 +3.066756379e+08 +3.066756379e+08 +3.066758099e+08 +3.066758099e+08
1612 0 +2.926576723e+08 +2.926576723e+08 +2.926578442e+08 +2.926578442e+08
1631 0 +2.785472411e+08 +2.785472411e+08 +2.785474131e+08 +2.785474131e+08
1650 0 +2.644371179e+08 +2.644371179e+08 +2.644372898e+08 +2.644372898e+08
1669 0 +2.510727857e+08 +2.510727857e+08 +2.510729576e+08 +2.510729576e+08
1687 0 +2.382848034e+08 +2.382848034e+08 +2.382849753e+08 +2.382849753e+08
1706 0 +2.259904137e+08 +2.259904137e+08 +2.259905857e+08 +2.259905857e+08
1724 0 +2.146825130e+08 +2.146825130e+08 +2.146826850e+08 +2.146826850e+08
1742 0 +2.046060191e+08 +2.046060191e+08 +2.046061910e+08 +2.046061910e+08
1761 0 +1.957321007e+08 +1.957321007e+08 +1.957322727e+08 +1.957322727e+08
1779 0 +1.886118993e+08 +1.886118993e+08 +1.886120713e+08 +1.886120713e+08
1797 0 +1.833534084e+08 +1.833534084e+08 +1.833535804e+08 +1.833535804e+08
1816 0 +1.803636497e+08 +1.803636497e+08 +1.803638217e+08 +1.803638217e+08
2734 0 +1.777193424e+08 +1.777193424e+08 +1.777195144e+08 +1.777195144e+08
2949 0 +1.736448319e+08 +1.736448319e+08 +1.736450039e+08 +1.736450039e+08
3060 0 +1.692867767e+08 +1.692867767e+08 +1.692869486e+08 +1.692869486e+08
3132 0 +1.649794584e+08 +1.649794584e+08 +1.649796304e+08 +1.649796304e+08
3186 0 +1.609491136e+08 +1.609491136e+08 +1.609492855e+08 +1.609492855e+08
3224 0 +1.576059813e+08 +1.576059813e+08 +1.576061532e+08 +1.576061532e+08
3262 0 +1.539191793e+08 +1.539191793e+08 +1.539193512e+08 +1.539193512e+08
3301 0 +1.497920698e+08 +1.497920698e+08 +1.497922417e+08 +1.497922417e+08
3320 0 +1.478704162e+08 +1.478704162e+08 +1.478705882e+08 +1.478705882e+08
3357 0 +1.434321797e+08 +1.434321797e+08 +1.434323516e+08 +1.434323516e+08
3376 0 +1.412285561e+08 +1.412285561e+08 +1.412287280e+08 +1.412287280e+08
3415 0 +1.367796284e+08 +1.367796284e+08 +1.367798003e+08 +1.367798003e+08
3457 0 +1.348587896e+08 +1.348587896e+08 +1.348589615e+08 +1.348589615e+08
3477 0 +1.317306297e+08 +1.317306297e+08 +1.317308016e+08 +1.317308016e+08
3998 0 +1.288219151e+08 +1.288219151e+08 +1.288220870e+08 +1.288220870e+08
4472 0 +1.256910416e+08 +1.256910416e+08 +1.256912136e+08 +1.256912136e+08
4604 0 +1.228911493e+08 +1.228911493e+08 +1.228913212e+08 +1.228913212e+08
4693 0 +1.197026330e+08 +1.197026330e+08 +1.197028050e+08 +1.197028050e+08
4750 0 +1.173212430e+08 +1.173212430e+08 +1.173214149e+08 +1.173214149e+08
4822 0 +1.140010805e+08 +1.140010805e+08 +1.140012525e+08 +1.140012525e+08
4875 0 +1.116207075e+08 +1.116207075e+08 +1.116208794e+08 +1.116208794e+08
5490 0 +1.095783392e+08 +1.095783392e+08 +1.095785111e+08 +1.095785111e+08
5803 0 +1.071270186e+08 +1.071270186e+08 +1.071271906e+08 +1.071271906e+08
6633 0 +1.047087408e+08 +1.047087408e+08 +1.047089127e+08 +1.047089127e+08
6846 0 +1.022635616e+08 +1.022635616e+08 +1.022637335e+08 +1.022637335e+08
7692 0 +9.998222255e+07 +9.998222255e+07 +9.998239450e+07 +9.998239450e+07
% f evaluations | g evaluations | best noise-free fitness - Fopt | noise-free fitness - Fopt (6.816000000000e+01) | measured fitness | best measured fitness | x1 | x2...
1 0 +1.179020488e+09 +1.179020488e+09 +1.179020556e+09 +1.179020556e+09
3 0 +1.178943380e+09 +1.178943380e+09 +1.178943448e+09 +1.178943448e+09
408 0 +1.174860189e+09 +1.174860189e+09 +1.174860258e+09 +1.174860258e+09
798 0 +1.146637874e+09 +1.146637874e+09 +1.146637942e+09 +1.146637942e+09
929 0 +1.117648803e+09 +1.117648803e+09 +1.117648871e+09 +1.117648871e+09
1003 0 +1.091375892e+09 +1.091375892e+09 +1.091375960e+09 +1.091375960e+09
1059 0 +1.064897155e+09 +1.064897155e+09 +1.064897223e+09 +1.064897223e+09
1096 0 +1.043601488e+09 +1.043601488e+09 +1.043601557e+09 +1.043601557e+09
1134 0 +1.018184720e+09 +1.018184720e+09 +1.018184788e+09 +1.018184788e+09
1171 0 +9.893742732e+08 +9.893742732e+08 +9.893743414e+08 +9.893743414e+08
1189 0 +9.731748806e+08 +9.731748806e+08 +9.731749487e+08 +9.731749487e+08
1226 0 +9.547995363e+08 +9.547995363e+08 +9.547996044e+08 +9.547996044e+08
1245 0 +9.171990122e+08 +9.171990122e+08 +9.171990804e+08 +9.171990804e+08
1264 0 +8.960530337e+08 +8.960530337e+08 +8.960531019e+08 +8.960531019e+08
1282 0 +8.739687225e+08 +8.739687225e+08 +8.739687906e+08 +8.739687906e+08
1301 0 +8.494726190e+08 +8.494726190e+08 +8.494726872e+08 +8.494726872e+08
1320 0 +8.244068121e+08 +8.244068121e+08 +8.244068803e+08 +8.244068803e+08
1339 0 +7.978097921e+08 +7.978097921e+08 +7.978098603e+08 +7.978098603e+08
1358 0 +7.707631636e+08 +7.707631636e+08 +7.707632317e+08 +7.707632317e+08
1376 0 +7.427872588e+08 +7.427872588e+08 +7.427873269e+08 +7.427873269e+08
1394 0 +7.139878843e+08 +7.139878843e+08 +7.139879524e+08 +7.139879524e+08
1413 0 +6.837472151e+08 +6.837472151e+08 +6.837472833e+08 +6.837472833e+08
1431 0 +6.531686711e+08 +6.531686711e+08 +6.531687392e+08 +6.531687392e+08
1450 0 +6.216949249e+08 +6.216949249e+08 +6.216949930e+08 +6.216949930e+08
1468 0 +5.910148363e+08 +5.910148363e+08 +5.910149045e+08 +5.910149045e+08
1486 0 +5.599320027e+08 +5.599320027e+08 +5.599320709e+08 +5.599320709e+08
1505 0 +5.288432223e+08 +5.288432223e+08 +5.288432904e+08 +5.288432904e+08
1523 0 +4.988020171e+08 +4.988020171e+08 +4.988020853e+08 +4.988020853e+08
1542 0 +4.700338613e+08 +4.700338613e+08 +4.700339295e+08 +4.700339295e+08
1560 0 +4.426864499e+08 +4.426864499e+08 +4.426865181e+08 +4.426865181e+08
1579 0 +4.169953075e+08 +4.169953075e+08 +4.169953756e+08 +4.169953756e+08
1597 0 +4.158700175e+08 +4.158700175e+08 +4.158700856e+08 +4.158700856e+08
1598 0 +3.932684410e+08 +3.932684410e+08 +3.932685092e+08 +3.932685092e+08
1616 0 +3.727880786e+08 +3.727880786e+08 +3.727881468e+08 +3.727881468e+08
1635 0 +3.547722916e+08 +3.547722916e+08 +3.547723597e+08 +3.547723597e+08
1654 0 +3.400143157e+08 +3.400143157e+08 +3.400143839e+08 +3.400143839e+08
1672 0 +3.286420921e+08 +3.286420921e+08 +3.286421603e+08 +3.286421603e+08
1691 0 +3.205314731e+08 +3.205314731e+08 +3.205315413e+08 +3.205315413e+08
1709 0 +3.152801836e+08 +3.152801836e+08 +3.152802518e+08 +3.152802518e+08
2414 0 +3.087828053e+08 +3.087828053e+08 +3.087828735e+08 +3.087828735e+08
2608 0 +3.019457600e+08 +3.019457600e+08 +3.019458281e+08 +3.019458281e+08
2689 0 +2.951132650e+08 +2.951132650e+08 +2.951133332e+08 +2.951133332e+08
2763 0 +2.879625651e+08 +2.879625651e+08 +2.879626332e+08 +2.879626332e+08
2816 0 +2.811469956e+08 +2.811469956e+08 +2.811470638e+08 +2.811470638e+08
2855 0 +2.753647389e+08 +2.753647389e+08 +2.753648071e+08 +2.753648071e+08
2915 0 +2.662895028e+08 +2.662895028e+08 +2.662895709e+08 +2.662895709e+08
2951 0 +2.597796093e+08 +2.597796093e+08 +2.597796774e+08 +2.597796774e+08
2970 0 +2.565571269e+08 +2.565571269e+08 +2.565571951e+08 +2.565571951e+08
3007 0 +2.497740391e+08 +2.497740391e+08 +2.497741072e+08 +2.497741072e+08
3045 0 +2.433240140e+08 +2.433240140e+08 +2.433240822e+08 +2.433240822e+08
3082 0 +2.378240601e+08 +2.378240601e+08 +2.378241282e+08 +2.378241282e+08
3120 0 +2.340084681e+08 +2.340084681e+08 +2.340085363e+08 +2.340085363e+08
3829 0 +2.287891537e+08 +2.287891537e+08 +2.287892219e+08 +2.287892219e+08
3977 0 +2.238162863e+08 +2.238162863e+08 +2.238163544e+08 +2.238163544e+08
4071 0 +2.186510211e+08 +2.186510211e+08 +2.186510893e+08 +2.186510893e+08
4146 0 +2.134154431e+08 +2.134154431e+08 +2.134155113e+08 +2.134155113e+08
4216 0 +2.088974561e+08 +2.088974561e+08 +2.088975242e+08 +2.088975242e+08
4260 0 +2.039507269e+08 +2.039507269e+08 +2.039507951e+08 +2.039507951e+08
4316 0 +1.992933294e+08 +1.992933294e+08 +1.992933976e+08 +1.992933976e+08
5012 0 +1.947936652e+08 +1.947936652e+08 +1.947937334e+08 +1.947937334e+08
5242 0 +1.904790841e+08 +1.904790841e+08 +1.904791523e+08 +1.904791523e+08
5371 0 +1.856876840e+08 +1.856876840e+08 +1.856877521e+08 +1.856877521e+08
5451 0 +1.807608445e+08 +1.807608445e+08 +1.807609126e+08 +1.807609126e+08
5515 0 +1.772406311e+08 +1.772406311e+08 +1.772406993e+08 +1.772406993e+08
5566 0 +1.735472582e+08 +1.735472582e+08 +1.735473263e+08 +1.735473263e+08
5638 0 +1.695578255e+08 +1.695578255e+08 +1.695578936e+08 +1.695578936e+08
6330 0 +1.659495511e+08 +1.659495511e+08 +1.659496193e+08 +1.659496193e+08
6966 0 +1.621775252e+08 +1.621775252e+08 +1.621775934e+08 +1.621775934e+08
7403 0 +1.583568294e+08 +1.583568294e+08 +1.583568975e+08 +1.583568975e+08
% f evaluations | g evaluations | best noise-free fitness - Fopt | noise-free fitness - Fopt (1.000000000000e+03) | measured fitness | best measured fitness | x1 | x2...
1 0 +8.524611580e+08 +8.524611580e+08 +8.524621580e+08 +8.524621580e+08
3 0 +8.524510449e+08 +8.524510449e+08 +8.524520449e+08 +8.524520449e+08
335 0 +8.510879664e+08 +8.510879664e+08 +8.510889664e+08 +8.510889664e+08
852 0 +8.303011015e+08 +8.303011015e+08 +8.303021015e+08 +8.303021015e+08
981 0 +8.106593658e+08 +8.106593658e+08 +8.106603658e+08 +8.106603658e+08
1057 0 +7.923278287e+08 +7.923278287e+08 +7.923288287e+08 +7.923288287e+08
1113 0 +7.746571510e+08 +7.746571510e+08 +7.746581510e+08 +7.746581510e+08
1168 0 +7.523463970e+08 +7.523463970e+08 +7.523473970e+08 +7.523473970e+08
1204 0 +7.346572321e+08 +7.346572321e+08 +7.346582321e+08 +7.346582321e+08
1240 0 +7.244035683e+08 +7.244035683e+08 +7.244045683e+08 +7.244045683e+08
1260 0 +7.024158948e+08 +7.024158948e+08 +7.024168948e+08 +7.024168948e+08
1278 0 +6.900743792e+08 +6.900743792e+08 +6.900753792e+08 +6.900753792e+08
1316 0 +6.632002040e+08 +6.632002040e+08 +6.632012040e+08 +6.632012040e+08
1334 0 +6.489398460e+08 +6.489398460e+08 +6.489408460e+08 +6.489408460e+08
1353 0 +6.335560503e+08 +6.335560503e+08 +6.335570503e+08 +6.335570503e+08
1372 0 +6.174385086e+08 +6.174385086e+08 +6.174395086e+08 +6.174395086e+08
1391 0 +6.006253361e+08 +6.006253361e+08 +6.006263361e+08 +6.006263361e+08
1410 0 +5.839085649e+08 +5.839085649e+08 +5.839095649e+08 +5.839095649e+08
1428 0 +5.668641838e+08 +5.668641838e+08 +5.668651838e+08 +5.668651838e+08
1446 0 +5.497283863e+08 +5.497283863e+08 +5.497293863e+08 +5.497293863e+08
1464 0 +5.323538090e+08 +5.323538090e+08 +5.323548090e+08 +5.323548090e+08
1482 0 +5.148194753e+08 +5.148194753e+08 +5.148204753e+08 +5.148204753e+08
1501 0 +4.973045847e+08 +4.973045847e+08 +4.973055847e+08 +4.973055847e+08
1519 0 +4.802159773e+08 +4.802159773e+08 +4.802169773e+08 +4.802169773e+08
1538 0 +4.636815243e+08 +4.636815243e+08 +4.636825243e+08 +4.636825243e+08
1557 0 +4.485349568e+08 +4.485349568e+08 +4.485359568e+08 +4.485359568e+08
1576 0 +4.345749657e+08 +4.345749657e+08 +4.345759657e+08 +4.345759657e+08
1595 0 +4.224240113e+08 +4.224240113e+08 +4.224250113e+08 +4.224250113e+08
1614 0 +4.126348171e+08 +4.126348171e+08 +4.126358171e+08 +4.126358171e+08
1632 0 +4.054600147e+08 +4.054600147e+08 +4.054610147e+08 +4.054610147e+08
2271 0 +3.980484796e+08 +3.980484796e+08 +3.980494796e+08 +3.980494796e+08
2701 0 +3.885230173e+08 +3.885230173e+08 +3.885240173e+08 +3.885240173e+08
2835 0 +3.798656249e+08 +3.798656249e+08 +3.798666249e+08 +3.798666249e+08
2928 0 +3.713901711e+08 +3.713901711e+08 +3.713911711e+08 +3.713911711e+08
3020 0 +3.620766783e+08 +3.620766783e+08 +3.620776783e+08 +3.620776783e+08
3880 0 +3.546822527e+08 +3.546822527e+08 +3.546832527e+08 +3.546832527e+08
4121 0 +3.465006454e+08 +3.465006454e+08 +3.465016454e+08 +3.465016454e+08
4255 0 +3.386219029e+08 +3.386219029e+08 +3.386229029e+08 +3.386229029e+08
4425 0 +3.311185112e+08 +3.311185112e+08 +3.311195112e+08 +3.311195112e+08
5253 0 +3.231982136e+08 +3.231982136e+08 +3.231992136e+08 +3.231992136e+08
6169 0 +3.162237162e+08 +3.162237162e+08 +3.162247162e+08 +3.162247162e+08
6507 0 +3.089718131e+08 +3.089718131e+08 +3.089728131e+08 +3.089728131e+08
7412 0 +3.017976109e+08 +3.017976109e+08 +3.017986109e+08 +3.017986109e+08
7637 0 +2.948488124e+08 +2.948488124e+08 +2.948498124e+08 +2.948498124e+08
% f evaluations | g evaluations | best noise-free fitness - Fopt | noise-free fitness - Fopt (-6.837000000000e+01) | measured fitness | best measured fitness | x1 | x2...
1 0 +1.518343387e+09 +1.518343387e+09 +1.518343319e+09 +1.518343319e+09
5 0 +1.518292546e+09 +1.518292546e+09 +1.518292478e+09 +1.518292478e+09
423 0 +1.513244107e+09 +1.513244107e+09 +1.513244039e+09 +1.513244039e+09
811 0 +1.479051454e+09 +1.479051454e+09 +1.479051386e+09 +1.479051386e+09
943 0 +1.443321889e+09 +1.443321889e+09 +1.443321821e+09 +1.443321821e+09
1017 0 +1.410667999e+09 +1.410667999e+09 +1.410667930e+09 +1.410667930e+09
1073 0 +1.378152066e+09 +1.378152066e+09 +1.378151998e+09 +1.378151998e+09
1129 0 +1.336470655e+09 +1.336470655e+09 +1.336470586e+09 +1.336470586e+09
1166 0 +1.302920223e+09 +1.302920223e+09 +1.302920155e+09 +1.302920155e+09
1184 0 +1.284164188e+09 +1.284164188e+09 +1.284164119e+09 +1.284164119e+09
1222 0 +1.241787560e+09 +1.241787560e+09 +1.241787492e+09 +1.241787492e+09
1240 0 +1.219013175e+09 +1.219013175e+09 +1.219013106e+09 +1.219013106e+09
1259 0 +1.194082003e+09 +1.194082003e+09 +1.194081934e+09 +1.194081934e+09
1277 0 +1.168073199e+09 +1.168073199e+09 +1.168073130e+09 +1.168073130e+09
1296 0 +1.139194248e+09 +1.139194248e+09 +1.139194180e+09 +1.139194180e+09
1315 0 +1.109288374e+09 +1.109288374e+09 +1.109288306e+09 +1.109288306e+09
1334 0 +1.077219479e+09 +1.077219479e+09 +1.077219410e+09 +1.077219410e+09
1353 0 +1.044827501e+09 +1.044827501e+09 +1.044827433e+09 +1.044827433e+09
1371 0 +1.010957903e+09 +1.010957903e+09 +1.010957835e+09 +1.010957835e+09
1390 0 +9.742934285e+08 +9.742934285e+08 +9.742933601e+08 +9.742933601e+08
1409 0 +9.374679243e+08 +9.374679243e+08 +9.374678559e+08 +9.374678559e+08
1427 0 +9.004707964e+08 +9.004707964e+08 +9.004707280e+08 +9.004707280e+08
1445 0 +8.630085261e+08 +8.630085261e+08 +8.630084577e+08 +8.630084577e+08
1463 0 +8.242377641e+08 +8.242377641e+08 +8.242376957e+08 +8.242376957e+08
1481 0 +7.852993233e+08 +7.852993233e+08 +7.852992550e+08 +7.852992550e+08
1500 0 +7.454511552e+08 +7.454511552e+08 +7.454510869e+08 +7.454510869e+08
1518 0 +7.071734869e+08 +7.071734869e+08 +7.071734186e+08 +7.071734186e+08
1537 0 +6.695616378e+08 +6.695616378e+08 +6.695615695e+08 +6.695615695e+08
1556 0 +6.337366272e+08 +6.337366272e+08 +6.337365589e+08 +6.337365589e+08
1575 0 +6.009112927e+08 +6.009112927e+08 +6.009112243e+08 +6.009112243e+08
1594 0 +5.716691690e+08 +5.716691690e+08 +5.716691006e+08 +5.716691006e+08
1613 0 +5.469975339e+08 +5.469975339e+08 +5.469974655e+08 +5.469974655e+08
1631 0 +5.275835488e+08 +5.275835488e+08 +5.275834804e+08 +5.275834804e+08
1650 0 +5.128914042e+08 +5.128914042e+08 +5.128913359e+08 +5.128913359e+08
1668 0 +5.124443675e+08 +5.124443675e+08 +5.124442992e+08 +5.124442992e+08
2243 0 +5.008577471e+08 +5.008577471e+08 +5.008576787e+08 +5.008576787e+08
2532 0 +4.896982355e+08 +4.896982355e+08 +4.896981672e+08 +4.896981672e+08
2668 0 +4.768492672e+08 +4.768492672e+08 +4.768491988e+08 +4.768491988e+08
2741 0 +4.657401130e+08 +4.657401130e+08 +4.657400446e+08 +4.657400446e+08
2799 0 +4.555588670e+08 +4.555588670e+08 +4.555587986e+08 +4.555587986e+08
2854 0 +4.440238371e+08 +4.440238371e+08 +4.440237688e+08 +4.440237688e+08
2890 0 +4.357747277e+08 +4.357747277e+08 +4.357746593e+08 +4.357746593e+08
2946 0 +4.228754811e+08 +4.228754811e+08 +4.228754127e+08 +4.228754127e+08
2980 0 +4.151421255e+08 +4.151421255e+08 +4.151420572e+08 +4.151420572e+08
3036 0 +4.058359915e+08 +4.058359915e+08 +4.058359232e+08 +4.058359232e+08
3512 0 +3.976536857e+08 +3.976536857e+08 +3.976536173e+08 +3.976536173e+08
3667 0 +3.886564739e+08 +3.886564739e+08 +3.886564055e+08 +3.886564055e+08
3760 0 +3.786054196e+08 +3.786054196e+08 +3.786053512e+08 +3.786053512e+08
3815 0 +3.706181947e+08 +3.706181947e+08 +3.706181264e+08 +3.706181264e+08
3870 0 +3.603981171e+08 +3.603981171e+08 +3.603980487e+08 +3.603980487e+08
3902 0 +3.531463156e+08 +3.531463156e+08 +3.531462472e+08 +3.531462472e+08
3939 0 +3.443524858e+08 +3.443524858e+08 +3.443524175e+08 +3.443524175e+08
3978 0 +3.387703802e+08 +3.387703802e+08 +3.387703118e+08 +3.387703118e+08
3995 0 +3.290524740e+08 +3.290524740e+08 +3.290524056e+08 +3.290524056e+08
4030 0 +3.179543871e+08 +3.179543871e+08 +3.179543187e+08 +3.179543187e+08
4053 0 +3.106703194e+08 +3.106703194e+08 +3.106702511e+08 +3.106702511e+08
4075 0 +3.051015491e+08 +3.051015491e+08 +3.051014808e+08 +3.051014808e+08
4092 0 +2.989975430e+08 +2.989975430e+08 +2.989974746e+08 +2.989974746e+08
4112 0 +2.930349158e+08 +2.930349158e+08 +2.930348474e+08 +2.930348474e+08
4131 0 +2.873181344e+08 +2.873181344e+08 +2.873180661e+08 +2.873180661e+08
4166 0 +2.815736924e+08 +2.815736924e+08 +2.815736240e+08 +2.815736240e+08
4184 0 +2.721512085e+08 +2.721512085e+08 +2.721511401e+08 +2.721511401e+08
4204 0 +2.683839181e+08 +2.683839181e+08 +2.683838497e+08 +2.683838497e+08
4256 0 +2.625298505e+08 +2.625298505e+08 +2.625297822e+08 +2.625297822e+08
4687 0 +2.564468903e+08 +2.564468903e+08 +2.564468220e+08 +2.564468220e+08
4803 0 +2.498936537e+08 +2.498936537e+08 +2.498935853e+08 +2.498935853e+08
4857 0 +2.453801982e+08 +2.453801982e+08 +2.453801299e+08 +2.453801299e+08
4909 0 +2.395425347e+08 +2.395425347e+08 +2.395424663e+08 +2.395424663e+08
4946 0 +2.343744117e+08 +2.343744117e+08 +2.343743433e+08 +2.343743433e+08
4999 0 +2.265739348e+08 +2.265739348e+08 +2.265738664e+08 +2.265738664e+08
5032 0 +2.220832079e+08 +2.220832079e+08 +2.220831396e+08 +2.220831396e+08
5057 0 +2.166872215e+08 +2.166872215e+08 +2.166871532e+08 +2.166871532e+08
5072 0 +2.134172246e+08 +2.134172246e+08 +2.134171563e+08 +2.134171563e+08
5110 0 +2.080498751e+08 +2.080498751e+08 +2.080498067e+08 +2.080498067e+08
5343 0 +2.041285996e+08 +2.041285996e+08 +2.041285313e+08 +2.041285313e+08
5763 0 +1.994378777e+08 +1.994378777e+08 +1.994378094e+08 +1.994378094e+08
5886 0 +1.942169483e+08 +1.942169483e+08 +1.942168800e+08 +1.942168800e+08
5937 0 +1.903162113e+08 +1.903162113e+08 +1.903161429e+08 +1.903161429e+08
6013 0 +1.849852794e+08 +1.849852794e+08 +1.849852110e+08 +1.849852110e+08
6056 0 +1.805912686e+08 +1.805912686e+08 +1.805912002e+08 +1.805912002e+08
6093 0 +1.774445615e+08 +1.774445615e+08 +1.774444931e+08 +1.774444931e+08
6152 0 +1.734444215e+08 +1.734444215e+08 +1.734443532e+08 +1.734443532e+08
7294 0 +1.697588782e+08 +1.697588782e+08 +1.697588099e+08 +1.697588099e+08
% f evaluations | g evaluations | best noise-free fitness - Fopt | noise-free fitness - Fopt (-5.548000000000e+01) | measured fitness | best measured fitness | x1 | x2...
1 0 +3.590253220e+09 +3.590253220e+09 +3.590253165e+09 +3.590253165e+09
5 0 +3.590219250e+09 +3.590219250e+09 +3.590219195e+09 +3.590219195e+09
626 0 +3.547779722e+09 +3.547779722e+09 +3.547779667e+09 +3.547779667e+09
848 0 +3.460126221e+09 +3.460126221e+09 +3.460126166e+09 +3.460126166e+09
941 0 +3.385160507e+09 +3.385160507e+09 +3.385160451e+09 +3.385160451e+09
1016 0 +3.295874504e+09 +3.295874504e+09 +3.295874449e+09 +3.295874449e+09
1071 0 +3.207552712e+09 +3.207552712e+09 +3.207552657e+09 +3.207552657e+09
1109 0 +3.133102802e+09 +3.133102802e+09 +3.133102746e+09 +3.133102746e+09
1146 0 +3.089730639e+09 +3.089730639e+09 +3.089730584e+09 +3.089730584e+09
1165 0 +2.999951844e+09 +2.999951844e+09 +2.999951789e+09 +2.999951789e+09
1183 0 +2.949931047e+09 +2.949931047e+09 +2.949930991e+09 +2.949930991e+09
1219 0 +2.836311579e+09 +2.836311579e+09 +2.836311523e+09 +2.836311523e+09
1238 0 +2.772387157e+09 +2.772387157e+09 +2.772387101e+09 +2.772387101e+09
1256 0 +2.703274579e+09 +2.703274579e+09 +2.703274524e+09 +2.703274524e+09
1275 0 +2.628149596e+09 +2.628149596e+09 +2.628149541e+09 +2.628149541e+09
1294 0 +2.549176545e+09 +2.549176545e+09 +2.549176489e+09 +2.549176489e+09
1312 0 +2.466920172e+09 +2.466920172e+09 +2.466920116e+09 +2.466920116e+09
1331 0 +2.379247925e+09 +2.379247925e+09 +2.379247869e+09 +2.379247869e+09
1349 0 +2.286428401e+09 +2.286428401e+09 +2.286428346e+09 +2.286428346e+09
1368 0 +2.189694593e+09 +2.189694593e+09 +2.189694537e+09 +2.189694537e+09
1386 0 +2.088509753e+09 +2.088509753e+09 +2.088509698e+09 +2.088509698e+09
1405 0 +1.978596996e+09 +1.978596996e+09 +1.978596941e+09 +1.978596941e+09
1424 0 +1.866101510e+09 +1.866101510e+09 +1.866101454e+09 +1.866101454e+09
1442 0 +1.862037691e+09 +1.862037691e+09 +1.862037635e+09 +1.862037635e+09
1443 0 +1.751233834e+09 +1.751233834e+09 +1.751233778e+09 +1.751233778e+09
1462 0 +1.634237935e+09 +1.634237935e+09 +1.634237879e+09 +1.634237879e+09
1481 0 +1.516796651e+09 +1.516796651e+09 +1.516796596e+09 +1.516796596e+09
1499 0 +1.401860476e+09 +1.401860476e+09 +1.401860420e+09 +1.401860420e+09
1518 0 +1.285334454e+09 +1.285334454e+09 +1.285334399e+09 +1.285334399e+09
1536 0 +1.171254081e+09 +1.171254081e+09 +1.171254026e+09 +1.171254026e+09
1555 0 +1.060030035e+09 +1.060030035e+09 +1.060029979e+09 +1.060029979e+09
1573 0 +9.541037186e+08 +9.541037186e+08 +9.541036632e+08 +9.541036632e+08
1591 0 +8.552543757e+08 +8.552543757e+08 +8.552543203e+08 +8.552543203e+08
1609 0 +7.604641233e+08 +7.604641233e+08 +7.604640678e+08 +7.604640678e+08
1627 0 +7.579722024e+08 +7.579722024e+08 +7.579721469e+08 +7.579721469e+08
1628 0 +6.745007057e+08 +6.745007057e+08 +6.745006502e+08 +6.745006502e+08
1646 0 +5.982963618e+08 +5.982963618e+08 +5.982963063e+08 +5.982963063e+08
1665 0 +5.349991889e+08 +5.349991889e+08 +5.349991334e+08 +5.349991334e+08
1683 0 +4.825856629e+08 +4.825856629e+08 +4.825856074e+08 +4.825856074e+08
1702 0 +4.441716902e+08 +4.441716902e+08 +4.441716347e+08 +4.441716347e+08
1720 0 +4.194141976e+08 +4.194141976e+08 +4.194141422e+08 +4.194141422e+08
1739 0 +4.090814937e+08 +4.090814937e+08 +4.090814382e+08 +4.090814382e+08
2323 0 +4.072014158e+08 +4.072014158e+08 +4.072013603e+08 +4.072013603e+08
2652 0 +3.976905037e+08 +3.976905037e+08 +3.976904482e+08 +3.976904482e+08
2785 0 +3.875028964e+08 +3.875028964e+08 +3.875028409e+08 +3.875028409e+08
2858 0 +3.787734874e+08 +3.787734874e+08 +3.787734319e+08 +3.787734319e+08
2913 0 +3.703867765e+08 +3.703867765e+08 +3.703867210e+08 +3.703867210e+08
2954 0 +3.630697046e+08 +3.630697046e+08 +3.630696491e+08 +3.630696491e+08
3012 0 +3.512173862e+08 +3.512173862e+08 +3.512173307e+08 +3.512173307e+08
3052 0 +3.430368552e+08 +3.430368552e+08 +3.430367998e+08 +3.430367998e+08
3069 0 +3.388199803e+08 +3.388199803e+08 +3.388199249e+08 +3.388199249e+08
3109 0 +3.301359631e+08 +3.301359631e+08 +3.301359077e+08 +3.301359077e+08
3146 0 +3.221628604e+08 +3.221628604e+08 +3.221628049e+08 +3.221628049e+08
3181 0 +3.159368327e+08 +3.159368327e+08 +3.159367772e+08 +3.159367772e+08
3317 0 +3.084257396e+08 +3.084257396e+08 +3.084256842e+08 +3.084256842e+08
4258 0 +3.016249647e+08 +3.016249647e+08 +3.016249092e+08 +3.016249092e+08
4442 0 +2.950935122e+08 +2.950935122e+08 +2.950934568e+08 +2.950934568e+08
4949 0 +2.883429195e+08 +2.883429195e+08 +2.883428640e+08 +2.883428640e+08
5103 0 +2.817239075e+08 +2.817239075e+08 +2.817238520e+08 +2.817238520e+08
5190 0 +2.740101047e+08 +2.740101047e+08 +2.740100493e+08 +2.740100493e+08
5262 0 +2.690564892e+08 +2.690564892e+08 +2.690564338e+08 +2.690564338e+08
5331 0 +2.628485877e+08 +2.628485877e+08 +2.628485322e+08 +2.628485322e+08
6075 0 +2.569851567e+08 +2.569851567e+08 +2.569851012e+08 +2.569851012e+08
6484 0 +2.510998467e+08 +2.510998467e+08 +2.510997912e+08 +2.510997912e+08
7481 0 +2.453251768e+08 +2.453251768e+08 +2.453251213e+08 +2.453251213e+08
% f evaluations | g evaluations | best noise-free fitness - Fopt | noise-free fitness - Fopt (-5.349000000000e+01) | measured fitness | best measured fitness | x1 | x2...
1 0 +2.289126133e+09 +2.289126133e+09 +2.289126079e+09 +2.289126079e+09
2 0 +2.289095044e+09 +2.289095044e+09 +2.289094991e+09 +2.289094991e+09
756 0 +2.234213370e+09 +2.234213370e+09 +2.234213316e+09 +2.234213316e+09
886 0 +2.184014773e+09 +2.184014773e+09 +2.184014720e+09 +2.184014720e+09
978 0 +2.137948536e+09 +2.137948536e+09 +2.137948482e+09 +2.137948482e+09
1035 0 +2.073977802e+09 +2.073977802e+09 +2.073977748e+09 +2.073977748e+09
1072 0 +2.033207786e+09 +2.033207786e+09 +2.033207732e+09 +2.033207732e+09
1109 0 +1.985359996e+09 +1.985359996e+09 +1.985359943e+09 +1.985359943e+09
1147 0 +1.928475006e+09 +1.928475006e+09 +1.928474953e+09 +1.928474953e+09
1165 0 +1.897682352e+09 +1.897682352e+09 +1.897682299e+09 +1.897682299e+09
1202 0 +1.828132543e+09 +1.828132543e+09 +1.828132490e+09 +1.828132490e+09
1221 0 +1.788339695e+09 +1.788339695e+09 +1.788339642e+09 +1.788339642e+09
1240 0 +1.746667909e+09 +1.746667909e+09 +1.746667855e+09 +1.746667855e+09
1258 0 +1.703024388e+09 +1.703024388e+09 +1.703024335e+09 +1.703024335e+09
1277 0 +1.656075232e+09 +1.656075232e+09 +1.656075179e+09 +1.656075179e+09
1295 0 +1.606891448e+09 +1.606891448e+09 +1.606891395e+09 +1.606891395e+09
1314 0 +1.553040487e+09 +1.553040487e+09 +1.553040433e+09 +1.553040433e+09
1333 0 +1.497079764e+09 +1.497079764e+09 +1.497079711e+09 +1.497079711e+09
1352 0 +1.438562690e+09 +1.438562690e+09 +1.438562636e+09 +1.438562636e+09
1371 0 +1.378318342e+09 +1.378318342e+09 +1.378318289e+09 +1.378318289e+09
1389 0 +1.317091636e+09 +1.317091636e+09 +1.317091583e+09 +1.317091583e+09
1407 0 +1.253983660e+09 +1.253983660e+09 +1.253983607e+09 +1.253983607e+09
1426 0 +1.187261972e+09 +1.187261972e+09 +1.187261918e+09 +1.187261918e+09
1444 0 +1.121315209e+09 +1.121315209e+09 +1.121315155e+09 +1.121315155e+09
1463 0 +1.052893482e+09 +1.052893482e+09 +1.052893428e+09 +1.052893428e+09
1481 0 +9.867286740e+08 +9.867286740e+08 +9.867286205e+08 +9.867286205e+08
1499 0 +9.198958695e+08 +9.198958695e+08 +9.198958160e+08 +9.198958160e+08
1518 0 +8.541804813e+08 +8.541804813e+08 +8.541804278e+08 +8.541804278e+08
1536 0 +7.909748829e+08 +7.909748829e+08 +7.909748294e+08 +7.909748294e+08
1555 0 +7.314367374e+08 +7.314367374e+08 +7.314366839e+08 +7.314366839e+08
1573 0 +6.755876586e+08 +6.755876586e+08 +6.755876051e+08 +6.755876051e+08
1592 0 +6.244244195e+08 +6.244244195e+08 +6.244243661e+08 +6.244243661e+08
1611 0 +5.786894507e+08 +5.786894507e+08 +5.786893972e+08 +5.786893972e+08
1629 0 +5.408321174e+08 +5.408321174e+08 +5.408320639e+08 +5.408320639e+08
1648 0 +5.099113719e+08 +5.099113719e+08 +5.099113184e+08 +5.099113184e+08
1667 0 +4.869660215e+08 +4.869660215e+08 +4.869659680e+08 +4.869659680e+08
1685 0 +4.729258880e+08 +4.729258880e+08 +4.729258345e+08 +4.729258345e+08
1704 0 +4.674290387e+08 +4.674290387e+08 +4.674289852e+08 +4.674289852e+08
2505 0 +4.564270762e+08 +4.564270762e+08 +4.564270227e+08 +4.564270227e+08
2637 0 +4.457725960e+08 +4.457725960e+08 +4.457725425e+08 +4.457725425e+08
2716 0 +4.355880455e+08 +4.355880455e+08 +4.355879920e+08 +4.355879920e+08
2774 0 +4.248126010e+08 +4.248126010e+08 +4.248125475e+08 +4.248125475e+08
2830 0 +4.168363069e+08 +4.168363069e+08 +4.168362534e+08 +4.168362534e+08
2867 0 +4.024994752e+08 +4.024994752e+08 +4.024994217e+08 +4.024994217e+08
2886 0 +3.971219530e+08 +3.971219530e+08 +3.971218995e+08 +3.971218995e+08
2925 0 +3.839956925e+08 +3.839956925e+08 +3.839956390e+08 +3.839956390e+08
2944 0 +3.774460436e+08 +3.774460436e+08 +3.774459901e+08 +3.774459901e+08
2962 0 +3.705684281e+08 +3.705684281e+08 +3.705683746e+08 +3.705683746e+08
2997 0 +3.627792868e+08 +3.627792868e+08 +3.627792333e+08 +3.627792333e+08
3017 0 +3.543811443e+08 +3.543811443e+08 +3.543810908e+08 +3.543810908e+08
3018 0 +3.462325288e+08 +3.462325288e+08 +3.462324753e+08 +3.462324753e+08
3038 0 +3.371180939e+08 +3.371180939e+08 +3.371180404e+08 +3.371180404e+08
3057 0 +3.283554549e+08 +3.283554549e+08 +3.283554014e+08 +3.283554014e+08
3075 0 +3.193302077e+08 +3.193302077e+08 +3.193301542e+08 +3.193301542e+08
3094 0 +3.099804274e+08 +3.099804274e+08 +3.099803739e+08 +3.099803739e+08
3113 0 +3.004910329e+08 +3.004910329e+08 +3.004909795e+08 +3.004909795e+08
3131 0 +2.908968764e+08 +2.908968764e+08 +2.908968230e+08 +2.908968230e+08
3150 0 +2.822801825e+08 +2.822801825e+08 +2.822801290e+08 +2.822801290e+08
3166 0 +2.817779321e+08 +2.817779321e+08 +2.817778786e+08 +2.817778786e+08
3167 0 +2.726118598e+08 +2.726118598e+08 +2.726118063e+08 +2.726118063e+08
3186 0 +2.637152744e+08 +2.637152744e+08 +2.637152209e+08 +2.637152209e+08
3204 0 +2.549002474e+08 +2.549002474e+08 +2.549001939e+08 +2.549001939e+08
3224 0 +2.467779948e+08 +2.467779948e+08 +2.467779413e+08 +2.467779413e+08
3243 0 +2.399156213e+08 +2.399156213e+08 +2.399155678e+08 +2.399155678e+08
3262 0 +2.398409243e+08 +2.398409243e+08 +2.398408709e+08 +2.398408709e+08
3263 0 +2.343915388e+08 +2.343915388e+08 +2.343914853e+08 +2.343914853e+08
3303 0 +2.265727928e+08 +2.265727928e+08 +2.265727393e+08 +2.265727393e+08
4035 0 +2.237908669e+08 +2.237908669e+08 +2.237908134e+08 +2.237908134e+08
4415 0 +2.186996963e+08 +2.186996963e+08 +2.186996428e+08 +2.186996428e+08
4653 0 +2.137902669e+08 +2.137902669e+08 +2.137902135e+08 +2.137902135e+08
6583 0 +2.088601712e+08 +2.088601712e+08 +2.088601177e+08 +2.088601177e+08
7382 0 +2.041536613e+08 +2.041536613e+08 +2.041536078e+08 +2.041536078e+08
7864 0 +1.993196532e+08 +1.993196532e+08 +1.993195997e+08 +1.993195997e+08
% f evaluations | g evaluations | best noise-free fitness - Fopt | noise-free fitness - Fopt (1.172700000000e+02) | measured fitness | best measured fitness | x1 | x2...
1 0 +5.154203397e+09 +5.154203397e+09 +5.154203514e+09 +5.154203514e+09
2 0 +5.154116875e+09 +5.154116875e+09 +5.154116992e+09 +5.154116992e+09
490 0 +5.127165083e+09 +5.127165083e+09 +5.127165200e+09 +5.127165200e+09
825 0 +5.003586585e+09 +5.003586585e+09 +5.003586702e+09 +5.003586702e+09
937 0 +4.892564275e+09 +4.892564275e+09 +4.892564393e+09 +4.892564393e+09
1010 0 +4.781033285e+09 +4.781033285e+09 +4.781033402e+09 +4.781033402e+09
1066 0 +4.665569322e+09 +4.665569322e+09 +4.665569439e+09 +4.665569439e+09
1104 0 +4.570518217e+09 +4.570518217e+09 +4.570518334e+09 +4.570518334e+09
1142 0 +4.457843130e+09 +4.457843130e+09 +4.457843247e+09 +4.457843247e+09
1179 0 +4.331026506e+09 +4.331026506e+09 +4.331026623e+09 +4.331026623e+09
1197 0 +4.259181389e+09 +4.259181389e+09 +4.259181506e+09 +4.259181506e+09
1234 0 +4.099284546e+09 +4.099284546e+09 +4.099284663e+09 +4.099284663e+09
1252 0 +4.010165009e+09 +4.010165009e+09 +4.010165127e+09 +4.010165127e+09
1271 0 +3.913610196e+09 +3.913610196e+09 +3.913610314e+09 +3.913610314e+09
1289 0 +3.809464528e+09 +3.809464528e+09 +3.809464645e+09 +3.809464645e+09
1308 0 +3.701391618e+09 +3.701391618e+09 +3.701391735e+09 +3.701391735e+09
1326 0 +3.586302991e+09 +3.586302991e+09 +3.586303108e+09 +3.586303108e+09
1344 0 +3.463502627e+09 +3.463502627e+09 +3.463502744e+09 +3.463502744e+09
1363 0 +3.332955302e+09 +3.332955302e+09 +3.332955419e+09 +3.332955419e+09
1381 0 +3.195007646e+09 +3.195007646e+09 +3.195007763e+09 +3.195007763e+09
1400 0 +3.047704270e+09 +3.047704270e+09 +3.047704387e+09 +3.047704387e+09
1419 0 +2.894601716e+09 +2.894601716e+09 +2.894601833e+09 +2.894601833e+09
1438 0 +2.731452581e+09 +2.731452581e+09 +2.731452698e+09 +2.731452698e+09
1457 0 +2.570622255e+09 +2.570622255e+09 +2.570622372e+09 +2.570622372e+09
1475 0 +2.408528150e+09 +2.408528150e+09 +2.408528268e+09 +2.408528268e+09
1494 0 +2.238394158e+09 +2.238394158e+09 +2.238394276e+09 +2.238394276e+09
1512 0 +2.072622716e+09 +2.072622716e+09 +2.072622833e+09 +2.072622833e+09
1530 0 +1.904729567e+09 +1.904729567e+09 +1.904729684e+09 +1.904729684e+09
1549 0 +1.736467651e+09 +1.736467651e+09 +1.736467769e+09 +1.736467769e+09
1567 0 +1.570613541e+09 +1.570613541e+09 +1.570613659e+09 +1.570613659e+09
1586 0 +1.410382398e+09 +1.410382398e+09 +1.410382515e+09 +1.410382515e+09
1604 0 +1.259096443e+09 +1.259096443e+09 +1.259096560e+09 +1.259096560e+09
1622 0 +1.254550508e+09 +1.254550508e+09 +1.254550625e+09 +1.254550625e+09
1623 0 +1.115450092e+09 +1.115450092e+09 +1.115450209e+09 +1.115450209e+09
1642 0 +9.827671445e+08 +9.827671445e+08 +9.827672617e+08 +9.827672617e+08
1660 0 +8.677629433e+08 +8.677629433e+08 +8.677630606e+08 +8.677630606e+08
1679 0 +7.643603314e+08 +7.643603314e+08 +7.643604487e+08 +7.643604487e+08
1697 0 +6.799189707e+08 +6.799189707e+08 +6.799190879e+08 +6.799190879e+08
1715 0 +6.098709957e+08 +6.098709957e+08 +6.098711130e+08 +6.098711130e+08
1734 0 +5.562923760e+08 +5.562923760e+08 +5.562924932e+08 +5.562924932e+08
1753 0 +5.198323736e+08 +5.198323736e+08 +5.198324908e+08 +5.198324908e+08
1772 0 +5.018830367e+08 +5.018830367e+08 +5.018831540e+08 +5.018831540e+08
1790 0 +4.992381536e+08 +4.992381536e+08 +4.992382708e+08 +4.992382708e+08
2845 0 +4.894177967e+08 +4.894177967e+08 +4.894179140e+08 +4.894179140e+08
3012 0 +4.782640071e+08 +4.782640071e+08 +4.782641244e+08 +4.782641244e+08
3123 0 +4.655821956e+08 +4.655821956e+08 +4.655823129e+08 +4.655823129e+08
3180 0 +4.566008104e+08 +4.566008104e+08 +4.566009277e+08 +4.566009277e+08
3256 0 +4.436241925e+08 +4.436241925e+08 +4.436243098e+08 +4.436243098e+08
3311 0 +4.340559556e+08 +4.340559556e+08 +4.340560728e+08 +4.340560728e+08
3384 0 +4.255869552e+08 +4.255869552e+08 +4.255870725e+08 +4.255870725e+08
4245 0 +4.167751815e+08 +4.167751815e+08 +4.167752987e+08 +4.167752987e+08
4411 0 +4.062713084e+08 +4.062713084e+08 +4.062714256e+08 +4.062714256e+08
4502 0 +3.964404327e+08 +3.964404327e+08 +3.964405500e+08 +3.964405500e+08
4561 0 +3.888581607e+08 +3.888581607e+08 +3.888582779e+08 +3.888582779e+08
4617 0 +3.799963470e+08 +3.799963470e+08 +3.799964642e+08 +3.799964642e+08
4692 0 +3.691410598e+08 +3.691410598e+08 +3.691411771e+08 +3.691411771e+08
5440 0 +3.629804081e+08 +3.629804081e+08 +3.629805253e+08 +3.629805253e+08
5841 0 +3.547279707e+08 +3.547279707e+08 +3.547280879e+08 +3.547280879e+08
5985 0 +3.460503199e+08 +3.460503199e+08 +3.460504371e+08 +3.460504371e+08
6084 0 +3.381062591e+08 +3.381062591e+08 +3.381063764e+08 +3.381063764e+08
6158 0 +3.303711553e+08 +3.303711553e+08 +3.303712725e+08 +3.303712725e+08
6233 0 +3.220689720e+08 +3.220689720e+08 +3.220690892e+08 +3.220690892e+08
6308 0 +3.159497933e+08 +3.159497933e+08 +3.159499106e+08 +3.159499106e+08
7373 0 +3.089521767e+08 +3.089521767e+08 +3.089522940e+08 +3.089522940e+08
7605 0 +3.019308888e+08 +3.019308888e+08 +3.019310061e+08 +3.019310061e+08
% f evaluations | g evaluations | best noise-free fitness - Fopt | noise-free fitness - Fopt (7.789000000000e+01) | measured fitness | best measured fitness | x1 | x2...
1 0 +4.769614332e+08 +4.769614332e+08 +4.769615111e+08 +4.769615111e+08
3 0 +4.769539913e+08 +4.769539913e+08 +4.769540692e+08 +4.769540692e+08
927 0 +4.669824352e+08 +4.669824352e+08 +4.669825131e+08 +4.669825131e+08
1076 0 +4.565013387e+08 +4.565013387e+08 +4.565014166e+08 +4.565014166e+08
1169 0 +4.455291565e+08 +4.455291565e+08 +4.455292344e+08 +4.455292344e+08
1241 0 +4.365041004e+08 +4.365041004e+08 +4.365041783e+08 +4.365041783e+08
1280 0 +4.252632903e+08 +4.252632903e+08 +4.252633682e+08 +4.252633682e+08
1318 0 +4.164035204e+08 +4.164035204e+08 +4.164035983e+08 +4.164035983e+08
1354 0 +4.067449257e+08 +4.067449257e+08 +4.067450036e+08 +4.067450036e+08
1391 0 +3.958888414e+08 +3.958888414e+08 +3.958889193e+08 +3.958889193e+08
1428 0 +3.836932226e+08 +3.836932226e+08 +3.836933005e+08 +3.836933005e+08
1447 0 +3.772972684e+08 +3.772972684e+08 +3.772973463e+08 +3.772973463e+08
1466 0 +3.706608448e+08 +3.706608448e+08 +3.706609227e+08 +3.706609227e+08
1504 0 +3.572377058e+08 +3.572377058e+08 +3.572377837e+08 +3.572377837e+08
1523 0 +3.506111894e+08 +3.506111894e+08 +3.506112673e+08 +3.506112673e+08
1541 0 +3.442857099e+08 +3.442857099e+08 +3.442857878e+08 +3.442857878e+08
1559 0 +3.380720589e+08 +3.380720589e+08 +3.380721367e+08 +3.380721367e+08
1595 0 +3.263806008e+08 +3.263806008e+08 +3.263806787e+08 +3.263806787e+08
1614 0 +3.209935534e+08 +3.209935534e+08 +3.209936312e+08 +3.209936312e+08
1651 0 +3.126680028e+08 +3.126680028e+08 +3.126680807e+08 +3.126680807e+08
1689 0 +3.082510287e+08 +3.082510287e+08 +3.082511066e+08 +3.082511066e+08
2564 0 +3.016696288e+08 +3.016696288e+08 +3.016697066e+08 +3.016697066e+08
2718 0 +2.948572397e+08 +2.948572397e+08 +2.948573176e+08 +2.948573176e+08
2811 0 +2.877910736e+08 +2.877910736e+08 +2.877911515e+08 +2.877911515e+08
2888 0 +2.803705956e+08 +2.803705956e+08 +2.803706735e+08 +2.803706735e+08
2944 0 +2.736180588e+08 +2.736180588e+08 +2.736181367e+08 +2.736181367e+08
2981 0 +2.688169226e+08 +2.688169226e+08 +2.688170005e+08 +2.688170005e+08
3034 0 +2.612814108e+08 +2.612814108e+08 +2.612814886e+08 +2.612814886e+08
3074 0 +2.564202658e+08 +2.564202658e+08 +2.564203437e+08 +2.564203437e+08
3129 0 +2.509547314e+08 +2.509547314e+08 +2.509548092e+08 +2.509548092e+08
4145 0 +2.451823119e+08 +2.451823119e+08 +2.451823897e+08 +2.451823897e+08
4349 0 +2.395928198e+08 +2.395928198e+08 +2.395928977e+08 +2.395928977e+08
5251 0 +2.342176965e+08 +2.342176965e+08 +2.342177744e+08 +2.342177744e+08
5484 0 +2.285714693e+08 +2.285714693e+08 +2.285715472e+08 +2.285715472e+08
5627 0 +2.236183711e+08 +2.236183711e+08 +2.236184489e+08 +2.236184489e+08
6367 0 +2.186501192e+08 +2.186501192e+08 +2.186501970e+08 +2.186501970e+08
7165 0 +2.137477576e+08 +2.137477576e+08 +2.137478355e+08 +2.137478355e+08
7576 0 +2.089234189e+08 +2.089234189e+08 +2.089234967e+08 +2.089234967e+08
