% f evaluations | g evaluations | best noise-free fitness - Fopt | noise-free fitness - Fopt (7.135000000000e+01) | measured fitness | best measured fitness | x1 | x2...
1 0 +1.591294461e+02 +1.591294461e+02 +2.304794461e+02 +2.304794461e+02 -3.8950e+00 +3.9678e+00
2 0 +7.498459177e+01 +7.498459177e+01 +1.463345918e+02 +1.463345918e+02 -4.5475e+00 -1.9957e+00
5 0 +6.556437992e+01 +6.556437992e+01 +1.369143799e+02 +1.369143799e+02 -6.5060e-01 -1.8677e+00
6 0 +4.649879513e+01 +4.649879513e+01 +1.178487951e+02 +1.178487951e+02 +4.0880e+00 +1.8040e+00
9 0 +2.517712563e+01 +2.517712563e+01 +9.652712563e+01 +9.652712563e+01 +1.5790e+00 -3.9614e+00
10 0 +2.212642590e+01 +2.212642590e+01 +9.347642590e+01 +9.347642590e+01 -3.7250e-01 +2.9170e+00
11 0 +1.508911909e+01 +1.508911909e+01 +8.643911909e+01 +8.643911909e+01 +1.8142e+00 -2.8612e+00
16 0 +1.117458990e+01 +1.117458990e+01 +8.252458990e+01 +8.252458990e+01 +2.1853e+00 +1.8073e+00
35 0 +7.548142275e+00 +7.548142275e+00 +7.889814228e+01 +7.889814228e+01 +2.1185e+00 -1.1767e+00
42 0 +2.479754885e+00 +2.479754885e+00 +7.382975489e+01 +7.382975489e+01 +1.4827e+00 +9.9769e-01
53 0 +1.663713908e+00 +1.663713908e+00 +7.301371391e+01 +7.301371391e+01 +1.4481e+00 +3.0211e+00
59 0 +2.227036545e-01 +2.227036545e-01 +7.157270365e+01 +7.157270365e+01 +1.4732e+00 -1.7356e-01
145 0 +1.704154692e-02 +1.704154692e-02 +7.136704155e+01 +7.136704155e+01 +1.5690e+00 -1.8157e-01
163 0 +7.565441598e-03 +7.565441598e-03 +7.135756544e+01 +7.135756544e+01 +1.5888e+00 -1.8092e-01
223 0 +4.822311537e-03 +4.822311537e-03 +7.135482231e+01 +7.135482231e+01 +1.5970e+00 -1.8228e-01
224 0 +4.361229300e-03 +4.361229300e-03 +7.135436123e+01 +7.135436123e+01 +1.5945e+00 -1.8122e-01
231 0 +1.138345207e-03 +1.138345207e-03 +7.135113835e+01 +7.135113835e+01 +1.5873e+00 -1.7921e-01
266 0 +8.532373251e-04 +8.532373251e-04 +7.135085324e+01 +7.135085324e+01 +1.5853e+00 -1.7878e-01
267 0 +7.187524236e-04 +7.187524236e-04 +7.135071875e+01 +7.135071875e+01 +1.5866e+00 -1.7865e-01
269 0 +2.004647283e-04 +2.004647283e-04 +7.135020046e+01 +7.135020046e+01 +1.5930e+00 -1.7883e-01
312 0 +8.446770467e-05 +8.446770467e-05 +7.135008447e+01 +7.135008447e+01 +1.5930e+00 -1.7867e-01
334 0 +6.661052581e-06 +6.661052581e-06 +7.135000666e+01 +7.135000666e+01 +1.5939e+00 -1.7853e-01
365 0 +6.606669643e-06 +6.606669643e-06 +7.135000661e+01 +7.135000661e+01 +1.5944e+00 -1.7861e-01
374 0 +1.175566268e-06 +1.175566268e-06 +7.135000118e+01 +7.135000118e+01 +1.5944e+00 -1.7855e-01
375 0 +2.893875859e-07 +2.893875859e-07 +7.135000029e+01 +7.135000029e+01 +1.5944e+00 -1.7854e-01
417 0 +1.996932468e-07 +1.996932468e-07 +7.135000020e+01 +7.135000020e+01 +1.5945e+00 -1.7854e-01
438 0 +1.811560395e-07 +1.811560395e-07 +7.135000018e+01 +7.135000018e+01 +1.5945e+00 -1.7854e-01
440 0 +1.742352111e-07 +1.742352111e-07 +7.135000017e+01 +7.135000017e+01 +1.5945e+00 -1.7851e-01
457 0 +5.088486432e-08 +5.088486432e-08 +7.135000005e+01 +7.135000005e+01 +1.5945e+00 -1.7852e-01
470 0 +1.355849122e-08 +1.355849122e-08 +7.135000001e+01 +7.135000001e+01 +1.5944e+00 -1.7852e-01
490 0 +1.128597660e-09 +1.128597660e-09 +7.135000000e+01 +7.135000000e+01 +1.5945e+00 -1.7852e-01
619 0 +0.000000000e+00 +0.000000000e+00 +7.135000000e+01 +7.135000000e+01 +1.5945e+00 -1.7852e-01
% f evaluations | g evaluations | best noise-free fitness - Fopt | noise-free fitness - Fopt (-3.552200000000e+02) | measured fitness | best measured fitness | x1 | x2...
1 0 +2.135235171e+02 +2.135235171e+02 -1.416964829e+02 -1.416964829e+02 -1.0962e+00 -1.2005e+00
2 0 +5.827625299e-01 +5.827625299e-01 -3.546372375e+02 -3.546372375e+02 -4.1633e+00 -1.9174e+00
54 0 +4.329009039e-01 +4.329009039e-01 -3.547870991e+02 -3.547870991e+02 -4.3768e+00 -1.9537e+00
111 0 +3.306706084e-01 +3.306706084e-01 -3.548893294e+02 -3.548893294e+02 -4.3458e+00 -1.9339e+00
191 0 +1.162622125e-01 +1.162622125e-01 -3.551037378e+02 -3.551037378e+02 -4.3354e+00 -1.9418e+00
192 0 +9.248490992e-02 +9.248490992e-02 -3.551275151e+02 -3.551275151e+02 -4.3099e+00 -1.9358e+00
207 0 +6.448318428e-02 +6.448318428e-02 -3.551555168e+02 -3.551555168e+02 -4.3166e+00 -1.9359e+00
229 0 +5.611787177e-02 +5.611787177e-02 -3.551638821e+02 -3.551638821e+02 -4.3284e+00 -1.9403e+00
234 0 +2.532743573e-02 +2.532743573e-02 -3.551946726e+02 -3.551946726e+02 -4.2315e+00 -1.9029e+00
279 0 +1.033496542e-04 +1.033496542e-04 -3.552198967e+02 -3.552198967e+02 -4.2028e+00 -1.8954e+00
339 0 +3.896139219e-05 +3.896139219e-05 -3.552199610e+02 -3.552199610e+02 -4.2030e+00 -1.8954e+00
364 0 +3.834053717e-05 +3.834053717e-05 -3.552199617e+02 -3.552199617e+02 -4.2028e+00 -1.8951e+00
421 0 +9.660789942e-06 +9.660789942e-06 -3.552199903e+02 -3.552199903e+02 -4.2032e+00 -1.8951e+00
471 0 +5.521787159e-06 +5.521787159e-06 -3.552199945e+02 -3.552199945e+02 -4.2038e+00 -1.8954e+00
482 0 +2.989004827e-06 +2.989004827e-06 -3.552199970e+02 -3.552199970e+02 -4.2032e+00 -1.8952e+00
495 0 +1.099305621e-06 +1.099305621e-06 -3.552199989e+02 -3.552199989e+02 -4.2031e+00 -1.8951e+00
573 0 +9.673877344e-07 +9.673877344e-07 -3.552199990e+02 -3.552199990e+02 -4.2031e+00 -1.8951e+00
602 0 +8.834974778e-07 +8.834974778e-07 -3.552199991e+02 -3.552199991e+02 -4.2031e+00 -1.8951e+00
681 0 +8.630503885e-07 +8.630503885e-07 -3.552199991e+02 -3.552199991e+02 -4.2031e+00 -1.8951e+00
690 0 +8.499673072e-07 +8.499673072e-07 -3.552199992e+02 -3.552199992e+02 -4.2031e+00 -1.8951e+00
724 0 +8.258923572e-07 +8.258923572e-07 -3.552199992e+02 -3.552199992e+02 -4.2031e+00 -1.8951e+00
773 0 +7.916713685e-07 +7.916713685e-07 -3.552199992e+02 -3.552199992e+02 -4.2030e+00 -1.8951e+00
785 0 +7.701156051e-07 +7.701156051e-07 -3.552199992e+02 -3.552199992e+02 -4.2030e+00 -1.8951e+00
895 0 +7.566350178e-07 +7.566350178e-07 -3.552199992e+02 -3.552199992e+02 -4.2030e+00 -1.8951e+00
1057 0 +7.412016316e-07 +7.412016316e-07 -3.552199993e+02 -3.552199993e+02 -4.2030e+00 -1.8951e+00
% f evaluations | g evaluations | best noise-free fitness - Fopt | noise-free fitness - Fopt (9.917000000000e+01) | measured fitness | best measured fitness | x1 | x2...
1 0 +2.898106297e+02 +2.898106297e+02 +3.889806297e+02 +3.889806297e+02 +8.0850e-01 +4.2314e+00
2 0 +2.047683280e+01 +2.047683280e+01 +1.196468328e+02 +1.196468328e+02 -4.5529e+00 -2.5104e+00
9 0 +1.640913718e+01 +1.640913718e+01 +1.155791372e+02 +1.155791372e+02 -3.3655e-01 -4.3411e+00
22 0 +7.065416767e+00 +7.065416767e+00 +1.062354168e+02 +1.062354168e+02 -3.4449e+00 -3.9371e+00
52 0 +6.604401603e+00 +6.604401603e+00 +1.057744016e+02 +1.057744016e+02 -3.5435e+00 -3.7916e+00
77 0 +7.738330620e-01 +7.738330620e-01 +9.994383306e+01 +9.994383306e+01 +9.8975e-01 -5.0000e+00
160 0 +4.933562726e-01 +4.933562726e-01 +9.966335627e+01 +9.966335627e+01 +9.9233e-01 -5.0000e+00
174 0 +2.671145347e-01 +2.671145347e-01 +9.943711453e+01 +9.943711453e+01 +1.0035e+00 -5.0000e+00
207 0 +8.670714573e-02 +8.670714573e-02 +9.925670715e+01 +9.925670715e+01 +1.0087e+00 -5.0000e+00
243 0 +7.442785960e-02 +7.442785960e-02 +9.924442786e+01 +9.924442786e+01 +1.0146e+00 -5.0000e+00
262 0 +4.394129806e-02 +4.394129806e-02 +9.921394130e+01 +9.921394130e+01 +1.0113e+00 -5.0000e+00
292 0 +3.885048512e-02 +3.885048512e-02 +9.920885049e+01 +9.920885049e+01 +1.0110e+00 -5.0000e+00
325 0 +3.633540383e-02 +3.633540383e-02 +9.920633540e+01 +9.920633540e+01 +1.0108e+00 -5.0000e+00
396 0 +3.626913339e-02 +3.626913339e-02 +9.920626913e+01 +9.920626913e+01 +1.0108e+00 -5.0000e+00
418 0 +3.520991339e-02 +3.520991339e-02 +9.920520991e+01 +9.920520991e+01 +1.0108e+00 -5.0000e+00
% f evaluations | g evaluations | best noise-free fitness - Fopt | noise-free fitness - Fopt (-5.179100000000e+02) | measured fitness | best measured fitness | x1 | x2...
1 0 +8.770024464e+00 +8.770024464e+00 -5.091399755e+02 -5.091399755e+02 -4.5359e+00 -6.1332e-01
79 0 +6.010325429e+00 +6.010325429e+00 -5.118996746e+02 -5.118996746e+02 -3.8129e+00 -1.5490e+00
91 0 +3.001697007e+00 +3.001697007e+00 -5.149083030e+02 -5.149083030e+02 -5.0000e+00 -2.4491e+00
111 0 +1.869096961e+00 +1.869096961e+00 -5.160409030e+02 -5.160409030e+02 -5.0000e+00 -2.3278e+00
130 0 +8.661783699e-01 +8.661783699e-01 -5.170438216e+02 -5.170438216e+02 -5.0000e+00 -2.3803e+00
131 0 +8.098293992e-01 +8.098293992e-01 -5.171001706e+02 -5.171001706e+02 -4.4800e+00 -1.9559e+00
163 0 +7.846045649e-01 +7.846045649e-01 -5.171253954e+02 -5.171253954e+02 -5.0000e+00 -2.3835e+00
212 0 +7.565011783e-01 +7.565011783e-01 -5.171534988e+02 -5.171534988e+02 -5.0000e+00 -2.4133e+00
216 0 +6.035583875e-01 +6.035583875e-01 -5.173064416e+02 -5.173064416e+02 -4.9909e+00 -2.3730e+00
223 0 +5.384150428e-01 +5.384150428e-01 -5.173715850e+02 -5.173715850e+02 -5.0000e+00 -2.3903e+00
240 0 +5.172609671e-01 +5.172609671e-01 -5.173927390e+02 -5.173927390e+02 -5.0000e+00 -2.3917e+00
265 0 +3.391127981e-01 +3.391127981e-01 -5.175708872e+02 -5.175708872e+02 -5.0000e+00 -2.3981e+00
285 0 +3.355616852e-01 +3.355616852e-01 -5.175744383e+02 -5.175744383e+02 -5.0000e+00 -2.3970e+00
286 0 +3.254025919e-01 +3.254025919e-01 -5.175845974e+02 -5.175845974e+02 -5.0000e+00 -2.3971e+00
317 0 +3.149437145e-01 +3.149437145e-01 -5.175950563e+02 -5.175950563e+02 -5.0000e+00 -2.3972e+00
344 0 +2.920422939e-01 +2.920422939e-01 -5.176179577e+02 -5.176179577e+02 -5.0000e+00 -2.3976e+00
% f evaluations | g evaluations | best noise-free fitness - Fopt | noise-free fitness - Fopt (-5.721000000000e+01) | measured fitness | best measured fitness | x1 | x2...
1 0 +7.319208368e+01 +7.319208368e+01 +1.598208368e+01 +1.598208368e+01 -4.6815e+00 +4.4958e+00
10 0 +3.728892737e+01 +3.728892737e+01 -1.992107263e+01 -1.992107263e+01 +1.4162e+00 -2.6392e-01
11 0 +2.192946572e+00 +2.192946572e+00 -5.501705343e+01 -5.501705343e+01 +4.7801e+00 +1.9853e+00
18 0 +8.641578041e-01 +8.641578041e-01 -5.634584220e+01 -5.634584220e+01 +4.1710e+00 +4.2668e+00
110 0 +5.833306159e-01 +5.833306159e-01 -5.662666938e+01 -5.662666938e+01 +4.1903e+00 +4.2805e+00
126 0 +5.753787142e-01 +5.753787142e-01 -5.663462129e+01 -5.663462129e+01 +4.1531e+00 +4.3737e+00
128 0 +2.437869954e-01 +2.437869954e-01 -5.696621300e+01 -5.696621300e+01 +4.1534e+00 +4.3451e+00
141 0 +1.989575821e-01 +1.989575821e-01 -5.701104242e+01 -5.701104242e+01 +4.1369e+00 +4.3369e+00
164 0 +3.481923067e-02 +3.481923067e-02 -5.717518077e+01 -5.717518077e+01 +4.1349e+00 +4.3527e+00
275 0 +3.007166583e-02 +3.007166583e-02 -5.717992833e+01 -5.717992833e+01 +4.1347e+00 +4.3522e+00
320 0 +2.451457354e-02 +2.451457354e-02 -5.718548543e+01 -5.718548543e+01 +4.1347e+00 +4.3524e+00
396 0 +2.300718285e-02 +2.300718285e-02 -5.718699282e+01 -5.718699282e+01 +4.1347e+00 +4.3525e+00
494 0 +2.275811840e-02 +2.275811840e-02 -5.718724188e+01 -5.718724188e+01 +4.1347e+00 +4.3525e+00
% f evaluations | g evaluations | best noise-free fitness - Fopt | noise-free fitness - Fopt (6.626000000000e+01) | measured fitness | best measured fitness | x1 | x2...
1 0 +5.484537949e+01 +5.484537949e+01 +1.211053795e+02 +1.211053795e+02 +3.6243e-01 -4.1388e+00
2 0 +5.327083851e+01 +5.327083851e+01 +1.195308385e+02 +1.195308385e+02 +2.4932e+00 +9.5564e-01
5 0 +3.313719123e+01 +3.313719123e+01 +9.939719123e+01 +9.939719123e+01 -6.4398e-01 +1.2192e+00
7 0 +1.716761239e+01 +1.716761239e+01 +8.342761239e+01 +8.342761239e+01 +1.6152e+00 -2.3595e+00
10 0 +1.068360914e+01 +1.068360914e+01 +7.694360914e+01 +7.694360914e+01 -3.3571e+00 -2.3283e+00
19 0 +1.041206455e+01 +1.041206455e+01 +7.667206455e+01 +7.667206455e+01 -3.3280e-01 +2.0838e+00
67 0 +6.511352573e+00 +6.511352573e+00 +7.277135257e+01 +7.277135257e+01 -2.9433e+00 +4.3149e+00
124 0 +2.196524825e+00 +2.196524825e+00 +6.845652482e+01 +6.845652482e+01 -2.8672e+00 +4.0447e+00
162 0 +6.447665009e-01 +6.447665009e-01 +6.690476650e+01 +6.690476650e+01 -2.8438e+00 +3.7427e+00
227 0 +3.488357280e-01 +3.488357280e-01 +6.660883573e+01 +6.660883573e+01 -2.8332e+00 +3.6756e+00
228 0 +3.312278632e-01 +3.312278632e-01 +6.659122786e+01 +6.659122786e+01 -2.8364e+00 +3.6895e+00
279 0 +3.053760638e-01 +3.053760638e-01 +6.656537606e+01 +6.656537606e+01 -2.8359e+00 +3.6962e+00
281 0 +1.967551003e-01 +1.967551003e-01 +6.645675510e+01 +6.645675510e+01 -2.8265e+00 +3.3091e+00
311 0 +4.083532781e-02 +4.083532781e-02 +6.630083533e+01 +6.630083533e+01 -2.8303e+00 +3.3729e+00
316 0 +3.500292333e-02 +3.500292333e-02 +6.629500292e+01 +6.629500292e+01 -2.8262e+00 +3.4582e+00
330 0 +1.340075274e-02 +1.340075274e-02 +6.627340075e+01 +6.627340075e+01 -2.8267e+00 +3.4056e+00
341 0 +4.122883447e-03 +4.122883447e-03 +6.626412288e+01 +6.626412288e+01 -2.8250e+00 +3.4111e+00
367 0 +6.484860719e-04 +6.484860719e-04 +6.626064849e+01 +6.626064849e+01 -2.8245e+00 +3.4016e+00
430 0 +5.421462981e-04 +5.421462981e-04 +6.626054215e+01 +6.626054215e+01 -2.8240e+00 +3.4003e+00
437 0 +3.447667967e-04 +3.447667967e-04 +6.626034477e+01 +6.626034477e+01 -2.8245e+00 +3.4032e+00
535 0 +3.336258935e-04 +3.336258935e-04 +6.626033363e+01 +6.626033363e+01 -2.8245e+00 +3.4032e+00
544 0 +3.240413213e-04 +3.240413213e-04 +6.626032404e+01 +6.626032404e+01 -2.8245e+00 +3.4030e+00
548 0 +2.944596322e-04 +2.944596322e-04 +6.626029446e+01 +6.626029446e+01 -2.8245e+00 +3.4031e+00
583 0 +2.668855425e-04 +2.668855425e-04 +6.626026689e+01 +6.626026689e+01 -2.8245e+00 +3.4031e+00
604 0 +2.524555937e-04 +2.524555937e-04 +6.626025246e+01 +6.626025246e+01 -2.8245e+00 +3.4031e+00
627 0 +2.492214945e-04 +2.492214945e-04 +6.626024922e+01 +6.626024922e+01 -2.8245e+00 +3.4030e+00
663 0 +2.433804436e-04 +2.433804436e-04 +6.626024338e+01 +6.626024338e+01 -2.8245e+00 +3.4030e+00
% f evaluations | g evaluations | best noise-free fitness - Fopt | noise-free fitness - Fopt (-1.386200000000e+02) | measured fitness | best measured fitness | x1 | x2...
1 0 +1.221423821e+02 +1.221423821e+02 -1.647761789e+01 -1.647761789e+01 -4.4055e+00 +1.2742e+00
3 0 +5.885373605e+01 +5.885373605e+01 -7.976626395e+01 -7.976626395e+01 +1.2155e+00 -1.6271e+00
4 0 +1.335373661e+01 +1.335373661e+01 -1.252662634e+02 -1.252662634e+02 +4.3569e+00 -4.0448e+00
6 0 +8.229795176e+00 +8.229795176e+00 -1.303902048e+02 -1.303902048e+02 +3.0931e+00 +3.2391e+00
10 0 +1.726929226e+00 +1.726929226e+00 -1.368930708e+02 -1.368930708e+02 +3.2749e-02 +1.2968e+00
116 0 +9.205268976e-01 +9.205268976e-01 -1.376994731e+02 -1.376994731e+02 +3.1649e-02 +1.3112e+00
161 0 +8.051033603e-01 +8.051033603e-01 -1.378148966e+02 -1.378148966e+02 +4.7547e-02 +1.2776e+00
224 0 +7.604601571e-01 +7.604601571e-01 -1.378595398e+02 -1.378595398e+02 +5.7677e-02 +1.2576e+00
248 0 +6.960827791e-01 +6.960827791e-01 -1.379239172e+02 -1.379239172e+02 +4.6259e-02 +1.2770e+00
249 0 +6.606998402e-01 +6.606998402e-01 -1.379593002e+02 -1.379593002e+02 +6.4025e-02 +1.2471e+00
251 0 +5.371760166e-01 +5.371760166e-01 -1.380828240e+02 -1.380828240e+02 +6.2424e-02 +1.2473e+00
330 0 +5.354661109e-01 +5.354661109e-01 -1.380845339e+02 -1.380845339e+02 +6.2364e-02 +1.2473e+00
351 0 +4.839336415e-01 +4.839336415e-01 -1.381360664e+02 -1.381360664e+02 +6.2239e-02 +1.2465e+00
375 0 +4.751214087e-01 +4.751214087e-01 -1.381448786e+02 -1.381448786e+02 +6.6245e-02 +1.2467e+00
394 0 +4.582814734e-01 +4.582814734e-01 -1.381617185e+02 -1.381617185e+02 +6.2306e-02 +1.2460e+00
434 0 +4.568203826e-01 +4.568203826e-01 -1.381631796e+02 -1.381631796e+02 +6.2298e-02 +1.2460e+00
% f evaluations | g evaluations | best noise-free fitness - Fopt | noise-free fitness - Fopt (7.313900000000e+02) | measured fitness | best measured fitness | x1 | x2...
1 0 +3.462915321e+01 +3.462915321e+01 +7.660191532e+02 +7.660191532e+02 +1.5781e+00 +3.3566e+00
2 0 +2.594840141e+01 +2.594840141e+01 +7.573384014e+02 +7.573384014e+02 +1.8067e+00 +4.4948e+00
19 0 +2.426461302e+01 +2.426461302e+01 +7.556546130e+02 +7.556546130e+02 +2.6604e+00 -1.0083e+00
23 0 +1.026858755e+01 +1.026858755e+01 +7.416585875e+02 +7.416585875e+02 +4.6593e-02 +3.5265e+00
29 0 +9.282790497e+00 +9.282790497e+00 +7.406727905e+02 +7.406727905e+02 -1.3877e+00 -7.8509e-01
36 0 +5.093697305e+00 +5.093697305e+00 +7.364836973e+02 +7.364836973e+02 -1.0985e+00 -1.3029e+00
40 0 +3.210528581e+00 +3.210528581e+00 +7.346005286e+02 +7.346005286e+02 +3.6538e-01 +2.3179e+00
45 0 +1.824991187e+00 +1.824991187e+00 +7.332149912e+02 +7.332149912e+02 +2.0020e+00 +1.0329e+00
89 0 +2.062102786e-01 +2.062102786e-01 +7.315962103e+02 +7.315962103e+02 +2.0428e+00 +1.0591e+00
155 0 +7.178436288e-02 +7.178436288e-02 +7.314617844e+02 +7.314617844e+02 +2.0286e+00 +1.0320e+00
182 0 +3.460903106e-02 +3.460903106e-02 +7.314246090e+02 +7.314246090e+02 +2.0542e+00 +9.2780e-01
210 0 +1.397822456e-02 +1.397822456e-02 +7.314039782e+02 +7.314039782e+02 +2.0542e+00 +9.3830e-01
261 0 +4.333941041e-03 +4.333941041e-03 +7.313943339e+02 +7.313943339e+02 +2.0548e+00 +9.3855e-01
276 0 +2.484222557e-03 +2.484222557e-03 +7.313924842e+02 +7.313924842e+02 +2.0543e+00 +9.4349e-01
320 0 +1.750831492e-03 +1.750831492e-03 +7.313917508e+02 +7.313917508e+02 +2.0570e+00 +9.4014e-01
330 0 +1.506615059e-03 +1.506615059e-03 +7.313915066e+02 +7.313915066e+02 +2.0544e+00 +9.4243e-01
368 0 +1.070131689e-03 +1.070131689e-03 +7.313910701e+02 +7.313910701e+02 +2.0552e+00 +9.4089e-01
419 0 +7.171602853e-04 +7.171602853e-04 +7.313907172e+02 +7.313907172e+02 +2.0555e+00 +9.4032e-01
429 0 +6.589720990e-04 +6.589720990e-04 +7.313906590e+02 +7.313906590e+02 +2.0552e+00 +9.4093e-01
446 0 +5.288449081e-04 +5.288449081e-04 +7.313905288e+02 +7.313905288e+02 +2.0551e+00 +9.4135e-01
471 0 +4.979070277e-04 +4.979070277e-04 +7.313904979e+02 +7.313904979e+02 +2.0553e+00 +9.4086e-01
521 0 +4.706089817e-04 +4.706089817e-04 +7.313904706e+02 +7.313904706e+02 +2.0553e+00 +9.4077e-01
534 0 +3.937065868e-04 +3.937065868e-04 +7.313903937e+02 +7.313903937e+02 +2.0552e+00 +9.4105e-01
599 0 +3.709041774e-04 +3.709041774e-04 +7.313903709e+02 +7.313903709e+02 +2.0552e+00 +9.4106e-01
701 0 +3.603539758e-04 +3.603539758e-04 +7.313903604e+02 +7.313903604e+02 +2.0552e+00 +9.4108e-01
% f evaluations | g evaluations | best noise-free fitness - Fopt | noise-free fitness - Fopt (7.526000000000e+01) | measured fitness | best measured fitness | x1 | x2...
1 0 +2.473452994e+02 +2.473452994e+02 +3.226052994e+02 +3.226052994e+02 +3.4520e+00 -2.2647e+00
2 0 +7.237489831e+01 +7.237489831e+01 +1.476348983e+02 +1.476348983e+02 +2.9316e+00 -2.2025e-01
3 0 +2.223728347e+01 +2.223728347e+01 +9.749728347e+01 +9.749728347e+01 -2.5793e+00 -1.7739e+00
11 0 +1.533505426e+01 +1.533505426e+01 +9.059505426e+01 +9.059505426e+01 -3.2991e+00 -2.6970e+00
16 0 +7.213843935e+00 +7.213843935e+00 +8.247384394e+01 +8.247384394e+01 +4.8415e+00 -4.4898e+00
17 0 +5.702125524e+00 +5.702125524e+00 +8.096212552e+01 +8.096212552e+01 +4.1448e+00 +4.1902e+00
23 0 +4.269729090e+00 +4.269729090e+00 +7.952972909e+01 +7.952972909e+01 +2.3689e+00 +3.5635e-01
31 0 +3.966475264e+00 +3.966475264e+00 +7.922647526e+01 +7.922647526e+01 +1.6647e+00 -2.0490e+00
84 0 +7.925003353e-01 +7.925003353e-01 +7.605250034e+01 +7.605250034e+01 +1.7078e+00 -1.9081e+00
133 0 +6.774014456e-01 +6.774014456e-01 +7.593740145e+01 +7.593740145e+01 +1.7097e+00 -1.8876e+00
150 0 +6.314279012e-02 +6.314279012e-02 +7.532314279e+01 +7.532314279e+01 +1.7987e+00 -1.7439e+00
211 0 +3.345280088e-02 +3.345280088e-02 +7.529345280e+01 +7.529345280e+01 +1.7986e+00 -1.7468e+00
213 0 +1.289448634e-02 +1.289448634e-02 +7.527289449e+01 +7.527289449e+01 +1.7999e+00 -1.7477e+00
225 0 +3.542385025e-03 +3.542385025e-03 +7.526354239e+01 +7.526354239e+01 +1.8023e+00 -1.7451e+00
288 0 +6.610496148e-04 +6.610496148e-04 +7.526066105e+01 +7.526066105e+01 +1.8065e+00 -1.7431e+00
316 0 +6.234525627e-04 +6.234525627e-04 +7.526062345e+01 +7.526062345e+01 +1.8063e+00 -1.7436e+00
317 0 +5.978972810e-04 +5.978972810e-04 +7.526059790e+01 +7.526059790e+01 +1.8085e+00 -1.7426e+00
341 0 +2.994907765e-04 +2.994907765e-04 +7.526029949e+01 +7.526029949e+01 +1.8055e+00 -1.7432e+00
427 0 +2.073119052e-04 +2.073119052e-04 +7.526020731e+01 +7.526020731e+01 +1.8066e+00 -1.7426e+00
501 0 +1.409759623e-04 +1.409759623e-04 +7.526014098e+01 +7.526014098e+01 +1.8074e+00 -1.7418e+00
523 0 +7.623687962e-05 +7.623687962e-05 +7.526007624e+01 +7.526007624e+01 +1.8074e+00 -1.7418e+00
563 0 +6.023027785e-05 +6.023027785e-05 +7.526006023e+01 +7.526006023e+01 +1.8075e+00 -1.7415e+00
578 0 +5.487269382e-05 +5.487269382e-05 +7.526005487e+01 +7.526005487e+01 +1.8074e+00 -1.7415e+00
579 0 +4.729173698e-05 +4.729173698e-05 +7.526004729e+01 +7.526004729e+01 +1.8074e+00 -1.7416e+00
585 0 +4.290201358e-05 +4.290201358e-05 +7.526004290e+01 +7.526004290e+01 +1.8075e+00 -1.7414e+00
627 0 +3.588337597e-05 +3.588337597e-05 +7.526003588e+01 +7.526003588e+01 +1.8075e+00 -1.7415e+00
733 0 +3.547445876e-05 +3.547445876e-05 +7.526003547e+01 +7.526003547e+01 +1.8075e+00 -1.7415e+00
% f evaluations | g evaluations | best noise-free fitness - Fopt | noise-free fitness - Fopt (-4.913000000000e+01) | measured fitness | best measured fitness | x1 | x2...
1 0 +1.873451149e+01 +1.873451149e+01 -3.039548851e+01 -3.039548851e+01 -1.1331e+00 +4.6630e+00
9 0 +1.628486338e+01 +1.628486338e+01 -3.284513662e+01 -3.284513662e+01 +4.9186e-01 -4.2181e+00
66 0 +7.114622977e+00 +7.114622977e+00 -4.201537702e+01 -4.201537702e+01 -3.6533e-01 -5.0000e+00
83 0 +3.038047631e+00 +3.038047631e+00 -4.609195237e+01 -4.609195237e+01 -1.0681e+00 -3.6738e+00
159 0 +2.447039712e+00 +2.447039712e+00 -4.668296029e+01 -4.668296029e+01 -1.0715e+00 -3.7211e+00
162 0 +6.627801232e-01 +6.627801232e-01 -4.846721988e+01 -4.846721988e+01 -1.3243e+00 -3.9000e+00
226 0 +5.264207750e-01 +5.264207750e-01 -4.860357923e+01 -4.860357923e+01 -1.3470e+00 -3.9457e+00
255 0 +4.656246215e-01 +4.656246215e-01 -4.866437538e+01 -4.866437538e+01 -1.2832e+00 -3.9128e+00
268 0 +4.568658944e-01 +4.568658944e-01 -4.867313411e+01 -4.867313411e+01 -1.2899e+00 -3.9098e+00
269 0 +3.253901490e-01 +3.253901490e-01 -4.880460985e+01 -4.880460985e+01 -1.2709e+00 -3.9026e+00
284 0 +2.000700430e-01 +2.000700430e-01 -4.892992996e+01 -4.892992996e+01 -1.3155e+00 -3.9133e+00
367 0 +1.953858468e-01 +1.953858468e-01 -4.893461415e+01 -4.893461415e+01 -1.3155e+00 -3.9132e+00
459 0 +1.922037713e-01 +1.922037713e-01 -4.893779623e+01 -4.893779623e+01 -1.3156e+00 -3.9134e+00
474 0 +1.903740739e-01 +1.903740739e-01 -4.893962593e+01 -4.893962593e+01 -1.3156e+00 -3.9134e+00
531 0 +1.859399769e-01 +1.859399769e-01 -4.894406002e+01 -4.894406002e+01 -1.3157e+00 -3.9134e+00
1045 0 +1.819531516e-01 +1.819531516e-01 -4.894804685e+01 -4.894804685e+01 -1.3157e+00 -3.9134e+00
% f evaluations | g evaluations | best noise-free fitness - Fopt | noise-free fitness - Fopt (-1.418900000000e+02) | measured fitness | best measured fitness | x1 | x2...
1 0 +2.624567546e+02 +2.624567546e+02 +1.205667546e+02 +1.205667546e+02 +8.1891e-01 -2.0467e+00
2 0 +3.447566685e+01 +3.447566685e+01 -1.074143332e+02 -1.074143332e+02 +2.3084e-01 -4.4020e+00
4 0 +3.287211427e+01 +3.287211427e+01 -1.090178857e+02 -1.090178857e+02 -7.0350e-01 -7.0135e-01
5 0 +7.171753986e+00 +7.171753986e+00 -1.347182460e+02 -1.347182460e+02 +4.5855e+00 +2.7975e+00
27 0 +2.314855178e+00 +2.314855178e+00 -1.395751448e+02 -1.395751448e+02 +2.0997e-02 -2.6123e+00
33 0 +8.006158033e-02 +8.006158033e-02 -1.418099384e+02 -1.418099384e+02 -1.6066e+00 +4.0125e+00
147 0 +4.238760992e-02 +4.238760992e-02 -1.418476124e+02 -1.418476124e+02 -1.6566e+00 +4.0440e+00
149 0 +1.640171178e-02 +1.640171178e-02 -1.418735983e+02 -1.418735983e+02 -1.6228e+00 +4.0276e+00
200 0 +7.943771451e-03 +7.943771451e-03 -1.418820562e+02 -1.418820562e+02 -1.6218e+00 +4.0306e+00
230 0 +3.090387744e-03 +3.090387744e-03 -1.418869096e+02 -1.418869096e+02 -1.6374e+00 +4.0311e+00
264 0 +2.322325758e-03 +2.322325758e-03 -1.418876777e+02 -1.418876777e+02 -1.6382e+00 +4.0312e+00
266 0 +1.844299058e-03 +1.844299058e-03 -1.418881557e+02 -1.418881557e+02 -1.6394e+00 +4.0324e+00
274 0 +1.097048224e-03 +1.097048224e-03 -1.418889030e+02 -1.418889030e+02 -1.6411e+00 +4.0310e+00
285 0 +5.601794792e-04 +5.601794792e-04 -1.418894398e+02 -1.418894398e+02 -1.6453e+00 +4.0336e+00
339 0 +1.617881260e-04 +1.617881260e-04 -1.418898382e+02 -1.418898382e+02 -1.6492e+00 +4.0342e+00
363 0 +9.412732709e-06 +9.412732709e-06 -1.418899906e+02 -1.418899906e+02 -1.6492e+00 +4.0344e+00
486 0 +7.821091884e-06 +7.821091884e-06 -1.418899922e+02 -1.418899922e+02 -1.6493e+00 +4.0345e+00
526 0 +7.454402066e-06 +7.454402066e-06 -1.418899925e+02 -1.418899925e+02 -1.6493e+00 +4.0345e+00
535 0 +6.517028538e-06 +6.517028538e-06 -1.418899935e+02 -1.418899935e+02 -1.6493e+00 +4.0345e+00
563 0 +6.435451354e-06 +6.435451354e-06 -1.418899936e+02 -1.418899936e+02 -1.6493e+00 +4.0345e+00
575 0 +6.125115533e-06 +6.125115533e-06 -1.418899939e+02 -1.418899939e+02 -1.6493e+00 +4.0345e+00
590 0 +5.960527517e-06 +5.960527517e-06 -1.418899940e+02 -1.418899940e+02 -1.6492e+00 +4.0345e+00
649 0 +5.859644205e-06 +5.859644205e-06 -1.418899941e+02 -1.418899941e+02 -1.6492e+00 +4.0345e+00
659 0 +5.687767242e-06 +5.687767242e-06 -1.418899943e+02 -1.418899943e+02 -1.6492e+00 +4.0345e+00
685 0 +5.598372411e-06 +5.598372411e-06 -1.418899944e+02 -1.418899944e+02 -1.6492e+00 +4.0345e+00
% f evaluations | g evaluations | best noise-free fitness - Fopt | noise-free fitness - Fopt (1.095700000000e+02) | measured fitness | best measured fitness | x1 | x2...
1 0 +3.856447192e+01 +3.856447192e+01 +1.481344719e+02 +1.481344719e+02 -2.4951e+00 +1.7936e+00
7 0 +3.342419253e+01 +3.342419253e+01 +1.429941925e+02 +1.429941925e+02 +1.5546e+00 -4.3178e+00
8 0 +2.554264718e+01 +2.554264718e+01 +1.351126472e+02 +1.351126472e+02 +1.6658e+00 -2.4335e+00
10 0 +2.320407909e+01 +2.320407909e+01 +1.327740791e+02 +1.327740791e+02 -1.8323e+00 +3.5545e+00
15 0 +2.175997519e+01 +2.175997519e+01 +1.313299752e+02 +1.313299752e+02 +3.5736e+00 -2.9266e+00
17 0 +4.772160886e+00 +4.772160886e+00 +1.143421609e+02 +1.143421609e+02 +3.0194e+00 +3.6255e+00
39 0 +4.120195466e+00 +4.120195466e+00 +1.136901955e+02 +1.136901955e+02 -4.0965e+00 -4.8580e+00
61 0 +3.648671833e+00 +3.648671833e+00 +1.132186718e+02 +1.132186718e+02 -4.1314e+00 -5.0000e+00
70 0 +2.347870339e+00 +2.347870339e+00 +1.119178703e+02 +1.119178703e+02 -4.0915e+00 -5.0000e+00
104 0 +1.628307916e+00 +1.628307916e+00 +1.111983079e+02 +1.111983079e+02 -4.0769e+00 -5.0000e+00
113 0 +1.533550123e+00 +1.533550123e+00 +1.111035501e+02 +1.111035501e+02 -4.0765e+00 -5.0000e+00
156 0 +1.501356928e+00 +1.501356928e+00 +1.110713569e+02 +1.110713569e+02 -4.0766e+00 -5.0000e+00
163 0 +8.907954618e-01 +8.907954618e-01 +1.104607955e+02 +1.104607955e+02 -4.0308e+00 -5.0000e+00
168 0 +7.172706509e-01 +7.172706509e-01 +1.102872707e+02 +1.102872707e+02 -4.0502e+00 -5.0000e+00
173 0 +3.585830538e-01 +3.585830538e-01 +1.099285831e+02 +1.099285831e+02 -4.0388e+00 -5.0000e+00
215 0 +3.465604577e-01 +3.465604577e-01 +1.099165605e+02 +1.099165605e+02 -4.0398e+00 -5.0000e+00
261 0 +3.258585778e-01 +3.258585778e-01 +1.098958586e+02 +1.098958586e+02 -4.0389e+00 -5.0000e+00
280 0 +3.018861077e-01 +3.018861077e-01 +1.098718861e+02 +1.098718861e+02 -4.0396e+00 -5.0000e+00
313 0 +2.904732009e-01 +2.904732009e-01 +1.098604732e+02 +1.098604732e+02 -4.0392e+00 -5.0000e+00
366 0 +2.855673013e-01 +2.855673013e-01 +1.098555673e+02 +1.098555673e+02 -4.0393e+00 -5.0000e+00
371 0 +2.680070092e-01 +2.680070092e-01 +1.098380070e+02 +1.098380070e+02 -4.0394e+00 -5.0000e+00
% f evaluations | g evaluations | best noise-free fitness - Fopt | noise-free fitness - Fopt (7.836000000000e+01) | measured fitness | best measured fitness | x1 | x2...
1 0 +7.493894991e+01 +7.493894991e+01 +1.532989499e+02 +1.532989499e+02 +2.2070e+00 +4.9009e+00
2 0 +4.264262096e+01 +4.264262096e+01 +1.210026210e+02 +1.210026210e+02 -4.3598e+00 -2.2271e+00
4 0 +2.504010191e+01 +2.504010191e+01 +1.034001019e+02 +1.034001019e+02 -4.7645e+00 -3.7367e+00
5 0 +1.005784328e+00 +1.005784328e+00 +7.936578433e+01 +7.936578433e+01 -2.4990e+00 +3.8612e-01
62 0 +7.683587417e-01 +7.683587417e-01 +7.912835874e+01 +7.912835874e+01 -2.5995e+00 +4.2959e-01
107 0 +2.679305691e-01 +2.679305691e-01 +7.862793057e+01 +7.862793057e+01 -2.6763e+00 +4.2066e-01
109 0 +7.610016876e-02 +7.610016876e-02 +7.843610017e+01 +7.843610017e+01 -2.6681e+00 +4.0079e-01
177 0 +6.404042793e-03 +6.404042793e-03 +7.836640404e+01 +7.836640404e+01 -2.6718e+00 +3.8759e-01
191 0 +4.805100143e-03 +4.805100143e-03 +7.836480510e+01 +7.836480510e+01 -2.6969e+00 +3.8456e-01
215 0 +1.995183147e-04 +1.995183147e-04 +7.836019952e+01 +7.836019952e+01 -2.6854e+00 +3.8371e-01
295 0 +1.589409676e-04 +1.589409676e-04 +7.836015894e+01 +7.836015894e+01 -2.6888e+00 +3.8357e-01
308 0 +6.757428878e-06 +6.757428878e-06 +7.836000676e+01 +7.836000676e+01 -2.6854e+00 +3.8407e-01
319 0 +3.974256231e-06 +3.974256231e-06 +7.836000397e+01 +7.836000397e+01 -2.6854e+00 +3.8410e-01
355 0 +8.570777368e-07 +8.570777368e-07 +7.836000086e+01 +7.836000086e+01 -2.6860e+00 +3.8404e-01
419 0 +5.585340546e-08 +5.585340546e-08 +7.836000006e+01 +7.836000006e+01 -2.6859e+00 +3.8404e-01
458 0 +5.441850703e-08 +5.441850703e-08 +7.836000005e+01 +7.836000005e+01 -2.6859e+00 +3.8404e-01
471 0 +3.894959377e-08 +3.894959377e-08 +7.836000004e+01 +7.836000004e+01 -2.6859e+00 +3.8404e-01
473 0 +2.050636283e-08 +2.050636283e-08 +7.836000002e+01 +7.836000002e+01 -2.6859e+00 +3.8404e-01
477 0 +1.636379920e-10 +1.636379920e-10 +7.836000000e+01 +7.836000000e+01 -2.6859e+00 +3.8404e-01
675 0 +0.000000000e+00 +0.000000000e+00 +7.836000000e+01 +7.836000000e+01 -2.6859e+00 +3.8404e-01
% f evaluations | g evaluations | best noise-free fitness - Fopt | noise-free fitness - Fopt (1.140900000000e+02) | measured fitness | best measured fitness | x1 | x2...
1 0 +7.239582029e+01 +7.239582029e+01 +1.864858203e+02 +1.864858203e+02 +1.6011e+00 +1.9860e+00
3 0 +4.611038397e+01 +4.611038397e+01 +1.602003840e+02 +1.602003840e+02 +4.3976e+00 +9.7141e-01
5 0 +3.455756174e+01 +3.455756174e+01 +1.486475617e+02 +1.486475617e+02 +3.2670e+00 +2.5442e+00
8 0 +2.588436832e+01 +2.588436832e+01 +1.399743683e+02 +1.399743683e+02 +2.8406e+00 -3.3360e+00
47 0 +2.150030849e+01 +2.150030849e+01 +1.355903085e+02 +1.355903085e+02 -3.6340e+00 +3.5303e+00
52 0 +1.562247925e+01 +1.562247925e+01 +1.297124792e+02 +1.297124792e+02 -3.9203e+00 +3.5580e+00
54 0 +3.211990357e+00 +3.211990357e+00 +1.173019904e+02 +1.173019904e+02 -3.6553e+00 +4.4113e+00
95 0 +7.696914746e-01 +7.696914746e-01 +1.148596915e+02 +1.148596915e+02 -3.4680e+00 +5.0000e+00
106 0 +6.276971935e-01 +6.276971935e-01 +1.147176972e+02 +1.147176972e+02 -3.4556e+00 +5.0000e+00
108 0 +4.636807088e-01 +4.636807088e-01 +1.145536807e+02 +1.145536807e+02 -3.4623e+00 +5.0000e+00
127 0 +4.460711652e-01 +4.460711652e-01 +1.145360712e+02 +1.145360712e+02 -3.4544e+00 +5.0000e+00
156 0 +3.110654272e-01 +3.110654272e-01 +1.144010654e+02 +1.144010654e+02 -3.4984e+00 +5.0000e+00
202 0 +2.913639433e-01 +2.913639433e-01 +1.143813639e+02 +1.143813639e+02 -3.4926e+00 +5.0000e+00
272 0 +2.710047259e-01 +2.710047259e-01 +1.143610047e+02 +1.143610047e+02 -3.4942e+00 +5.0000e+00
279 0 +2.589135492e-01 +2.589135492e-01 +1.143489135e+02 +1.143489135e+02 -3.4936e+00 +5.0000e+00
281 0 +2.548375338e-01 +2.548375338e-01 +1.143448375e+02 +1.143448375e+02 -3.4785e+00 +5.0000e+00
322 0 +2.505422436e-01 +2.505422436e-01 +1.143405422e+02 +1.143405422e+02 -3.4936e+00 +5.0000e+00
356 0 +2.426482103e-01 +2.426482103e-01 +1.143326482e+02 +1.143326482e+02 -3.4939e+00 +5.0000e+00
% f evaluations | g evaluations | best noise-free fitness - Fopt | noise-free fitness - Fopt (-5.445900000000e+02) | measured fitness | best measured fitness | x1 | x2...
1 0 +2.210785642e+01 +2.210785642e+01 -5.224821436e+02 -5.224821436e+02 -1.2605e+00 -1.8329e-01
4 0 +1.903692768e+01 +1.903692768e+01 -5.255530723e+02 -5.255530723e+02 -1.8463e+00 +3.0569e+00
29 0 +1.796312783e+01 +1.796312783e+01 -5.266268722e+02 -5.266268722e+02 +1.8507e+00 -1.7045e+00
39 0 +1.365423367e+01 +1.365423367e+01 -5.309357663e+02 -5.309357663e+02 +4.8633e+00 -3.6184e+00
51 0 +9.213446625e+00 +9.213446625e+00 -5.353765534e+02 -5.353765534e+02 +1.8291e+00 -1.7842e+00
78 0 +5.110730766e+00 +5.110730766e+00 -5.394792692e+02 -5.394792692e+02 +3.6705e+00 -3.4097e+00
86 0 +2.294618559e+00 +2.294618559e+00 -5.422953814e+02 -5.422953814e+02 +5.0000e+00 -3.6472e+00
159 0 +2.084284258e+00 +2.084284258e+00 -5.425057157e+02 -5.425057157e+02 +5.0000e+00 -3.6443e+00
193 0 +2.006717468e+00 +2.006717468e+00 -5.425832825e+02 -5.425832825e+02 +5.0000e+00 -3.6456e+00
211 0 +1.978457085e+00 +1.978457085e+00 -5.426115429e+02 -5.426115429e+02 +5.0000e+00 -3.6456e+00
285 0 +1.944680506e+00 +1.944680506e+00 -5.426453195e+02 -5.426453195e+02 +5.0000e+00 -3.6459e+00
