% f evaluations | g evaluations | best noise-free fitness - Fopt | noise-free fitness - Fopt (-4.620900000000e+02) | measured fitness | best measured fitness | x1 | x2...
1 0 +4.057650026e+03 +4.057650026e+03 +3.595560026e+03 +3.595560026e+03 -1.8924e+00 +3.0834e+00 -3.7842e-02 -2.5370e+00 -1.8067e+00 +3.7180e+00 +9.0145e-01 -2.5862e+00 -3.6452e+00 +1.4609e+00 +3.8062e+00 +1.2326e+00 -1.7403e+00 +6.0245e-01 +2.3598e+00 +1.9807e+00 +1.4369e+00 -4.9497e-02 +3.0912e+00 +3.9231e+00
2 0 +3.183814939e+03 +3.183814939e+03 +2.721724939e+03 +2.721724939e+03 +8.5086e-01 -1.2759e+00 -1.9138e-01 +4.4983e+00 +2.6385e-01 +4.8712e+00 +1.2003e+00 -3.9272e+00 -1.4792e-01 +6.7069e-01 +4.9221e+00 -1.8584e+00 -4.1407e+00 +4.5015e+00 +2.0445e+00 +7.7997e-02 +1.0101e+00 +1.0036e+00 -5.1897e-01 -2.0242e+00
4 0 +1.327705435e+03 +1.327705435e+03 +8.656154353e+02 +8.656154353e+02 -1.8067e-01 +2.3768e+00 -3.3592e+00 -2.1496e+00 -4.8930e+00 -4.3401e-01 +1.2077e+00 +4.5401e+00 -1.6484e+00 +2.0311e+00 -4.0238e+00 -1.1164e+00 -4.7442e+00 +1.9925e-02 +9.0253e-01 +2.7434e-01 -2.4064e+00 -2.9916e+00 -1.9054e+00 -6.7360e-01
15 0 +1.175957776e+03 +1.175957776e+03 +7.138677762e+02 +7.138677762e+02 +2.1631e+00 -9.3213e-01 -4.7691e+00 -7.1219e-01 -3.4881e-01 +1.0424e+00 -4.3385e+00 -3.5838e+00 -2.7055e+00 -2.8064e+00 -1.9961e-01 +9.9312e-01 +3.2071e+00 -7.9209e-01 -3.6432e+00 -3.9764e+00 -4.3704e+00 +3.9972e+00 -4.0674e+00 -2.0105e+00
38 0 +7.504721315e+02 +7.504721315e+02 +2.883821315e+02 +2.883821315e+02 +1.9465e+00 +3.2012e+00 +1.9521e+00 -4.0335e+00 +3.2768e+00 -3.1215e-01 +3.7893e+00 -2.1467e+00 +2.6396e+00 -3.0189e+00 -1.2023e-01 -2.3955e+00 -1.5921e+00 -4.8563e+00 -1.7206e+00 -7.2872e-01 -2.3662e+00 +3.2946e+00 -7.3438e-01 -2.2495e+00
52 0 +7.391405405e+02 +7.391405405e+02 +2.770505405e+02 +2.770505405e+02 +2.0136e+00 +2.3444e+00 +1.7467e+00 -3.4137e-01 +2.3150e+00 +3.5582e+00 +3.2362e+00 -1.6445e+00 +3.3810e+00 -2.6501e+00 -4.4438e+00 -2.3525e+00 -1.6736e+00 -5.0000e+00 +6.4180e-02 -6.0591e-01 -1.3224e-01 +3.7925e+00 -6.9668e-01 -2.2394e+00
71 0 +7.056789830e+02 +7.056789830e+02 +2.435889830e+02 +2.435889830e+02 +1.8632e+00 +3.6759e+00 +1.8467e+00 -5.0000e+00 +2.7196e+00 -7.7095e-01 +4.5509e+00 -1.7425e+00 +1.9563e+00 -4.4972e+00 +4.8187e-01 -3.1586e+00 -7.1173e-01 -5.0000e+00 -3.6731e+00 -1.4694e+00 -2.2432e+00 +5.0000e+00 -1.5003e+00 -3.9214e-01
86 0 +6.903954118e+02 +6.903954118e+02 +2.283054118e+02 +2.283054118e+02 +1.0055e+00 +4.8823e+00 +2.3490e+00 -4.5287e+00 +3.7589e+00 -4.7991e-01 +2.8807e+00 -1.2351e+00 -1.5290e-02 -3.2541e-02 -1.9416e-01 -9.6658e-01 -2.6157e+00 -5.0000e+00 -1.0336e+00 -2.6303e+00 -1.9423e+00 +2.6168e+00 -1.7674e+00 -3.0499e+00
87 0 +6.626158849e+02 +6.626158849e+02 +2.005258849e+02 +2.005258849e+02 +1.8557e+00 -6.0429e-01 +2.4673e+00 -5.0000e+00 +3.2974e+00 +5.4983e-01 +4.3227e+00 -2.0607e+00 +2.6567e+00 -2.8930e+00 +3.1411e-01 -2.2621e+00 -1.4750e+00 -2.8402e+00 -3.5697e-01 -2.0433e+00 -8.0874e-01 +2.2923e+00 -2.2731e+00 -2.9505e+00
90 0 +5.930239874e+02 +5.930239874e+02 +1.309339874e+02 +1.309339874e+02 +1.0905e+00 +3.1176e+00 -2.1301e+00 -3.7884e+00 +5.0000e+00 +8.0396e-01 +3.7594e+00 -2.1699e+00 +2.6412e+00 -2.4935e-01 -6.1828e-02 -2.2918e+00 -1.6026e+00 -4.6359e+00 -2.2123e+00 -1.9486e+00 -2.5761e-01 +3.6844e+00 -1.4507e+00 -2.2431e+00
104 0 +5.463654206e+02 +5.463654206e+02 +8.427542056e+01 +8.427542056e+01 +1.7741e+00 +3.6373e+00 -1.8233e+00 -3.5557e+00 +5.0000e+00 +6.5940e-01 +3.6043e+00 -1.8260e+00 +2.8887e+00 -9.3014e-01 -1.2199e+00 -2.3234e+00 -1.5718e+00 -4.5634e+00 -2.5737e+00 -2.4833e+00 -3.2471e-01 +3.6445e+00 -1.2161e+00 -2.2405e+00
107 0 +5.353261953e+02 +5.353261953e+02 +7.323619529e+01 +7.323619529e+01 +6.6282e-01 +3.9289e+00 -2.8141e-01 -3.8491e+00 +5.0000e+00 +8.8137e-01 +3.5561e+00 -2.7446e+00 +2.4987e+00 -3.9507e-01 +1.9004e-01 -2.2557e+00 -1.3471e+00 -4.6651e+00 -1.8789e+00 -1.2273e+00 -1.8248e-01 +3.8879e+00 -1.3840e+00 +4.8474e-02
120 0 +4.964065357e+02 +4.964065357e+02 +3.431653567e+01 +3.431653567e+01 +2.4537e-01 +2.7325e+00 -1.9404e-01 -3.7151e+00 +4.3231e+00 +2.0664e+00 +3.8752e+00 -1.6246e+00 +2.6219e+00 -7.1888e-01 -7.4958e-02 -2.2892e+00 -1.5797e+00 -4.4452e+00 -2.6527e+00 -2.5914e+00 +6.4654e-02 +4.1300e+00 -1.4858e+00 -8.7280e-01
155 0 +4.555410354e+02 +4.555410354e+02 -6.548964571e+00 -6.548964571e+00 -1.3733e-02 +3.0209e+00 +5.5984e-01 -3.6991e+00 +4.0587e+00 +1.5819e+00 +3.8441e+00 -1.8616e+00 +2.8122e+00 -5.2528e-01 -5.8098e-02 -1.8410e+00 -1.5935e+00 -4.3800e+00 -2.5604e+00 -2.6012e+00 +4.7279e-02 +4.2081e+00 -1.4921e+00 -7.0970e-01
173 0 +4.163523503e+02 +4.163523503e+02 -4.573764968e+01 -4.573764968e+01 +1.2426e-01 +2.7290e+00 +2.6242e-01 -3.4653e+00 +4.4468e+00 +1.2038e+00 +3.8967e+00 -1.6261e+00 +2.3124e+00 -6.2561e-01 -7.5673e-02 -2.2909e+00 -1.6153e+00 -4.6482e+00 -3.0617e+00 -2.6595e+00 +3.0945e-01 +4.2484e+00 -1.4974e+00 +8.9406e-01
174 0 +3.823210693e+02 +3.823210693e+02 -7.976893068e+01 -7.976893068e+01 -2.9705e-01 +2.6887e+00 +1.7603e+00 -3.5513e+00 +4.3370e+00 +2.0655e+00 +3.8249e+00 -1.5702e+00 +2.6225e+00 -8.0953e-01 -7.3854e-02 -2.2870e+00 -1.5477e+00 -4.3319e+00 -2.2670e+00 -2.5642e+00 +4.9217e-01 +3.8667e+00 -2.0479e+00 -1.2123e-01
208 0 +3.751546217e+02 +3.751546217e+02 -8.693537825e+01 -8.693537825e+01 -3.3683e-01 +2.5701e+00 +3.0540e+00 -3.4723e+00 +4.3378e+00 +1.9065e+00 +3.7739e+00 -1.5823e+00 +2.5745e+00 -8.4581e-01 -3.0212e-01 -2.2938e+00 -1.5328e+00 -4.3552e+00 -2.2068e+00 -2.5583e+00 +7.0460e-02 +3.7549e+00 -2.0391e+00 -1.5323e-01
209 0 +3.626138872e+02 +3.626138872e+02 -9.947611279e+01 -9.947611279e+01 -1.9590e-01 +2.6918e+00 +7.0271e-01 -3.5516e+00 +4.3379e+00 +1.6934e+00 +3.8623e+00 -1.3906e+00 +2.6366e+00 -8.3760e-01 -7.0757e-02 -2.3726e+00 -1.5672e+00 -4.3022e+00 -2.2361e+00 -2.3614e+00 +5.4472e-01 +3.8494e+00 -1.9853e+00 -8.2564e-02
248 0 +3.259363639e+02 +3.259363639e+02 -1.361536361e+02 -1.361536361e+02 -2.8032e-01 +2.3762e+00 +1.1116e+00 -3.5166e+00 +4.4049e+00 +2.0073e+00 +3.8116e+00 -1.5253e+00 +2.6380e+00 -7.9717e-01 -3.5739e-02 -2.2985e+00 -1.5082e+00 -4.3468e+00 -2.3474e+00 -2.5250e+00 +5.2069e-01 +3.8399e+00 -2.0393e+00 +4.0224e-01
273 0 +3.192857298e+02 +3.192857298e+02 -1.428042702e+02 -1.428042702e+02 -3.3614e-01 +2.5875e+00 +1.4047e+00 -3.5054e+00 +4.4327e+00 +2.0866e+00 +3.8099e+00 -1.5277e+00 +2.6434e+00 -5.5724e-01 -5.8984e-02 -2.3172e+00 -1.4282e+00 -4.3301e+00 -2.3460e+00 -2.4983e+00 +4.8207e-01 +4.0985e+00 -2.1882e+00 +4.6371e-01
274 0 +2.904783433e+02 +2.904783433e+02 -1.716116567e+02 -1.716116567e+02 -2.4325e-01 +2.3980e+00 +1.2775e+00 -3.5121e+00 +4.4424e+00 +2.0021e+00 +3.8098e+00 -1.5295e+00 +2.6403e+00 -7.3573e-01 -3.8228e-02 -2.2891e+00 -1.4925e+00 -4.3451e+00 -2.3169e+00 -2.5234e+00 +5.1471e-01 +3.8026e+00 -2.0332e+00 +7.9503e-01
308 0 +2.735233868e+02 +2.735233868e+02 -1.885666132e+02 -1.885666132e+02 -3.1727e-01 +2.4077e+00 +1.2686e+00 -3.5181e+00 +4.4778e+00 +1.9726e+00 +3.8055e+00 -1.5133e+00 +2.6396e+00 -7.9562e-01 -3.1394e-02 -2.2971e+00 -1.5082e+00 -4.2615e+00 -2.3241e+00 -2.5226e+00 +5.2076e-01 +3.8095e+00 -2.2046e+00 +8.4531e-01
364 0 +2.634649622e+02 +2.634649622e+02 -1.986250378e+02 -1.986250378e+02 -2.9747e-01 +2.4266e+00 +1.2523e+00 -3.5169e+00 +4.4640e+00 +1.9987e+00 +3.8054e+00 -1.5128e+00 +2.5562e+00 -7.8966e-01 -2.8358e-02 -2.2948e+00 -1.5027e+00 -4.2322e+00 -2.3148e+00 -2.5239e+00 +5.5300e-01 +3.8069e+00 -2.1572e+00 +8.7370e-01
420 0 +2.619898514e+02 +2.619898514e+02 -2.001001486e+02 -2.001001486e+02 -2.9745e-01 +2.4242e+00 +1.2589e+00 -3.5169e+00 +4.4635e+00 +2.0007e+00 +3.8055e+00 -1.5125e+00 +2.5419e+00 -7.8866e-01 -2.8792e-02 -2.2909e+00 -1.5028e+00 -4.2317e+00 -2.3153e+00 -2.5256e+00 +5.5301e-01 +3.8080e+00 -2.1496e+00 +8.6305e-01
523 0 +2.568616927e+02 +2.568616927e+02 -2.052283073e+02 -2.052283073e+02 -2.9585e-01 +2.4271e+00 +1.2763e+00 -3.5171e+00 +4.4616e+00 +1.9954e+00 +3.8054e+00 -1.5124e+00 +2.5267e+00 -7.8810e-01 -2.8729e-02 -2.2952e+00 -1.5007e+00 -4.2214e+00 -2.3061e+00 -2.5232e+00 +5.1863e-01 +3.8010e+00 -2.1487e+00 +8.6733e-01
3517 0 +2.511198185e+02 +2.511198185e+02 -2.109701815e+02 -2.109701815e+02 -3.0115e-01 +2.4270e+00 +1.2788e+00 -3.5170e+00 +4.4639e+00 +2.0504e+00 +3.8054e+00 -1.5128e+00 +2.5224e+00 -7.8797e-01 -2.8572e-02 -2.2954e+00 -1.5006e+00 -4.2163e+00 -2.3031e+00 -2.5238e+00 +5.3325e-01 +3.7965e+00 -2.1496e+00 +8.5877e-01
% f evaluations | g evaluations | best noise-free fitness - Fopt | noise-free fitness - Fopt (7.766000000000e+01) | measured fitness | best measured fitness | x1 | x2...
1 0 +4.260320610e+03 +4.260320610e+03 +4.337980610e+03 +4.337980610e+03 -3.0691e+00 -1.7298e+00 -1.3004e+00 +7.9508e-01 -4.7722e-01 +2.8484e+00 -2.0861e+00 +4.9332e+00 -3.9063e+00 +3.0062e+00 -2.9002e+00 -1.9282e+00 +9.5479e-01 +4.3677e+00 -8.3220e-01 -2.2479e+00 -1.8827e+00 +3.9458e+00 -1.9190e+00 -1.5458e+00
2 0 +2.350924367e+03 +2.350924367e+03 +2.428584367e+03 +2.428584367e+03 -4.0608e+00 +4.8197e+00 +6.4574e-01 -1.2557e+00 -2.0755e+00 -3.5385e+00 +1.1641e+00 +3.8125e+00 +1.4223e+00 +3.0247e+00 +1.7780e+00 -3.4357e+00 -3.5217e-01 +2.6977e+00 -2.0271e-01 +2.7893e+00 -2.0652e+00 +1.8199e+00 -4.9170e+00 -2.9398e-01
3 0 +2.026582691e+03 +2.026582691e+03 +2.104242691e+03 +2.104242691e+03 +1.2387e+00 -1.8130e+00 -2.5743e+00 +4.2399e+00 -4.1585e+00 +2.3565e+00 +1.8649e+00 +4.9335e+00 -2.8826e+00 +2.4091e+00 +4.8179e+00 +2.3259e+00 +2.5367e+00 -2.8211e+00 -4.4401e-01 +1.8772e+00 +2.6714e+00 -1.0561e+00 -7.3617e-01 +1.5355e+00
5 0 +1.817618460e+03 +1.817618460e+03 +1.895278460e+03 +1.895278460e+03 +2.9454e+00 +4.0208e+00 +2.7558e+00 -8.0925e-01 -1.7480e+00 -4.0957e+00 -7.5051e-01 +2.1380e+00 -5.6009e-01 -5.6800e-01 -4.8086e+00 -1.2853e+00 +7.3500e-01 -1.9967e+00 -3.5485e+00 -3.9004e+00 -1.1355e+00 +2.7844e+00 -8.3689e-01 -3.8856e+00
7 0 +1.250173879e+03 +1.250173879e+03 +1.327833879e+03 +1.327833879e+03 -4.8580e+00 +2.1964e+00 +2.5120e+00 -1.9681e-01 +2.0946e-01 -1.2595e+00 -4.3440e+00 +5.9809e-01 +4.4330e+00 -2.0890e+00 -3.1885e+00 -2.4749e+00 -4.9764e-01 -3.2703e+00 +6.2284e-01 -4.9565e-01 +1.5818e+00 +1.8234e+00 +2.8689e+00 -3.4994e+00
13 0 +1.212268873e+03 +1.212268873e+03 +1.289928873e+03 +1.289928873e+03 -1.4971e+00 +1.3387e-01 -4.0380e+00 +1.2757e+00 +4.5287e+00 +1.9279e+00 +3.0692e+00 -3.8816e-01 +3.7075e+00 +2.3962e+00 +4.7260e+00 -1.1449e+00 -4.1880e+00 +2.8156e-01 -3.2177e+00 -1.5861e+00 +3.7821e+00 -3.8528e+00 +3.9214e+00 -1.8898e+00
16 0 +1.026595371e+03 +1.026595371e+03 +1.104255371e+03 +1.104255371e+03 +4.3500e+00 -4.6488e+00 +2.4504e+00 +1.2910e+00 -3.9516e+00 -2.9325e+00 +5.5674e-01 -8.4654e-02 -1.4931e-03 +5.0117e-01 +3.5762e+00 +4.5264e+00 -4.7086e+00 -3.7069e-01 -8.4574e-01 -3.9247e+00 +1.2729e+00 -3.4714e+00 -2.7577e+00 -3.5577e+00
17 0 +8.362172725e+02 +8.362172725e+02 +9.138772725e+02 +9.138772725e+02 +9.3723e-01 -4.6756e+00 -1.2535e+00 -3.5459e+00 -4.0320e-01 -4.5787e-01 +2.0306e+00 -4.6001e+00 +2.8770e-01 -2.7010e+00 +3.7040e+00 +3.3230e+00 +3.1575e+00 +3.3222e+00 -1.1407e+00 -1.3395e+00 -8.1278e-01 -3.0382e+00 +8.8591e-01 -4.4094e+00
41 0 +6.229247911e+02 +6.229247911e+02 +7.005847911e+02 +7.005847911e+02 -1.7163e+00 -2.0148e+00 -2.2893e+00 +2.5567e+00 -4.0858e-02 -9.7667e-01 -3.9999e+00 +3.0323e+00 +9.6872e-01 -4.7639e+00 -3.4031e-01 -7.6955e-01 -1.3616e+00 -1.9763e+00 +2.7764e-02 +1.3781e-01 +2.6171e+00 -4.1850e+00 +1.3112e+00 -4.2622e+00
53 0 +6.135548898e+02 +6.135548898e+02 +6.912148898e+02 +6.912148898e+02 -3.0284e+00 -1.8595e+00 -2.3249e+00 +2.5643e+00 +1.2858e+00 -2.6177e-01 -4.4221e+00 +2.9502e+00 +2.1457e+00 -1.0021e+00 +2.2109e-01 +7.7233e-01 -9.5672e-01 -2.4049e+00 -1.0337e-01 +1.0331e+00 +2.6337e+00 -4.3705e+00 +2.4286e+00 -5.0000e+00
60 0 +4.840191538e+02 +4.840191538e+02 +5.616791538e+02 +5.616791538e+02 +8.4755e-01 -1.9243e+00 -3.0364e+00 +2.8828e+00 +5.3158e-01 -5.3784e-01 -2.3824e+00 +2.3541e+00 +3.3747e-02 -3.8375e+00 +1.0470e+00 -4.4014e-01 -3.1649e+00 -4.4273e+00 -9.1329e-01 +5.1753e-01 +2.6133e+00 -5.0000e+00 +1.2342e+00 -4.2600e+00
65 0 +4.690985591e+02 +4.690985591e+02 +5.467585591e+02 +5.467585591e+02 -1.3642e+00 -2.7374e+00 -5.2376e-01 +2.8904e+00 -1.1060e+00 -1.0841e+00 -4.9676e+00 +3.1997e+00 +1.4907e+00 -4.6802e+00 +1.7875e-01 -1.0987e+00 -1.5132e+00 -1.7658e+00 -1.7643e+00 +1.0919e+00 +1.2657e+00 -5.0000e+00 +1.4674e+00 -4.3281e+00
104 0 +4.518153815e+02 +4.518153815e+02 +5.294753815e+02 +5.294753815e+02 -1.3541e+00 -3.0552e+00 -1.6482e+00 +4.5472e+00 -3.7671e-01 -1.1189e+00 -4.9637e+00 +3.1439e+00 +1.9493e+00 -3.8464e+00 -8.3261e-02 -1.0908e+00 -1.5796e+00 -9.6530e-01 -2.0652e+00 +1.0905e+00 +1.2093e+00 -5.0000e+00 +2.0734e+00 -4.4157e+00
105 0 +4.077114782e+02 +4.077114782e+02 +4.853714782e+02 +4.853714782e+02 -1.8640e+00 -2.0880e+00 -1.0724e+00 +3.1432e+00 -8.3263e-01 -7.6956e-01 -5.0000e+00 +3.0546e+00 +1.5538e+00 -5.0000e+00 +1.7482e-01 -7.7457e-01 -1.2176e+00 -1.7123e+00 -1.1426e+00 +1.1104e+00 +1.1374e+00 -4.6601e+00 +2.0710e+00 -4.2031e+00
124 0 +3.720355440e+02 +3.720355440e+02 +4.496955440e+02 +4.496955440e+02 -1.0031e+00 -2.6982e+00 -2.5623e+00 +3.0796e+00 -1.0331e+00 -1.2321e+00 -5.0000e+00 +3.2075e+00 +1.2437e+00 -5.0000e+00 +2.2435e-01 -1.0206e+00 -1.5329e+00 -1.9940e+00 -1.1110e+00 +1.5574e+00 +1.2841e+00 -3.3715e+00 +2.3894e+00 -4.4106e+00
127 0 +3.549961824e+02 +3.549961824e+02 +4.326561824e+02 +4.326561824e+02 -5.7242e-01 -2.3757e+00 -7.9911e-02 +2.6819e+00 -1.0985e+00 -1.6918e+00 -4.8942e+00 +3.2502e+00 +1.0314e+00 -3.6758e+00 +2.6079e-01 +5.0076e-01 -1.5152e+00 -2.0846e+00 -2.8483e+00 +1.2944e+00 +5.3879e-01 -3.7499e+00 +1.9553e+00 -4.6317e+00
160 0 +3.440165628e+02 +3.440165628e+02 +4.216765628e+02 +4.216765628e+02 -5.3907e-01 -2.3454e+00 +4.8154e-01 +2.7468e+00 -1.1612e+00 -1.7970e+00 -4.8643e+00 +3.2583e+00 +7.4536e-01 -3.7949e+00 +2.9490e-01 +2.7015e-01 -1.6801e+00 -1.8481e+00 -3.3813e+00 +1.3366e+00 +6.3884e-01 -3.0550e+00 +1.7472e+00 -4.5882e+00
190 0 +3.235502035e+02 +3.235502035e+02 +4.012102035e+02 +4.012102035e+02 -4.2320e-01 -2.3966e+00 +1.3141e-01 +2.7090e+00 -1.0951e+00 -1.2816e+00 -4.8988e+00 +3.1660e+00 +8.0301e-01 -4.1170e+00 +3.0131e-01 -5.1764e-01 -1.5164e+00 -2.2807e+00 -3.2391e+00 +1.3144e+00 +5.6527e-01 -3.5285e+00 +1.9949e+00 -4.6498e+00
212 0 +3.025846582e+02 +3.025846582e+02 +3.802446582e+02 +3.802446582e+02 -4.7486e-01 -2.3905e+00 +4.4978e-01 +2.7156e+00 -1.1043e+00 -1.4152e+00 -4.9229e+00 +3.0958e+00 +8.0917e-01 -4.1785e+00 +3.0143e-01 -4.7400e-01 -1.4487e+00 -2.5776e+00 -3.1939e+00 +1.3015e+00 +5.4269e-01 -3.5895e+00 +2.0466e+00 -4.6228e+00
265 0 +2.972339781e+02 +2.972339781e+02 +3.748939781e+02 +3.748939781e+02 -5.4993e-01 -2.4098e+00 +4.8527e-01 +2.7154e+00 -1.1052e+00 -1.4090e+00 -4.9271e+00 +3.1546e+00 +8.1109e-01 -4.0123e+00 +3.0078e-01 -4.5077e-01 -1.4373e+00 -2.6496e+00 -3.2565e+00 +1.3101e+00 +5.4432e-01 -3.5428e+00 +2.0580e+00 -4.6273e+00
302 0 +2.907760659e+02 +2.907760659e+02 +3.684360659e+02 +3.684360659e+02 -5.3031e-01 -2.4159e+00 +5.4927e-01 +2.7215e+00 -1.0997e+00 -1.4598e+00 -4.9711e+00 +3.0329e+00 +7.7198e-01 -4.1857e+00 +2.9992e-01 -3.1767e-01 -1.4646e+00 -2.6025e+00 -3.2246e+00 +1.2932e+00 +5.6664e-01 -3.5818e+00 +2.0845e+00 -4.6180e+00
311 0 +2.869013707e+02 +2.869013707e+02 +3.645613707e+02 +3.645613707e+02 -5.5474e-01 -2.4167e+00 +6.5843e-01 +2.7140e+00 -1.1109e+00 -1.4768e+00 -4.9758e+00 +2.9780e+00 +7.7219e-01 -4.1857e+00 +2.9862e-01 -3.1489e-01 -1.4472e+00 -2.5460e+00 -3.2380e+00 +1.2972e+00 +5.6745e-01 -3.5811e+00 +2.0761e+00 -4.6210e+00
355 0 +2.767853928e+02 +2.767853928e+02 +3.544453928e+02 +3.544453928e+02 -5.1870e-01 -2.4153e+00 +5.4879e-01 +2.7241e+00 -1.1010e+00 -1.3644e+00 -4.9519e+00 +3.0193e+00 +8.0618e-01 -4.1848e+00 +2.9634e-01 -4.0085e-01 -1.4726e+00 -2.5187e+00 -3.2212e+00 +1.2933e+00 +5.7358e-01 -3.5881e+00 +2.0719e+00 -4.6494e+00
380 0 +2.736012713e+02 +2.736012713e+02 +3.512612713e+02 +3.512612713e+02 -5.3644e-01 -2.4132e+00 +5.4530e-01 +2.7240e+00 -1.1001e+00 -1.3636e+00 -4.9549e+00 +3.0169e+00 +8.2217e-01 -4.1830e+00 +2.9717e-01 -3.9268e-01 -1.4831e+00 -2.4556e+00 -3.2213e+00 +1.2925e+00 +5.7383e-01 -3.5315e+00 +2.0446e+00 -4.6276e+00
463 0 +2.690939724e+02 +2.690939724e+02 +3.467539724e+02 +3.467539724e+02 -5.3700e-01 -2.4131e+00 +5.3365e-01 +2.7240e+00 -1.1016e+00 -1.3804e+00 -4.9551e+00 +3.0166e+00 +8.2025e-01 -4.1785e+00 +2.9709e-01 -3.9098e-01 -1.4831e+00 -2.4910e+00 -3.2228e+00 +1.2920e+00 +5.7560e-01 -3.5212e+00 +2.0384e+00 -4.6361e+00
% f evaluations | g evaluations | best noise-free fitness - Fopt | noise-free fitness - Fopt (1.156800000000e+02) | measured fitness | best measured fitness | x1 | x2...
1 0 +3.128285432e+03 +3.128285432e+03 +3.243965432e+03 +3.243965432e+03 -3.7317e+00 +3.5978e+00 -2.6764e+00 +9.9244e-01 -6.4031e-01 -1.7182e+00 -4.8687e-01 +1.9698e+00 +4.9397e+00 -2.8855e+00 -3.2367e+00 -3.0121e+00 +1.0121e+00 -3.9055e+00 +3.5249e+00 -4.5748e+00 +4.5199e+00 -1.4005e+00 -3.3416e+00 -3.6983e+00
3 0 +2.202166447e+03 +2.202166447e+03 +2.317846447e+03 +2.317846447e+03 -6.0690e-01 -4.7304e+00 -3.6606e+00 -4.2319e+00 -3.7519e+00 -3.1193e+00 +2.9809e-01 -6.7873e-01 +5.8199e-01 -3.9948e+00 +4.9802e+00 +3.2380e+00 +2.8068e+00 -1.6640e+00 -1.9196e+00 +4.2330e+00 +1.8341e+00 -3.7080e+00 +4.7674e+00 -3.4815e-01
5 0 +2.184730760e+03 +2.184730760e+03 +2.300410760e+03 +2.300410760e+03 -6.0583e-01 -1.3678e+00 +4.9377e+00 +1.5013e+00 -4.9717e+00 -2.7784e+00 +9.3896e-01 +3.3901e+00 +5.6201e-01 +2.2514e+00 +2.0509e+00 +2.9841e+00 +1.5416e+00 +3.1232e+00 +2.4689e+00 +1.6134e+00 -2.7750e+00 -3.6918e+00 -2.5069e+00 -4.1345e+00
10 0 +1.877713729e+03 +1.877713729e+03 +1.993393729e+03 +1.993393729e+03 +8.9333e-01 -4.3616e+00 -1.7666e+00 +2.1475e+00 -2.4728e+00 -4.3356e+00 -6.0882e-01 +4.7521e-01 -1.4919e+00 +4.8912e+00 -2.7368e+00 +3.0603e+00 +1.5737e+00 -1.3509e+00 +1.0717e+00 +7.4738e-01 -4.1115e+00 -9.0750e-01 +3.8726e-01 -4.0554e+00
13 0 +1.271064280e+03 +1.271064280e+03 +1.386744280e+03 +1.386744280e+03 +4.9539e+00 -3.4513e+00 -4.8578e+00 +1.6149e+00 -2.9729e+00 -3.4274e+00 -9.7670e-01 -2.8961e+00 +3.0205e-01 +3.2988e+00 +7.9118e-01 +5.8177e-01 -8.0696e-01 -3.9704e+00 -3.0981e+00 -4.1438e+00 -5.1841e-01 -1.3969e+00 +1.5477e-01 +7.2765e-01
34 0 +9.957033692e+02 +9.957033692e+02 +1.111383369e+03 +1.111383369e+03 +4.6607e+00 +3.1398e+00 +3.6004e+00 +3.1641e+00 +2.9183e+00 -6.0203e-01 +1.4773e+00 +1.5936e+00 -4.2452e+00 -2.0270e+00 -3.6940e+00 +1.3592e+00 +5.6202e-01 +2.5648e+00 -1.3005e+00 -3.1302e+00 -2.6589e+00 +2.9623e+00 +3.9423e+00 -2.2832e+00
46 0 +8.552248428e+02 +8.552248428e+02 +9.709048428e+02 +9.709048428e+02 -1.9798e+00 -1.0569e+00 +9.6938e-02 +2.0755e-02 +4.8371e+00 -4.2201e+00 +3.3244e+00 +4.2832e+00 -4.0682e+00 -8.9327e-01 +2.4921e+00 -3.8999e-01 -4.2752e-01 +3.1535e+00 -1.9896e+00 +8.5268e-01 -1.9111e+00 +1.6783e+00 +4.1534e+00 +1.2414e+00
59 0 +8.365822000e+02 +8.365822000e+02 +9.522622000e+02 +9.522622000e+02 -4.9896e+00 -2.8156e+00 -1.7216e-01 -1.3380e-02 +4.6213e+00 +1.4580e+00 +1.5382e+00 +3.6842e+00 -3.2162e+00 -1.2765e+00 +2.3756e+00 -3.0849e+00 -1.5937e+00 +3.5394e-01 +4.8669e-01 +8.1399e-01 -4.1699e+00 +9.3723e-01 +5.0000e+00 -1.4689e-01
64 0 +6.845248670e+02 +6.845248670e+02 +8.002048670e+02 +8.002048670e+02 +1.8403e+00 -1.7157e+00 +1.1654e+00 -9.8213e-02 +4.7161e+00 -5.0000e+00 -6.6834e-01 +5.0000e+00 -5.0000e+00 -1.7204e+00 +1.8316e+00 -2.2587e+00 -3.9031e-01 +3.2887e+00 -4.8350e+00 +4.0576e-01 -1.9036e+00 +3.1009e+00 +5.0000e+00 -9.8792e-02
103 0 +6.370218477e+02 +6.370218477e+02 +7.527018477e+02 +7.527018477e+02 +6.3685e-01 -7.0826e-01 +1.3002e+00 -1.1303e-01 +5.0000e+00 -4.9589e+00 -2.7183e+00 +5.0000e+00 -5.0000e+00 -1.8247e+00 +2.3894e+00 -2.9608e+00 -4.2931e-01 +2.5250e+00 -5.0000e+00 +7.2621e-02 -2.2900e+00 +2.1503e+00 +5.0000e+00 -7.3917e-01
152 0 +6.306845986e+02 +6.306845986e+02 +7.463645986e+02 +7.463645986e+02 -1.3414e+00 -1.7631e+00 +1.2104e+00 -1.6489e-01 +4.4763e+00 -4.7675e+00 -1.3985e+00 +4.9721e+00 -5.0000e+00 -2.2489e+00 +1.9098e+00 -2.1424e+00 -8.1229e-01 +3.1483e+00 -4.2460e+00 +3.6552e-01 -2.4100e+00 +3.6292e+00 +5.0000e+00 +4.0252e-02
159 0 +6.139655968e+02 +6.139655968e+02 +7.296455968e+02 +7.296455968e+02 +2.0669e+00 -1.8771e+00 +1.2215e+00 -1.3270e-01 +4.4808e+00 -4.8961e+00 -2.6692e+00 +5.0000e+00 -5.0000e+00 -2.3542e+00 +1.7336e+00 -2.3614e+00 -9.2128e-01 +3.1933e+00 -3.7749e+00 +3.5936e-01 -2.0628e+00 +3.8226e+00 +5.0000e+00 -4.8525e-02
174 0 +5.977119695e+02 +5.977119695e+02 +7.133919695e+02 +7.133919695e+02 -1.6647e+00 -1.8380e+00 +1.1533e+00 -1.7391e-01 +4.3665e+00 -4.8977e+00 -2.7314e+00 +4.9844e+00 -5.0000e+00 -2.1349e+00 +1.7979e+00 -3.1013e+00 -6.8486e-01 +3.0370e+00 -3.9744e+00 +3.4767e-01 -2.5725e+00 +3.6219e+00 +4.4303e+00 -1.3990e-01
183 0 +5.812544748e+02 +5.812544748e+02 +6.969344748e+02 +6.969344748e+02 -1.3720e-01 -1.7598e+00 +1.2144e+00 -1.7690e-01 +4.3261e+00 -4.9424e+00 -2.0400e+00 +4.9771e+00 -5.0000e+00 -2.2495e+00 +1.7533e+00 -1.8970e+00 -8.6670e-01 +3.0424e+00 -3.8922e+00 +5.3148e-01 -2.3364e+00 +3.4424e+00 +5.0000e+00 +2.7145e-02
186 0 +5.750064054e+02 +5.750064054e+02 +6.906864054e+02 +6.906864054e+02 -4.7691e-01 -1.7750e+00 +5.5526e-01 -1.6757e-01 +4.3426e+00 -4.7425e+00 -3.8100e+00 +4.9707e+00 -5.0000e+00 -2.3308e+00 +1.9161e+00 -2.2458e+00 -2.0177e+00 +3.1405e+00 -4.7054e+00 +3.8547e-01 -2.4295e+00 +3.8609e+00 +5.0000e+00 +1.6771e-01
208 0 +5.359241663e+02 +5.359241663e+02 +6.516041663e+02 +6.516041663e+02 -5.7893e-01 -1.7724e+00 +2.5789e-01 -2.0775e-01 +4.2812e+00 -4.7483e+00 -2.8257e+00 +4.9721e+00 -5.0000e+00 -2.3667e+00 +1.9187e+00 -2.2526e+00 -1.4203e+00 +3.1429e+00 -4.7636e+00 +5.2326e-01 -2.3643e+00 +3.8310e+00 +5.0000e+00 +2.0614e-01
315 0 +5.182428169e+02 +5.182428169e+02 +6.339228169e+02 +6.339228169e+02 -6.2309e-01 -1.8234e+00 +8.9107e-01 -1.6448e-01 +4.1883e+00 -4.7204e+00 -4.3242e+00 +4.9673e+00 -5.0000e+00 -2.3512e+00 +1.9001e+00 -2.1929e+00 -2.0142e+00 +3.1256e+00 -4.7128e+00 +3.8230e-01 -2.3097e+00 +3.8394e+00 +5.0000e+00 +1.7324e-01
333 0 +5.126707005e+02 +5.126707005e+02 +6.283507005e+02 +6.283507005e+02 -4.9645e-01 -1.9089e+00 +9.3617e-01 -1.6574e-01 +4.1443e+00 -4.6946e+00 -4.3327e+00 +4.9718e+00 -5.0000e+00 -2.4533e+00 +1.8827e+00 -2.2008e+00 -2.0225e+00 +3.1213e+00 -4.7441e+00 +3.6206e-01 -2.2926e+00 +3.8442e+00 +5.0000e+00 +2.7597e-01
368 0 +4.965529902e+02 +4.965529902e+02 +6.122329902e+02 +6.122329902e+02 -4.7900e-01 -1.9167e+00 +9.6289e-01 -1.6780e-01 +4.1445e+00 -4.7056e+00 -4.3349e+00 +4.9718e+00 -5.0000e+00 -2.4509e+00 +1.8855e+00 -2.2027e+00 -2.0218e+00 +3.1211e+00 -4.7438e+00 +3.6410e-01 -2.2925e+00 +3.8760e+00 +5.0000e+00 +2.2619e-01
479 0 +4.895844074e+02 +4.895844074e+02 +6.052644074e+02 +6.052644074e+02 -4.9287e-01 -1.9098e+00 +9.2177e-01 -1.6456e-01 +4.1349e+00 -4.6800e+00 -4.3165e+00 +4.9716e+00 -5.0000e+00 -2.4590e+00 +1.8756e+00 -2.1985e+00 -2.0528e+00 +3.1215e+00 -4.7453e+00 +3.6431e-01 -2.2978e+00 +3.8416e+00 +5.0000e+00 +2.1036e-01
% f evaluations | g evaluations | best noise-free fitness - Fopt | noise-free fitness - Fopt (-3.710000000000e+00) | measured fitness | best measured fitness | x1 | x2...
1 0 +1.358352654e+03 +1.358352654e+03 +1.354642654e+03 +1.354642654e+03 +3.2205e+00 -1.8897e-01 +2.9065e+00 +2.5385e+00 -1.3852e+00 +2.5092e+00 -1.6051e+00 +1.8120e+00 -3.3095e+00 -4.2756e+00 +1.0859e+00 -3.5969e+00 -3.0303e-02 -2.4496e+00 +4.1586e+00 -4.1308e+00 -2.4632e+00 +3.5507e+00 -4.0983e+00 -3.6338e+00
9 0 +1.037790696e+03 +1.037790696e+03 +1.034080696e+03 +1.034080696e+03 -4.4403e+00 +1.9710e+00 +4.8425e+00 +3.0928e+00 +1.5010e+00 -3.9717e+00 +4.0839e+00 -1.8017e+00 +3.6088e+00 +4.9635e+00 -5.9038e-01 -7.7217e-01 +3.3711e+00 +1.7153e+00 +5.3882e-01 -4.9749e+00 +4.3425e+00 +1.1076e+00 +1.9516e+00 -4.1237e+00
25 0 +9.709737263e+02 +9.709737263e+02 +9.672637263e+02 +9.672637263e+02 -4.5349e+00 +3.1014e+00 +3.7706e+00 +2.0930e-01 -1.3477e+00 -1.6693e+00 -9.1673e-01 +3.9985e+00 -4.9373e+00 +8.2211e-01 -3.6299e+00 +1.1184e+00 +3.7059e+00 -3.0745e-01 +1.5255e+00 -1.8287e+00 -2.4265e-01 +4.8558e+00 +2.1040e+00 -3.5596e+00
32 0 +9.371302773e+02 +9.371302773e+02 +9.334202773e+02 +9.334202773e+02 -4.7738e+00 +3.9776e+00 +1.0433e-01 -2.1141e+00 -3.6096e+00 -4.9516e+00 -4.2327e+00 -2.2262e+00 +1.1590e+00 -1.1116e+00 +2.5469e+00 +2.8312e+00 +3.6676e+00 -2.2780e+00 +3.4529e-01 -2.4946e+00 -7.2928e-01 +4.6680e+00 +4.4498e+00 -1.0830e+00
46 0 +7.920357008e+02 +7.920357008e+02 +7.883257008e+02 +7.883257008e+02 +1.3949e+00 -3.4831e+00 +3.8312e-01 +4.0867e+00 -2.0618e+00 +1.9218e+00 +4.1230e+00 -4.0529e+00 -2.9696e+00 -3.5817e+00 -1.2732e+00 -1.2347e+00 +4.4506e+00 +1.8064e-02 -2.2566e+00 -1.4635e+00 +1.3881e+00 -1.0568e+00 +2.6816e+00 -4.5149e-01
56 0 +6.251281659e+02 +6.251281659e+02 +6.214181659e+02 +6.214181659e+02 +2.3268e+00 -2.8239e+00 +1.8359e+00 +5.0000e+00 -2.2270e+00 +6.2547e-01 +7.7455e-01 -4.0632e+00 -2.5358e+00 -1.8061e+00 -1.2875e+00 -1.4122e+00 +5.0000e+00 -1.2538e+00 +5.3323e-03 -5.0000e+00 +1.6062e+00 -7.6120e-01 +2.9823e+00 -4.6836e-01
59 0 +4.675903830e+02 +4.675903830e+02 +4.638803830e+02 +4.638803830e+02 -1.8046e+00 -3.1580e+00 +4.3865e-01 +3.7902e+00 -7.3064e-01 +1.8627e+00 +4.1223e+00 -4.5480e+00 -5.0000e+00 -1.5098e+00 -1.3346e+00 -1.2656e+00 +5.0000e+00 -9.4373e-01 +2.0049e-02 -4.1122e+00 +1.0138e+00 +6.8513e-01 +2.5494e+00 -1.7716e+00
128 0 +4.449616019e+02 +4.449616019e+02 +4.412516019e+02 +4.412516019e+02 +4.6822e-01 -3.1253e+00 +8.2509e-01 +3.8721e+00 -1.6851e+00 +1.8180e+00 +4.1317e+00 -4.5997e+00 -4.0278e+00 -8.8319e-02 -1.2643e+00 -2.7818e-01 +5.0000e+00 -4.7880e-01 +8.8450e-01 -5.0000e+00 +8.0548e-01 +5.9493e-01 +2.5374e+00 -2.3467e+00
142 0 +4.350494787e+02 +4.350494787e+02 +4.313394787e+02 +4.313394787e+02 +9.8484e-02 -3.1568e+00 +3.2482e-01 +4.4678e+00 -8.1295e-01 +2.7642e+00 +4.1271e+00 -4.1981e+00 -4.9160e+00 -1.7962e+00 -1.3545e+00 -1.2409e+00 +5.0000e+00 -8.4667e-01 -8.3836e-02 -3.4010e+00 +4.2200e-01 +8.8022e-01 +2.5315e+00 -1.7521e+00
147 0 +4.076624411e+02 +4.076624411e+02 +4.039524411e+02 +4.039524411e+02 -1.4077e+00 -3.1606e+00 +4.4935e-01 +3.8040e+00 +7.8533e-01 +2.2232e+00 +4.2499e+00 -2.9784e+00 -3.1918e+00 -6.2902e-01 -1.3328e+00 -5.8810e-01 +4.5501e+00 -8.0048e-01 +9.3960e-01 -5.0000e+00 +7.9082e-01 +7.6326e-01 +3.9529e+00 -1.7628e+00
162 0 +4.002306232e+02 +4.002306232e+02 +3.965206232e+02 +3.965206232e+02 -2.3331e+00 -3.1572e+00 +4.5091e-01 +3.7657e+00 +1.5176e+00 +2.3147e+00 +4.2343e+00 -3.8521e+00 -2.8557e+00 -4.6187e-02 -1.4260e+00 -1.9860e-01 +4.4688e+00 -8.3176e-01 +9.3511e-01 -4.9061e+00 +1.1276e+00 +8.5022e-01 +4.3685e+00 -1.8600e+00
201 0 +3.972888686e+02 +3.972888686e+02 +3.935788686e+02 +3.935788686e+02 -1.2440e+00 -3.1738e+00 +4.4822e-01 +3.8283e+00 +1.6433e+00 +2.3152e+00 +4.2470e+00 -2.6057e+00 -2.9220e+00 -9.6963e-03 -1.3319e+00 -7.4472e-01 +4.7317e+00 -7.2453e-01 +1.2288e+00 -5.0000e+00 +6.2322e-01 +7.6418e-01 +4.2846e+00 -1.7499e+00
208 0 +3.545398173e+02 +3.545398173e+02 +3.508298173e+02 +3.508298173e+02 -1.7631e+00 -3.1798e+00 +4.4841e-01 +3.8319e+00 +2.9774e+00 +2.3158e+00 +4.2456e+00 -2.3791e+00 -2.9677e+00 +3.6901e-02 -1.3317e+00 -7.1491e-01 +4.6785e+00 -7.1846e-01 +1.0370e+00 -4.3756e+00 +7.0337e-01 +7.4209e-01 +4.2742e+00 -1.7508e+00
312 0 +3.334616034e+02 +3.334616034e+02 +3.297516034e+02 +3.297516034e+02 -8.5003e-01 -3.2315e+00 +4.5955e-01 +3.8929e+00 +2.4731e+00 +2.3784e+00 +4.2466e+00 -2.7113e+00 -3.0428e+00 -5.1904e-01 -1.2631e+00 -8.3887e-01 +4.8990e+00 -7.2669e-01 +1.4516e+00 -4.7828e+00 +3.4054e-01 +7.9136e-01 +3.9530e+00 -1.7433e+00
367 0 +3.304370619e+02 +3.304370619e+02 +3.267270619e+02 +3.267270619e+02 -7.4288e-01 -3.2314e+00 +4.6001e-01 +3.8929e+00 +2.4731e+00 +2.3725e+00 +4.2466e+00 -2.7277e+00 -3.0484e+00 -5.1846e-01 -1.2616e+00 -8.3980e-01 +4.8972e+00 -7.2178e-01 +1.4571e+00 -4.6991e+00 +3.7574e-01 +7.9162e-01 +3.9514e+00 -1.7523e+00
418 0 +3.204919482e+02 +3.204919482e+02 +3.167819482e+02 +3.167819482e+02 -8.5396e-01 -3.2321e+00 +4.5935e-01 +3.8883e+00 +2.3701e+00 +2.3780e+00 +4.2467e+00 -2.7087e+00 -3.0219e+00 -4.2867e-01 -1.2640e+00 -8.4509e-01 +4.8953e+00 -7.2651e-01 +1.4519e+00 -4.7774e+00 +3.3690e-01 +7.9391e-01 +3.9534e+00 -1.7448e+00
529 0 +3.152674828e+02 +3.152674828e+02 +3.115574828e+02 +3.115574828e+02 -8.6905e-01 -3.2327e+00 +4.5829e-01 +3.8905e+00 +2.3107e+00 +2.3768e+00 +4.2468e+00 -2.6818e+00 -3.0276e+00 -4.5280e-01 -1.2646e+00 -8.2559e-01 +4.8916e+00 -7.2721e-01 +1.4522e+00 -4.7620e+00 +3.4767e-01 +7.7891e-01 +3.9454e+00 -1.7456e+00
782 0 +3.088877152e+02 +3.088877152e+02 +3.051777152e+02 +3.051777152e+02 -8.6944e-01 -3.2327e+00 +4.5834e-01 +3.8909e+00 +2.3102e+00 +2.3769e+00 +4.2467e+00 -2.6894e+00 -3.0273e+00 -4.5299e-01 -1.2646e+00 -8.4577e-01 +4.8915e+00 -7.2721e-01 +1.4523e+00 -4.7628e+00 +3.7128e-01 +7.7891e-01 +3.9456e+00 -1.7456e+00
3379 0 +3.019627080e+02 +3.019627080e+02 +2.982527080e+02 +2.982527080e+02 -8.6946e-01 -3.2327e+00 +4.5836e-01 +3.8909e+00 +2.3101e+00 +2.3769e+00 +4.2467e+00 -2.6897e+00 -3.0274e+00 -4.5298e-01 -1.2646e+00 -8.7375e-01 +4.8915e+00 -7.2721e-01 +1.4523e+00 -4.7628e+00 +4.1663e-01 +7.7891e-01 +3.9453e+00 -1.7456e+00
4620 0 +2.950044903e+02 +2.950044903e+02 +2.912944903e+02 +2.912944903e+02 -8.6946e-01 -3.2327e+00 +4.5836e-01 +3.8909e+00 +2.3101e+00 +2.3769e+00 +4.2467e+00 -2.6897e+00 -3.0274e+00 -4.5298e-01 -1.2646e+00 -9.5392e-01 +4.8915e+00 -7.2721e-01 +1.4523e+00 -4.7628e+00 +4.1663e-01 +7.7891e-01 +3.9453e+00 -1.7456e+00
% f evaluations | g evaluations | best noise-free fitness - Fopt | noise-free fitness - Fopt (1.321800000000e+02) | measured fitness | best measured fitness | x1 | x2...
1 0 +2.726384928e+03 +2.726384928e+03 +2.858564928e+03 +2.858564928e+03 -1.7536e+00 -4.2112e+00 -7.7372e-01 -4.2971e+00 +4.5707e+00 +2.1454e+00 +4.7880e+00 -2.0359e+00 +4.5624e-01 -2.2294e+00 +9.4700e-01 -4.7401e+00 +2.4185e+00 +4.5093e-01 +3.2870e+00 +1.4619e-01 +3.8841e+00 -1.1659e+00 +1.3392e+00 +1.8202e+00
4 0 +1.055479137e+03 +1.055479137e+03 +1.187659137e+03 +1.187659137e+03 +6.1687e-01 +1.0691e+00 -4.8038e+00 -3.7342e+00 -1.1178e-01 -1.7573e+00 +1.4087e+00 -3.7138e+00 -2.7418e+00 -3.1054e+00 +2.9997e+00 +1.0333e+00 -1.4677e+00 +1.9431e+00 -4.3159e+00 -3.5915e+00 +2.0639e+00 -2.2783e+00 -3.7665e+00 -1.9631e+00
14 0 +9.997581588e+02 +9.997581588e+02 +1.131938159e+03 +1.131938159e+03 +4.1776e+00 +3.3012e+00 -2.5729e+00 -4.3098e+00 -3.8600e+00 -3.6460e-01 -4.4275e+00 +1.9372e+00 +4.4098e+00 +1.6913e+00 +2.3943e+00 +3.3156e+00 -4.0597e+00 -7.9270e-01 +8.6942e-01 +9.8883e-01 +1.3434e+00 +2.1081e+00 -1.2509e+00 -3.3707e+00
30 0 +6.226897825e+02 +6.226897825e+02 +7.548697825e+02 +7.548697825e+02 -2.9991e+00 -2.9837e+00 +4.5270e+00 -1.9723e+00 -6.3213e-02 +6.8108e-01 -4.8538e+00 -2.6511e+00 -2.3779e+00 +2.6522e-01 -2.3705e+00 +3.4215e+00 -4.2587e+00 +9.7517e-01 -2.6213e+00 -2.0137e-01 +9.5535e-01 +1.2733e+00 -4.3021e-01 -2.5064e+00
57 0 +4.340998032e+02 +4.340998032e+02 +5.662798032e+02 +5.662798032e+02 -3.6936e+00 -2.7859e+00 +1.9960e+00 -8.1665e-01 -4.1855e-01 +9.9380e-01 -4.4963e+00 +9.7629e-01 -2.6070e+00 -9.5408e-02 -5.8863e-01 -1.9262e+00 -3.6504e+00 +5.7312e-01 -3.1672e+00 +1.8956e+00 +3.1846e+00 +2.1757e+00 -1.4126e+00 +1.8032e+00
99 0 +3.986864343e+02 +3.986864343e+02 +5.308664343e+02 +5.308664343e+02 -2.6690e+00 -2.8279e+00 +3.2623e+00 -2.9967e+00 -1.3583e+00 +4.3739e-01 -4.4775e+00 -2.8458e+00 -1.8019e+00 +5.2203e-01 -2.5708e+00 +3.5723e+00 -3.9664e+00 +1.7617e+00 -2.7371e+00 +1.0287e+00 +8.5660e-01 +3.9579e+00 -2.1431e+00 -7.2623e-01
116 0 +3.644990533e+02 +3.644990533e+02 +4.966790533e+02 +4.966790533e+02 -1.5408e+00 -2.8345e+00 +3.3115e+00 -2.8951e+00 -1.8352e+00 +5.7580e-01 -4.3556e+00 -1.1127e+00 -1.0927e+00 +4.1595e-01 -2.9410e+00 +3.7661e+00 -3.5809e+00 +1.7637e+00 -4.0057e+00 +1.1397e+00 +7.8944e-01 +2.1592e+00 -1.4413e+00 -1.1199e+00
125 0 +3.270627857e+02 +3.270627857e+02 +4.592427857e+02 +4.592427857e+02 -2.6481e+00 -2.8243e+00 +3.2856e+00 -2.9097e+00 -1.5604e-01 +4.6954e-01 -4.4797e+00 -2.6110e+00 -1.7501e+00 +2.6904e-01 -1.9133e+00 +2.6886e+00 -3.8216e+00 +2.0312e+00 -2.7067e+00 +1.7900e+00 +8.4012e-01 +3.4741e+00 -1.2964e+00 -4.3188e-01
180 0 +2.874204159e+02 +2.874204159e+02 +4.196004159e+02 +4.196004159e+02 -2.6546e+00 -2.8099e+00 +3.5029e+00 -2.9002e+00 -3.2470e-01 +4.4567e-01 -4.4848e+00 -2.7450e+00 -1.7765e+00 +2.1404e-01 -1.9868e+00 +2.0681e+00 -3.5204e+00 +2.0327e+00 -2.7481e+00 +1.1764e+00 +8.4036e-01 +3.7258e+00 -1.7054e+00 +1.3018e-01
269 0 +2.796286508e+02 +2.796286508e+02 +4.118086508e+02 +4.118086508e+02 -2.6666e+00 -2.8198e+00 +3.3799e+00 -2.8875e+00 -3.2931e-01 +4.5272e-01 -4.4842e+00 -2.7556e+00 -1.7731e+00 +2.3366e-01 -2.0381e+00 +2.0677e+00 -3.5355e+00 +2.0599e+00 -2.7537e+00 +1.1875e+00 +8.4430e-01 +3.8183e+00 -1.6689e+00 +1.3046e-01
331 0 +2.679395868e+02 +2.679395868e+02 +4.001195868e+02 +4.001195868e+02 -2.7010e+00 -2.8151e+00 +3.5010e+00 -2.8993e+00 -3.3054e-01 +4.4573e-01 -4.4834e+00 -2.7318e+00 -1.7752e+00 +2.1550e-01 -1.9195e+00 +2.0758e+00 -3.4503e+00 +2.0337e+00 -2.7539e+00 +1.2620e+00 +8.3098e-01 +3.7703e+00 -1.7138e+00 +1.1519e-01
424 0 +2.608303881e+02 +2.608303881e+02 +3.930103881e+02 +3.930103881e+02 -2.7024e+00 -2.8164e+00 +3.5038e+00 -2.8994e+00 -3.4154e-01 +4.4598e-01 -4.4834e+00 -2.7147e+00 -1.7757e+00 +2.1471e-01 -1.9223e+00 +2.0506e+00 -3.4881e+00 +2.0329e+00 -2.7531e+00 +1.2598e+00 +8.2995e-01 +3.7903e+00 -1.7108e+00 +9.5139e-02
630 0 +2.569947855e+02 +2.569947855e+02 +3.891747855e+02 +3.891747855e+02 -2.7023e+00 -2.8166e+00 +3.5001e+00 -2.8994e+00 -3.4093e-01 +4.4592e-01 -4.4833e+00 -2.6773e+00 -1.7756e+00 +2.1460e-01 -1.9262e+00 +2.0554e+00 -3.4629e+00 +2.0334e+00 -2.7519e+00 +1.2677e+00 +8.3060e-01 +3.7861e+00 -1.7134e+00 +1.1096e-01
% f evaluations | g evaluations | best noise-free fitness - Fopt | noise-free fitness - Fopt (-3.930000000000e+01) | measured fitness | best measured fitness | x1 | x2...
1 0 +8.249155467e+03 +8.249155467e+03 +8.209855467e+03 +8.209855467e+03 -3.7388e+00 -3.3985e+00 -2.4825e+00 +4.3074e+00 -2.8893e-01 +4.0626e+00 -1.8582e+00 -1.5884e+00 -4.8114e+00 -2.0479e+00 -2.3941e+00 -1.1001e+00 -3.3847e+00 +3.3439e+00 +1.7953e+00 -4.4628e+00 -1.2684e+00 -2.3523e+00 -2.3968e+00 +3.8643e+00
2 0 +2.046906582e+03 +2.046906582e+03 +2.007606582e+03 +2.007606582e+03 -2.1297e+00 +3.2459e+00 -2.8749e+00 -8.0845e-01 +3.2298e+00 -3.7605e+00 -2.4852e+00 +4.8438e+00 +2.5968e+00 -4.7279e+00 +7.4466e-01 -1.3178e+00 -1.4299e-01 -4.6325e+00 +2.7154e+00 +1.7047e+00 +4.9890e+00 -4.1021e+00 +1.4356e+00 -3.4039e+00
10 0 +1.242881043e+03 +1.242881043e+03 +1.203581043e+03 +1.203581043e+03 +8.8219e-01 -3.2133e+00 +4.8654e-01 +4.7728e+00 +4.4630e+00 -2.7119e+00 -4.4355e+00 +6.6813e-01 +2.1525e+00 +2.8275e+00 -3.9224e-01 -3.1306e+00 +4.3243e+00 -1.9240e-01 -3.3144e+00 +1.5058e+00 -1.0160e+00 +3.5171e-01 +1.4540e+00 -3.6158e+00
11 0 +8.740717643e+02 +8.740717643e+02 +8.347717643e+02 +8.347717643e+02 +3.8822e+00 +3.0239e+00 -4.4891e+00 -4.2106e+00 -1.6819e+00 -1.1861e+00 -1.3385e+00 -4.2322e+00 +2.0665e+00 -4.5323e+00 +4.2655e+00 +1.8274e+00 -2.2613e+00 +7.1275e-01 -1.3537e+00 -9.7717e-01 -1.6287e+00 +2.6359e-01 -1.7620e+00 -3.8759e+00
51 0 +8.451363520e+02 +8.451363520e+02 +8.058363520e+02 +8.058363520e+02 -3.6394e-01 +2.5391e+00 -5.0000e+00 -2.0605e+00 -9.2325e-01 -3.5233e+00 -1.4250e+00 -3.4148e+00 +5.0000e+00 -3.9271e+00 +5.0000e+00 +8.0878e-02 -1.9805e+00 +7.9742e-01 -1.3266e-01 -9.7077e-01 -1.6742e+00 +1.5196e+00 -2.0109e+00 -5.0000e+00
53 0 +8.156237722e+02 +8.156237722e+02 +7.763237722e+02 +7.763237722e+02 +5.0000e+00 +2.9010e+00 -3.3343e+00 -3.5770e+00 -4.0552e+00 -4.8363e+00 -2.4151e+00 -5.0000e+00 +3.4128e+00 -4.5577e+00 +4.2974e+00 +1.8954e+00 -3.4309e+00 -2.5337e-02 -2.6603e+00 -1.0386e+00 -1.6800e+00 +2.2594e+00 +3.8152e-01 -1.7591e+00
55 0 +7.180377786e+02 +7.180377786e+02 +6.787377786e+02 +6.787377786e+02 +1.9854e+00 +5.0000e+00 -4.5497e+00 -2.5743e+00 -2.3298e+00 -9.2665e-01 -1.0279e+00 -3.5281e+00 +5.9398e-01 -4.5515e+00 +3.9491e+00 +1.7808e+00 -5.7266e-01 +8.2681e-01 -1.5250e+00 -1.2750e+00 -5.1327e-01 +1.0183e+00 -1.5856e+00 -5.0000e+00
108 0 +6.807433472e+02 +6.807433472e+02 +6.414433472e+02 +6.414433472e+02 +2.1065e+00 +3.3920e+00 -4.2626e+00 -2.1835e+00 -2.0706e+00 -7.0877e-01 -1.2296e+00 -3.8468e+00 +7.1168e-01 -4.5207e+00 +3.8868e+00 +1.4819e+00 -3.9866e-01 +1.1303e+00 -1.6334e+00 -1.2942e+00 -3.4615e-01 +1.3383e+00 -1.8322e+00 -4.9312e+00
109 0 +6.728954719e+02 +6.728954719e+02 +6.335954719e+02 +6.335954719e+02 +2.4516e+00 +5.0000e+00 -4.3224e+00 -3.1175e+00 -2.2525e+00 -8.5003e-01 -7.9384e-01 -3.6996e+00 +1.5995e+00 -4.4289e+00 +3.4349e+00 +1.8579e+00 -1.0582e+00 +8.3415e-01 -1.7881e+00 -1.2309e+00 +2.1592e-01 +1.0400e+00 -2.9256e+00 -4.3867e+00
118 0 +6.053334892e+02 +6.053334892e+02 +5.660334892e+02 +5.660334892e+02 +2.8316e-01 +3.3806e+00 -4.5599e+00 -2.4360e+00 -2.1390e+00 -9.5857e-01 -7.0867e-01 -3.5689e+00 +8.8717e-01 -4.2329e+00 +4.0662e+00 +1.7465e+00 -1.5878e+00 +4.9805e-01 -1.6119e+00 -1.4645e-02 -1.2717e-01 +2.8831e+00 -1.4626e+00 -5.0000e+00
157 0 +5.461080982e+02 +5.461080982e+02 +5.068080982e+02 +5.068080982e+02 +6.7892e-01 +3.7453e+00 -4.5334e+00 -2.6157e+00 -2.2139e+00 -1.3655e+00 -7.2110e-01 -3.4248e+00 +7.1904e-01 -4.3344e+00 +4.0136e+00 +1.7462e+00 -7.4399e-01 +4.7161e-01 -1.6925e+00 +5.3044e-01 +1.7349e-01 +3.2494e+00 -1.0776e+00 -5.0000e+00
193 0 +5.163739430e+02 +5.163739430e+02 +4.770739430e+02 +4.770739430e+02 +3.1099e-01 +3.0471e+00 -4.5613e+00 -2.4460e+00 -2.1779e+00 -9.6121e-01 -7.1436e-01 -3.5465e+00 +5.6354e-01 -4.2091e+00 +4.0279e+00 +1.7572e+00 -1.7196e+00 +4.8105e-01 -1.6253e+00 +2.3578e-01 +2.6487e-01 +2.8093e+00 -1.3832e+00 -4.6916e+00
218 0 +5.128184689e+02 +5.128184689e+02 +4.735184689e+02 +4.735184689e+02 +5.7685e-01 +3.1094e+00 -4.5613e+00 -1.8126e+00 -2.0682e+00 -9.4351e-01 -7.1431e-01 -3.5008e+00 +5.5115e-01 -4.2070e+00 +4.0902e+00 +1.7583e+00 -1.7054e+00 +4.7651e-01 -1.6456e+00 +2.3167e-01 +2.4070e-01 +2.7622e+00 -1.3874e+00 -4.7551e+00
288 0 +4.929432159e+02 +4.929432159e+02 +4.536432159e+02 +4.536432159e+02 +6.1522e-01 +3.1438e+00 -4.5612e+00 -2.2704e+00 -2.0647e+00 -9.5620e-01 -7.1629e-01 -3.5399e+00 +6.3354e-01 -4.2153e+00 +3.9568e+00 +1.7605e+00 -1.7179e+00 +4.7755e-01 -1.6458e+00 +1.8979e-01 +4.9705e-01 +2.6602e+00 -1.3585e+00 -4.6991e+00
321 0 +4.890781339e+02 +4.890781339e+02 +4.497781339e+02 +4.497781339e+02 +6.1565e-01 +3.1344e+00 -4.5611e+00 -2.5191e+00 -2.0584e+00 -9.6115e-01 -7.1598e-01 -3.5463e+00 +6.3135e-01 -4.2266e+00 +3.9118e+00 +1.7609e+00 -1.7167e+00 +4.7895e-01 -1.6464e+00 +2.1022e-01 +4.9417e-01 +2.6143e+00 -1.3665e+00 -4.7311e+00
367 0 +4.769804277e+02 +4.769804277e+02 +4.376804277e+02 +4.376804277e+02 +6.9493e-01 +3.1538e+00 -4.5625e+00 -2.7078e+00 -2.0609e+00 -9.5380e-01 -7.1891e-01 -3.5233e+00 +6.3927e-01 -4.2212e+00 +3.8709e+00 +1.7605e+00 -1.7280e+00 +4.7805e-01 -1.6464e+00 +2.1436e-01 +5.0892e-01 +2.8510e+00 -1.3560e+00 -4.7155e+00
461 0 +4.665332755e+02 +4.665332755e+02 +4.272332755e+02 +4.272332755e+02 +6.5798e-01 +3.1929e+00 -4.5633e+00 -2.7196e+00 -2.0263e+00 -9.5211e-01 -7.1910e-01 -3.5184e+00 +6.4457e-01 -4.2212e+00 +3.9146e+00 +1.7472e+00 -1.7254e+00 +4.8847e-01 -1.6428e+00 +2.0807e-01 +5.1779e-01 +2.8292e+00 -1.3569e+00 -4.7128e+00
1059 0 +4.569876882e+02 +4.569876882e+02 +4.176876882e+02 +4.176876882e+02 +6.4790e-01 +3.1821e+00 -4.5635e+00 -2.7274e+00 -2.0968e+00 -9.5206e-01 -7.1833e-01 -3.5171e+00 +6.4309e-01 -4.2213e+00 +3.9542e+00 +1.7471e+00 -1.7255e+00 +4.8753e-01 -1.6436e+00 +2.0736e-01 +5.2884e-01 +2.8485e+00 -1.3566e+00 -4.7130e+00
% f evaluations | g evaluations | best noise-free fitness - Fopt | noise-free fitness - Fopt (4.296000000000e+01) | measured fitness | best measured fitness | x1 | x2...
1 0 +3.896315008e+03 +3.896315008e+03 +3.939275008e+03 +3.939275008e+03 -4.8033e-01 +5.7550e-01 +3.8495e+00 +1.9655e+00 -2.5208e+00 +3.0104e+00 -4.8064e+00 +2.7492e+00 -2.3029e+00 +1.0323e-01 +4.7433e+00 -2.8261e-01 -1.7845e-01 -2.8479e+00 +3.8007e+00 -4.1321e+00 -3.4829e+00 -3.6618e+00 +2.7957e+00 +3.9477e+00
4 0 +2.467309066e+03 +2.467309066e+03 +2.510269066e+03 +2.510269066e+03 +3.4387e+00 -4.9776e+00 +2.3456e+00 +4.0489e+00 -2.6039e+00 -6.1709e-01 -2.9778e+00 +3.2621e+00 +3.7110e+00 -3.0331e-01 +1.9859e+00 +3.9873e+00 -3.8313e+00 -4.6929e+00 +4.8368e+00 -2.5224e+00 +6.4073e-01 +8.1411e-02 +1.7497e+00 -3.0191e+00
5 0 +1.044562901e+03 +1.044562901e+03 +1.087522901e+03 +1.087522901e+03 +2.5313e+00 -1.7751e+00 +1.4748e+00 -2.5692e+00 +1.3757e+00 -3.7163e+00 -8.2447e-01 -4.9202e+00 -2.4026e-01 +3.9070e+00 +6.3942e-01 -1.5770e+00 +1.6159e+00 -3.5049e+00 -4.9347e+00 +2.6058e+00 +4.6329e+00 -7.7727e-01 -6.5864e-01 +1.1721e+00
11 0 +4.746519225e+02 +4.746519225e+02 +5.176119225e+02 +5.176119225e+02 -2.2537e+00 +1.2196e+00 -4.6179e+00 +8.9073e-01 +3.6297e+00 -1.6871e+00 -3.6575e+00 -2.2200e+00 +1.6098e+00 +3.4064e+00 -2.0115e+00 +4.4124e+00 +5.0123e-02 +4.3794e+00 +2.4767e+00 +9.8875e-01 +3.0407e+00 +2.3910e-01 -4.0377e+00 +4.3320e+00
57 0 +4.496005933e+02 +4.496005933e+02 +4.925605933e+02 +4.925605933e+02 -4.7917e+00 +3.4323e+00 -5.7883e-01 +9.1968e-01 +4.4001e+00 -5.0000e+00 -3.6146e+00 -7.9705e-01 +1.6307e+00 +3.2355e+00 -2.0797e+00 +5.0000e+00 -6.5904e-01 +3.6997e+00 +1.9409e+00 +1.0509e-01 +1.9501e+00 +6.1280e-01 -2.5054e+00 +3.9551e+00
62 0 +4.426830684e+02 +4.426830684e+02 +4.856430684e+02 +4.856430684e+02 -2.1805e+00 +1.1251e+00 -5.0000e+00 +8.9164e-01 +3.4408e+00 -1.7138e+00 -5.0000e+00 -8.4881e-01 +1.0512e+00 +3.9189e+00 -8.2874e-01 +5.0000e+00 +3.1577e-02 +4.3268e+00 +1.7320e+00 +3.3048e+00 +3.3644e+00 +2.0601e+00 -5.0000e+00 +2.4262e+00
68 0 +4.022694627e+02 +4.022694627e+02 +4.452294627e+02 +4.452294627e+02 -1.8429e+00 -7.6138e-01 -5.0000e+00 +6.2474e-01 +3.9095e-01 -1.4477e+00 -2.1616e+00 -2.9497e+00 +1.4126e+00 +3.2015e+00 -1.3281e+00 +4.3024e+00 +1.0297e+00 +3.4222e+00 +2.3404e+00 +1.5243e+00 +2.4761e+00 +3.5647e-01 -3.7333e+00 +3.5197e+00
105 0 +3.649452736e+02 +3.649452736e+02 +4.079052736e+02 +4.079052736e+02 -2.1794e+00 -2.6855e+00 -3.1114e+00 +6.1681e-01 -6.4919e-01 -1.3942e+00 -2.1660e+00 -2.0098e+00 +1.1532e+00 +2.8187e+00 -1.5130e+00 +4.1256e+00 -9.7669e-02 +2.5814e+00 +1.5023e+00 +1.0907e+00 +2.0703e+00 +8.5807e-02 -3.1547e+00 +3.6274e+00
117 0 +3.267986077e+02 +3.267986077e+02 +3.697586077e+02 +3.697586077e+02 -2.5210e+00 -1.1808e+00 -5.0000e+00 +2.7389e+00 -1.8509e+00 -2.7188e+00 -3.0539e+00 -3.0793e+00 +1.3333e+00 +3.0281e+00 -2.1204e-01 +4.6247e+00 -3.5889e-01 +3.9553e+00 +1.1060e+00 +1.8847e+00 +2.7159e+00 +2.8388e-01 -3.8990e+00 +3.1974e+00
128 0 +2.852643129e+02 +2.852643129e+02 +3.282243129e+02 +3.282243129e+02 -1.6402e+00 -2.6677e-01 -5.0000e+00 +1.0721e+00 +9.2014e-01 -1.4163e+00 -2.5361e+00 -1.4092e+00 +1.8650e+00 +2.3894e+00 -1.0589e+00 +4.5152e+00 +8.6604e-01 +3.6074e+00 +2.3000e+00 +6.6290e-01 +2.5288e+00 +3.2070e-01 -3.3232e+00 +2.8849e+00
147 0 +2.276655272e+02 +2.276655272e+02 +2.706255272e+02 +2.706255272e+02 -1.6493e+00 -1.0372e+00 -4.9685e+00 +6.1406e-01 +4.9967e-01 -1.4883e+00 -2.3611e+00 -2.8999e+00 +1.3171e+00 +2.1219e+00 -1.3375e+00 +3.9463e+00 +1.1137e-01 +2.3419e+00 +1.3733e+00 +1.6281e+00 +1.5803e+00 -6.1397e-01 -2.8138e+00 +2.7490e+00
261 0 +2.228031327e+02 +2.228031327e+02 +2.657631327e+02 +2.657631327e+02 -1.6532e+00 -1.0317e+00 -4.9879e+00 +6.2160e-01 +7.6328e-01 -1.4804e+00 -2.4268e+00 -3.3968e+00 +1.3114e+00 +2.2116e+00 -1.3278e+00 +3.9513e+00 +6.7594e-02 +1.2648e+00 +1.4332e+00 +1.6316e+00 +1.5981e+00 -5.9921e-01 -2.8718e+00 +2.7142e+00
275 0 +2.149145460e+02 +2.149145460e+02 +2.578745460e+02 +2.578745460e+02 -1.6537e+00 -1.0946e+00 -4.9866e+00 +6.4343e-01 +8.2309e-01 -1.4963e+00 -2.3945e+00 -3.3663e+00 +1.3072e+00 +2.2793e+00 -1.2258e+00 +3.9534e+00 +9.2296e-02 +1.3870e+00 +1.6688e+00 +1.6331e+00 +1.6070e+00 -5.4539e-01 -2.7985e+00 +2.6945e+00
280 0 +2.060472839e+02 +2.060472839e+02 +2.490072839e+02 +2.490072839e+02 -1.6542e+00 -1.1688e+00 -4.9927e+00 +6.1911e-01 +9.1824e-01 -1.4511e+00 -2.3733e+00 -3.5092e+00 +1.2893e+00 +2.1102e+00 -1.3343e+00 +3.9817e+00 -5.0033e-03 +1.8443e+00 +1.4140e+00 +1.6322e+00 +1.5896e+00 -5.5596e-01 -2.8511e+00 +2.6944e+00
295 0 +2.001227259e+02 +2.001227259e+02 +2.430827259e+02 +2.430827259e+02 -1.6646e+00 -1.0490e+00 -4.9912e+00 +6.2147e-01 +8.5314e-01 -1.4923e+00 -2.4355e+00 -3.5399e+00 +1.3026e+00 +2.3727e+00 -1.3153e+00 +3.9215e+00 +5.6415e-02 +1.7371e+00 +1.4872e+00 +1.6365e+00 +1.5884e+00 -5.8684e-01 -2.7919e+00 +2.6901e+00
313 0 +1.994028853e+02 +1.994028853e+02 +2.423628853e+02 +2.423628853e+02 -1.6619e+00 -1.0371e+00 -4.9925e+00 +6.2151e-01 +8.8167e-01 -1.4906e+00 -2.4313e+00 -3.6219e+00 +1.3027e+00 +2.3028e+00 -1.3071e+00 +3.9210e+00 +5.4945e-02 +1.9351e+00 +1.4799e+00 +1.6343e+00 +1.5877e+00 -5.7999e-01 -2.8178e+00 +2.6937e+00
314 0 +1.854644671e+02 +1.854644671e+02 +2.284244671e+02 +2.284244671e+02 -1.6329e+00 -1.0488e+00 -4.9898e+00 +6.2153e-01 +8.5263e-01 -1.4905e+00 -2.4421e+00 -3.5429e+00 +1.3026e+00 +2.4008e+00 -1.3199e+00 +3.9158e+00 +5.1992e-02 +1.7347e+00 +1.4676e+00 +1.6311e+00 +1.5861e+00 -5.8327e-01 -2.7807e+00 +2.9266e+00
376 0 +1.788535518e+02 +1.788535518e+02 +2.218135518e+02 +2.218135518e+02 -1.6500e+00 -1.0280e+00 -4.9902e+00 +6.2146e-01 +8.4611e-01 -1.4904e+00 -2.4458e+00 -3.5435e+00 +1.3026e+00 +2.3576e+00 -1.3172e+00 +3.9149e+00 +6.6081e-02 +1.7411e+00 +1.4678e+00 +1.6263e+00 +1.5845e+00 -5.8375e-01 -2.7798e+00 +2.8728e+00
378 0 +1.759974290e+02 +1.759974290e+02 +2.189574290e+02 +2.189574290e+02 -1.6470e+00 -1.0489e+00 -4.9900e+00 +6.2139e-01 +8.5145e-01 -1.4947e+00 -2.4455e+00 -3.5528e+00 +1.3025e+00 +2.2991e+00 -1.3271e+00 +3.9163e+00 +5.0262e-02 +1.7885e+00 +1.4661e+00 +1.6288e+00 +1.5845e+00 -5.8478e-01 -2.7604e+00 +2.9694e+00
442 0 +1.735630366e+02 +1.735630366e+02 +2.165230366e+02 +2.165230366e+02 -1.6531e+00 -1.0489e+00 -4.9900e+00 +6.2128e-01 +8.5166e-01 -1.4962e+00 -2.4397e+00 -3.5699e+00 +1.3025e+00 +2.3113e+00 -1.3273e+00 +3.9170e+00 +4.9405e-02 +1.8009e+00 +1.4669e+00 +1.6305e+00 +1.5845e+00 -5.8528e-01 -2.7642e+00 +2.9152e+00
1091 0 +1.698159862e+02 +1.698159862e+02 +2.127759862e+02 +2.127759862e+02 -1.6519e+00 -1.0488e+00 -4.9901e+00 +6.2037e-01 +8.5154e-01 -1.4963e+00 -2.4394e+00 -3.5014e+00 +1.3033e+00 +2.3120e+00 -1.3272e+00 +3.9174e+00 +5.0104e-02 +1.8245e+00 +1.4572e+00 +1.6306e+00 +1.5849e+00 -5.8508e-01 -2.7645e+00 +2.9183e+00
% f evaluations | g evaluations | best noise-free fitness - Fopt | noise-free fitness - Fopt (2.842200000000e+02) | measured fitness | best measured fitness | x1 | x2...
1 0 +1.648955357e+03 +1.648955357e+03 +1.933175357e+03 +1.933175357e+03 -3.3401e+00 -2.2056e+00 +3.9253e+00 -2.8603e+00 -1.0885e+00 +4.1648e+00 -2.1704e+00 +3.9925e+00 +4.5798e+00 -1.6203e+00 -8.7041e-01 -2.5959e+00 +1.7892e-01 +1.2454e+00 -7.1362e-01 -3.1296e+00 +1.3496e+00 -2.0686e-03 +3.5495e+00 -2.3223e+00
15 0 +1.096885828e+03 +1.096885828e+03 +1.381105828e+03 +1.381105828e+03 -3.7862e+00 +1.1603e+00 -3.6688e+00 +3.7257e+00 +3.3626e+00 -1.4743e+00 +3.8472e+00 -4.8797e-01 +1.6312e+00 -3.5929e+00 +1.1310e+00 -1.7011e+00 +4.4416e+00 -3.8592e+00 +2.4524e+00 -4.0921e+00 -2.1372e+00 -3.0823e+00 -3.1557e-01 +3.5140e-02
18 0 +8.650669642e+02 +8.650669642e+02 +1.149286964e+03 +1.149286964e+03 -3.5486e+00 +2.1231e+00 +1.5941e+00 -2.4708e+00 -3.2993e+00 -3.3948e+00 -3.4500e+00 +8.1816e-01 +2.1903e+00 -1.7603e+00 +3.1982e+00 -1.2208e+00 +4.7817e-01 -3.6270e+00 +1.3627e+00 -1.9448e+00 -3.9574e+00 -6.6063e-01 -1.0104e+00 -7.0118e-01
63 0 +7.058438565e+02 +7.058438565e+02 +9.900638565e+02 +9.900638565e+02 -4.2325e+00 +3.5860e+00 +1.6772e+00 -1.8314e+00 -2.7976e+00 -3.6841e+00 -8.3410e-01 -9.4357e-03 +1.4128e+00 -1.5321e+00 +3.0266e+00 -2.1246e+00 +7.3321e-01 -2.0530e+00 +1.1218e+00 -4.8168e-01 -2.5934e+00 -9.0074e-01 -2.3366e+00 -8.5927e-01
108 0 +6.804051971e+02 +6.804051971e+02 +9.646251971e+02 +9.646251971e+02 -2.9929e+00 +2.4325e+00 +2.2904e+00 -9.3673e-01 -2.7738e+00 -3.5255e+00 -8.8515e-01 -6.2359e-02 +7.7256e-01 -1.4731e+00 +2.9868e+00 -1.0309e+00 +7.0490e-01 -3.1863e+00 +1.0478e+00 -6.1925e-01 -2.6036e+00 -2.1580e+00 -2.3716e+00 -8.4532e-01
110 0 +6.380865963e+02 +6.380865963e+02 +9.223065963e+02 +9.223065963e+02 -4.5056e+00 +2.6103e+00 +1.4838e+00 -1.3720e+00 -2.1586e+00 -3.7036e+00 -8.6721e-01 -3.2639e-01 +9.6734e-01 -1.4458e-01 +2.9800e+00 -1.3679e+00 +7.0330e-01 -1.9116e+00 +7.7679e-01 -4.5199e-01 -2.8144e+00 -4.4914e-01 -1.8852e+00 -1.0980e+00
119 0 +5.850707424e+02 +5.850707424e+02 +8.692907424e+02 +8.692907424e+02 -5.0000e+00 +4.0515e+00 +1.5693e+00 -2.5468e+00 -2.7814e+00 -3.7355e+00 -5.8263e-01 +6.8173e-01 +1.3864e+00 -1.5446e+00 +2.8727e+00 -2.0585e+00 +1.2779e+00 -1.3879e+00 +9.7740e-01 -3.9229e-01 -2.4041e+00 -9.0766e-01 -1.2864e+00 -2.8467e+00
159 0 +5.268626284e+02 +5.268626284e+02 +8.110826284e+02 +8.110826284e+02 -4.9890e+00 +4.4346e+00 +1.6931e+00 -2.8582e+00 -2.7818e+00 -4.3641e+00 +3.0572e-02 +9.3157e-01 +1.3567e+00 -1.5440e+00 +3.0104e+00 -2.0332e+00 +1.2328e+00 -2.6892e+00 +9.0770e-01 -3.9003e-01 -2.3268e+00 -7.9579e-01 -1.2561e+00 -3.5942e+00
187 0 +4.817903111e+02 +4.817903111e+02 +7.660103111e+02 +7.660103111e+02 -5.0000e+00 +4.0442e+00 +1.5324e+00 -2.9252e+00 -2.8074e+00 -3.6125e+00 -7.6131e-02 +6.0214e-01 +1.3776e+00 -1.2584e+00 +2.9481e+00 -2.0065e+00 +7.4841e-01 -2.6054e+00 +1.0024e+00 -1.7404e-01 -2.5481e+00 -9.0946e-01 -1.1664e+00 -3.2218e+00
219 0 +4.691496572e+02 +4.691496572e+02 +7.533696572e+02 +7.533696572e+02 -5.0000e+00 +4.2132e+00 +1.5413e+00 -2.6651e+00 -2.8092e+00 -3.6822e+00 -8.8102e-03 +6.0121e-01 +1.3745e+00 -1.1738e+00 +2.9786e+00 -1.9746e+00 +6.9190e-01 -1.6593e+00 +1.0190e+00 -7.2647e-02 -2.5098e+00 -9.0921e-01 -7.6763e-01 -2.9259e+00
237 0 +4.610853270e+02 +4.610853270e+02 +7.453053270e+02 +7.453053270e+02 -4.9432e+00 +3.4212e+00 +1.5434e+00 -2.8782e+00 -2.8055e+00 -3.6919e+00 -1.2174e-01 +6.1878e-01 +1.4119e+00 -1.1620e+00 +2.9787e+00 -1.9927e+00 +5.8778e-01 -1.9976e+00 +9.9416e-01 -1.9456e-01 -2.4507e+00 -8.9773e-01 -1.1761e+00 -3.2643e+00
246 0 +4.445954912e+02 +4.445954912e+02 +7.288154912e+02 +7.288154912e+02 -5.0000e+00 +4.2610e+00 +1.5315e+00 -2.9129e+00 -2.8168e+00 -3.5610e+00 -2.0809e-01 +6.1531e-01 +1.3458e+00 -1.2021e+00 +2.9891e+00 -1.9955e+00 +7.0595e-01 -3.5129e+00 +8.8296e-01 -9.5169e-02 -2.4767e+00 -8.6322e-01 -1.1315e+00 -2.9100e+00
299 0 +4.220143137e+02 +4.220143137e+02 +7.062343137e+02 +7.062343137e+02 -5.0000e+00 +4.2932e+00 +1.5310e+00 -2.9122e+00 -2.8536e+00 -3.5616e+00 -2.1048e-01 +6.0846e-01 +1.4530e+00 -1.1092e+00 +2.9828e+00 -1.9951e+00 +6.9693e-01 -3.2682e+00 +8.4264e-01 -6.6428e-02 -2.5024e+00 -8.5898e-01 -1.1409e+00 -2.8821e+00
315 0 +4.162958903e+02 +4.162958903e+02 +7.005158903e+02 +7.005158903e+02 -5.0000e+00 +4.2783e+00 +1.5322e+00 -2.9167e+00 -2.8565e+00 -3.5802e+00 -1.6963e-01 +6.1169e-01 +1.4243e+00 -1.1624e+00 +2.9840e+00 -1.9950e+00 +6.9445e-01 -3.2718e+00 +8.2917e-01 -5.2237e-02 -2.5020e+00 -8.5715e-01 -1.1412e+00 -2.8828e+00
370 0 +4.057178453e+02 +4.057178453e+02 +6.899378453e+02 +6.899378453e+02 -5.0000e+00 +4.3081e+00 +1.5312e+00 -2.9042e+00 -2.8743e+00 -3.5597e+00 -1.2234e-01 +6.0043e-01 +1.3503e+00 -1.1258e+00 +2.9853e+00 -2.0065e+00 +7.0657e-01 -3.2334e+00 +8.3094e-01 -3.1690e-02 -2.4997e+00 -8.5115e-01 -1.1165e+00 -2.8707e+00
% f evaluations | g evaluations | best noise-free fitness - Fopt | noise-free fitness - Fopt (-3.217000000000e+01) | measured fitness | best measured fitness | x1 | x2...
1 0 +2.867594324e+03 +2.867594324e+03 +2.835424324e+03 +2.835424324e+03 -4.2009e+00 -3.2246e-01 -1.4160e+00 -4.8114e-01 -3.9551e+00 -2.6630e+00 +4.2580e+00 +4.5353e+00 -4.4013e+00 +3.4219e-01 +2.4689e+00 -2.9208e+00 +1.9362e+00 +1.3518e-01 +2.6800e+00 +4.7364e+00 -3.3291e+00 -3.1307e+00 -1.8617e+00 -2.3177e+00
5 0 +1.879720621e+03 +1.879720621e+03 +1.847550621e+03 +1.847550621e+03 +2.8649e+00 -3.2708e+00 -4.6228e+00 +2.5367e+00 +6.3943e-01 -2.2271e+00 +2.5590e+00 +1.7642e+00 +4.8374e+00 +2.7093e+00 +3.1218e+00 -3.9234e+00 -3.6214e-02 -5.4289e-01 -1.2381e+00 -4.3555e+00 +1.2402e+00 +2.5428e-01 -2.6288e+00 +3.2433e+00
6 0 +1.858180790e+03 +1.858180790e+03 +1.826010790e+03 +1.826010790e+03 +1.2554e+00 +9.1859e-01 +3.6205e+00 +5.8887e-01 -2.1660e+00 -1.6538e+00 -4.8940e+00 +5.9172e-01 -5.6877e-01 +1.0106e-01 -3.1244e+00 -4.8909e+00 -3.1468e+00 +4.6603e+00 -1.1746e+00 +1.2389e+00 +3.0882e+00 +1.9845e-01 +1.7652e+00 -1.4969e+00
8 0 +1.365592765e+03 +1.365592765e+03 +1.333422765e+03 +1.333422765e+03 +8.2696e-01 +3.0991e+00 +2.9905e+00 +2.1517e+00 -1.4761e+00 +7.1965e-01 +3.3817e+00 -3.7247e+00 +4.4129e+00 +4.5654e+00 +1.2637e+00 +3.2955e-01 +2.8404e+00 +3.2613e-01 +1.0612e+00 -3.4798e+00 +2.4570e+00 -4.4504e+00 +4.1063e-01 -1.0147e+00
18 0 +9.808657429e+02 +9.808657429e+02 +9.486957429e+02 +9.486957429e+02 +4.3054e+00 +2.0741e+00 -1.9438e+00 +1.7077e+00 +3.9189e+00 +1.3308e+00 +3.2112e+00 +1.5297e+00 +4.8930e+00 -2.8639e+00 +1.2103e-01 +7.8538e-01 +4.6682e+00 -6.7868e-01 -5.6721e-01 -4.1102e+00 -2.6237e-01 +1.7567e+00 -1.8255e-01 -2.4608e+00
46 0 +5.839158094e+02 +5.839158094e+02 +5.517458094e+02 +5.517458094e+02 -5.7639e-01 -1.7123e+00 +1.0332e+00 +3.2493e+00 -6.2793e-01 -2.6775e+00 +1.5361e+00 +4.1961e+00 -1.2275e+00 -4.1574e+00 +1.8459e+00 +1.7392e+00 +6.8941e-01 +6.3019e-01 +3.9787e+00 -1.3045e+00 -1.2160e+00 -6.8671e-01 -1.8301e-01 -4.8536e+00
54 0 +5.222578777e+02 +5.222578777e+02 +4.900878777e+02 +4.900878777e+02 -6.9635e-01 -1.5868e+00 +1.1038e+00 +3.3568e+00 -8.6586e-01 -1.9032e+00 +9.1560e-01 +3.5716e+00 -8.8350e-01 -5.0000e+00 +2.8919e+00 +4.3872e+00 +7.9452e-01 +4.9177e-01 +5.0000e+00 -1.9576e+00 -2.7579e+00 -6.6697e-01 -2.6055e+00 -4.3282e+00
63 0 +4.061519371e+02 +4.061519371e+02 +3.739819371e+02 +3.739819371e+02 -1.4514e+00 -1.8565e+00 +1.2587e+00 +3.1120e+00 -1.9800e+00 -2.5475e+00 +1.6639e+00 +4.3222e+00 +4.9497e-01 -5.0000e+00 +1.8471e+00 +2.3422e+00 +1.2882e+00 +1.0162e+00 +3.5480e+00 -1.3405e+00 -6.9357e-01 -1.8163e+00 -3.5860e+00 -5.0000e+00
110 0 +3.962142360e+02 +3.962142360e+02 +3.640442360e+02 +3.640442360e+02 -1.3160e+00 -1.4717e+00 +1.3954e+00 +3.1581e+00 -2.6783e+00 -2.5520e+00 +1.5722e+00 +4.2954e+00 +1.9896e+00 -3.8066e+00 +1.7542e+00 +2.2504e+00 +1.1373e+00 +1.3807e+00 +3.7031e+00 -1.3123e+00 -1.0007e+00 -1.7949e+00 -3.4708e+00 -5.0000e+00
112 0 +3.631337390e+02 +3.631337390e+02 +3.309637390e+02 +3.309637390e+02 -1.4740e+00 -1.7978e+00 +1.2952e+00 +3.0552e+00 -2.4504e+00 -2.4820e+00 +1.7372e+00 +4.2943e+00 +8.0136e-01 -4.3804e+00 +1.9235e+00 +1.6198e+00 +1.7059e+00 +1.2098e+00 +3.4594e+00 -1.6998e+00 -6.0801e-01 -1.6726e+00 -3.8041e+00 -5.0000e+00
155 0 +3.590190494e+02 +3.590190494e+02 +3.268490494e+02 +3.268490494e+02 -1.7094e+00 -1.6991e+00 +1.2548e+00 +2.9764e+00 -2.0767e+00 -2.5476e+00 +1.6045e+00 +4.2929e+00 +1.2770e+00 -4.7854e+00 +2.0253e+00 +1.7140e+00 +1.7908e+00 +1.1522e+00 +3.4481e+00 -1.6746e+00 -6.0554e-01 -1.6562e+00 -3.7868e+00 -4.7637e+00
161 0 +3.539442827e+02 +3.539442827e+02 +3.217742827e+02 +3.217742827e+02 -1.4529e+00 -1.8659e+00 +1.2928e+00 +3.1096e+00 -2.2953e+00 -2.4803e+00 +1.5941e+00 +4.2852e+00 +8.2465e-01 -4.3634e+00 +2.0064e+00 +1.8531e+00 +1.7841e+00 +1.2551e+00 +3.7098e+00 -1.3671e+00 -5.9147e-01 -1.5810e+00 -4.3840e+00 -5.0000e+00
207 0 +3.359624696e+02 +3.359624696e+02 +3.037924696e+02 +3.037924696e+02 -1.4427e+00 -1.7235e+00 +1.3005e+00 +3.1044e+00 -2.2201e+00 -1.8298e+00 +1.6304e+00 +4.2841e+00 +5.5379e-01 -3.9853e+00 +1.9819e+00 +1.6815e+00 +1.8295e+00 +1.1721e+00 +3.4631e+00 -1.8310e+00 -9.3128e-01 -1.6701e+00 -3.3596e+00 -5.0000e+00
213 0 +3.288537596e+02 +3.288537596e+02 +2.966837596e+02 +2.966837596e+02 -1.4497e+00 -1.7279e+00 +1.3193e+00 +3.0944e+00 -2.4716e+00 -1.8782e+00 +1.6521e+00 +4.2830e+00 +8.1444e-01 -4.3388e+00 +1.9663e+00 +1.7642e+00 +1.8066e+00 +1.2243e+00 +3.3505e+00 -2.0326e+00 -7.6738e-01 -1.6336e+00 -2.3677e+00 -5.0000e+00
280 0 +3.234129864e+02 +3.234129864e+02 +2.912429864e+02 +2.912429864e+02 -1.1804e+00 -1.7914e+00 +1.3177e+00 +3.0890e+00 -2.7013e+00 -1.9840e+00 +1.7400e+00 +4.2936e+00 +7.4439e-01 -4.4287e+00 +1.9361e+00 +1.5794e+00 +1.7640e+00 +1.2411e+00 +3.4746e+00 -1.7910e+00 -8.8135e-01 -1.6260e+00 -3.5763e+00 -5.0000e+00
311 0 +3.110189715e+02 +3.110189715e+02 +2.788489715e+02 +2.788489715e+02 -1.1805e+00 -1.8079e+00 +1.3205e+00 +3.0895e+00 -2.7671e+00 -2.0209e+00 +1.7429e+00 +4.2931e+00 +7.6686e-01 -4.3508e+00 +1.9407e+00 +1.6254e+00 +1.7851e+00 +1.1928e+00 +3.4737e+00 -1.8041e+00 -8.8999e-01 -1.6023e+00 -3.5765e+00 -5.0000e+00
321 0 +3.050055971e+02 +3.050055971e+02 +2.728355971e+02 +2.728355971e+02 -1.2075e+00 -1.8099e+00 +1.3177e+00 +3.0886e+00 -2.8103e+00 -1.9563e+00 +1.7397e+00 +4.2915e+00 +7.3559e-01 -4.3297e+00 +1.9380e+00 +1.5858e+00 +1.7686e+00 +1.2355e+00 +3.4730e+00 -1.8017e+00 -8.7454e-01 -1.6016e+00 -3.5646e+00 -5.0000e+00
395 0 +3.018963205e+02 +3.018963205e+02 +2.697263205e+02 +2.697263205e+02 -1.2829e+00 -1.8255e+00 +1.3171e+00 +3.0895e+00 -2.8162e+00 -1.9420e+00 +1.7409e+00 +4.2920e+00 +7.3645e-01 -4.3263e+00 +1.9379e+00 +1.5959e+00 +1.7676e+00 +1.2335e+00 +3.4731e+00 -1.8032e+00 -8.7208e-01 -1.6194e+00 -3.5963e+00 -5.0000e+00
482 0 +2.940442647e+02 +2.940442647e+02 +2.618742647e+02 +2.618742647e+02 -1.4078e+00 -1.8324e+00 +1.3168e+00 +3.0886e+00 -2.8157e+00 -1.9349e+00 +1.7410e+00 +4.2921e+00 +7.3667e-01 -4.3265e+00 +1.9382e+00 +1.5868e+00 +1.7686e+00 +1.2347e+00 +3.4731e+00 -1.8028e+00 -8.7436e-01 -1.6156e+00 -3.5836e+00 -5.0000e+00
623 0 +2.882433837e+02 +2.882433837e+02 +2.560733837e+02 +2.560733837e+02 -1.5217e+00 -1.8300e+00 +1.3168e+00 +3.0886e+00 -2.8154e+00 -1.9353e+00 +1.7410e+00 +4.2921e+00 +7.3672e-01 -4.3265e+00 +1.9383e+00 +1.5900e+00 +1.7689e+00 +1.2354e+00 +3.4731e+00 -1.8029e+00 -8.7389e-01 -1.6154e+00 -3.5833e+00 -5.0000e+00
% f evaluations | g evaluations | best noise-free fitness - Fopt | noise-free fitness - Fopt (-5.858000000000e+01) | measured fitness | best measured fitness | x1 | x2...
1 0 +1.398343221e+03 +1.398343221e+03 +1.339763221e+03 +1.339763221e+03 -7.0165e-01 -4.5067e+00 +3.6788e-01 -4.2298e+00 +2.8752e+00 -4.1596e+00 +2.8782e+00 +4.9331e+00 +3.0746e+00 -1.6650e-01 +4.5399e+00 -4.6480e+00 -4.4167e+00 -2.2283e+00 -7.6508e-01 +1.0976e+00 +2.2271e+00 -3.5877e+00 +4.4391e+00 -8.6741e-01
4 0 +1.294958627e+03 +1.294958627e+03 +1.236378627e+03 +1.236378627e+03 +8.5034e-01 +3.5869e+00 -1.4491e+00 +1.8644e+00 +2.2125e+00 +4.4695e+00 -2.9241e-01 +3.2596e-01 +3.1989e+00 -2.6281e+00 -3.7255e-01 +3.7056e+00 +2.2305e+00 +2.0646e+00 +1.6885e+00 +2.7039e-01 +9.3424e-01 +3.8169e+00 +3.1000e+00 -3.0836e+00
8 0 +1.137690856e+03 +1.137690856e+03 +1.079110856e+03 +1.079110856e+03 -4.0024e+00 +2.6534e+00 -1.6838e+00 +3.2175e+00 +4.3053e+00 -3.9722e+00 +3.4328e+00 +1.8758e+00 +2.3266e+00 -4.1430e+00 -1.4730e-01 +2.2112e+00 +2.6970e+00 +4.2557e-01 +1.0101e+00 +3.3426e-01 -1.8829e+00 +4.1439e-02 +2.3526e-01 +1.7935e+00
14 0 +8.359603039e+02 +8.359603039e+02 +7.773803039e+02 +7.773803039e+02 -2.3565e+00 +1.4700e+00 +4.8563e+00 +1.4117e-01 -3.7619e+00 -1.5372e+00 +6.9618e-01 -4.9051e+00 +5.3776e-01 -1.8414e+00 -6.9051e-01 -2.4658e-01 +2.0829e+00 +3.7336e+00 +8.6456e-01 +2.1820e+00 -3.4977e+00 -8.2633e-01 +2.7913e+00 +1.2821e+00
49 0 +7.744699984e+02 +7.744699984e+02 +7.158899984e+02 +7.158899984e+02 -3.5462e+00 -7.3936e-01 +2.8941e+00 +2.3613e-01 +2.2671e+00 -3.4700e+00 -2.0934e+00 +2.4113e+00 -1.2714e+00 +3.5547e+00 +2.2159e+00 +8.3368e-01 -2.9215e-01 +3.6733e+00 +8.5525e-01 +3.2127e+00 -6.8060e-01 +3.5565e+00 -3.2066e-01 +3.0239e+00
51 0 +6.839337916e+02 +6.839337916e+02 +6.253537916e+02 +6.253537916e+02 -3.5314e+00 -3.2132e+00 +1.0596e+00 -1.2970e+00 +2.2266e+00 -3.8542e+00 +1.1795e+00 +1.3269e+00 -2.0496e+00 +4.5615e+00 +3.1362e+00 -2.7707e+00 -6.4009e-01 +5.0000e+00 +2.4276e-01 +2.6251e+00 -7.1518e-01 +1.5703e+00 +3.7444e+00 +2.4871e+00
53 0 +5.936231648e+02 +5.936231648e+02 +5.350431648e+02 +5.350431648e+02 -1.5865e+00 -4.5582e-01 +2.8840e+00 -2.0777e+00 +2.6218e+00 -5.0000e+00 -3.7594e+00 -1.7904e+00 +1.4054e+00 +3.3349e+00 +3.3903e+00 -1.3947e+00 -1.2145e+00 +3.5191e+00 -5.0723e-01 +5.0000e+00 -2.3878e-01 +3.8542e+00 +2.0497e+00 +1.3284e+00
86 0 +5.790716053e+02 +5.790716053e+02 +5.204916053e+02 +5.204916053e+02 -3.6608e+00 -7.2722e-01 -1.6625e+00 -1.0276e+00 +8.6060e-01 -3.4396e+00 -2.3121e+00 +2.7616e+00 -1.4037e+00 +3.6961e+00 +1.6976e+00 -9.7952e-01 +1.3817e+00 +3.2939e+00 +1.0826e+00 +2.8859e+00 -7.4724e-01 +5.0000e+00 +3.4503e+00 -1.1949e+00
93 0 +5.625888225e+02 +5.625888225e+02 +5.040088225e+02 +5.040088225e+02 -4.0624e+00 -5.6982e-01 +1.9883e-01 +3.8935e-01 -3.3225e+00 -1.9380e+00 -1.8410e+00 +2.6571e+00 -1.6965e+00 +3.2602e+00 +1.3829e+00 +7.2262e-03 +1.0311e+00 +2.9592e+00 +1.3366e+00 +3.1946e+00 -5.5888e-01 +4.6829e+00 -1.0244e+00 +4.3830e-01
119 0 +5.448219620e+02 +5.448219620e+02 +4.862419620e+02 +4.862419620e+02 -3.9140e+00 -2.0129e+00 -9.7272e-01 +5.8051e-01 +1.2683e+00 -2.9730e+00 -2.0160e+00 +3.9118e+00 -2.3406e+00 +2.2917e+00 +1.4402e+00 -2.5896e-02 +1.0604e+00 +1.9052e+00 +1.9086e+00 +4.5335e+00 -5.7885e-01 +4.2071e+00 -6.8262e-01 -9.2541e-01
122 0 +5.135487981e+02 +5.135487981e+02 +4.549687981e+02 +4.549687981e+02 -3.4026e+00 -4.1662e-01 -1.0095e+00 +5.4882e-01 -4.0461e+00 -5.2962e-01 -1.7960e+00 +2.6823e+00 -1.8567e+00 +3.0651e+00 +8.8680e-01 -5.6182e-01 +7.4407e-01 +2.0992e+00 +1.2529e+00 +3.2617e+00 -5.1738e-01 +4.5101e+00 -4.6540e-01 +3.1791e-01
131 0 +4.726433265e+02 +4.726433265e+02 +4.140633265e+02 +4.140633265e+02 -1.4819e+00 -5.5721e-01 +2.5775e-01 +3.8682e-01 -1.8341e+00 -2.2394e+00 -1.8818e+00 +2.6897e+00 -1.6985e+00 +3.2943e+00 +1.7515e+00 -3.3426e-01 +7.3226e-01 +2.4047e+00 +1.1878e+00 +3.2100e+00 -5.5981e-01 +4.5825e+00 -9.2580e-01 -3.3192e-02
156 0 +3.978761209e+02 +3.978761209e+02 +3.392961209e+02 +3.392961209e+02 -4.4705e-01 -5.5734e-01 +5.5051e-02 +4.2532e-01 -1.9753e+00 -2.1537e+00 -1.8949e+00 +2.6239e+00 -1.6840e+00 +3.3244e+00 +1.9724e+00 -2.3883e-01 +9.0547e-01 +2.1070e+00 +1.1312e+00 +2.9394e+00 -5.9773e-01 +4.5386e+00 -5.6625e-01 +5.5736e-03
212 0 +3.872596993e+02 +3.872596993e+02 +3.286796993e+02 +3.286796993e+02 -4.1443e-01 -5.5743e-01 +8.1103e-02 +4.2585e-01 -1.9356e+00 -2.1864e+00 -1.9510e+00 +2.6483e+00 -1.6772e+00 +3.3231e+00 +1.7632e+00 +4.6447e-02 +7.1996e-01 +1.9845e+00 +1.0831e+00 +2.7321e+00 -5.9940e-01 +4.3948e+00 -5.4629e-01 +5.8098e-03
267 0 +3.768122006e+02 +3.768122006e+02 +3.182322006e+02 +3.182322006e+02 -4.8861e-01 -5.5742e-01 +1.0259e-01 +3.9082e-01 -1.8223e+00 -2.1862e+00 -1.9649e+00 +2.6445e+00 -1.6787e+00 +3.3232e+00 +1.7453e+00 -1.0433e-01 +8.8191e-01 +1.9579e+00 +1.0795e+00 +2.6890e+00 -6.0576e-01 +4.4086e+00 -3.3303e-01 +3.9819e-02
320 0 +3.711194805e+02 +3.711194805e+02 +3.125394805e+02 +3.125394805e+02 -4.4263e-01 -5.5899e-01 +7.4037e-02 +4.2125e-01 -1.9436e+00 -2.2663e+00 -1.9717e+00 +2.6574e+00 -1.6791e+00 +3.3238e+00 +1.7437e+00 -3.8064e-03 +6.4403e-01 +1.9670e+00 +1.1117e+00 +2.6671e+00 -5.9464e-01 +4.4185e+00 -5.4071e-01 -3.5141e-02
334 0 +3.520315289e+02 +3.520315289e+02 +2.934515289e+02 +2.934515289e+02 -4.5497e-01 -5.7364e-01 +8.5518e-02 +4.1908e-01 -1.9415e+00 -2.3008e+00 -1.9564e+00 +2.6565e+00 -1.6781e+00 +3.3217e+00 +1.5740e+00 -1.3965e-02 +6.6618e-01 +1.9521e+00 +1.1422e+00 +2.6939e+00 -5.8131e-01 +4.4136e+00 -5.0413e-01 -2.6870e-02
393 0 +3.455546835e+02 +3.455546835e+02 +2.869746835e+02 +2.869746835e+02 -4.8571e-01 -5.7547e-01 +8.1676e-02 +4.2016e-01 -1.9431e+00 -2.3282e+00 -1.9592e+00 +2.6588e+00 -1.6789e+00 +3.3121e+00 +1.5804e+00 -3.6393e-02 +6.8439e-01 +1.9521e+00 +1.1271e+00 +2.6946e+00 -5.9213e-01 +4.4145e+00 -5.0504e-01 +2.5935e-02
675 0 +3.388155726e+02 +3.388155726e+02 +2.802355726e+02 +2.802355726e+02 -4.5654e-01 -5.7466e-01 +8.3098e-02 +4.1998e-01 -1.9503e+00 -2.3471e+00 -1.9584e+00 +2.6587e+00 -1.6784e+00 +3.3250e+00 +1.5899e+00 -7.1339e-02 +6.9179e-01 +1.9354e+00 +1.1239e+00 +2.7014e+00 -5.7461e-01 +4.4162e+00 -4.6691e-01 +2.1185e-02
% f evaluations | g evaluations | best noise-free fitness - Fopt | noise-free fitness - Fopt (-6.049200000000e+02) | measured fitness | best measured fitness | x1 | x2...
1 0 +1.322079316e+03 +1.322079316e+03 +7.171593161e+02 +7.171593161e+02 +3.1176e+00 +3.3360e+00 -1.3502e-01 -1.3993e+00 +3.5775e+00 +1.5787e+00 -5.5027e-01 +8.4716e-01 -4.4350e+00 -2.7813e+00 -4.6889e-01 +1.7586e+00 -4.3419e+00 +3.7746e-01 +1.1049e+00 -2.4104e+00 +3.3882e+00 -3.8338e+00 -3.8620e+00 -1.3940e+00
6 0 +1.093698122e+03 +1.093698122e+03 +4.887781220e+02 +4.887781220e+02 +3.7247e+00 -4.7130e+00 -4.9325e-01 -1.1188e+00 -4.8970e+00 -4.1300e+00 +1.4607e-01 +1.3629e+00 +3.3314e+00 -2.0966e-01 -4.0105e-01 +1.4637e+00 -4.0952e-01 -3.7753e+00 -3.6512e+00 +2.2098e+00 -4.8324e+00 +9.9118e-01 +1.3451e+00 +5.1579e-01
22 0 +9.909458850e+02 +9.909458850e+02 +3.860258850e+02 +3.860258850e+02 +2.6031e+00 -4.6378e+00 +5.5607e-01 +2.1490e+00 +4.7068e+00 -3.1443e+00 +2.1951e+00 -1.9059e+00 +4.8394e+00 +3.3740e+00 -3.9880e+00 -1.8909e+00 -4.2418e+00 -4.2764e+00 +9.1743e-01 -2.2944e+00 -4.9110e-02 -6.8958e-01 +1.4821e+00 -3.7632e+00
54 0 +7.694385031e+02 +7.694385031e+02 +1.645185031e+02 +1.645185031e+02 +2.9769e+00 -5.0000e+00 -2.7240e-02 +1.2759e+00 +4.2816e+00 -3.1357e+00 +2.1697e+00 +6.0493e-01 +5.0000e+00 +1.8197e+00 -1.6763e+00 -4.6351e-01 -3.4728e+00 -4.3398e+00 +7.5935e-02 +3.0633e+00 -1.9876e-01 -1.7408e+00 +8.6504e-01 -4.2671e+00
65 0 +7.565316995e+02 +7.565316995e+02 +1.516116995e+02 +1.516116995e+02 +1.7481e+00 -5.0000e+00 -3.3268e-02 +1.6425e+00 +4.6643e+00 -3.1266e-01 +6.0276e-01 -1.0067e+00 +4.8886e+00 +3.3471e-01 -5.0000e+00 -2.3002e+00 -5.0000e+00 -3.1201e+00 +1.0636e+00 +1.8990e+00 -1.6007e-01 -1.6925e+00 +2.4392e+00 +1.3814e+00
106 0 +5.967418790e+02 +5.967418790e+02 -8.178120962e+00 -8.178120962e+00 +1.0459e+00 -5.0000e+00 -3.3038e-02 +1.3999e+00 +4.9913e+00 +7.7830e-01 +8.2622e-01 -1.4880e+00 +4.8383e+00 +5.8484e-01 -4.0539e+00 -2.3606e+00 -5.0000e+00 -3.0176e+00 +5.2115e-01 +2.4108e+00 -1.7212e-01 -1.6994e+00 +1.4955e+00 -2.2879e-01
162 0 +5.649611228e+02 +5.649611228e+02 -3.995887717e+01 -3.995887717e+01 +1.4627e+00 -5.0000e+00 +1.7573e-01 +1.2654e+00 +5.0000e+00 +6.5688e-01 +8.2679e-01 -1.5124e+00 +4.8492e+00 +2.2343e-01 -3.8711e+00 -2.3337e+00 -5.0000e+00 -2.6231e+00 +2.9475e-02 +2.1197e+00 -6.9203e-02 -1.6925e+00 +1.3321e+00 +3.9211e-01
173 0 +5.467289723e+02 +5.467289723e+02 -5.819102767e+01 -5.819102767e+01 +8.9428e-01 -5.0000e+00 +1.6143e-01 +1.4160e+00 +4.9088e+00 -4.6930e-01 +2.6578e-01 -1.1424e+00 +4.7444e+00 -5.5020e-01 -4.0275e+00 -2.3302e+00 -5.0000e+00 -3.0218e+00 +5.5932e-01 +2.6993e+00 -5.2521e-01 -1.4689e+00 +1.4583e+00 +2.3668e-01
176 0 +5.114855718e+02 +5.114855718e+02 -9.343442820e+01 -9.343442820e+01 +1.5448e+00 -5.0000e+00 -6.9887e-02 +1.3733e+00 +5.0000e+00 +4.9779e-01 +1.0281e+00 -1.6578e+00 +4.8372e+00 +5.0412e-01 -4.6085e+00 -2.2420e+00 -4.9328e+00 -2.8252e+00 +3.0233e-01 +2.2099e+00 -1.6838e-01 -1.7743e+00 +6.9599e-01 -3.9447e-01
209 0 +4.875391939e+02 +4.875391939e+02 -1.173808061e+02 -1.173808061e+02 +1.6130e+00 -5.0000e+00 -6.3470e-02 +1.3514e+00 +5.0000e+00 +2.0263e-01 +1.1195e+00 -1.7176e+00 +4.8281e+00 +4.9086e-01 -4.5887e+00 -2.2929e+00 -4.9176e+00 -2.2901e+00 +2.8306e-01 +1.9864e+00 -1.3888e-01 -1.8199e+00 +6.5296e-01 -3.8160e-01
214 0 +4.775425615e+02 +4.775425615e+02 -1.273774385e+02 -1.273774385e+02 +1.5997e+00 -5.0000e+00 -3.0449e-03 +1.3985e+00 +5.0000e+00 +5.3237e-01 +1.0713e+00 -1.6293e+00 +4.8434e+00 +5.0105e-01 -4.8971e+00 -2.1989e+00 -4.9061e+00 -2.6810e+00 +2.1829e-01 +2.1892e+00 -1.4088e-01 -1.7836e+00 +7.0728e-01 -5.8624e-01
272 0 +4.645369317e+02 +4.645369317e+02 -1.403830683e+02 -1.403830683e+02 +1.3001e+00 -5.0000e+00 +3.4652e-02 +1.3969e+00 +5.0000e+00 +5.0835e-01 +1.0616e+00 -1.6943e+00 +4.8417e+00 +5.2993e-01 -4.8028e+00 -2.1607e+00 -4.9132e+00 -2.6565e+00 +2.2383e-01 +2.1812e+00 -1.5005e-01 -1.7946e+00 +6.8073e-01 +1.9482e-02
338 0 +4.569009397e+02 +4.569009397e+02 -1.480190603e+02 -1.480190603e+02 +1.0980e+00 -5.0000e+00 +2.0599e-02 +1.3956e+00 +5.0000e+00 +5.1919e-01 +1.0620e+00 -1.6594e+00 +4.8423e+00 +5.2892e-01 -4.8969e+00 -2.1846e+00 -4.9129e+00 -2.6607e+00 +2.0776e-01 +2.1796e+00 -1.4506e-01 -1.7877e+00 +6.8192e-01 +1.7119e-01
384 0 +4.450660493e+02 +4.450660493e+02 -1.598539507e+02 -1.598539507e+02 +1.1124e+00 -4.9993e+00 +6.9013e-02 +1.3977e+00 +5.0000e+00 +5.0651e-01 +1.0583e+00 -1.6798e+00 +4.8440e+00 +5.2042e-01 -4.8166e+00 -2.1559e+00 -4.9126e+00 -2.6591e+00 +2.2554e-01 +2.1897e+00 -1.4912e-01 -1.7971e+00 +6.6828e-01 +1.5814e-02
448 0 +4.353114815e+02 +4.353114815e+02 -1.696085185e+02 -1.696085185e+02 +1.0047e+00 -4.9995e+00 +7.4162e-02 +1.3979e+00 +5.0000e+00 +5.1174e-01 +1.0571e+00 -1.6823e+00 +4.8438e+00 +5.2036e-01 -4.8252e+00 -2.1559e+00 -4.9130e+00 -2.6591e+00 +2.2559e-01 +2.1902e+00 -1.4923e-01 -1.8059e+00 +6.7077e-01 -2.5514e-03
1446 0 +4.265650466e+02 +4.265650466e+02 -1.783549534e+02 -1.783549534e+02 +1.0019e+00 -4.9996e+00 +8.2148e-02 +1.3979e+00 +5.0000e+00 +5.1277e-01 +1.0575e+00 -1.6864e+00 +4.8430e+00 +5.2022e-01 -4.9196e+00 -2.1559e+00 -4.9131e+00 -2.6595e+00 +2.2449e-01 +2.1903e+00 -1.4923e-01 -1.8255e+00 +6.7024e-01 +4.1732e-04
% f evaluations | g evaluations | best noise-free fitness - Fopt | noise-free fitness - Fopt (1.337000000000e+02) | measured fitness | best measured fitness | x1 | x2...
1 0 +1.236274073e+03 +1.236274073e+03 +1.369974073e+03 +1.369974073e+03 +4.7361e+00 -2.0564e+00 -4.6443e+00 -1.2409e+00 -2.8209e+00 +3.5233e+00 -2.3974e+00 +4.0210e-01 +9.6936e-02 -3.4977e+00 +2.7145e+00 -9.8913e-01 -2.4950e-01 -4.9864e-01 -4.4794e+00 +2.3552e+00 +9.6785e-01 -4.1487e+00 -1.2957e+00 -6.9821e-01
2 0 +1.192813833e+03 +1.192813833e+03 +1.326513833e+03 +1.326513833e+03 +2.0960e+00 -2.5154e+00 -3.5245e+00 +4.5839e+00 +3.3692e+00 -3.8100e+00 +3.0687e+00 +2.6693e+00 -2.7220e+00 +1.6709e+00 -1.2483e+00 -4.5432e+00 -3.8598e+00 -2.4534e+00 +2.6663e+00 -1.5891e+00 -3.9583e+00 -1.3565e+00 +2.4719e-01 -5.1432e-01
6 0 +8.735654513e+02 +8.735654513e+02 +1.007265451e+03 +1.007265451e+03 -3.2735e-01 -2.7171e+00 +4.2977e+00 +2.4603e+00 -2.5924e+00 +2.2399e+00 +1.1021e+00 +1.6625e+00 +2.8275e+00 -2.8640e+00 +4.2532e-01 +7.7616e-01 -3.1664e+00 +7.7142e-01 -1.8862e-01 -3.0316e+00 +3.7486e+00 +1.7659e+00 +2.1101e+00 +1.4476e+00
11 0 +8.389661964e+02 +8.389661964e+02 +9.726661964e+02 +9.726661964e+02 -2.2460e+00 +3.8087e+00 -2.3395e+00 -2.1827e+00 -4.2617e+00 +3.9905e-01 -3.8896e+00 -2.9434e+00 +6.6697e-01 +4.8783e+00 -1.1590e+00 -7.6737e-01 -4.8453e+00 +4.4331e+00 +4.4019e-01 -3.3726e+00 -3.1018e+00 -4.3612e-01 -2.6084e+00 -8.6939e-01
13 0 +7.734697698e+02 +7.734697698e+02 +9.071697698e+02 +9.071697698e+02 +3.2867e+00 +1.3959e+00 -1.9879e+00 -3.7547e+00 -2.2131e+00 -1.3693e+00 +1.1386e+00 +1.8173e+00 +3.9378e+00 +3.7513e+00 -4.3795e+00 -1.2147e+00 -1.6174e+00 +2.9313e+00 +3.3894e+00 -3.7897e-01 -5.6264e-01 +1.6124e+00 +1.1412e+00 -2.2102e+00
31 0 +7.440643876e+02 +7.440643876e+02 +8.777643876e+02 +8.777643876e+02 +1.9364e-01 +2.7353e+00 -2.0614e+00 -7.0484e-01 +2.4239e+00 +4.0414e+00 +4.4353e+00 -1.9609e+00 +3.3857e-01 -4.6365e+00 -3.5046e+00 -1.3792e+00 +5.4198e-01 +4.1452e+00 +1.0014e+00 -3.8351e+00 -6.7589e-01 -2.8589e+00 -5.7312e-01 -1.5806e+00
71 0 +6.965044162e+02 +6.965044162e+02 +8.302044162e+02 +8.302044162e+02 -4.9984e-01 +2.8817e+00 -3.0773e-01 -4.7880e-02 +2.1996e+00 +1.9766e+00 +4.3907e+00 -2.5815e+00 +5.9490e-01 -5.0000e+00 -2.5812e+00 -1.4014e+00 +5.8732e-01 +4.5795e+00 +1.3004e+00 -4.3442e+00 -1.6407e+00 -2.8699e+00 -9.5969e-01 +1.1133e-01
73 0 +6.244957421e+02 +6.244957421e+02 +7.581957421e+02 +7.581957421e+02 +1.9553e-01 +3.3829e+00 -2.1356e+00 +9.3329e-01 +1.8288e-01 -2.4878e-01 +5.0000e+00 -1.1013e+00 -2.6007e+00 -3.7031e+00 -2.9809e+00 -1.4328e+00 +1.3364e+00 +2.9722e+00 +1.6561e+00 -2.7007e+00 -6.2775e-01 -9.5452e-01 -2.2960e+00 -1.5163e+00
95 0 +5.390371743e+02 +5.390371743e+02 +6.727371743e+02 +6.727371743e+02 +5.6052e-01 +5.0000e+00 -3.0300e+00 +4.8686e-01 +1.1905e+00 +3.5959e+00 +3.9832e+00 -1.9133e+00 +3.7748e-01 -4.4942e+00 -2.4032e+00 -1.5500e+00 +7.1333e-01 +4.1006e+00 +1.0556e+00 -1.7057e+00 -9.6847e-01 +1.6673e-02 -2.2998e+00 -5.1231e-01
113 0 +5.143491544e+02 +5.143491544e+02 +6.480491544e+02 +6.480491544e+02 +4.9943e-01 +5.0000e+00 -2.7349e+00 +3.6616e-01 +9.7220e-01 +3.7039e+00 +3.9562e+00 -1.9116e+00 +3.9857e-01 -4.4093e+00 -1.5793e+00 -1.3448e+00 +1.3318e+00 +4.0374e+00 +1.1554e+00 -2.9586e+00 -7.8009e-01 -1.9576e-01 -1.7272e+00 -4.6273e-01
161 0 +4.977060890e+02 +4.977060890e+02 +6.314060890e+02 +6.314060890e+02 +5.2282e-01 +4.8552e+00 -2.6620e+00 -9.9211e-02 +1.0641e+00 +3.7105e+00 +3.9420e+00 -2.5275e+00 +3.3874e-01 -4.4027e+00 -1.5939e+00 -1.4261e+00 +1.3296e+00 +4.0293e+00 +1.1405e+00 -3.0377e+00 -8.0610e-01 +2.2098e-01 -1.3439e+00 -3.2930e-01
182 0 +4.803604790e+02 +4.803604790e+02 +6.140604790e+02 +6.140604790e+02 +3.6765e-01 +4.9997e+00 -2.7531e+00 +4.0147e-01 -1.6478e-01 +3.7279e+00 +3.9488e+00 -1.9114e+00 +3.7159e-01 -4.5019e+00 -9.6354e-01 -1.2831e+00 +1.3446e+00 +4.0377e+00 +1.2147e+00 -3.1823e+00 -6.6628e-01 +1.0891e-02 -1.9113e+00 -6.1390e-01
189 0 +4.659527229e+02 +4.659527229e+02 +5.996527229e+02 +5.996527229e+02 +7.2552e-01 +5.0000e+00 -2.5849e+00 +2.7099e-01 +9.1912e-01 +3.6519e+00 +3.9506e+00 -1.9082e+00 +1.2675e+00 -4.4827e+00 -1.5779e+00 -1.4255e+00 +1.3272e+00 +3.8358e+00 +1.3621e+00 -3.0146e+00 +1.6488e-01 +3.1914e-01 -1.5055e+00 -3.2092e-01
207 0 +4.533842758e+02 +4.533842758e+02 +5.870842758e+02 +5.870842758e+02 +7.2007e-01 +5.0000e+00 -2.6037e+00 +2.3208e-01 +9.1755e-01 +3.6147e+00 +3.9512e+00 -1.7723e+00 +9.6672e-01 -4.5427e+00 -1.2650e+00 -1.4489e+00 +1.3762e+00 +3.8636e+00 +1.4246e+00 -2.7879e+00 +8.5330e-01 +2.6781e-01 -1.6917e+00 -1.8671e-01
209 0 +4.396717242e+02 +4.396717242e+02 +5.733717242e+02 +5.733717242e+02 +7.0436e-01 +4.7586e+00 -2.5419e+00 +2.7827e-01 +9.1656e-01 +3.6335e+00 +2.6166e+00 -1.9086e+00 +2.0128e+00 -4.4795e+00 -1.6455e+00 -1.4873e+00 +1.3235e+00 +3.8025e+00 +1.3535e+00 -3.0147e+00 +7.9867e-01 +2.0181e+00 -1.5824e+00 -3.6860e-01
263 0 +4.129499103e+02 +4.129499103e+02 +5.466499103e+02 +5.466499103e+02 +7.5500e-01 +5.0000e+00 -2.6308e+00 +2.5327e-01 +6.6779e-01 +3.6432e+00 +3.9567e+00 -1.9132e+00 +6.0378e-01 -4.4698e+00 -1.6181e+00 -1.3764e+00 +9.8918e-01 +3.8509e+00 +1.3466e+00 -3.0832e+00 +1.2032e+00 +7.4221e-01 -1.3509e+00 -3.6920e-01
300 0 +3.971393539e+02 +3.971393539e+02 +5.308393539e+02 +5.308393539e+02 +8.0649e-01 +5.0000e+00 -2.8502e+00 +3.2331e-01 +6.4687e-01 +3.6473e+00 +3.9486e+00 -1.9257e+00 +6.1426e-01 -4.4858e+00 -1.5983e+00 -1.4191e+00 +7.4978e-01 +3.7848e+00 +1.0335e+00 -2.8955e+00 +7.9683e-01 +7.5990e-01 -1.4242e+00 -3.2664e-01
343 0 +3.815054903e+02 +3.815054903e+02 +5.152054903e+02 +5.152054903e+02 +8.0448e-01 +5.0000e+00 -2.8514e+00 +3.6440e-01 +6.4486e-01 +3.6473e+00 +3.9479e+00 -1.9226e+00 +5.0835e-01 -4.4827e+00 -1.5968e+00 -1.4199e+00 +7.4872e-01 +3.8093e+00 +1.0511e+00 -2.8938e+00 +8.6519e-01 +6.5626e-01 -1.4232e+00 -3.4914e-01
364 0 +3.767313802e+02 +3.767313802e+02 +5.104313802e+02 +5.104313802e+02 +8.0154e-01 +5.0000e+00 -2.8512e+00 +3.6128e-01 +6.4556e-01 +3.6487e+00 +3.9479e+00 -1.9232e+00 +4.9933e-01 -4.4834e+00 -1.5965e+00 -1.4194e+00 +7.5437e-01 +3.8353e+00 +1.0619e+00 -2.8945e+00 +8.5722e-01 +6.5897e-01 -1.4250e+00 -3.4528e-01
416 0 +3.711551998e+02 +3.711551998e+02 +5.048551998e+02 +5.048551998e+02 +7.9569e-01 +5.0000e+00 -2.9548e+00 +3.5552e-01 +6.4531e-01 +3.6496e+00 +3.9479e+00 -1.9227e+00 +4.4822e-01 -4.4827e+00 -1.5967e+00 -1.4174e+00 +7.4721e-01 +3.8423e+00 +1.0543e+00 -2.8881e+00 +8.7401e-01 +6.7232e-01 -1.4351e+00 -3.5759e-01
523 0 +3.630345957e+02 +3.630345957e+02 +4.967345957e+02 +4.967345957e+02 +7.9568e-01 +5.0000e+00 -2.9582e+00 +3.5271e-01 +6.3005e-01 +3.6496e+00 +3.9479e+00 -1.9229e+00 +4.3413e-01 -4.4807e+00 -1.5966e+00 -1.4167e+00 +7.8554e-01 +3.8413e+00 +1.0532e+00 -2.8579e+00 +8.7611e-01 +6.7244e-01 -1.4376e+00 -3.5333e-01
% f evaluations | g evaluations | best noise-free fitness - Fopt | noise-free fitness - Fopt (-2.098000000000e+01) | measured fitness | best measured fitness | x1 | x2...
1 0 +1.994708349e+03 +1.994708349e+03 +1.973728349e+03 +1.973728349e+03 -3.4374e+00 -1.4517e+00 -1.4425e+00 +1.7260e+00 -3.9446e+00 +1.0430e-01 -2.1690e+00 +1.5488e+00 -1.2455e+00 +4.5408e+00 -3.4680e+00 -4.1648e+00 -1.5562e+00 +2.0615e-01 -3.5164e+00 +2.1478e+00 -4.1655e+00 +3.4201e-01 +7.5337e-01 -4.2775e-01
7 0 +1.922537054e+03 +1.922537054e+03 +1.901557054e+03 +1.901557054e+03 +3.6118e-01 +4.2704e+00 -3.1424e+00 -3.1242e+00 -3.2592e+00 -4.3853e+00 -3.4814e+00 +2.1221e+00 -8.8694e-01 -3.4093e+00 -1.6637e+00 -2.8529e+00 +4.0987e-01 -8.3656e-01 +4.1982e+00 -4.8147e-01 -1.9806e+00 +4.1606e-01 -4.9145e+00 -2.0014e+00
8 0 +1.839019562e+03 +1.839019562e+03 +1.818039562e+03 +1.818039562e+03 -4.7299e+00 +5.1278e-01 -3.8384e+00 +1.3051e+00 +3.1602e+00 -5.0324e-01 -1.7837e+00 -3.0708e+00 +1.3799e-01 -2.0817e+00 +2.8566e+00 +2.5150e+00 -2.8654e+00 +7.6277e-01 -4.1160e+00 -1.0932e+00 +2.6736e+00 +3.9493e-01 -3.3983e+00 +1.3132e+00
11 0 +8.110156005e+02 +8.110156005e+02 +7.900356005e+02 +7.900356005e+02 -1.2823e+00 +4.1387e+00 +4.4970e-01 -1.6131e+00 +3.2834e-01 +1.2255e+00 +3.2799e-01 +1.0941e+00 +3.9910e-01 +1.7185e+00 +3.5834e+00 -1.1139e+00 +1.0462e+00 -3.8455e+00 -3.3151e+00 -4.4525e+00 -2.6576e+00 -4.9635e+00 -2.2114e+00 +3.6474e-01
51 0 +7.627077607e+02 +7.627077607e+02 +7.417277607e+02 +7.417277607e+02 -8.9889e-03 +4.9427e+00 -1.0746e+00 -6.0533e-01 +3.2367e+00 +8.4871e-01 +1.2212e+00 +1.4334e+00 +9.4391e-01 +1.9799e+00 +5.0000e+00 -2.1100e+00 +5.3057e-01 -5.0000e+00 -3.2424e+00 -5.0000e+00 -2.7483e+00 -5.0000e+00 +1.7683e-01 +2.7128e-01
52 0 +7.105134369e+02 +7.105134369e+02 +6.895334369e+02 +6.895334369e+02 -4.6768e+00 +3.3683e+00 +3.6071e-01 -1.0982e+00 -5.4590e-01 +1.3347e+00 -1.1367e+00 +1.1254e+00 +4.2377e-01 +1.0160e+00 +3.6091e+00 -4.8399e-01 +1.1002e+00 -2.9473e+00 -1.0238e+00 -5.0000e+00 -2.9350e+00 -5.0000e+00 -1.1682e+00 +3.2657e-02
53 0 +6.293390243e+02 +6.293390243e+02 +6.083590243e+02 +6.083590243e+02 -1.7874e+00 -2.4221e+00 +1.1913e+00 -1.4570e+00 +2.0106e+00 -3.0403e+00 +2.0938e-01 +8.7494e-01 -8.6057e-02 +1.6752e+00 +3.3803e-01 -1.5319e+00 +5.9017e-02 -3.4206e+00 -2.8743e+00 -4.0368e+00 -3.0298e+00 -5.0000e+00 -7.7042e-01 -7.4400e-01
69 0 +5.697358454e+02 +5.697358454e+02 +5.487558454e+02 +5.487558454e+02 -7.8264e-01 +5.0000e+00 -3.8311e-01 -1.5515e+00 +8.2418e-02 -2.0568e-01 -6.1591e-02 +1.6610e+00 -1.0556e+00 +1.5885e+00 +2.2154e+00 -8.7374e-01 -8.9900e-01 -3.8079e+00 -2.9680e+00 -4.5504e+00 -2.0279e+00 -4.6598e+00 -2.1842e+00 +9.5958e-01
105 0 +5.542264640e+02 +5.542264640e+02 +5.332464640e+02 +5.332464640e+02 -9.0526e-01 +5.0000e+00 -1.0931e+00 -1.5552e+00 +1.1811e+00 +1.2894e+00 +1.1475e-01 +1.2494e+00 -1.7459e+00 +1.6566e+00 +2.4810e+00 -1.4076e+00 -1.1844e+00 -3.8662e+00 -2.9730e+00 -4.7554e+00 -1.9614e+00 -4.4222e+00 -2.0098e+00 +3.6840e-01
120 0 +5.460803895e+02 +5.460803895e+02 +5.251003895e+02 +5.251003895e+02 -8.0779e-01 +5.0000e+00 +9.2427e-01 -6.0347e-01 +1.4750e-01 -1.0184e-02 -4.3529e-02 +1.5326e+00 -8.2735e-01 +1.3737e+00 +1.7394e+00 -8.4066e-01 -1.3733e+00 -3.7082e+00 -3.4455e+00 -4.5751e+00 -2.0291e+00 -4.6250e+00 -2.1301e+00 +1.3524e+00
122 0 +5.362611042e+02 +5.362611042e+02 +5.152811042e+02 +5.152811042e+02 -6.2056e-01 +2.7669e+00 -1.3554e+00 -1.6162e+00 +2.4677e-01 -1.1897e+00 +2.7901e-01 +4.8651e-01 -1.3703e+00 +1.4022e+00 +3.0907e+00 -1.0015e+00 -1.4404e+00 -3.7976e+00 -2.6772e+00 -4.4833e+00 -1.9400e+00 -4.8580e+00 -1.6884e+00 +2.9548e-01
137 0 +5.171295026e+02 +5.171295026e+02 +4.961495026e+02 +4.961495026e+02 -7.6724e-01 +5.0000e+00 -3.7552e-02 -1.5629e+00 -3.9630e-02 +4.6091e-02 +6.4912e-02 +1.9933e+00 -8.6045e-01 +1.6150e+00 +2.8655e+00 -9.9090e-01 -1.7052e+00 -3.8830e+00 -2.5775e+00 -4.5959e+00 -1.7312e+00 -4.0538e+00 -1.5720e+00 +8.6481e-01
144 0 +4.727567311e+02 +4.727567311e+02 +4.517767311e+02 +4.517767311e+02 -6.4255e-01 +5.0000e+00 -3.2523e-01 -1.5666e+00 +2.7342e-01 +6.4199e-01 -8.6449e-03 +1.4093e+00 -1.2289e+00 +1.4770e+00 +2.2521e+00 -4.9582e-01 -1.0784e+00 -5.0000e+00 -3.0475e+00 -4.4551e+00 -2.2974e+00 -4.3595e+00 -5.4797e-01 +1.7803e+00
155 0 +4.122945739e+02 +4.122945739e+02 +3.913145739e+02 +3.913145739e+02 -5.3387e-01 +4.9897e+00 -3.5085e-01 -1.6861e+00 +2.7928e-01 +2.3097e-01 -5.7769e-01 +1.3847e+00 -1.4971e+00 +1.4114e+00 +1.6306e+00 -2.4273e-01 -1.6576e+00 -4.6250e+00 -3.0897e+00 -4.4585e+00 -2.3040e+00 -4.5290e+00 +4.8541e-02 +2.3882e+00
164 0 +3.669425754e+02 +3.669425754e+02 +3.459625754e+02 +3.459625754e+02 -6.6061e-01 +5.0000e+00 -3.1773e-01 -1.0304e+00 +1.0469e-01 +4.8052e-01 +1.8473e-02 +9.6163e-01 -1.5838e+00 +1.5430e+00 +2.1062e+00 -3.9651e-01 -1.3916e+00 -4.8916e+00 -3.1079e+00 -4.3732e+00 -2.3320e+00 -4.4752e+00 +5.9902e-01 +2.6079e+00
207 0 +3.621560265e+02 +3.621560265e+02 +3.411760265e+02 +3.411760265e+02 -6.0166e-01 +5.0000e+00 -3.0227e-01 -9.7191e-01 +1.6136e-01 +4.4270e-01 -1.0450e-01 +1.0255e+00 -1.5551e+00 +1.4734e+00 +2.4221e+00 -4.0427e-01 -1.5253e+00 -4.7319e+00 -3.1096e+00 -4.3936e+00 -2.3359e+00 -4.4720e+00 +5.7985e-01 +2.5623e+00
221 0 +3.509864545e+02 +3.509864545e+02 +3.300064545e+02 +3.300064545e+02 -6.6815e-01 +5.0000e+00 -5.0241e-01 -1.1402e+00 +9.0474e-02 +4.1048e-01 +4.2846e-01 +9.5303e-01 -1.4817e+00 +1.5461e+00 +2.2792e+00 -3.9417e-01 -1.3733e+00 -4.6711e+00 -3.1290e+00 -4.4157e+00 -2.2955e+00 -4.4901e+00 +5.9523e-01 +2.1547e+00
261 0 +3.334745717e+02 +3.334745717e+02 +3.124945717e+02 +3.124945717e+02 -6.6083e-01 +5.0000e+00 -6.5081e-01 -1.0401e+00 +4.2974e-02 +5.4631e-01 +2.8963e-02 +1.3122e+00 -1.4538e+00 +1.5618e+00 +2.2719e+00 -3.7620e-01 -1.2615e+00 -4.8268e+00 -3.0917e+00 -4.3806e+00 -2.3408e+00 -4.4835e+00 +8.5889e-01 +2.8555e+00
280 0 +3.267216240e+02 +3.267216240e+02 +3.057416240e+02 +3.057416240e+02 -6.4544e-01 +5.0000e+00 -5.8483e-01 -1.0072e+00 +5.5729e-02 +5.4769e-01 +2.3409e-02 +1.2537e+00 -1.5462e+00 +1.5349e+00 +2.3511e+00 -4.1496e-01 -1.2422e+00 -4.8163e+00 -3.0955e+00 -4.3876e+00 -2.3258e+00 -4.5153e+00 +1.0337e+00 +2.5016e+00
313 0 +3.221161730e+02 +3.221161730e+02 +3.011361730e+02 +3.011361730e+02 -6.4365e-01 +5.0000e+00 -5.6622e-01 -1.0193e+00 +4.8757e-02 +5.4746e-01 +2.6972e-02 +1.2936e+00 -1.5168e+00 +1.5156e+00 +2.3148e+00 -4.0662e-01 -1.2310e+00 -4.8159e+00 -3.0948e+00 -4.3830e+00 -2.3338e+00 -4.5052e+00 +1.0922e+00 +2.7834e+00
317 0 +3.153083123e+02 +3.153083123e+02 +2.943283123e+02 +2.943283123e+02 -6.5130e-01 +5.0000e+00 -5.6349e-01 -1.0083e+00 +5.7740e-02 +5.5367e-01 +1.3643e-03 +1.2073e+00 -1.5924e+00 +1.4977e+00 +2.2117e+00 -4.2827e-01 -1.2429e+00 -4.7763e+00 -3.0905e+00 -4.3557e+00 -2.3246e+00 -4.5088e+00 +1.0996e+00 +2.5219e+00
384 0 +3.080092106e+02 +3.080092106e+02 +2.870292106e+02 +2.870292106e+02 -6.5243e-01 +5.0000e+00 -5.5632e-01 -1.0086e+00 +5.8847e-02 +5.5171e-01 -8.0692e-03 +1.1853e+00 -1.5815e+00 +1.4794e+00 +2.3107e+00 -4.3017e-01 -1.2427e+00 -4.7771e+00 -3.0917e+00 -4.3529e+00 -2.3247e+00 -4.5053e+00 +1.0874e+00 +2.5284e+00
534 0 +3.016406248e+02 +3.016406248e+02 +2.806606248e+02 +2.806606248e+02 -6.5069e-01 +5.0000e+00 -5.5607e-01 -1.0076e+00 +6.0193e-02 +5.4903e-01 -6.3214e-03 +1.1707e+00 -1.5617e+00 +1.4732e+00 +2.4095e+00 -4.3154e-01 -1.2442e+00 -4.7785e+00 -3.0910e+00 -4.3537e+00 -2.3249e+00 -4.5035e+00 +1.0856e+00 +2.5396e+00
3028 0 +2.950432254e+02 +2.950432254e+02 +2.740632254e+02 +2.740632254e+02 -6.5085e-01 +5.0000e+00 -5.5651e-01 -1.0077e+00 +6.0126e-02 +5.4877e-01 -5.2958e-03 +1.1701e+00 -1.5392e+00 +1.4735e+00 +2.4095e+00 -4.3137e-01 -1.2442e+00 -4.7383e+00 -3.0910e+00 -4.3535e+00 -2.3250e+00 -4.5035e+00 +1.0859e+00 +2.5383e+00
3640 0 +2.883727071e+02 +2.883727071e+02 +2.673927071e+02 +2.673927071e+02 -6.5085e-01 +5.0000e+00 -5.5651e-01 -1.0077e+00 +6.0126e-02 +5.4877e-01 -5.2958e-03 +1.1701e+00 -1.5392e+00 +1.4735e+00 +2.4095e+00 -4.3137e-01 -1.2442e+00 -4.7002e+00 -3.0910e+00 -4.3535e+00 -2.3250e+00 -4.5035e+00 +1.0859e+00 +2.5383e+00
4161 0 +2.818371727e+02 +2.818371727e+02 +2.608571727e+02 +2.608571727e+02 -6.5085e-01 +5.0000e+00 -5.5651e-01 -1.0077e+00 +6.0126e-02 +5.4877e-01 -5.2958e-03 +1.1701e+00 -1.5392e+00 +1.4735e+00 +2.4095e+00 -4.3137e-01 -1.2442e+00 -4.6423e+00 -3.0910e+00 -4.3535e+00 -2.3250e+00 -4.5035e+00 +1.0859e+00 +2.5383e+00
% f evaluations | g evaluations | best noise-free fitness - Fopt | noise-free fitness - Fopt (1.353300000000e+02) | measured fitness | best measured fitness | x1 | x2...
1 0 +2.980211054e+03 +2.980211054e+03 +3.115541054e+03 +3.115541054e+03 +3.6533e+00 -2.2263e-01 -4.4746e-01 +1.3597e+00 -2.3796e+00 -1.7952e+00 -9.9477e-01 -4.8360e+00 -2.8839e+00 +3.7230e+00 -9.1545e-01 -3.4124e+00 +1.9638e+00 -2.1611e-01 -4.7156e+00 +4.6156e+00 +4.2108e+00 +2.2509e+00 +1.3443e+00 +7.0154e-02
4 0 +1.975714867e+03 +1.975714867e+03 +2.111044867e+03 +2.111044867e+03 -2.6488e+00 -3.5933e-02 +3.5751e+00 +2.4650e+00 +4.9262e+00 +4.2348e+00 +1.0645e+00 -8.2300e-01 +4.9487e+00 +1.4292e+00 -2.8750e+00 +2.5907e+00 -1.2412e+00 -4.5314e+00 +1.6837e+00 +1.9205e+00 -1.7571e+00 -4.9430e+00 -3.9072e+00 -1.2654e+00
8 0 +1.327805998e+03 +1.327805998e+03 +1.463135998e+03 +1.463135998e+03 +4.5711e+00 +3.7277e+00 -3.6511e+00 +1.2442e+00 +1.0367e+00 +3.8447e+00 -3.2609e+00 +3.0412e-01 +1.1360e+00 +2.5363e+00 -2.1466e+00 +4.4904e+00 -4.2645e+00 +4.9261e+00 -2.4718e+00 -4.2591e+00 -4.4951e+00 -8.3957e-01 -2.3661e+00 -1.5468e+00
11 0 +8.959778641e+02 +8.959778641e+02 +1.031307864e+03 +1.031307864e+03 -7.8023e-01 +4.7335e+00 +3.3377e+00 +2.4809e-01 +2.9693e-01 +1.7457e+00 -4.9951e+00 +1.0610e+00 -4.8387e+00 -6.5412e-01 +5.6173e-01 -4.4024e+00 -2.5467e-01 -3.9327e+00 +9.6098e-01 +1.3032e+00 -7.4107e-01 +1.3969e+00 +3.3102e+00 -4.6761e+00
51 0 +8.391862494e+02 +8.391862494e+02 +9.745162494e+02 +9.745162494e+02 -4.1778e-01 +1.7705e+00 +3.8892e+00 -4.7365e-01 -1.4294e+00 +2.0124e+00 -3.2781e+00 +5.0000e+00 -5.0000e+00 -9.6196e-01 +8.9372e-01 -4.5667e+00 -1.1115e+00 -5.0000e+00 -2.0712e+00 +8.9277e-01 -1.7527e+00 +1.7830e+00 +2.5985e+00 -5.0000e+00
56 0 +7.491747706e+02 +7.491747706e+02 +8.845047706e+02 +8.845047706e+02 -5.3734e-01 +4.6433e+00 +3.3367e+00 +3.3437e-01 -3.3674e-03 +1.0773e+00 -4.9150e+00 -1.6362e+00 -8.1035e-01 -1.6925e+00 +1.0924e+00 -5.5111e-01 -1.0374e+00 -2.3760e+00 +1.9187e+00 +1.6595e+00 -7.2793e-01 +1.4463e+00 +4.2425e+00 -4.2149e+00
58 0 +6.658268156e+02 +6.658268156e+02 +8.011568156e+02 +8.011568156e+02 +3.0553e+00 +4.1909e+00 +1.2108e+00 -4.7744e-01 +3.7470e-01 +1.5350e+00 -4.2921e+00 +5.8054e-01 -4.2124e+00 -2.1432e+00 +9.5909e-01 -3.4426e+00 -5.0240e-01 +2.5856e+00 +2.0755e+00 +3.6274e-01 -1.4659e+00 +1.2505e+00 +2.7037e+00 -3.8110e+00
103 0 +5.866015228e+02 +5.866015228e+02 +7.219315228e+02 +7.219315228e+02 +2.7502e+00 +5.0000e+00 -5.6355e-01 -4.7628e-01 +1.1388e+00 +1.5176e+00 -5.0000e+00 +1.9090e+00 -4.9105e+00 -2.1079e+00 +9.5502e-01 -3.0423e+00 -5.6882e-01 +1.8609e+00 +2.3591e-01 +1.8108e-01 -1.6950e+00 +1.3089e+00 +2.6968e+00 -4.3679e+00
115 0 +5.504148678e+02 +5.504148678e+02 +6.857448678e+02 +6.857448678e+02 +5.0000e+00 +4.4505e+00 +8.7719e-01 -3.6501e-01 +6.6572e-02 +1.3541e+00 -4.3629e+00 +6.7118e-01 -4.1139e+00 -1.5568e+00 +1.6037e+00 -2.9023e+00 -4.3193e-01 +1.5437e+00 +1.1406e+00 -6.5660e-01 -1.3604e+00 -6.7709e-01 +1.4356e+00 -3.7676e+00
210 0 +5.325523868e+02 +5.325523868e+02 +6.678823868e+02 +6.678823868e+02 +4.4262e+00 +4.4841e+00 +9.7207e-01 -3.1883e-01 +1.5425e-01 +1.4391e+00 -4.3199e+00 +6.8487e-01 -4.1555e+00 -1.6631e+00 +1.4269e+00 -2.5955e+00 -4.2644e-01 +1.6020e+00 +1.4777e+00 -6.0262e-01 -1.3521e+00 -2.0770e-01 +1.6279e+00 -3.8824e+00
214 0 +5.173668432e+02 +5.173668432e+02 +6.526968432e+02 +6.526968432e+02 +3.9962e+00 +4.5017e+00 +7.6757e-01 -2.9496e-01 +1.1271e-01 +1.4206e+00 -4.3097e+00 +7.1288e-01 -4.2192e+00 -1.6757e+00 +1.5460e+00 -2.1838e+00 -4.2572e-01 +1.5785e+00 +1.5457e+00 -6.7600e-01 -1.3488e+00 +4.5905e-01 +1.5876e+00 -3.8322e+00
259 0 +4.887961831e+02 +4.887961831e+02 +6.241261831e+02 +6.241261831e+02 +3.5702e+00 +4.5019e+00 +7.5457e-01 -2.9642e-01 +1.1465e-01 +1.4386e+00 -4.2813e+00 +7.5356e-01 -4.2315e+00 -1.6735e+00 +1.5448e+00 -2.3018e+00 -4.2336e-01 +1.5799e+00 +1.6532e+00 -5.8451e-01 -1.3660e+00 +4.8391e-01 +1.4808e+00 -3.7836e+00
342 0 +4.776547296e+02 +4.776547296e+02 +6.129847296e+02 +6.129847296e+02 +3.7353e+00 +4.5222e+00 +7.3994e-01 -2.9364e-01 +8.7372e-02 +1.4578e+00 -4.3372e+00 +3.0395e-01 -4.2165e+00 -1.6674e+00 +1.5830e+00 -2.1236e+00 -4.1732e-01 +1.6516e+00 +1.6020e+00 -5.1835e-01 -1.3473e+00 +4.6384e-01 +1.9008e+00 -3.7983e+00
376 0 +4.650542316e+02 +4.650542316e+02 +6.003842316e+02 +6.003842316e+02 +3.7423e+00 +4.5222e+00 +7.4237e-01 -2.9708e-01 +8.7389e-02 +1.4897e+00 -4.3340e+00 +4.2300e-01 -4.2165e+00 -1.6668e+00 +1.5893e+00 -2.1231e+00 -4.1906e-01 +1.6377e+00 +1.3931e+00 -5.3284e-01 -1.3475e+00 +4.6457e-01 +1.8554e+00 -3.7946e+00
470 0 +4.551249626e+02 +4.551249626e+02 +5.904549626e+02 +5.904549626e+02 +3.7549e+00 +4.5223e+00 +7.4216e-01 -2.9873e-01 +8.9174e-02 +1.4693e+00 -4.3295e+00 +3.1601e-01 -4.2160e+00 -1.6720e+00 +1.6072e+00 -2.1228e+00 -4.1895e-01 +1.6169e+00 +1.4048e+00 -5.4442e-01 -1.3470e+00 +4.6754e-01 +1.8383e+00 -3.7925e+00
635 0 +4.460072176e+02 +4.460072176e+02 +5.813372176e+02 +5.813372176e+02 +3.7383e+00 +4.5223e+00 +7.4217e-01 -3.0003e-01 +8.8091e-02 +1.4842e+00 -4.3302e+00 +3.0487e-01 -4.2155e+00 -1.6707e+00 +1.5874e+00 -2.1163e+00 -4.1906e-01 +1.6470e+00 +1.3892e+00 -5.6770e-01 -1.3473e+00 +4.6876e-01 +1.8426e+00 -3.7932e+00
% f evaluations | g evaluations | best noise-free fitness - Fopt | noise-free fitness - Fopt (4.066000000000e+01) | measured fitness | best measured fitness | x1 | x2...
1 0 +1.889256131e+03 +1.889256131e+03 +1.929916131e+03 +1.929916131e+03 +2.0885e+00 -4.5673e+00 -2.5823e+00 +3.8168e+00 +2.1273e+00 -3.6777e+00 +4.9816e+00 -1.8375e+00 +3.2072e+00 +3.4620e-01 -3.2223e+00 -1.1808e+00 +1.3945e+00 +1.2296e-02 -2.4175e+00 -4.9463e+00 -4.1609e+00 +4.1520e+00 +4.8292e+00 -3.9348e+00
2 0 +1.306473338e+03 +1.306473338e+03 +1.347133338e+03 +1.347133338e+03 +2.9711e+00 +4.2913e+00 -1.7866e+00 +4.7251e+00 +2.1565e+00 -2.5275e+00 -2.9172e+00 +5.8617e-01 +3.7857e+00 +3.5377e+00 +4.4638e+00 +6.8353e-01 -3.3474e+00 +4.4264e+00 -4.4818e+00 -9.4955e-01 -1.7054e+00 -1.4904e+00 +3.8788e+00 -2.3573e+00
3 0 +8.859185066e+02 +8.859185066e+02 +9.265785066e+02 +9.265785066e+02 +4.7357e-01 -3.0248e+00 -5.3174e-01 -1.6463e+00 -7.7291e-01 -1.5229e+00 -3.2747e+00 +2.3861e+00 +1.6923e+00 -2.8164e+00 -4.0272e-01 +2.6009e+00 -3.9351e+00 +1.8137e+00 +2.2561e+00 -2.8106e+00 -4.1293e+00 +5.9529e-03 +4.3789e+00 +1.5652e+00
41 0 +7.557638251e+02 +7.557638251e+02 +7.964238251e+02 +7.964238251e+02 +2.1379e+00 -4.0217e+00 +1.6502e+00 +4.9850e+00 +2.5051e+00 +2.6390e+00 +1.9710e+00 +2.7857e+00 +1.5343e+00 +1.7777e+00 -3.4530e+00 +3.7333e+00 -2.5207e+00 +3.7904e+00 +2.5666e+00 +2.9754e+00 -1.2486e+00 +1.5776e+00 +4.5110e+00 +4.5412e+00
47 0 +7.307708176e+02 +7.307708176e+02 +7.714308176e+02 +7.714308176e+02 +1.0772e+00 +1.1980e+00 -2.4632e+00 -4.8525e+00 -4.9500e+00 +8.6948e-01 -3.7519e+00 +6.9603e-01 +2.3626e+00 -2.9585e+00 -2.9034e+00 -4.5799e-01 -2.7540e+00 +3.6569e+00 +3.2713e+00 +2.7928e-01 +3.5788e+00 +2.8429e+00 +3.1314e-01 +2.9021e+00
64 0 +6.147889556e+02 +6.147889556e+02 +6.554489556e+02 +6.554489556e+02 -4.5802e-01 +2.2465e+00 -4.6046e+00 -5.0000e+00 -4.3196e+00 +8.2829e-02 -3.4653e+00 -2.2734e-01 +2.5558e+00 -2.7579e+00 -3.6505e+00 +3.9668e-01 -4.5825e+00 +3.2560e+00 -1.7338e-02 +2.5309e+00 +1.9444e+00 +9.7788e-01 +1.5036e+00 +2.8919e+00
70 0 +5.668077708e+02 +5.668077708e+02 +6.074677708e+02 +6.074677708e+02 +2.2437e+00 +2.8712e-01 -2.5830e+00 -3.2281e+00 -3.3285e+00 +1.2932e-01 -2.4698e+00 +2.6919e-01 +2.6480e+00 -2.3870e+00 -3.1001e+00 +2.3084e-01 -1.8195e+00 +3.3910e+00 +3.3210e+00 +3.7086e-01 +2.6304e+00 +9.9099e-01 +2.8403e+00 +2.3727e+00
91 0 +5.443171323e+02 +5.443171323e+02 +5.849771323e+02 +5.849771323e+02 +1.1651e+00 -1.0648e+00 -2.7400e-01 -5.0000e+00 -2.6609e+00 +1.7320e+00 -3.9122e+00 -4.5101e-01 +1.8677e+00 -3.6505e+00 -2.7662e+00 -2.5773e+00 -2.7652e+00 +3.6697e+00 +3.6822e+00 +1.6091e+00 +2.0463e-01 +2.6442e+00 +1.4496e+00 +4.0183e+00
96 0 +5.285253980e+02 +5.285253980e+02 +5.691853980e+02 +5.691853980e+02 +1.5345e+00 +1.1196e+00 -2.2605e+00 -4.8304e+00 +1.0704e+00 +5.7737e-01 -3.7259e+00 -7.9885e-01 +5.0000e+00 -2.5761e+00 -3.5897e+00 +1.7282e-01 -2.3180e+00 +1.8009e+00 +1.9421e+00 +1.3701e-01 +2.0045e+00 +3.4768e+00 +6.9367e-01 +3.0360e+00
105 0 +4.535961340e+02 +4.535961340e+02 +4.942561340e+02 +4.942561340e+02 +1.5427e+00 +8.9371e-01 -2.5995e+00 -4.8295e+00 +3.2026e-01 +5.0617e-01 -3.7249e+00 -1.1919e+00 +4.2764e+00 -2.5701e+00 -3.5518e+00 -3.4970e-01 -2.9520e+00 +1.8821e+00 +1.8587e+00 +1.7031e+00 +2.9147e-01 +3.5602e+00 +6.5510e-01 +3.1240e+00
120 0 +4.438491703e+02 +4.438491703e+02 +4.845091703e+02 +4.845091703e+02 +1.7267e+00 +1.3161e+00 -1.0069e+00 -5.0000e+00 -1.4908e+00 +5.8492e-01 -4.0177e+00 +3.0774e-03 +5.0000e+00 -1.1573e+00 -2.8127e+00 +2.3657e-01 -2.3662e+00 +2.7287e+00 +1.9317e+00 +1.3167e-02 +3.7159e-01 +4.0244e+00 +6.3365e-01 +2.9656e+00
135 0 +3.920538391e+02 +3.920538391e+02 +4.327138391e+02 +4.327138391e+02 +1.8943e+00 +1.1135e+00 -2.5285e+00 -4.8633e+00 +8.3630e-01 +5.7247e-01 -3.5642e+00 -1.8645e+00 +3.6317e+00 -2.2510e+00 -3.4701e+00 +3.2232e-01 -4.2333e+00 +1.9376e+00 +2.2807e+00 +1.7651e-01 +1.7705e+00 +3.3261e+00 +1.2477e+00 +2.8108e+00
167 0 +3.806271712e+02 +3.806271712e+02 +4.212871712e+02 +4.212871712e+02 +1.7856e+00 +1.1003e+00 -2.6144e+00 -4.8379e+00 +2.1742e+00 +5.7986e-01 -3.5409e+00 -1.9659e+00 +3.6023e+00 -2.1565e+00 -3.5210e+00 +3.8524e-01 -3.2618e+00 +2.2440e+00 +2.1313e+00 +1.8926e-01 +1.9720e+00 +3.5523e+00 +9.6211e-01 +2.9336e+00
178 0 +3.653613166e+02 +3.653613166e+02 +4.060213166e+02 +4.060213166e+02 +1.7923e+00 +1.1045e+00 -2.5537e+00 -4.8525e+00 +1.8725e-01 +5.8004e-01 -3.4678e+00 -3.2342e+00 +3.6074e+00 -2.1988e+00 -3.4457e+00 +1.6743e-01 -4.3534e+00 +2.3018e+00 +2.2507e+00 +1.2738e-01 +1.2614e+00 +2.9087e+00 +1.3890e+00 +2.7921e+00
209 0 +3.613205228e+02 +3.613205228e+02 +4.019805228e+02 +4.019805228e+02 +1.8889e+00 +1.0980e+00 -2.5647e+00 -4.8492e+00 +4.6256e-01 +5.8518e-01 -3.3689e+00 -2.7285e+00 +3.6365e+00 -2.1947e+00 -3.4449e+00 +6.4560e-02 -4.2544e+00 +2.5423e+00 +2.2291e+00 +4.6768e-01 +1.5833e+00 +2.8428e+00 +1.4773e+00 +2.8580e+00
255 0 +3.513007556e+02 +3.513007556e+02 +3.919607556e+02 +3.919607556e+02 +1.7487e+00 +1.1048e+00 -2.6313e+00 -4.8577e+00 +3.2345e-01 +5.4455e-01 -3.5531e+00 -3.1986e+00 +3.6022e+00 -2.1930e+00 -3.6071e+00 +1.6320e-01 -4.3075e+00 +2.4091e+00 +2.2084e+00 +1.1217e-01 +8.4878e-01 +2.8066e+00 +1.4067e+00 +2.7914e+00
262 0 +3.418163339e+02 +3.418163339e+02 +3.824763339e+02 +3.824763339e+02 +1.8768e+00 +1.1051e+00 -2.6239e+00 -4.8801e+00 +3.7391e-01 +5.4540e-01 -3.5635e+00 -3.2205e+00 +3.6013e+00 -2.2657e+00 -3.5354e+00 +1.8861e-01 -4.3089e+00 +2.3981e+00 +2.2177e+00 +1.1281e-01 +5.6681e-01 +2.7099e+00 +1.4062e+00 +2.7934e+00
308 0 +3.353330595e+02 +3.353330595e+02 +3.759930595e+02 +3.759930595e+02 +1.8983e+00 +1.0978e+00 -2.6883e+00 -4.8582e+00 +4.4657e-01 +5.3202e-01 -3.5172e+00 -3.1948e+00 +3.6031e+00 -2.2296e+00 -3.5357e+00 +1.6706e-01 -4.3074e+00 +2.4137e+00 +2.2077e+00 +1.1570e-01 +1.5021e+00 +2.8428e+00 +1.3960e+00 +2.8716e+00
323 0 +3.226704680e+02 +3.226704680e+02 +3.633304680e+02 +3.633304680e+02 +1.8634e+00 +1.0954e+00 -2.7129e+00 -4.8605e+00 +4.6233e-01 +5.3437e-01 -3.4994e+00 -3.2268e+00 +3.6024e+00 -2.2089e+00 -3.5305e+00 +1.8953e-01 -4.2656e+00 +2.4160e+00 +2.2083e+00 +1.1596e-01 +1.0292e+00 +2.8432e+00 +1.4254e+00 +2.8710e+00
437 0 +3.147852560e+02 +3.147852560e+02 +3.554452560e+02 +3.554452560e+02 +1.8738e+00 +1.0931e+00 -2.7191e+00 -4.8647e+00 +3.8733e-01 +5.3560e-01 -3.4931e+00 -3.2156e+00 +3.6024e+00 -2.1983e+00 -3.5665e+00 +1.9133e-01 -4.2866e+00 +2.3795e+00 +2.2086e+00 +1.1583e-01 +1.0180e+00 +2.8422e+00 +1.4134e+00 +2.8712e+00
18929 0 +3.090274391e+02 +3.090274391e+02 +3.496874391e+02 +3.496874391e+02 +1.8736e+00 +1.0905e+00 -2.7197e+00 -4.8660e+00 +3.0016e-01 +5.3810e-01 -3.4935e+00 -3.2239e+00 +3.6024e+00 -2.2018e+00 -3.5654e+00 +1.9221e-01 -4.2246e+00 +2.3538e+00 +2.2084e+00 +1.1584e-01 +1.0212e+00 +2.8428e+00 +1.4179e+00 +2.8726e+00
