% f evaluations | g evaluations | best noise-free fitness - Fopt | noise-free fitness - Fopt (-2.098800000000e+02) | measured fitness | best measured fitness | x1 | x2...
1 0 +5.196970996e+07 +5.196970996e+07 +5.196950008e+07 +5.196950008e+07 +7.6678e-01 -2.0556e-01 -4.0161e+00
3 0 +3.899371768e+07 +3.899371768e+07 +3.899350780e+07 +3.899350780e+07 -3.0443e-01 -7.7782e-01 -3.0802e+00
4 0 +4.792093211e+06 +4.792093211e+06 +4.791883331e+06 +4.791883331e+06 +4.9862e+00 -2.1409e+00 +1.3307e+00
8 0 +2.431941363e+06 +2.431941363e+06 +2.431731483e+06 +2.431731483e+06 -2.6523e+00 +4.7179e+00 +2.1335e+00
15 0 +1.357037036e+05 +1.357037036e+05 +1.354938236e+05 +1.354938236e+05 -1.1323e+00 +1.9088e-01 +3.9372e+00
25 0 +7.947965045e+04 +7.947965045e+04 +7.926977045e+04 +7.926977045e+04 -4.4219e+00 -1.6911e+00 +3.8243e+00
86 0 +4.378403441e+04 +4.378403441e+04 +4.357415441e+04 +4.357415441e+04 +4.2514e+00 -1.0519e+00 +3.7549e+00
104 0 +9.160316269e+02 +9.160316269e+02 +7.061516269e+02 +7.061516269e+02 +2.5733e-01 +1.3795e+00 +3.5663e+00
407 0 +1.584869529e+02 +1.584869529e+02 -5.139304715e+01 -5.139304715e+01 +1.6743e+00 +2.5177e-01 +3.5432e+00
436 0 +6.063294652e+01 +6.063294652e+01 -1.492470535e+02 -1.492470535e+02 +2.7168e+00 +3.1447e-01 +3.5609e+00
% f evaluations | g evaluations | best noise-free fitness - Fopt | noise-free fitness - Fopt (-9.209000000000e+01) | measured fitness | best measured fitness | x1 | x2...
1 0 +2.195987530e+07 +2.195987530e+07 +2.195978321e+07 +2.195978321e+07 -3.6437e+00 -5.6168e-01 +4.8005e+00
2 0 +6.476355535e+06 +6.476355535e+06 +6.476263445e+06 +6.476263445e+06 -2.6547e+00 -3.9612e-01 +2.4866e+00
9 0 +5.495763130e+06 +5.495763130e+06 +5.495671040e+06 +5.495671040e+06 +2.4236e+00 +3.8039e+00 +2.3186e+00
10 0 +2.226042147e+06 +2.226042147e+06 +2.225950057e+06 +2.225950057e+06 +1.9758e+00 -3.2335e+00 +1.6870e+00
15 0 +5.258737289e+05 +5.258737289e+05 +5.257816389e+05 +5.257816389e+05 +1.8577e+00 +2.9701e+00 +8.7401e-01
31 0 +2.748245023e+05 +2.748245023e+05 +2.747324123e+05 +2.747324123e+05 +2.0649e+00 +1.9946e+00 -4.5272e-01
41 0 +1.971468571e+05 +1.971468571e+05 +1.970547671e+05 +1.970547671e+05 -4.9445e-01 +3.2456e+00 -3.4298e-01
43 0 +6.442640219e+04 +6.442640219e+04 +6.433431219e+04 +6.433431219e+04 +4.5092e+00 -2.4768e+00 +2.8711e-01
71 0 +2.308757040e+04 +2.308757040e+04 +2.299548040e+04 +2.299548040e+04 -4.9894e+00 -3.2147e-01 +2.1238e-01
128 0 +1.999064673e+04 +1.999064673e+04 +1.989855673e+04 +1.989855673e+04 +4.3700e+00 +1.5415e+00 -4.0226e-02
142 0 +1.897391060e+04 +1.897391060e+04 +1.888182060e+04 +1.888182060e+04 -3.6043e+00 -1.2897e+00 +2.6602e-02
411 0 +1.818641608e+04 +1.818641608e+04 +1.809432608e+04 +1.809432608e+04 -4.5762e+00 -8.5783e-01 +4.5447e-03
413 0 +1.115762921e+04 +1.115762921e+04 +1.106553921e+04 +1.106553921e+04 -3.5430e+00 -4.0731e-01 +4.3936e-02
440 0 +7.504840524e+03 +7.504840524e+03 +7.412750524e+03 +7.412750524e+03 -5.1927e+00 -1.7070e-01 +1.0244e-01
% f evaluations | g evaluations | best noise-free fitness - Fopt | noise-free fitness - Fopt (-8.789000000000e+01) | measured fitness | best measured fitness | x1 | x2...
1 0 +3.809355393e+06 +3.809355393e+06 +3.809267503e+06 +3.809267503e+06 -2.0281e+00 +3.7164e-01 +3.2257e+00
3 0 +6.452466677e+04 +6.452466677e+04 +6.443677677e+04 +6.443677677e+04 +5.4307e-01 +2.2337e+00 +1.4986e+00
12 0 +6.261232160e+04 +6.261232160e+04 +6.252443160e+04 +6.252443160e+04 +2.2041e+00 -1.2689e+00 +1.4454e+00
79 0 +6.004656910e+04 +6.004656910e+04 +5.995867910e+04 +5.995867910e+04 +4.8090e+00 +4.7099e+00 +1.0066e+00
84 0 +3.261132777e+04 +3.261132777e+04 +3.252343777e+04 +3.252343777e+04 +1.5813e+00 +8.8603e-01 +1.4120e+00
98 0 +3.177426394e+04 +3.177426394e+04 +3.168637394e+04 +3.168637394e+04 +4.3919e+00 -2.1857e+00 +1.2814e+00
144 0 +1.679646442e+04 +1.679646442e+04 +1.670857442e+04 +1.670857442e+04 +4.3058e+00 -3.2591e-01 +1.2811e+00
162 0 +1.590086772e+04 +1.590086772e+04 +1.581297772e+04 +1.581297772e+04 +6.2619e+00 +2.1790e-01 +1.1777e+00
198 0 +5.095186575e+03 +5.095186575e+03 +5.007296575e+03 +5.007296575e+03 +1.7564e+00 +1.5477e+00 +1.2230e+00
% f evaluations | g evaluations | best noise-free fitness - Fopt | noise-free fitness - Fopt (3.201900000000e+02) | measured fitness | best measured fitness | x1 | x2...
1 0 +3.849340189e+06 +3.849340189e+06 +3.849660379e+06 +3.849660379e+06 +1.3108e+00 -1.0189e+00 -5.1242e-01
2 0 +2.137183221e+06 +2.137183221e+06 +2.137503411e+06 +2.137503411e+06 -4.6000e+00 -2.0472e+00 +6.3843e-02
11 0 +2.716605923e+04 +2.716605923e+04 +2.748624923e+04 +2.748624923e+04 -4.2520e+00 +1.1597e+00 +1.5290e+00
122 0 +1.243774251e+03 +1.243774251e+03 +1.563964251e+03 +1.563964251e+03 +4.1739e+00 -1.6360e+00 +1.3765e+00
305 0 +2.771182382e+02 +2.771182382e+02 +5.973082382e+02 +5.973082382e+02 +4.7631e+00 -2.0669e+00 +1.3906e+00
411 0 +2.381521886e+02 +2.381521886e+02 +5.583421886e+02 +5.583421886e+02 +5.9951e+00 -2.2489e+00 +1.3899e+00
438 0 +3.566259471e+01 +3.566259471e+01 +3.558525947e+02 +3.558525947e+02 -1.7418e-01 -2.5073e+00 +1.4000e+00
% f evaluations | g evaluations | best noise-free fitness - Fopt | noise-free fitness - Fopt (-1.042400000000e+02) | measured fitness | best measured fitness | x1 | x2...
1 0 +9.116988411e+06 +9.116988411e+06 +9.116884171e+06 +9.116884171e+06 -4.7059e+00 +1.3608e+00 +4.3974e+00
2 0 +8.775812576e+06 +8.775812576e+06 +8.775708336e+06 +8.775708336e+06 -4.4869e+00 +4.9820e+00 +4.3093e+00
4 0 +5.530196296e+06 +5.530196296e+06 +5.530092056e+06 +5.530092056e+06 -4.4479e+00 -3.1553e+00 -1.1080e+00
7 0 +6.369791399e+05 +6.369791399e+05 +6.368748999e+05 +6.368748999e+05 +2.8372e+00 +4.9356e-01 +4.7451e-01
8 0 +3.749562044e+04 +3.749562044e+04 +3.739138044e+04 +3.739138044e+04 +1.2305e+00 +2.7093e-02 +1.1735e+00
27 0 +4.420478275e+03 +4.420478275e+03 +4.316238275e+03 +4.316238275e+03 -4.7826e+00 -2.5204e+00 +1.2671e+00
133 0 +1.878231976e+02 +1.878231976e+02 +8.358319759e+01 +8.358319759e+01 +4.3548e+00 -3.4815e+00 +1.3129e+00
407 0 +1.581096538e+02 +1.581096538e+02 +5.386965379e+01 +5.386965379e+01 +4.7927e+00 -3.5323e+00 +1.3126e+00
415 0 +1.479039001e+02 +1.479039001e+02 +4.366390012e+01 +4.366390012e+01 +5.5352e+00 -3.9178e+00 +1.3023e+00
422 0 +6.276187543e+01 +6.276187543e+01 -4.147812457e+01 -4.147812457e+01 +5.2302e+00 -3.8178e+00 +1.3190e+00
692 0 +1.515231035e+01 +1.515231035e+01 -8.908768965e+01 -8.908768965e+01 +1.6520e+00 -3.9947e+00 +1.3168e+00
% f evaluations | g evaluations | best noise-free fitness - Fopt | noise-free fitness - Fopt (-6.785000000000e+01) | measured fitness | best measured fitness | x1 | x2...
1 0 +3.463727814e+07 +3.463727814e+07 +3.463721029e+07 +3.463721029e+07 -4.5821e+00 -1.6753e+00 -4.9265e+00
2 0 +1.785480809e+05 +1.785480809e+05 +1.784802309e+05 +1.784802309e+05 -2.5247e+00 -4.9960e+00 +1.6462e+00
8 0 +1.452697525e+05 +1.452697525e+05 +1.452019025e+05 +1.452019025e+05 +3.3256e+00 -2.4755e+00 +1.6430e+00
19 0 +6.899687603e+04 +6.899687603e+04 +6.892902603e+04 +6.892902603e+04 +4.4782e+00 -2.4868e-01 +1.0613e+00
33 0 +4.365632667e+04 +4.365632667e+04 +4.358847667e+04 +4.358847667e+04 +4.8066e+00 -3.8849e+00 +1.2686e+00
41 0 +1.557875378e+04 +1.557875378e+04 +1.551090378e+04 +1.551090378e+04 +1.1862e+00 +6.7972e-01 +1.3997e+00
51 0 +7.023159673e+03 +7.023159673e+03 +6.955309673e+03 +6.955309673e+03 +1.1975e+00 +5.2321e-01 +1.2710e+00
123 0 +2.820594683e+03 +2.820594683e+03 +2.752744683e+03 +2.752744683e+03 +2.4641e+00 +1.5045e+00 +1.3149e+00
305 0 +1.745009503e+03 +1.745009503e+03 +1.677159503e+03 +1.677159503e+03 +1.2684e+00 +1.8163e+00 +1.2934e+00
411 0 +4.226479060e+02 +4.226479060e+02 +3.547979060e+02 +3.547979060e+02 +2.3726e+00 +2.6322e+00 +1.3209e+00
686 0 +3.922584410e+02 +3.922584410e+02 +3.244084410e+02 +3.244084410e+02 +1.2132e+00 +2.3893e+00 +1.3114e+00
941 0 +1.521966865e+02 +1.521966865e+02 +8.434668648e+01 +8.434668648e+01 +1.2523e+00 +2.7830e+00 +1.2936e+00
% f evaluations | g evaluations | best noise-free fitness - Fopt | noise-free fitness - Fopt (-3.639800000000e+02) | measured fitness | best measured fitness | x1 | x2...
1 0 +6.432299786e+05 +6.432299786e+05 +6.428659986e+05 +6.428659986e+05 +1.2777e+00 +1.8433e+00 +1.7623e+00
12 0 +5.673371897e+05 +5.673371897e+05 +5.669732097e+05 +5.669732097e+05 +4.1947e+00 -2.9279e+00 +3.4084e+00
23 0 +6.322702060e+04 +6.322702060e+04 +6.286304060e+04 +6.286304060e+04 -4.5229e+00 +3.9311e+00 +2.3625e+00
48 0 +3.554749381e+03 +3.554749381e+03 +3.190769381e+03 +3.190769381e+03 -4.5251e+00 +2.0741e+00 +2.5700e+00
155 0 +2.548267718e+03 +2.548267718e+03 +2.184287718e+03 +2.184287718e+03 -3.6559e+00 +3.7916e+00 +2.5707e+00
918 0 +2.119572143e+03 +2.119572143e+03 +1.755592143e+03 +1.755592143e+03 -4.9274e+00 +1.9775e+00 +2.6337e+00
926 0 +2.860645321e+02 +2.860645321e+02 -7.791546791e+01 -7.791546791e+01 -6.5044e+00 +3.1349e+00 +2.6283e+00
% f evaluations | g evaluations | best noise-free fitness - Fopt | noise-free fitness - Fopt (-1.865000000000e+01) | measured fitness | best measured fitness | x1 | x2...
1 0 +6.622921720e+06 +6.622921720e+06 +6.622903070e+06 +6.622903070e+06 -3.6098e+00 -1.4270e+00 -5.3222e-02
2 0 +2.026006621e+06 +2.026006621e+06 +2.025987971e+06 +2.025987971e+06 +5.0537e-02 -3.8432e+00 -1.0491e+00
16 0 +2.396286861e+05 +2.396286861e+05 +2.396100361e+05 +2.396100361e+05 -3.9207e+00 +9.0475e-01 -2.9580e+00
22 0 +1.899442999e+04 +1.899442999e+04 +1.897577999e+04 +1.897577999e+04 +3.9366e+00 +1.4758e+00 -2.5445e+00
65 0 +5.158641425e+03 +5.158641425e+03 +5.139991425e+03 +5.139991425e+03 -4.8897e+00 -3.8560e+00 -2.5333e+00
182 0 +2.713777310e+03 +2.713777310e+03 +2.695127310e+03 +2.695127310e+03 +9.0745e+00 -1.2900e+00 -2.5111e+00
414 0 +1.460480523e+03 +1.460480523e+03 +1.441830523e+03 +1.441830523e+03 -4.7701e-01 -3.3052e+00 -2.4534e+00
443 0 +1.916238539e+02 +1.916238539e+02 +1.729738539e+02 +1.729738539e+02 -4.8047e+00 -2.8438e+00 -2.4828e+00
% f evaluations | g evaluations | best noise-free fitness - Fopt | noise-free fitness - Fopt (1.749200000000e+02) | measured fitness | best measured fitness | x1 | x2...
1 0 +6.124411252e+07 +6.124411252e+07 +6.124428744e+07 +6.124428744e+07 -3.3556e+00 -2.8963e+00 +4.1459e+00
2 0 +3.048996790e+07 +3.048996790e+07 +3.049014282e+07 +3.049014282e+07 +5.5697e-01 +4.5803e+00 +2.1502e+00
3 0 +2.520195424e+07 +2.520195424e+07 +2.520212916e+07 +2.520212916e+07 +2.9743e+00 -6.3662e-01 +1.6711e+00
4 0 +1.112062524e+05 +1.112062524e+05 +1.113811724e+05 +1.113811724e+05 +9.9147e-01 -3.5060e+00 -3.0897e+00
24 0 +3.341035345e+04 +3.341035345e+04 +3.358527345e+04 +3.358527345e+04 -3.3450e+00 +3.1623e+00 -3.3197e+00
45 0 +2.315296749e+04 +2.315296749e+04 +2.332788749e+04 +2.332788749e+04 +8.0917e-01 -4.9203e+00 -3.2952e+00
56 0 +1.337687150e+04 +1.337687150e+04 +1.355179150e+04 +1.355179150e+04 +3.4744e+00 -6.9031e-01 -3.5197e+00
156 0 +6.874897724e+03 +6.874897724e+03 +7.049817724e+03 +7.049817724e+03 +8.5322e-01 -4.5531e+00 -3.4102e+00
158 0 +5.622695567e+03 +5.622695567e+03 +5.797615567e+03 +5.797615567e+03 +2.7203e+00 -3.6485e+00 -3.4530e+00
196 0 +5.054549699e+03 +5.054549699e+03 +5.229469699e+03 +5.229469699e+03 +1.6732e+00 -3.2717e+00 -3.3632e+00
410 0 +2.866943379e+03 +2.866943379e+03 +3.041863379e+03 +3.041863379e+03 +1.5312e+00 -1.1293e+00 -3.4566e+00
426 0 +2.064716570e+03 +2.064716570e+03 +2.239636570e+03 +2.239636570e+03 +2.1901e+00 -1.3284e+00 -3.4496e+00
437 0 +1.210694487e+03 +1.210694487e+03 +1.385614487e+03 +1.385614487e+03 +1.0824e+01 -1.0365e+00 -3.4333e+00
948 0 +8.874817710e+02 +8.874817710e+02 +1.062401771e+03 +1.062401771e+03 +3.6620e+00 -8.9207e-01 -3.4048e+00
% f evaluations | g evaluations | best noise-free fitness - Fopt | noise-free fitness - Fopt (-5.659600000000e+02) | measured fitness | best measured fitness | x1 | x2...
1 0 +3.545431614e+07 +3.545431614e+07 +3.545375018e+07 +3.545375018e+07 -9.5119e-02 -3.4909e+00 +3.7737e+00
2 0 +1.613887223e+07 +1.613887223e+07 +1.613830627e+07 +1.613830627e+07 +9.7594e-01 -2.2258e+00 +1.8766e+00
3 0 +9.726478429e+05 +9.726478429e+05 +9.720818829e+05 +9.720818829e+05 +4.7530e+00 +3.4040e+00 -3.1317e+00
6 0 +1.721654084e+05 +1.721654084e+05 +1.715994484e+05 +1.715994484e+05 +1.0309e+00 +2.5741e+00 -2.5392e+00
49 0 +1.072029741e+04 +1.072029741e+04 +1.015433741e+04 +1.015433741e+04 -2.1822e+00 +2.6943e+00 -2.2132e+00
69 0 +1.011726908e+04 +1.011726908e+04 +9.551309075e+03 +9.551309075e+03 +5.5522e-01 -2.5581e+00 -2.0966e+00
125 0 +7.280702459e+03 +7.280702459e+03 +6.714742459e+03 +6.714742459e+03 +2.0382e+00 -2.5347e+00 -2.1369e+00
128 0 +4.894147283e+03 +4.894147283e+03 +4.328187283e+03 +4.328187283e+03 +3.3169e+00 -1.9104e+00 -2.1255e+00
417 0 +1.156021333e+03 +1.156021333e+03 +5.900613325e+02 +5.900613325e+02 +3.3672e+00 +6.5196e-01 -2.1107e+00
443 0 +5.587456547e+02 +5.587456547e+02 -7.214345301e+00 -7.214345301e+00 +2.4220e+00 +5.9312e-01 -2.1655e+00
448 0 +1.580711152e+02 +1.580711152e+02 -4.078888848e+02 -4.078888848e+02 +4.5612e+00 +1.8969e-01 -2.1336e+00
% f evaluations | g evaluations | best noise-free fitness - Fopt | noise-free fitness - Fopt (7.095000000000e+01) | measured fitness | best measured fitness | x1 | x2...
1 0 +5.794750506e+06 +5.794750506e+06 +5.794821456e+06 +5.794821456e+06 +4.2195e-01 +2.0332e+00 +1.4861e-01
3 0 +1.359276783e+05 +1.359276783e+05 +1.359986283e+05 +1.359986283e+05 -7.3097e-01 -2.8195e+00 -1.7808e+00
14 0 +4.504900641e+04 +4.504900641e+04 +4.511995641e+04 +4.511995641e+04 -4.6879e-01 -2.5025e+00 -2.2982e+00
51 0 +3.927661179e+04 +3.927661179e+04 +3.934756179e+04 +3.934756179e+04 +1.4415e+00 -3.7695e+00 -2.2512e+00
90 0 +7.240054850e+03 +7.240054850e+03 +7.311004850e+03 +7.311004850e+03 -1.5337e-01 +3.3933e+00 -2.0894e+00
126 0 +2.735626445e+03 +2.735626445e+03 +2.806576445e+03 +2.806576445e+03 +7.7271e-01 +8.2309e-02 -2.1661e+00
141 0 +1.455442794e+03 +1.455442794e+03 +1.526392794e+03 +1.526392794e+03 -4.4899e+00 +1.6366e+00 -2.0913e+00
409 0 +8.442604210e+02 +8.442604210e+02 +9.152104210e+02 +9.152104210e+02 -5.2562e+00 +2.5498e-01 -2.1122e+00
417 0 +1.544614482e+02 +1.544614482e+02 +2.254114482e+02 +2.254114482e+02 -3.4251e+00 +7.5410e-01 -2.1218e+00
421 0 +1.436379753e+02 +1.436379753e+02 +2.145879753e+02 +2.145879753e+02 -2.5098e-01 +1.2989e+00 -2.1176e+00
698 0 +9.563252118e+01 +9.563252118e+01 +1.665825212e+02 +1.665825212e+02 -4.5025e+00 +1.2818e+00 -2.1216e+00
% f evaluations | g evaluations | best noise-free fitness - Fopt | noise-free fitness - Fopt (4.728000000000e+01) | measured fitness | best measured fitness | x1 | x2...
1 0 +1.525586708e+07 +1.525586708e+07 +1.525591436e+07 +1.525591436e+07 +4.5139e+00 +4.2541e+00 -6.2251e-01
2 0 +7.844783482e+05 +7.844783482e+05 +7.845256282e+05 +7.845256282e+05 +3.3687e-01 +4.1836e+00 +2.3633e+00
6 0 +2.476487874e+05 +2.476487874e+05 +2.476960674e+05 +2.476960674e+05 -4.5741e+00 +1.9074e+00 +2.7775e+00
23 0 +9.248910097e+03 +9.248910097e+03 +9.296190097e+03 +9.296190097e+03 +4.3202e-01 -2.6076e+00 +3.1875e+00
167 0 +2.920757070e+03 +2.920757070e+03 +2.968037070e+03 +2.968037070e+03 +1.7670e+00 -2.2828e+00 +3.2526e+00
413 0 +3.109609224e+02 +3.109609224e+02 +3.582409224e+02 +3.582409224e+02 +3.5913e-01 -1.0145e+00 +3.2548e+00
432 0 +4.679888798e+01 +4.679888798e+01 +9.407888798e+01 +9.407888798e+01 -3.5856e-01 -9.0039e-01 +3.2748e+00
% f evaluations | g evaluations | best noise-free fitness - Fopt | noise-free fitness - Fopt (-5.688800000000e+02) | measured fitness | best measured fitness | x1 | x2...
1 0 +2.513869634e+06 +2.513869634e+06 +2.513300754e+06 +2.513300754e+06 +4.3083e+00 -4.8289e+00 +4.5576e-01
4 0 +1.529715545e+05 +1.529715545e+05 +1.524026745e+05 +1.524026745e+05 +3.7335e+00 -2.7417e-01 -8.5746e-01
12 0 +7.909460979e+04 +7.909460979e+04 +7.852572979e+04 +7.852572979e+04 -2.6362e+00 -5.9558e-01 -9.9254e-01
31 0 +5.854932213e+04 +5.854932213e+04 +5.798044213e+04 +5.798044213e+04 -4.6657e+00 +4.0452e+00 -1.1618e+00
93 0 +4.801497699e+04 +4.801497699e+04 +4.744609699e+04 +4.744609699e+04 +3.0579e+00 +3.5274e+00 -1.3670e+00
114 0 +1.586464044e+04 +1.586464044e+04 +1.529576044e+04 +1.529576044e+04 -7.6203e-01 -2.2793e+00 -1.3852e+00
140 0 +4.011153857e+03 +4.011153857e+03 +3.442273857e+03 +3.442273857e+03 +2.2012e+00 -3.4496e+00 -1.2114e+00
411 0 +2.042780278e+03 +2.042780278e+03 +1.473900278e+03 +1.473900278e+03 +7.7438e-01 -3.0796e+00 -1.2210e+00
435 0 +1.335098133e+03 +1.335098133e+03 +7.662181332e+02 +7.662181332e+02 +5.1455e+00 -2.6451e+00 -1.2244e+00
559 0 +8.850311932e+02 +8.850311932e+02 +3.161511932e+02 +3.161511932e+02 +1.3972e+00 -3.4676e+00 -1.2544e+00
671 0 +7.376354034e+02 +7.376354034e+02 +1.687554034e+02 +1.687554034e+02 +2.4360e+00 -3.1514e+00 -1.2426e+00
916 0 +5.556939891e+02 +5.556939891e+02 -1.318601087e+01 -1.318601087e+01 +1.4449e+00 -2.8116e+00 -1.2416e+00
920 0 +2.958465126e+02 +2.958465126e+02 -2.730334874e+02 -2.730334874e+02 +1.6608e+00 -3.1055e+00 -1.2605e+00
928 0 +4.885501289e+01 +4.885501289e+01 -5.200249871e+02 -5.200249871e+02 +1.7406e+00 -2.3238e+00 -1.2638e+00
% f evaluations | g evaluations | best noise-free fitness - Fopt | noise-free fitness - Fopt (2.069000000000e+01) | measured fitness | best measured fitness | x1 | x2...
1 0 +1.270774024e+04 +1.270774024e+04 +1.272843024e+04 +1.272843024e+04 -2.3604e+00 -3.3752e+00 +1.5525e+00
12 0 +7.178915919e+03 +7.178915919e+03 +7.199605919e+03 +7.199605919e+03 -3.7813e+00 -2.5908e+00 +1.5250e+00
175 0 +8.713451162e+02 +8.713451162e+02 +8.920351162e+02 +8.920351162e+02 -1.9030e+00 -7.9110e-02 +1.5597e+00
419 0 +8.111611704e+02 +8.111611704e+02 +8.318511704e+02 +8.318511704e+02 -9.4756e-01 +1.0528e+00 +1.5232e+00
422 0 +6.269984114e+02 +6.269984114e+02 +6.476884114e+02 +6.476884114e+02 -4.8774e-01 +9.3051e-01 +1.5427e+00
424 0 +5.847204945e+02 +5.847204945e+02 +6.054104945e+02 +6.054104945e+02 -2.3611e+00 -5.4327e-01 +1.5215e+00
437 0 +7.581679358e+01 +7.581679358e+01 +9.650679358e+01 +9.650679358e+01 -1.9175e+00 +2.3476e-01 +1.5402e+00
686 0 +5.002756480e+01 +5.002756480e+01 +7.071756480e+01 +7.071756480e+01 -2.8370e+00 +7.8626e-02 +1.5359e+00
% f evaluations | g evaluations | best noise-free fitness - Fopt | noise-free fitness - Fopt (5.616700000000e+02) | measured fitness | best measured fitness | x1 | x2...
1 0 +1.081467402e+07 +1.081467402e+07 +1.081523569e+07 +1.081523569e+07 +4.8496e+00 -1.2104e+00 +1.0195e+00
2 0 +9.783913223e+06 +9.783913223e+06 +9.784474893e+06 +9.784474893e+06 +4.7392e-01 +3.0951e+00 +8.5390e-01
3 0 +5.884675591e+06 +5.884675591e+06 +5.885237261e+06 +5.885237261e+06 -1.4463e+00 -2.3802e+00 -4.8659e+00
6 0 +1.955821898e+06 +1.955821898e+06 +1.956383568e+06 +1.956383568e+06 -3.7806e+00 +2.8926e+00 -1.0496e+00
12 0 +8.828626867e+04 +8.828626867e+04 +8.884793867e+04 +8.884793867e+04 +4.3372e+00 +2.5226e+00 -2.0838e+00
15 0 +2.025910258e+04 +2.025910258e+04 +2.082077258e+04 +2.082077258e+04 +3.2954e-01 -2.8426e+00 -2.2533e+00
30 0 +7.109045651e+03 +7.109045651e+03 +7.670715651e+03 +7.670715651e+03 +3.3569e+00 -2.2996e+00 -2.4097e+00
125 0 +5.352536620e+03 +5.352536620e+03 +5.914206620e+03 +5.914206620e+03 -1.4671e+00 +1.4871e+00 -2.3116e+00
158 0 +3.955997029e+03 +3.955997029e+03 +4.517667029e+03 +4.517667029e+03 +8.7018e-02 +1.4284e+00 -2.3198e+00
189 0 +3.163026094e+03 +3.163026094e+03 +3.724696094e+03 +3.724696094e+03 +4.3768e+00 -1.5399e+00 -2.3890e+00
200 0 +4.615303429e+02 +4.615303429e+02 +1.023200343e+03 +1.023200343e+03 +7.4380e+00 -7.7382e-01 -2.3578e+00
678 0 +3.264736017e+02 +3.264736017e+02 +8.881436017e+02 +8.881436017e+02 -1.7753e+00 +4.2075e-01 -2.3624e+00
687 0 +1.682768576e+02 +1.682768576e+02 +7.299468576e+02 +7.299468576e+02 -3.8274e+00 +2.9067e-01 -2.3659e+00
