% f evaluations | g evaluations | best noise-free fitness - Fopt | noise-free fitness - Fopt (-2.098800000000e+02) | measured fitness | best measured fitness | x1 | x2...
1 0 +4.778849179e+07 +4.778849179e+07 +4.778828191e+07 +4.778828191e+07 -9.2281e-01 +2.5006e+00 -6.8317e-01 +1.9923e+00 +1.0420e+00 +2.3881e+00 -2.2268e+00 -5.0066e-01 -3.7015e+00 +2.9573e+00 -4.3345e-01 -3.0770e+00 +2.9563e+00 +4.6887e+00 -1.2212e+00 +4.7191e+00 +1.4474e+00 -3.2939e+00 +4.7748e+00 +4.1848e+00
2 0 +1.319668752e+07 +1.319668752e+07 +1.319647764e+07 +1.319647764e+07 +2.5082e+00 +4.0156e+00 +2.2304e+00 +3.9950e+00 +1.2113e+00 -4.4832e-01 -2.5392e+00 -2.1371e+00 +4.3402e-01 -3.3756e+00 +6.0026e-01 +4.6206e+00 +3.7238e-01 +5.1410e-01 -2.1756e+00 -3.2717e+00 -1.3404e+00 +1.2626e+00 +2.6366e+00 +1.9060e+00
4 0 +6.896534091e+06 +6.896534091e+06 +6.896324211e+06 +6.896324211e+06 +4.8619e+00 -9.2043e-01 +4.7677e+00 +3.9044e+00 -1.6678e+00 -4.9003e+00 -2.6209e+00 -4.0066e+00 -4.0108e+00 +4.3488e+00 -4.2536e+00 -3.6743e+00 -4.4494e+00 +2.8182e+00 -4.9579e-01 -3.3727e+00 -2.8455e+00 -1.9566e+00 -2.6645e+00 +1.2284e+00
8 0 +5.614236309e+06 +5.614236309e+06 +5.614026429e+06 +5.614026429e+06 -1.4613e+00 -2.0998e+00 -1.0600e+00 +8.2032e-01 +4.8466e+00 -4.6511e+00 -2.1437e+00 +3.0351e+00 -8.2682e-01 +1.0733e+00 +1.5699e+00 -3.4075e+00 +2.9822e+00 -3.7219e+00 +2.2137e+00 +4.5950e+00 -1.2297e+00 +2.8409e+00 -3.2021e+00 +1.0268e+00
12 0 +4.136751391e+06 +4.136751391e+06 +4.136541511e+06 +4.136541511e+06 +4.3088e+00 -3.8567e+00 +3.9830e+00 -3.9805e+00 -3.8317e-01 -1.8204e+00 +1.2528e+00 +3.9845e+00 -3.3762e-01 +3.2346e+00 +3.7341e+00 -2.8231e+00 +3.0579e-01 +1.7477e+00 -2.9856e+00 -1.1205e+00 -1.8559e+00 -4.1154e-01 -2.6936e+00 +1.2798e+00
43 0 +1.748821607e+06 +1.748821607e+06 +1.748611727e+06 +1.748611727e+06 -3.5589e+00 +2.1367e+00 -1.3863e+00 +8.9001e-01 +1.9655e+00 +4.2802e+00 +4.5290e-01 +6.6860e-01 -1.1808e+00 -1.2536e+00 +2.5624e+00 +2.4847e+00 +4.0232e-01 +1.5973e+00 +7.9523e-01 -3.5230e+00 -1.4593e+00 +1.7132e+00 -2.5720e+00 +1.0892e+00
160 0 +1.367846555e+06 +1.367846555e+06 +1.367636675e+06 +1.367636675e+06 -3.6820e+00 -5.4119e-01 -1.2019e+00 +8.4626e-01 +4.5438e+00 -6.0354e-01 +7.2883e-01 -4.9441e-01 -1.1136e+00 -6.3381e-02 +2.6897e+00 -1.2933e+00 +1.6029e+00 -5.6882e-01 +5.4145e-01 -4.9943e+00 -1.5259e+00 +2.1020e+00 -2.4866e+00 +1.0740e+00
162 0 +9.076319560e+05 +9.076319560e+05 +9.074220760e+05 +9.074220760e+05 -3.7022e+00 -5.9860e-02 -2.9031e+00 +6.3101e-02 +2.6968e+00 +4.3605e+00 -1.4234e+00 +1.5710e+00 -2.0048e+00 -1.7647e+00 +2.5904e+00 +2.4046e+00 -9.6360e-01 +1.5909e+00 +8.2969e-01 -2.0162e+00 -1.4784e+00 +2.5609e+00 -2.5031e+00 +2.0157e+00
305 0 +8.334609692e+05 +8.334609692e+05 +8.332510892e+05 +8.332510892e+05 -3.3101e+00 -9.9903e-01 -2.6260e+00 +1.2567e+00 +1.2235e+00 +1.9382e+00 -1.6143e+00 +8.1200e-02 -4.0732e+00 -1.1002e+00 +2.5001e+00 -5.8435e+00 +8.5912e-01 -2.2088e+00 -1.5551e+00 -3.3097e+00 -3.8760e+00 +2.6406e+00 -2.4457e+00 +1.1615e+00
411 0 +6.874431370e+05 +6.874431370e+05 +6.872332570e+05 +6.872332570e+05 -5.1066e-01 -2.1337e+00 -1.2876e+00 +1.1872e+00 +8.0042e-01 +2.4126e+00 -7.8327e-01 +1.1457e+00 -1.7945e+00 -2.0485e+00 +2.4831e+00 -2.1149e+00 +2.5387e+00 -6.3623e-01 -2.1174e+00 -2.4814e+00 -3.6081e+00 +2.7680e+00 -2.7856e+00 +1.2719e+00
445 0 +6.209765577e+05 +6.209765577e+05 +6.207666777e+05 +6.207666777e+05 +4.7734e-01 -6.1198e-01 -2.6768e+00 +1.0685e+00 +1.8198e+00 +1.5159e+00 +1.2665e-01 +1.8196e+00 -4.2613e+00 -1.2796e+00 +1.0621e+00 -3.5384e+00 +3.2687e+00 -5.5142e-01 -1.3314e-02 -3.5578e+00 -2.9089e+00 +2.5866e+00 -2.7076e+00 +1.2748e+00
691 0 +5.515029695e+05 +5.515029695e+05 +5.512930895e+05 +5.512930895e+05 -3.5445e+00 -9.5778e-01 -2.5967e+00 +1.3068e+00 +1.7130e+00 +2.1464e+00 -1.5815e+00 -2.2773e-01 -4.5219e+00 -1.1662e+00 +4.3472e+00 -5.0480e+00 +9.0731e-01 -2.6936e+00 -2.4121e-02 -3.4834e+00 -4.2061e+00 +2.5313e+00 -2.4634e+00 +1.7372e+00
% f evaluations | g evaluations | best noise-free fitness - Fopt | noise-free fitness - Fopt (-9.209000000000e+01) | measured fitness | best measured fitness | x1 | x2...
1 0 +6.174860204e+07 +6.174860204e+07 +6.174850995e+07 +6.174850995e+07 +3.7429e+00 -2.1838e+00 +1.4018e+00 -3.7102e+00 +4.5846e+00 +4.6153e+00 -3.4470e+00 -2.6977e+00 -3.1696e+00 +3.9092e+00 +4.8606e+00 -2.9929e+00 +2.0138e+00 -2.1924e+00 -3.7794e+00 +1.9639e+00 +2.0498e+00 +4.1623e+00 -4.3494e+00 +4.8180e+00
2 0 +6.471354406e+06 +6.471354406e+06 +6.471262316e+06 +6.471262316e+06 -1.2303e+00 -4.7113e+00 -2.6819e+00 +8.5592e-01 +3.6967e-01 -3.5072e+00 -2.6525e+00 +4.8258e+00 -8.3794e-01 +4.6948e+00 -3.8616e+00 +4.1072e+00 -1.5937e+00 +3.7759e+00 -3.2129e+00 +8.0635e-01 +1.6661e+00 +1.5530e+00 +1.4503e+00 -2.1575e+00
23 0 +2.901825540e+06 +2.901825540e+06 +2.901733450e+06 +2.901733450e+06 -6.2133e-02 -1.9954e-01 +3.9261e+00 -3.3718e+00 -7.4282e-01 -3.0686e+00 -8.6535e-01 -4.1616e+00 +1.9725e+00 +2.6050e+00 +2.2024e+00 -4.4674e+00 +9.4363e-01 -3.5662e+00 +4.7433e+00 +3.0471e+00 -3.3719e+00 +2.4319e+00 +1.7550e+00 -2.6025e+00
77 0 +1.501684947e+06 +1.501684947e+06 +1.501592857e+06 +1.501592857e+06 -4.6680e+00 -4.0360e+00 -5.1455e-01 +4.6636e+00 -9.1925e-01 +4.9741e-01 +2.7263e+00 +1.5275e+00 -2.0128e+00 -2.9990e+00 +1.0987e+00 -4.4188e+00 +6.3018e-01 -4.8429e+00 +4.3010e+00 +5.7962e-01 -1.0690e+00 +3.6343e+00 +1.2835e+00 -1.4598e+00
157 0 +1.235265269e+06 +1.235265269e+06 +1.235173179e+06 +1.235173179e+06 -1.5523e+00 -7.4175e-01 +4.2620e+00 -3.7357e+00 -2.2632e+00 -3.6765e+00 -3.1099e+00 -6.8184e+00 +2.5994e+00 +6.6713e+00 +1.6701e+00 -4.2698e+00 +8.5210e-01 -4.0100e+00 +4.6305e+00 +3.5003e+00 -3.3141e+00 +2.4813e+00 +1.7776e+00 -1.3386e+00
161 0 +8.712435831e+05 +8.712435831e+05 +8.711514931e+05 +8.711514931e+05 -1.0066e-01 +4.3841e-01 +6.0540e+00 -2.6020e+00 +3.5038e-01 -3.5062e+00 -5.8934e-01 -5.1378e+00 +1.9461e+00 +7.0331e+00 -6.8204e-01 -5.9511e+00 +9.6607e-01 -3.8207e+00 +4.5614e+00 +2.6740e+00 -2.9292e+00 +4.1257e+00 +1.6353e+00 -1.6575e+00
435 0 +8.351548404e+05 +8.351548404e+05 +8.350627504e+05 +8.350627504e+05 -5.8999e+00 -4.4743e+00 -2.3922e+00 +2.0736e+00 -9.1112e-01 +4.6884e-01 +2.7711e+00 -8.8435e-01 -1.5643e+00 +2.2404e-01 -1.3085e+00 -4.4790e+00 +1.3576e+00 +7.5138e-02 +4.6924e+00 +2.0998e+00 -1.9586e+00 +3.5404e+00 +1.1659e+00 -1.2260e+00
443 0 +5.963957819e+05 +5.963957819e+05 +5.963036919e+05 +5.963036919e+05 -4.5086e+00 -3.5427e+00 -7.7398e-01 -6.2941e-01 +1.2510e+00 +2.4300e+00 +8.8962e-01 +2.9149e+00 -3.2423e+00 -2.2523e+00 +1.5780e+00 -3.9679e+00 +5.1260e-01 -4.4053e+00 +4.5179e+00 +3.4029e-01 -3.2069e+00 +3.7497e+00 +1.6888e+00 -1.0341e+00
% f evaluations | g evaluations | best noise-free fitness - Fopt | noise-free fitness - Fopt (-8.789000000000e+01) | measured fitness | best measured fitness | x1 | x2...
1 0 +6.895013336e+06 +6.895013336e+06 +6.894925446e+06 +6.894925446e+06 -4.4732e+00 +4.7465e+00 -3.9379e+00 -2.2911e-01 +4.5031e+00 -4.9512e-01 -2.5381e+00 +3.8386e+00 +1.3749e+00 -2.0223e+00 -1.9403e+00 +3.2361e+00 +2.2252e+00 -2.3380e+00 -3.0413e+00 -2.1957e+00 -1.8642e+00 -1.3256e+00 -3.9294e-01 +2.0168e+00
7 0 +6.719818415e+06 +6.719818415e+06 +6.719730525e+06 +6.719730525e+06 -3.5099e+00 -1.7815e+00 +3.3303e+00 -4.7967e+00 -3.2938e+00 +1.8642e+00 -3.5532e+00 +1.9511e+00 +1.1371e+00 -4.9850e+00 +4.6158e+00 -3.1320e+00 +3.5245e+00 +3.6273e+00 +7.5640e-01 +1.7112e+00 +2.8942e+00 +3.4629e+00 -3.4642e+00 +4.3825e+00
16 0 +3.070960312e+06 +3.070960312e+06 +3.070872422e+06 +3.070872422e+06 -4.0306e+00 -2.7844e+00 +3.2074e+00 -1.0081e+00 -2.4691e+00 -4.2228e+00 -1.3984e-01 -2.7251e+00 -3.4224e+00 -3.5671e+00 +3.7212e+00 +1.2678e+00 +1.4792e+00 +1.8488e+00 +1.2320e+00 +2.3309e+00 -4.0380e+00 +3.4006e+00 -7.7014e-01 +2.1902e+00
84 0 +1.913978731e+06 +1.913978731e+06 +1.913890841e+06 +1.913890841e+06 +2.5124e+00 -3.8876e+00 -4.5632e+00 +4.5554e+00 -3.2155e+00 -1.8062e+00 -3.0513e+00 -2.3329e+00 +8.2469e-01 +8.0807e-02 -4.2415e-01 +4.4029e-01 +1.7265e+00 -1.5300e+00 -4.0038e+00 +2.5327e+00 +8.6105e-02 +4.8381e+00 -8.3793e-01 +2.7789e+00
176 0 +1.804212186e+06 +1.804212186e+06 +1.804124296e+06 +1.804124296e+06 +2.3435e+00 +7.5927e-02 -1.1158e-01 -2.0481e+00 +2.7414e+00 +2.3441e+00 -3.1453e+00 -4.9090e-01 -3.9545e+00 -3.8246e-01 -3.9620e+00 +2.3850e+00 -1.6682e+00 +9.9616e-01 -1.0918e+00 +6.4738e-01 -2.6197e+00 +2.9638e+00 -2.7100e-01 +3.6350e+00
201 0 +1.091324793e+06 +1.091324793e+06 +1.091236903e+06 +1.091236903e+06 +2.6027e+00 -4.3500e-01 -9.6864e-01 -3.8774e+00 -4.2587e-01 +2.0869e+00 -2.6860e+00 +2.6820e-01 -4.0883e+00 +6.2158e-01 -2.3595e+00 +1.8777e+00 -3.0106e+00 +1.7768e+00 -3.8568e-01 +9.9781e-01 -1.6795e+00 +2.7202e+00 -5.0345e-01 +3.1438e+00
428 0 +1.011159623e+06 +1.011159623e+06 +1.011071733e+06 +1.011071733e+06 +2.5121e+00 -3.4184e+00 -7.8279e+00 +4.5465e+00 -2.0320e+00 +1.6976e+00 -2.5378e+00 -1.2823e+00 +1.4282e+00 +8.9068e-02 -2.0350e+00 +6.2290e-01 +3.9331e+00 -1.1150e+00 -2.2633e+00 +2.5797e-01 +2.9257e-01 +3.8411e+00 -1.1242e+00 +3.7801e+00
% f evaluations | g evaluations | best noise-free fitness - Fopt | noise-free fitness - Fopt (3.201900000000e+02) | measured fitness | best measured fitness | x1 | x2...
1 0 +1.256387441e+07 +1.256387441e+07 +1.256419460e+07 +1.256419460e+07 +3.2651e+00 -3.9153e+00 +1.3148e+00 +3.5627e+00 -2.0013e+00 +2.3839e+00 +3.4736e+00 +4.9206e+00 +3.4479e+00 -3.0266e+00 -4.3732e+00 +4.7029e+00 -4.5068e+00 -3.5993e+00 -2.5544e+00 -1.2932e+00 -4.9326e+00 +2.7485e+00 +6.7792e-01 +1.8131e+00
11 0 +1.166969644e+07 +1.166969644e+07 +1.167001663e+07 +1.167001663e+07 -2.8164e+00 -3.2676e+00 -1.3294e+00 +2.6490e+00 +3.4934e-01 -6.3095e-01 +2.5204e-01 +4.6644e-01 +2.9817e+00 -4.9427e+00 +1.7857e+00 +1.0157e+00 -1.4297e+00 -6.7926e-01 +1.4165e+00 -3.4488e+00 -2.8352e+00 +3.0824e+00 +7.9187e-01 +3.0277e+00
18 0 +1.071244405e+07 +1.071244405e+07 +1.071276424e+07 +1.071276424e+07 -2.8525e-01 -1.0705e+00 -1.4306e+00 -6.9902e-01 -1.0035e+00 -3.2045e-01 -2.6926e+00 -4.1182e+00 -2.7369e+00 -1.8185e+00 +1.6504e+00 -2.3000e+00 -1.9764e+00 +7.0784e-01 +4.2949e+00 +2.1002e+00 +2.3332e+00 -4.3443e+00 +4.7152e+00 +2.8220e+00
19 0 +1.022426030e+07 +1.022426030e+07 +1.022458049e+07 +1.022458049e+07 +3.0678e+00 -2.9247e+00 +7.0846e-01 -2.7893e+00 +3.5104e+00 -1.7626e+00 -1.2701e+00 +2.1051e+00 +4.8140e+00 -2.5864e+00 +2.1215e+00 +4.3499e+00 -2.2275e+00 +3.5813e+00 -1.0177e+00 +2.0257e-01 -3.7914e+00 -1.7653e-01 +3.8449e+00 -1.6201e-01
20 0 +9.824793180e+06 +9.824793180e+06 +9.825113370e+06 +9.825113370e+06 -3.4844e+00 -2.4297e+00 -2.9282e+00 +2.9663e+00 +1.8675e+00 -3.3349e+00 +2.3948e+00 +9.7649e-01 +2.9847e+00 +4.4841e+00 -8.4806e-01 +4.0634e+00 +2.4644e+00 +1.3063e+00 +4.7048e+00 -1.5028e+00 +2.9844e+00 +2.4485e+00 +7.1891e-01 +3.6511e+00
25 0 +5.632141779e+06 +5.632141779e+06 +5.632461969e+06 +5.632461969e+06 +2.2291e+00 -3.7774e+00 +3.6355e-01 -2.2032e+00 +1.7958e+00 +2.4474e+00 +1.5023e-01 -4.8856e+00 +3.9108e-01 -3.8004e+00 -3.8373e+00 +2.9823e+00 +3.9176e+00 +2.7751e+00 -2.4307e+00 +8.5816e-01 +8.8299e-01 -1.0808e+00 +8.8581e-01 +1.6872e-01
59 0 +5.037355706e+06 +5.037355706e+06 +5.037675896e+06 +5.037675896e+06 +9.9661e-01 +4.7428e+00 -4.9595e+00 +3.9926e+00 +2.7454e+00 +2.6988e+00 +4.4097e+00 +2.0882e+00 +4.9247e+00 -2.6878e+00 -1.4260e+00 +2.2097e+00 -1.1658e+00 -4.4752e+00 +1.0478e+00 -2.6273e+00 +9.0889e-01 +3.5963e+00 +1.5068e+00 +1.7599e+00
79 0 +4.528996436e+06 +4.528996436e+06 +4.529316626e+06 +4.529316626e+06 -7.4061e-01 -3.1801e+00 +3.3326e+00 +3.1064e-02 -8.5871e-01 +4.0523e+00 -4.6925e+00 +4.6966e+00 -2.8785e+00 +2.4833e-02 -4.9079e+00 -3.4289e+00 -6.8656e-01 -2.2224e+00 +3.2319e+00 -1.5108e+00 -1.1092e+00 +1.7782e+00 +2.2019e+00 +2.0206e+00
87 0 +2.995485014e+06 +2.995485014e+06 +2.995805204e+06 +2.995805204e+06 +1.3163e+00 +4.8035e+00 +1.6866e+00 -5.7973e-01 -2.8307e+00 +2.4184e+00 +4.3936e+00 -1.6457e+00 +1.4918e+00 +2.1283e+00 -7.2926e-02 -4.8395e+00 -2.6360e-01 +2.1883e+00 +4.8639e+00 +4.9426e+00 +3.2637e+00 -1.6049e-01 +8.8188e-01 +8.8181e-01
88 0 +2.719607861e+06 +2.719607861e+06 +2.719928051e+06 +2.719928051e+06 -2.4294e+00 +1.4282e+00 +2.3076e+00 +3.3954e+00 +8.4505e-01 +3.2427e+00 -4.7187e+00 +3.0631e+00 +4.8270e+00 -5.5334e-02 -2.3673e+00 +3.8336e+00 -6.8861e-01 +2.3730e+00 -4.6564e+00 +1.6702e+00 +3.7295e+00 +7.2836e-01 +4.3481e+00 +7.7555e-01
184 0 +1.846184393e+06 +1.846184393e+06 +1.846504583e+06 +1.846504583e+06 +2.6267e+00 -4.5156e+00 +1.0141e+00 +3.1131e-01 +2.9121e-01 -5.1956e-01 -2.7862e-02 -6.5629e+00 -1.0782e-01 -3.8084e+00 -2.9168e+00 +1.7326e+00 +4.3712e+00 +1.8292e+00 -2.2867e+00 +8.8432e-01 +1.7993e+00 +1.0427e+00 +1.8586e+00 +6.3265e-01
413 0 +1.336577844e+06 +1.336577844e+06 +1.336898034e+06 +1.336898034e+06 -4.6271e+00 -1.3009e+00 +1.9118e+00 +4.0822e+00 +5.8858e-01 +3.5790e+00 -6.4881e+00 +8.0017e+00 +3.9672e+00 +7.6291e-01 -1.7761e+00 +4.2482e+00 -2.7367e+00 +2.0888e+00 -4.6286e+00 +1.4165e+00 +3.2812e+00 +1.3205e+00 +2.5382e+00 +1.2558e+00
419 0 +6.738470007e+05 +6.738470007e+05 +6.741671907e+05 +6.741671907e+05 -2.0210e+00 +1.5037e+00 +2.3492e+00 +6.7050e+00 -1.7635e-02 +2.9728e+00 -7.0282e+00 +1.3194e+00 +6.3576e+00 -1.0350e+00 -2.1183e+00 +1.6859e+00 -6.7264e-01 +2.3750e+00 +1.3302e+00 +3.8398e+00 +3.4486e+00 +6.8540e-01 +2.5251e+00 +7.7399e-01
% f evaluations | g evaluations | best noise-free fitness - Fopt | noise-free fitness - Fopt (-1.042400000000e+02) | measured fitness | best measured fitness | x1 | x2...
1 0 +8.816159268e+07 +8.816159268e+07 +8.816148844e+07 +8.816148844e+07 +7.5179e-01 -4.2835e+00 -2.0129e+00 +1.6323e+00 +1.4554e+00 -3.5104e+00 -2.6091e+00 +4.3675e+00 +2.0606e+00 +2.2887e+00 +2.8761e+00 -1.0316e-01 +4.7933e+00 +7.5069e-01 +3.9302e+00 +8.2285e-01 -3.9606e+00 +4.7624e+00 +4.3191e+00 +3.4886e+00
2 0 +2.990332801e+07 +2.990332801e+07 +2.990322377e+07 +2.990322377e+07 +6.6765e-01 -4.8026e+00 -2.6047e+00 -2.3667e+00 +4.7598e+00 -1.4964e-01 +1.6030e+00 -1.7613e+00 -4.9612e+00 +9.6278e-01 -4.6899e+00 -8.4418e-01 -4.6073e+00 -2.0451e+00 -3.1217e+00 +1.5421e+00 -4.3457e+00 +3.0496e+00 +2.5466e+00 -5.7440e-01
4 0 +2.264363647e+07 +2.264363647e+07 +2.264353223e+07 +2.264353223e+07 +4.5719e+00 +1.8260e+00 -3.4678e+00 +4.0575e+00 +4.1827e+00 +3.9560e+00 +2.9521e+00 -4.3752e+00 +1.4270e+00 +1.9851e+00 +1.0152e+00 +3.6466e+00 -1.8311e+00 +1.4401e+00 -8.7226e-01 +3.3282e+00 -7.6649e-03 -8.7812e-01 -1.9785e-01 +1.3574e-01
7 0 +1.781240547e+07 +1.781240547e+07 +1.781230123e+07 +1.781230123e+07 -4.9998e+00 +3.2245e+00 -3.9090e+00 -3.2948e+00 -3.9466e+00 +2.7349e+00 -3.9172e+00 -7.5597e-01 -1.6114e+00 -2.1687e+00 +1.1066e+00 +8.8203e-01 +1.0969e+00 +4.5826e+00 -2.2792e+00 -4.8620e+00 +3.0122e+00 -3.3651e+00 -1.5546e+00 -1.4373e-01
9 0 +1.622682217e+07 +1.622682217e+07 +1.622671793e+07 +1.622671793e+07 -1.0253e+00 -4.8990e+00 +1.8125e+00 -4.6769e-01 +1.3213e+00 -2.6980e+00 -3.2888e+00 -1.0023e-01 +4.0695e+00 +4.7699e+00 +3.7507e+00 -4.8411e+00 +2.5475e+00 -6.7275e-01 +1.8590e+00 -2.8728e+00 -3.7452e+00 +3.2203e+00 +2.1744e+00 -3.0670e+00
15 0 +3.853766439e+06 +3.853766439e+06 +3.853662199e+06 +3.853662199e+06 +4.4600e+00 +3.1000e+00 +2.6448e+00 -9.3470e-01 +2.7267e+00 -4.7631e+00 -4.2081e+00 -1.5399e+00 -3.6386e-01 +2.7911e-01 +4.1238e+00 -1.9443e+00 -3.0486e+00 +2.9907e+00 +2.3856e+00 -4.6370e+00 +2.9003e+00 -2.1365e+00 -1.7213e+00 -4.8761e+00
31 0 +3.465727982e+06 +3.465727982e+06 +3.465623742e+06 +3.465623742e+06 +1.2385e+00 +4.6487e+00 +1.0305e+00 +2.7706e+00 -1.5371e+00 -3.6275e+00 -1.4663e+00 +2.9672e+00 -3.9495e+00 +4.2962e+00 -2.0145e+00 -4.0538e+00 -7.2882e-02 +1.3810e+00 -2.8544e+00 -2.7605e+00 +4.1617e+00 -1.8965e+00 +3.8036e-01 -2.4449e+00
140 0 +2.921603486e+06 +2.921603486e+06 +2.921499246e+06 +2.921499246e+06 -1.0886e+00 -3.4560e+00 -1.1185e+00 +2.5210e+00 +3.4689e+00 -4.4983e+00 -3.5570e+00 +1.9855e+00 -3.9892e+00 -1.8893e+00 +2.4133e+00 -1.2331e+00 -2.2010e+00 +2.0817e+00 -3.5589e+00 -3.3407e+00 +1.7154e+00 -1.1809e+00 +1.1012e+00 -4.5372e+00
162 0 +2.848579946e+06 +2.848579946e+06 +2.848475706e+06 +2.848475706e+06 +1.2562e+00 +2.7374e+00 +1.1815e-01 +4.0242e+00 -5.1740e-01 -3.0244e+00 -2.4476e+00 +3.6913e+00 -3.3847e+00 +1.3138e+00 -3.1454e+00 -3.1751e+00 +5.0549e-04 +1.8425e+00 -2.7294e+00 -2.8187e+00 +2.6572e+00 -3.9537e-01 +1.2979e-01 -3.6142e+00
167 0 +1.889418173e+06 +1.889418173e+06 +1.889313933e+06 +1.889313933e+06 +1.2806e+00 +4.3732e+00 +7.8074e-01 +2.2376e+00 -2.8776e+00 -3.9732e+00 -2.5451e+00 +5.0662e+00 -5.8221e-01 +6.2217e+00 -2.0348e-02 -3.8627e+00 +2.1703e+00 +1.6657e+00 -3.5611e+00 -2.8354e+00 +3.9620e+00 -1.8263e+00 +1.0723e+00 -3.8198e+00
184 0 +1.810928667e+06 +1.810928667e+06 +1.810824427e+06 +1.810824427e+06 +9.6431e-01 +6.1600e-01 +6.5909e-01 +3.1920e+00 -1.3772e+00 -4.6988e+00 -1.8526e+00 +3.6720e+00 -1.0537e+00 +5.0031e+00 -2.0629e+00 -3.6372e+00 -6.0756e-01 +2.1860e+00 -2.1150e+00 -3.5597e+00 +5.2282e+00 -2.2480e+00 +4.2004e-01 -3.2539e+00
