% f evaluations | g evaluations | best noise-free fitness - Fopt | noise-free fitness - Fopt (-1.025500000000e+02) | measured fitness | best measured fitness | x1 | x2...
1 0 +3.839404099e+01 +3.839404099e+01 -6.415595901e+01 -6.415595901e+01 +2.5497e+00 +3.3158e+00 +2.2757e+00
2 0 +1.693163636e+01 +1.693163636e+01 -8.561836364e+01 -8.561836364e+01 +9.2249e-01 +1.6193e+00 -1.0473e+00
11 0 +2.190487029e+00 +2.190487029e+00 -1.003595130e+02 -1.003595130e+02 -6.7403e-01 +2.4748e+00 +1.2080e+00
40 0 +1.207303707e+00 +1.207303707e+00 -1.013426963e+02 -1.013426963e+02 +1.8177e+00 +5.6040e-02 +1.4830e+00
451 0 +8.268125273e-01 +8.268125273e-01 -1.017231875e+02 -1.017231875e+02 +1.8338e+00 +1.5862e-01 +1.4599e+00
454 0 +7.217114178e-01 +7.217114178e-01 -1.018282886e+02 -1.018282886e+02 +1.6174e+00 +2.1998e-01 +1.7568e+00
% f evaluations | g evaluations | best noise-free fitness - Fopt | noise-free fitness - Fopt (7.169000000000e+01) | measured fitness | best measured fitness | x1 | x2...
1 0 +2.483033062e+01 +2.483033062e+01 +9.652033062e+01 +9.652033062e+01 -2.8155e+00 -1.2425e+00 +4.9526e+00
7 0 +1.255541546e+01 +1.255541546e+01 +8.424541546e+01 +8.424541546e+01 +4.2984e-01 +2.6462e+00 -1.0222e+00
9 0 +9.300441105e+00 +9.300441105e+00 +8.099044111e+01 +8.099044111e+01 -1.3028e+00 -1.3641e+00 -1.5932e+00
12 0 +7.842650458e+00 +7.842650458e+00 +7.953265046e+01 +7.953265046e+01 -1.3619e-01 +2.6591e+00 -1.7422e+00
25 0 +5.561755875e+00 +5.561755875e+00 +7.725175588e+01 +7.725175588e+01 -2.6456e+00 +8.0378e-01 +1.1563e+00
50 0 +5.100171971e+00 +5.100171971e+00 +7.679017197e+01 +7.679017197e+01 -1.1703e+00 +1.5065e+00 -1.7556e+00
87 0 +3.937429959e+00 +3.937429959e+00 +7.562742996e+01 +7.562742996e+01 +2.0746e+00 -7.0027e-01 -4.8613e+00
168 0 +1.832661263e+00 +1.832661263e+00 +7.352266126e+01 +7.352266126e+01 -4.3524e-01 +1.3342e+00 -1.4456e+00
451 0 +1.249038461e+00 +1.249038461e+00 +7.293903846e+01 +7.293903846e+01 +7.5361e-01 -9.0646e-01 -2.3318e+00
1433 0 +6.268113290e-01 +6.268113290e-01 +7.231681133e+01 +7.231681133e+01 +7.6161e-01 -1.1685e+00 -5.3686e+00
% f evaluations | g evaluations | best noise-free fitness - Fopt | noise-free fitness - Fopt (2.140100000000e+02) | measured fitness | best measured fitness | x1 | x2...
1 0 +4.252354622e+01 +4.252354622e+01 +2.565335462e+02 +2.565335462e+02 +3.5443e-01 +3.1954e+00 -2.3886e+00
2 0 +1.237009849e+01 +1.237009849e+01 +2.263800985e+02 +2.263800985e+02 +1.5416e+00 +2.6503e+00 +1.6827e+00
11 0 +1.021381096e+01 +1.021381096e+01 +2.242238110e+02 +2.242238110e+02 +2.8511e-01 +2.3531e+00 +2.9109e+00
20 0 +9.677805726e+00 +9.677805726e+00 +2.236878057e+02 +2.236878057e+02 -1.9874e+00 +2.8674e+00 +3.3400e+00
40 0 +3.863612487e+00 +3.863612487e+00 +2.178736125e+02 +2.178736125e+02 -7.0674e-01 -5.3523e-01 +2.2688e+00
74 0 +3.068769285e+00 +3.068769285e+00 +2.170787693e+02 +2.170787693e+02 -1.0244e+00 +3.2539e+00 +1.4345e+00
156 0 +2.145872961e+00 +2.145872961e+00 +2.161558730e+02 +2.161558730e+02 -1.1980e+00 -6.5578e-01 +3.1337e+00
426 0 +1.725377518e+00 +1.725377518e+00 +2.157353775e+02 +2.157353775e+02 -9.0411e-01 +2.2787e+00 +1.3647e+00
1204 0 +1.060990751e+00 +1.060990751e+00 +2.150709908e+02 +2.150709908e+02 -7.7231e-01 +2.9341e+00 +1.5122e+00
% f evaluations | g evaluations | best noise-free fitness - Fopt | noise-free fitness - Fopt (-5.848000000000e+01) | measured fitness | best measured fitness | x1 | x2...
1 0 +9.988970074e+00 +9.988970074e+00 -4.849102993e+01 -4.849102993e+01 +2.0069e+00 -4.3995e+00 -2.7879e+00
8 0 +9.408766072e+00 +9.408766072e+00 -4.907123393e+01 -4.907123393e+01 -1.2398e+00 +4.7415e+00 +1.5833e-01
25 0 +6.206768132e+00 +6.206768132e+00 -5.227323187e+01 -5.227323187e+01 -1.1999e+00 -2.9118e+00 -3.8000e+00
39 0 +3.929308107e+00 +3.929308107e+00 -5.455069189e+01 -5.455069189e+01 -1.0175e+00 +9.0718e-01 +1.2851e+00
46 0 +3.725319146e+00 +3.725319146e+00 -5.475468085e+01 -5.475468085e+01 -4.6782e-01 -3.0215e+00 -2.9653e+00
158 0 +4.961540947e-01 +4.961540947e-01 -5.798384591e+01 -5.798384591e+01 -3.3317e-01 -2.6101e-01 -9.3896e-02
427 0 +1.659308800e-01 +1.659308800e-01 -5.831406912e+01 -5.831406912e+01 -3.8085e-01 -1.9790e+00 +1.3238e-01
3757 0 +9.266959629e-02 +9.266959629e-02 -5.838733040e+01 -5.838733040e+01 -2.2099e-01 +8.8599e-02 +5.1223e-01
3967 0 +4.398170967e-02 +4.398170967e-02 -5.843601829e+01 -5.843601829e+01 -1.8995e-01 -4.0550e-01 +4.0774e-01
3994 0 +8.471020442e-03 +8.471020442e-03 -5.847152898e+01 -5.847152898e+01 -2.2319e-01 -5.6422e-01 +4.2060e-01
4265 0 +1.626351546e-03 +1.626351546e-03 -5.847837365e+01 -5.847837365e+01 -2.1591e-01 -5.8165e-01 +4.1418e-01
% f evaluations | g evaluations | best noise-free fitness - Fopt | noise-free fitness - Fopt (-6.130800000000e+02) | measured fitness | best measured fitness | x1 | x2...
1 0 +1.142350129e+02 +1.142350129e+02 -4.988449871e+02 -4.988449871e+02 -3.6530e+00 -4.5203e+00 +4.4912e+00
2 0 +4.975369757e+01 +4.975369757e+01 -5.633263024e+02 -5.633263024e+02 +1.8582e+00 -4.3008e+00 -3.8909e+00
3 0 +4.328710032e+01 +4.328710032e+01 -5.697928997e+02 -5.697928997e+02 +4.4097e+00 -1.3749e+00 +2.4609e+00
7 0 +4.054754248e+01 +4.054754248e+01 -5.725324575e+02 -5.725324575e+02 -3.8231e+00 -1.8597e+00 -4.6252e-01
8 0 +1.341867182e+01 +1.341867182e+01 -5.996613282e+02 -5.996613282e+02 -6.6686e-01 +1.0814e+00 -1.2431e+00
17 0 +1.204022251e+01 +1.204022251e+01 -6.010397775e+02 -6.010397775e+02 +1.6127e+00 -1.2573e+00 +3.7794e-01
35 0 +1.175185744e+01 +1.175185744e+01 -6.013281426e+02 -6.013281426e+02 +3.6006e+00 -2.9338e+00 -2.8017e+00
39 0 +8.511728356e+00 +8.511728356e+00 -6.045682716e+02 -6.045682716e+02 -3.8906e+00 +1.7804e+00 +4.8200e+00
65 0 +1.276817206e+00 +1.276817206e+00 -6.118031828e+02 -6.118031828e+02 +3.8064e+00 -7.8681e-01 -7.8312e-01
669 0 +3.473254270e-01 +3.473254270e-01 -6.127326746e+02 -6.127326746e+02 +4.2505e+00 -6.8026e-01 -9.0699e-01
% f evaluations | g evaluations | best noise-free fitness - Fopt | noise-free fitness - Fopt (6.189000000000e+01) | measured fitness | best measured fitness | x1 | x2...
1 0 +1.061979516e+01 +1.061979516e+01 +7.250979516e+01 +7.250979516e+01 +3.9241e+00 +4.8923e+00 +2.2463e+00
9 0 +4.188549236e+00 +4.188549236e+00 +6.607854924e+01 +6.607854924e+01 -3.6677e+00 -1.8868e+00 -4.2504e-01
61 0 +1.275453434e+00 +1.275453434e+00 +6.316545343e+01 +6.316545343e+01 +1.8161e+00 +1.6168e+00 -1.5617e+00
437 0 +1.061287743e+00 +1.061287743e+00 +6.295128774e+01 +6.295128774e+01 -4.7130e-01 +1.5544e+00 -1.6694e+00
445 0 +9.968454099e-01 +9.968454099e-01 +6.288684541e+01 +6.288684541e+01 +1.8188e+00 +1.6500e+00 -3.7845e-01
672 0 +4.551955481e-01 +4.551955481e-01 +6.234519555e+01 +6.234519555e+01 +6.5885e-01 +1.7162e+00 -1.4391e+00
% f evaluations | g evaluations | best noise-free fitness - Fopt | noise-free fitness - Fopt (-8.456000000000e+01) | measured fitness | best measured fitness | x1 | x2...
1 0 +3.980694541e+01 +3.980694541e+01 -4.475305459e+01 -4.475305459e+01 -3.8056e+00 +1.2169e+00 +2.2183e+00
2 0 +2.730319724e+00 +2.730319724e+00 -8.182968028e+01 -8.182968028e+01 -1.6303e-01 -1.1038e+00 -2.5277e+00
65 0 +9.391478246e-01 +9.391478246e-01 -8.362085218e+01 -8.362085218e+01 +5.5204e-01 -1.7131e+00 -3.0918e+00
671 0 +4.239948640e-01 +4.239948640e-01 -8.413600514e+01 -8.413600514e+01 +5.5200e-01 -1.5269e+00 -3.1601e+00
1435 0 +3.292668707e-01 +3.292668707e-01 -8.423073313e+01 -8.423073313e+01 +5.5144e-01 -1.7132e+00 -3.0918e+00
2480 0 +3.131978701e-01 +3.131978701e-01 -8.424680213e+01 -8.424680213e+01 +5.5169e-01 -1.7145e+00 -3.0937e+00
% f evaluations | g evaluations | best noise-free fitness - Fopt | noise-free fitness - Fopt (-2.602000000000e+01) | measured fitness | best measured fitness | x1 | x2...
1 0 +3.058814852e+01 +3.058814852e+01 +4.568148523e+00 +4.568148523e+00 -1.2756e+00 -2.4431e+00 -2.4804e+00
3 0 +3.053123263e+01 +3.053123263e+01 +4.511232631e+00 +4.511232631e+00 +2.1371e+00 -2.7282e+00 +2.3478e+00
6 0 +1.497461012e+01 +1.497461012e+01 -1.104538988e+01 -1.104538988e+01 -9.1075e-01 -4.7700e+00 +3.0106e+00
10 0 +2.715388054e+00 +2.715388054e+00 -2.330461195e+01 -2.330461195e+01 +5.9411e-01 -2.6682e-01 +2.1135e+00
142 0 +1.596858711e+00 +1.596858711e+00 -2.442314129e+01 -2.442314129e+01 -2.6145e+00 +4.3888e-01 -1.2946e+00
694 0 +8.827570433e-01 +8.827570433e-01 -2.513724296e+01 -2.513724296e+01 -2.1265e+00 +4.1328e-01 -1.5584e+00
2968 0 +7.077802283e-01 +7.077802283e-01 -2.531221977e+01 -2.531221977e+01 -2.5507e+00 +9.3060e-01 -1.1476e+00
% f evaluations | g evaluations | best noise-free fitness - Fopt | noise-free fitness - Fopt (-3.015000000000e+01) | measured fitness | best measured fitness | x1 | x2...
1 0 +1.036600236e+02 +1.036600236e+02 +7.351002357e+01 +7.351002357e+01 +1.0427e+00 +4.6252e+00 +4.3222e+00
3 0 +1.481119502e+01 +1.481119502e+01 -1.533880498e+01 -1.533880498e+01 -3.9281e+00 -1.4378e+00 -4.7039e-02
5 0 +7.007171336e+00 +7.007171336e+00 -2.314282866e+01 -2.314282866e+01 +2.7401e+00 -1.4945e+00 -3.8240e-01
19 0 +4.927439589e+00 +4.927439589e+00 -2.522256041e+01 -2.522256041e+01 -4.0176e+00 +1.5760e+00 -1.8831e+00
51 0 +3.703515457e+00 +3.703515457e+00 -2.644648454e+01 -2.644648454e+01 +8.5823e-01 -2.1082e-01 -2.1393e+00
116 0 +2.901251912e+00 +2.901251912e+00 -2.724874809e+01 -2.724874809e+01 -4.4161e+00 -5.9455e-01 +2.7457e+00
162 0 +2.004582618e+00 +2.004582618e+00 -2.814541738e+01 -2.814541738e+01 -1.4920e+00 +1.8986e+00 -1.6608e+00
180 0 +1.067131558e+00 +1.067131558e+00 -2.908286844e+01 -2.908286844e+01 -3.9405e+00 +1.7055e+00 -2.0409e+00
2967 0 +3.764846698e-01 +3.764846698e-01 -2.977351533e+01 -2.977351533e+01 -4.1979e+00 -1.8360e+00 +1.9029e+00
% f evaluations | g evaluations | best noise-free fitness - Fopt | noise-free fitness - Fopt (-1.000000000000e+03) | measured fitness | best measured fitness | x1 | x2...
1 0 +4.590654293e+01 +4.590654293e+01 -9.540934571e+02 -9.540934571e+02 +3.1521e+00 -2.0251e+00 +3.8996e+00
2 0 +2.200198717e+01 +2.200198717e+01 -9.779980128e+02 -9.779980128e+02 +3.8686e+00 -4.8937e+00 +2.4801e-01
9 0 +7.312548966e+00 +7.312548966e+00 -9.926874510e+02 -9.926874510e+02 +4.8257e+00 -4.7698e+00 -1.8636e+00
12 0 +6.152409274e+00 +6.152409274e+00 -9.938475907e+02 -9.938475907e+02 +3.8880e-01 -1.8805e+00 -3.0882e+00
53 0 +2.577909275e+00 +2.577909275e+00 -9.974220907e+02 -9.974220907e+02 +1.5070e+00 -1.1754e+00 -9.6310e-01
153 0 +6.227867820e-01 +6.227867820e-01 -9.993772132e+02 -9.993772132e+02 +6.7163e-01 -1.8416e+00 -1.8720e+00
942 0 +3.681930820e-01 +3.681930820e-01 -9.996318069e+02 -9.996318069e+02 -1.9608e-01 -1.2842e+00 -9.1448e-01
% f evaluations | g evaluations | best noise-free fitness - Fopt | noise-free fitness - Fopt (-9.243000000000e+02) | measured fitness | best measured fitness | x1 | x2...
1 0 +2.121631436e+01 +2.121631436e+01 -9.030836856e+02 -9.030836856e+02 -1.0222e+00 -3.6631e+00 +1.4749e+00
8 0 +1.171371505e+01 +1.171371505e+01 -9.125862849e+02 -9.125862849e+02 -2.8450e-01 +2.3221e+00 +3.0969e+00
19 0 +8.729168123e+00 +8.729168123e+00 -9.155708319e+02 -9.155708319e+02 +2.7416e+00 +3.4218e+00 +3.9385e+00
42 0 +5.259732360e+00 +5.259732360e+00 -9.190402676e+02 -9.190402676e+02 -6.6983e-01 +1.9488e+00 +1.7602e+00
70 0 +2.170563306e+00 +2.170563306e+00 -9.221294367e+02 -9.221294367e+02 -2.4056e+00 +1.9583e+00 +1.9146e+00
179 0 +1.077846904e+00 +1.077846904e+00 -9.232221531e+02 -9.232221531e+02 +6.1587e-01 -4.1680e-01 +1.3354e+00
1217 0 +7.487323528e-01 +7.487323528e-01 -9.235512676e+02 -9.235512676e+02 -9.8455e-01 -4.4667e-01 +1.9869e+00
% f evaluations | g evaluations | best noise-free fitness - Fopt | noise-free fitness - Fopt (-1.035000000000e+01) | measured fitness | best measured fitness | x1 | x2...
1 0 +1.666878839e+01 +1.666878839e+01 +6.318788386e+00 +6.318788386e+00 -4.9889e+00 +8.0910e-01 +3.6672e-01
5 0 +9.790515793e+00 +9.790515793e+00 -5.594842074e-01 -5.594842074e-01 -2.5449e+00 +1.4948e+00 -4.7021e+00
27 0 +8.958149636e+00 +8.958149636e+00 -1.391850364e+00 -1.391850364e+00 +1.8242e+00 -1.6269e+00 +1.6297e+00
31 0 +3.087359002e+00 +3.087359002e+00 -7.262640998e+00 -7.262640998e+00 +2.4902e+00 -2.1304e+00 -5.3541e-01
118 0 +1.459191011e+00 +1.459191011e+00 -8.890808989e+00 -8.890808989e+00 -5.6852e-01 -1.4431e+00 +6.1136e-01
449 0 +5.908931869e-01 +5.908931869e-01 -9.759106813e+00 -9.759106813e+00 -7.4723e-01 -1.3668e+00 +5.0972e-01
2732 0 +4.973875288e-01 +4.973875288e-01 -9.852612471e+00 -9.852612471e+00 -5.6894e-01 -1.4431e+00 +6.1014e-01
4516 0 +2.791591539e-01 +2.791591539e-01 -1.007084085e+01 -1.007084085e+01 -1.0397e+00 -1.6542e+00 -5.2552e-01
% f evaluations | g evaluations | best noise-free fitness - Fopt | noise-free fitness - Fopt (-1.000000000000e+03) | measured fitness | best measured fitness | x1 | x2...
1 0 +4.754223672e+01 +4.754223672e+01 -9.524577633e+02 -9.524577633e+02 +1.2781e+00 +7.5627e-01 -4.1189e+00
2 0 +4.116608170e+01 +4.116608170e+01 -9.588339183e+02 -9.588339183e+02 +3.3459e+00 -4.1348e+00 -3.8119e+00
3 0 +1.895691012e+01 +1.895691012e+01 -9.810430899e+02 -9.810430899e+02 -1.2156e+00 +2.0739e+00 -2.5992e+00
8 0 +9.648563640e+00 +9.648563640e+00 -9.903514364e+02 -9.903514364e+02 +1.5252e-01 +4.5381e+00 +9.5841e-01
18 0 +6.455517462e+00 +6.455517462e+00 -9.935444825e+02 -9.935444825e+02 -1.4684e+00 +4.2373e+00 +2.7983e+00
58 0 +3.710207918e+00 +3.710207918e+00 -9.962897921e+02 -9.962897921e+02 -2.3122e+00 -4.9914e+00 +9.5613e-01
98 0 +2.794170577e+00 +2.794170577e+00 -9.972058294e+02 -9.972058294e+02 +1.4717e+00 -7.4158e-02 +8.8413e-01
415 0 +1.456213741e+00 +1.456213741e+00 -9.985437863e+02 -9.985437863e+02 +1.7982e+00 -7.8307e-01 -8.8429e-01
1432 0 +1.280840330e+00 +1.280840330e+00 -9.987191597e+02 -9.987191597e+02 +1.0114e+00 -1.3235e-01 +8.8308e-01
2741 0 +1.076691371e+00 +1.076691371e+00 -9.989233086e+02 -9.989233086e+02 +1.6461e-01 +2.4587e-01 +2.3692e-01
% f evaluations | g evaluations | best noise-free fitness - Fopt | noise-free fitness - Fopt (2.880000000000e+01) | measured fitness | best measured fitness | x1 | x2...
1 0 +4.442289198e+01 +4.442289198e+01 +7.322289198e+01 +7.322289198e+01 +1.6089e+00 +4.8013e+00 -2.1956e+00
2 0 +1.274046038e+01 +1.274046038e+01 +4.154046038e+01 +4.154046038e+01 -1.1600e+00 +8.4856e-01 +1.4733e+00
3 0 +9.838056999e-01 +9.838056999e-01 +2.978380570e+01 +2.978380570e+01 +3.6042e+00 +2.1494e-01 +3.0846e+00
1200 0 +9.081781609e-01 +9.081781609e-01 +2.970817816e+01 +2.970817816e+01 +1.2251e+00 -2.7012e-01 +1.6063e+00
1932 0 +5.868484884e-01 +5.868484884e-01 +2.938684849e+01 +2.938684849e+01 +8.9214e-01 -2.4482e-01 +8.0214e-01
2454 0 +4.131549256e-01 +4.131549256e-01 +2.921315493e+01 +2.921315493e+01 +1.9867e+00 -3.9540e-01 +1.2717e+00
3460 0 +2.901436898e-01 +2.901436898e-01 +2.909014369e+01 +2.909014369e+01 +1.8814e+00 -3.9086e-01 +9.7327e-01
% f evaluations | g evaluations | best noise-free fitness - Fopt | noise-free fitness - Fopt (3.534000000000e+01) | measured fitness | best measured fitness | x1 | x2...
1 0 +1.611881839e+01 +1.611881839e+01 +5.145881839e+01 +5.145881839e+01 +9.5598e-01 +4.7235e+00 -1.6564e+00
2 0 +9.018905659e+00 +9.018905659e+00 +4.435890566e+01 +4.435890566e+01 -1.7815e+00 +1.5865e+00 -2.0495e+00
8 0 +2.054955792e+00 +2.054955792e+00 +3.739495579e+01 +3.739495579e+01 -1.4925e+00 -3.6978e+00 +4.3703e-01
449 0 +1.587574277e+00 +1.587574277e+00 +3.692757428e+01 +3.692757428e+01 -8.6162e-01 -1.5583e+00 +1.1009e+00
954 0 +1.186418618e+00 +1.186418618e+00 +3.652641862e+01 +3.652641862e+01 +3.2350e-01 -1.5762e+00 +1.0262e+00
1212 0 +4.978982433e-01 +4.978982433e-01 +3.583789824e+01 +3.583789824e+01 +1.1725e-01 -8.2755e-01 +7.8285e-01
3976 0 +3.218171558e-01 +3.218171558e-01 +3.566181716e+01 +3.566181716e+01 -1.9483e-01 -1.5418e+00 +3.4448e-01
