% f evaluations | g evaluations | best noise-free fitness - Fopt | noise-free fitness - Fopt (1.238300000000e+02) | measured fitness | best measured fitness | x1 | x2...
1 0 +6.500000000e+00 +6.500000000e+00 +1.303300000e+02 +1.303300000e+02 +0.0000e+00 +0.0000e+00
4 0 +6.482741933e+00 +6.482741933e+00 +1.303127419e+02 +1.303127419e+02 -2.5000e-04 +2.5000e-04
7 0 +6.446702394e+00 +6.446702394e+00 +1.302767024e+02 +1.302767024e+02 -7.5000e-04 +6.2500e-05
11 0 +6.292508233e+00 +6.292508233e+00 +1.301225082e+02 +1.301225082e+02 -2.9375e-03 +3.2813e-04
13 0 +6.100078396e+00 +6.100078396e+00 +1.299300784e+02 +1.299300784e+02 -5.7187e-03 +1.3516e-03
15 0 +5.857774492e+00 +5.857774492e+00 +1.296877745e+02 +1.296877745e+02 -9.2344e-03 +1.2070e-03
16 0 +5.670955814e+00 +5.670955814e+00 +1.295009558e+02 +1.295009558e+02 -1.2016e-02 +2.2305e-03
17 0 +5.370381340e+00 +5.370381340e+00 +1.292003813e+02 +1.292003813e+02 -1.6555e-02 +3.1816e-03
18 0 +5.141491595e+00 +5.141491595e+00 +1.289714916e+02 +1.289714916e+02 -2.0070e-02 +3.0371e-03
19 0 +4.689270278e+00 +4.689270278e+00 +1.285192703e+02 +1.285192703e+02 -2.7246e-02 +3.8799e-03
20 0 +4.247344489e+00 +4.247344489e+00 +1.280773445e+02 +1.280773445e+02 -3.4566e-02 +5.8545e-03
21 0 +3.528427082e+00 +3.528427082e+00 +1.273584271e+02 +1.273584271e+02 -4.7232e-02 +8.1782e-03
22 0 +2.970023218e+00 +2.970023218e+00 +1.268000232e+02 +1.268000232e+02 -5.7924e-02 +8.8765e-03
23 0 +2.019197376e+00 +2.019197376e+00 +1.258491974e+02 +1.258491974e+02 -7.8608e-02 +1.1724e-02
24 0 +1.269520489e+00 +1.269520489e+00 +1.250995205e+02 +1.250995205e+02 -9.8595e-02 +1.6022e-02
25 0 +3.858622474e-01 +3.858622474e-01 +1.242158622e+02 +1.242158622e+02 -1.3427e-01 +2.2093e-02
26 0 +1.304413373e-01 +1.304413373e-01 +1.239604413e+02 +1.239604413e+02 -1.6565e-01 +2.5639e-02
53 0 +1.284180824e-01 +1.284180824e-01 +1.239584181e+02 +1.239584181e+02 -1.6444e-01 +3.0422e-02
57 0 +1.252393666e-01 +1.252393666e-01 +1.239552394e+02 +1.239552394e+02 -1.6391e-01 +3.7632e-02
59 0 +1.230236717e-01 +1.230236717e-01 +1.239530237e+02 +1.239530237e+02 -1.6514e-01 +4.3465e-02
60 0 +1.202166464e-01 +1.202166464e-01 +1.239502166e+02 +1.239502166e+02 -1.6360e-01 +4.9189e-02
61 0 +1.165942277e-01 +1.165942277e-01 +1.239465942e+02 +1.239465942e+02 -1.6268e-01 +5.7830e-02
63 0 +1.117888180e-01 +1.117888180e-01 +1.239417888e+02 +1.239417888e+02 -1.6391e-01 +7.6679e-02
64 0 +1.048209260e-01 +1.048209260e-01 +1.239348209e+02 +1.239348209e+02 -1.6146e-01 +9.1044e-02
65 0 +9.742667303e-02 +9.742667303e-02 +1.239274267e+02 +1.239274267e+02 -1.5962e-01 +1.1483e-01
67 0 +9.303590358e-02 +9.303590358e-02 +1.239230359e+02 +1.239230359e+02 -1.5655e-01 +1.7184e-01
69 0 +8.557118285e-02 +8.557118285e-02 +1.239155712e+02 +1.239155712e+02 -1.5532e-01 +1.5299e-01
70 0 +7.980625316e-02 +7.980625316e-02 +1.239098063e+02 +1.239098063e+02 -1.5256e-01 +1.6264e-01
72 0 +6.542837137e-02 +6.542837137e-02 +1.238954284e+02 +1.238954284e+02 -1.4550e-01 +2.1045e-01
73 0 +5.838290150e-02 +5.838290150e-02 +1.238883829e+02 +1.238883829e+02 -1.3997e-01 +2.2976e-01
76 0 +4.981670018e-02 +4.981670018e-02 +1.238798167e+02 +1.238798167e+02 -1.3529e-01 +2.7504e-01
77 0 +4.285579500e-02 +4.285579500e-02 +1.238728558e+02 +1.238728558e+02 -1.2665e-01 +3.3123e-01
78 0 +3.108485221e-02 +3.108485221e-02 +1.238610849e+02 +1.238610849e+02 -1.1875e-01 +3.5307e-01
79 0 +2.040845431e-02 +2.040845431e-02 +1.238504085e+02 +1.238504085e+02 -1.0418e-01 +4.2564e-01
83 0 +9.249465245e-03 +9.249465245e-03 +1.238392495e+02 +1.238392495e+02 -8.1702e-02 +5.2004e-01
87 0 +7.437950183e-03 +7.437950183e-03 +1.238374380e+02 +1.238374380e+02 -7.6602e-02 +5.3007e-01
88 0 +4.230197285e-03 +4.230197285e-03 +1.238342302e+02 +1.238342302e+02 -6.2814e-02 +5.8229e-01
92 0 +1.904401862e-03 +1.904401862e-03 +1.238319044e+02 +1.238319044e+02 -4.4303e-02 +6.5007e-01
94 0 +3.099629431e-04 +3.099629431e-04 +1.238303100e+02 +1.238303100e+02 -4.0054e-02 +6.7255e-01
97 0 +3.053641212e-04 +3.053641212e-04 +1.238303054e+02 +1.238303054e+02 -3.7551e-02 +6.7826e-01
99 0 +1.231145883e-04 +1.231145883e-04 +1.238301231e+02 +1.238301231e+02 -3.0173e-02 +7.0787e-01
100 0 +6.544013054e-05 +6.544013054e-05 +1.238300654e+02 +1.238300654e+02 -2.7670e-02 +7.1357e-01
103 0 +6.060488617e-05 +6.060488617e-05 +1.238300606e+02 +1.238300606e+02 -3.3236e-02 +6.9449e-01
105 0 +5.003620444e-06 +5.003620444e-06 +1.238300050e+02 +1.238300050e+02 -3.0313e-02 +7.0595e-01
111 0 +2.723202755e-06 +2.723202755e-06 +1.238300027e+02 +1.238300027e+02 -2.9542e-02 +7.0803e-01
113 0 +1.024153804e-06 +1.024153804e-06 +1.238300010e+02 +1.238300010e+02 -3.0687e-02 +7.0429e-01
115 0 +5.901726325e-07 +5.901726325e-07 +1.238300006e+02 +1.238300006e+02 -3.0214e-02 +7.0606e-01
117 0 +3.103102841e-07 +3.103102841e-07 +1.238300003e+02 +1.238300003e+02 -2.9996e-02 +7.0660e-01
119 0 +1.869751998e-07 +1.869751998e-07 +1.238300002e+02 +1.238300002e+02 -2.9814e-02 +7.0735e-01
121 0 +7.210400099e-08 +7.210400099e-08 +1.238300001e+02 +1.238300001e+02 -3.0059e-02 +7.0652e-01
123 0 +5.042679163e-08 +5.042679163e-08 +1.238300001e+02 +1.238300001e+02 -2.9966e-02 +7.0677e-01
126 0 +6.437758771e-09 +6.437758771e-09 +1.238300000e+02 +1.238300000e+02 -3.0074e-02 +7.0643e-01
% f evaluations | g evaluations | best noise-free fitness - Fopt | noise-free fitness - Fopt (4.751000000000e+01) | measured fitness | best measured fitness | x1 | x2...
1 0 +6.500000000e+00 +6.500000000e+00 +5.401000000e+01 +5.401000000e+01 +0.0000e+00 +0.0000e+00
2 0 +6.498209670e+00 +6.498209670e+00 +5.400820967e+01 +5.400820967e+01 +2.5000e-04 +0.0000e+00
6 0 +6.454760216e+00 +6.454760216e+00 +5.396476022e+01 +5.396476022e+01 +1.2500e-04 +6.2500e-04
11 0 +6.295906136e+00 +6.295906136e+00 +5.380590614e+01 +5.380590614e+01 +3.2813e-04 +2.8594e-03
13 0 +6.165919299e+00 +6.165919299e+00 +5.367591930e+01 +5.367591930e+01 +1.3516e-03 +4.6172e-03
15 0 +5.915303793e+00 +5.915303793e+00 +5.342530379e+01 +5.342530379e+01 +1.2070e-03 +8.2773e-03
16 0 +5.788658869e+00 +5.788658869e+00 +5.329865887e+01 +5.329865887e+01 +2.2305e-03 +1.0035e-02
17 0 +5.541925703e+00 +5.541925703e+00 +5.305192570e+01 +5.305192570e+01 +3.1816e-03 +1.3623e-02
18 0 +5.303342298e+00 +5.303342298e+00 +5.281334230e+01 +5.281334230e+01 +3.0371e-03 +1.7283e-02
19 0 +4.894147253e+00 +4.894147253e+00 +5.240414725e+01 +5.240414725e+01 +3.8799e-03 +2.3616e-02
20 0 +4.550990193e+00 +4.550990193e+00 +5.206099019e+01 +5.206099019e+01 +5.8545e-03 +2.8962e-02
21 0 +3.929359498e+00 +3.929359498e+00 +5.143935950e+01 +5.143935950e+01 +8.1782e-03 +3.9304e-02
22 0 +3.380089210e+00 +3.380089210e+00 +5.089008921e+01 +5.089008921e+01 +8.8765e-03 +4.9297e-02
23 0 +2.488200541e+00 +2.488200541e+00 +4.999820054e+01 +4.999820054e+01 +1.1724e-02 +6.7135e-02
24 0 +1.802689318e+00 +1.802689318e+00 +4.931268932e+01 +4.931268932e+01 +1.6022e-02 +8.2823e-02
25 0 +8.237539767e-01 +8.237539767e-01 +4.833375398e+01 +4.833375398e+01 +2.2093e-02 +1.1243e-01
26 0 +2.908123216e-01 +2.908123216e-01 +4.780081232e+01 +4.780081232e+01 +2.5639e-02 +1.4026e-01
28 0 +2.647412796e-01 +2.647412796e-01 +4.777474128e+01 +4.777474128e+01 +3.6009e-02 +1.8555e-01
33 0 +1.728394413e-01 +1.728394413e-01 +4.768283944e+01 +4.768283944e+01 +3.3006e-02 +1.7552e-01
35 0 +1.419782113e-01 +1.419782113e-01 +4.765197821e+01 +4.765197821e+01 +3.0073e-02 +1.6039e-01
41 0 +1.394350457e-01 +1.394350457e-01 +4.764943505e+01 +4.764943505e+01 +3.1413e-02 +1.6645e-01
52 0 +1.379922802e-01 +1.379922802e-01 +4.764799228e+01 +4.764799228e+01 +3.1029e-02 +1.6392e-01
73 0 +1.344777209e-01 +1.344777209e-01 +4.764447772e+01 +4.764447772e+01 +3.8566e-02 +1.6261e-01
76 0 +1.314260413e-01 +1.314260413e-01 +4.764142604e+01 +4.764142604e+01 +4.6405e-02 +1.5920e-01
79 0 +1.255504487e-01 +1.255504487e-01 +4.763555045e+01 +4.763555045e+01 +6.5130e-02 +1.5311e-01
80 0 +1.212545678e-01 +1.212545678e-01 +4.763125457e+01 +4.763125457e+01 +7.6016e-02 +1.5042e-01
81 0 +1.199604375e-01 +1.199604375e-01 +4.762996044e+01 +4.762996044e+01 +7.1224e-02 +1.5454e-01
82 0 +1.172962137e-01 +1.172962137e-01 +4.762729621e+01 +4.762729621e+01 +7.8517e-02 +1.5494e-01
83 0 +1.067989954e-01 +1.067989954e-01 +4.761679900e+01 +4.761679900e+01 +1.0268e-01 +1.4750e-01
84 0 +9.714316101e-02 +9.714316101e-02 +4.760714316e+01 +4.760714316e+01 +1.2810e-01 +1.4233e-01
86 0 +9.140042319e-02 +9.140042319e-02 +4.760140042e+01 +4.760140042e+01 +1.8019e-01 +1.3424e-01
88 0 +7.994264099e-02 +7.994264099e-02 +4.758994264e+01 +4.758994264e+01 +1.7769e-01 +1.2971e-01
89 0 +7.175619669e-02 +7.175619669e-02 +4.758175620e+01 +4.758175620e+01 +2.0123e-01 +1.2114e-01
92 0 +5.091316743e-02 +5.091316743e-02 +4.756091317e+01 +4.756091317e+01 +2.7436e-01 +9.9953e-02
93 0 +4.058499008e-02 +4.058499008e-02 +4.755058499e+01 +4.755058499e+01 +3.2145e-01 +8.2811e-02
95 0 +1.932556129e-02 +1.932556129e-02 +4.752932556e+01 +4.752932556e+01 +4.4166e-01 +4.4480e-02
96 0 +1.248232188e-02 +1.248232188e-02 +4.752248232e+01 +4.752248232e+01 +5.3583e-01 +1.0195e-02
100 0 +8.366328506e-03 +8.366328506e-03 +4.751836633e+01 +4.751836633e+01 +5.5036e-01 -1.8919e-03
102 0 +5.269305312e-03 +5.269305312e-03 +4.751526931e+01 +4.751526931e+01 +6.2061e-01 -2.5090e-02
103 0 +4.781470186e-03 +4.781470186e-03 +4.751478147e+01 +4.751478147e+01 +6.3514e-01 -3.7177e-02
106 0 +1.694667677e-03 +1.694667677e-03 +4.751169467e+01 +4.751169467e+01 +6.6664e-01 -4.5754e-02
110 0 +1.150390297e-03 +1.150390297e-03 +4.751115039e+01 +4.751115039e+01 +6.4317e-01 -3.8346e-02
112 0 +1.022492979e-03 +1.022492979e-03 +4.751102249e+01 +4.751102249e+01 +6.5305e-01 -4.0783e-02
113 0 +8.117147630e-04 +8.117147630e-04 +4.751081171e+01 +4.751081171e+01 +6.6047e-01 -4.5852e-02
115 0 +5.908715617e-04 +5.908715617e-04 +4.751059087e+01 +4.751059087e+01 +6.7034e-01 -4.8288e-02
117 0 +5.791980404e-04 +5.791980404e-04 +4.751057920e+01 +4.751057920e+01 +6.7776e-01 -5.3357e-02
119 0 +3.613571973e-04 +3.613571973e-04 +4.751036136e+01 +4.751036136e+01 +6.8764e-01 -5.5794e-02
122 0 +3.268557820e-04 +3.268557820e-04 +4.751032686e+01 +4.751032686e+01 +7.0494e-01 -6.3299e-02
125 0 +1.963011281e-05 +1.963011281e-05 +4.751001963e+01 +4.751001963e+01 +6.9567e-01 -6.0204e-02
126 0 +1.819545691e-05 +1.819545691e-05 +4.751001820e+01 +4.751001820e+01 +7.1297e-01 -6.7710e-02
131 0 +1.452239150e-05 +1.452239150e-05 +4.751001452e+01 +4.751001452e+01 +7.0448e-01 -6.3792e-02
133 0 +9.743963716e-07 +9.743963716e-07 +4.751000097e+01 +4.751000097e+01 +7.0220e-01 -6.2978e-02
139 0 +7.860363667e-07 +7.860363667e-07 +4.751000079e+01 +4.751000079e+01 +7.0601e-01 -6.4642e-02
141 0 +3.944243545e-07 +3.944243545e-07 +4.751000039e+01 +4.751000039e+01 +7.0482e-01 -6.4154e-02
143 0 +4.539830911e-08 +4.539830911e-08 +4.751000005e+01 +4.751000005e+01 +7.0381e-01 -6.3688e-02
148 0 +3.094891099e-08 +3.094891099e-08 +4.751000003e+01 +4.751000003e+01 +7.0457e-01 -6.4017e-02
152 0 +4.395168673e-09 +4.395168673e-09 +4.751000000e+01 +4.751000000e+01 +7.0409e-01 -6.3807e-02
% f evaluations | g evaluations | best noise-free fitness - Fopt | noise-free fitness - Fopt (5.534000000000e+01) | measured fitness | best measured fitness | x1 | x2...
1 0 +6.500000000e+00 +6.500000000e+00 +6.184000000e+01 +6.184000000e+01 +0.0000e+00 +0.0000e+00
2 0 +6.495127454e+00 +6.495127454e+00 +6.183512745e+01 +6.183512745e+01 +2.5000e-04 +0.0000e+00
6 0 +6.453547966e+00 +6.453547966e+00 +6.179354797e+01 +6.179354797e+01 +6.2500e-04 -5.0000e-04
11 0 +6.244989239e+00 +6.244989239e+00 +6.158498924e+01 +6.158498924e+01 +2.8594e-03 -2.9375e-03
12 0 +6.159310641e+00 +6.159310641e+00 +6.149931064e+01 +6.149931064e+01 +3.3906e-03 -4.0625e-03
14 0 +5.929970564e+00 +5.929970564e+00 +6.126997056e+01 +6.126997056e+01 +6.0078e-03 -6.7813e-03
15 0 +5.728450576e+00 +5.728450576e+00 +6.106845058e+01 +6.106845058e+01 +8.2773e-03 -9.2344e-03
16 0 +5.518566785e+00 +5.518566785e+00 +6.085856679e+01 +6.085856679e+01 +1.0035e-02 -1.2016e-02
17 0 +5.172044037e+00 +5.172044037e+00 +6.051204404e+01 +6.051204404e+01 +1.3623e-02 -1.6555e-02
18 0 +4.896899617e+00 +4.896899617e+00 +6.023689962e+01 +6.023689962e+01 +1.7283e-02 -2.0070e-02
19 0 +4.376535661e+00 +4.376535661e+00 +5.971653566e+01 +5.971653566e+01 +2.3616e-02 -2.7246e-02
20 0 +3.892070531e+00 +3.892070531e+00 +5.923207053e+01 +5.923207053e+01 +2.8962e-02 -3.4566e-02
21 0 +3.108034599e+00 +3.108034599e+00 +5.844803460e+01 +5.844803460e+01 +3.9304e-02 -4.7232e-02
22 0 +2.503138622e+00 +2.503138622e+00 +5.784313862e+01 +5.784313862e+01 +4.9297e-02 -5.7924e-02
23 0 +1.541168019e+00 +1.541168019e+00 +5.688116802e+01 +5.688116802e+01 +6.7135e-02 -7.8608e-02
24 0 +8.607376156e-01 +8.607376156e-01 +5.620073762e+01 +5.620073762e+01 +8.2823e-02 -9.8595e-02
25 0 +2.255027381e-01 +2.255027381e-01 +5.556550274e+01 +5.556550274e+01 +1.1243e-01 -1.3427e-01
32 0 +1.907445914e-01 +1.907445914e-01 +5.553074459e+01 +5.553074459e+01 +1.2612e-01 -1.4942e-01
35 0 +1.888149717e-01 +1.888149717e-01 +5.552881497e+01 +5.552881497e+01 +1.1949e-01 -1.4238e-01
39 0 +1.859354085e-01 +1.859354085e-01 +5.552593541e+01 +5.552593541e+01 +1.2311e-01 -1.4607e-01
60 0 +1.815663986e-01 +1.815663986e-01 +5.552156640e+01 +5.552156640e+01 +1.1453e-01 -1.4659e-01
63 0 +1.767668483e-01 +1.767668483e-01 +5.551676685e+01 +5.551676685e+01 +1.0597e-01 -1.4838e-01
65 0 +1.701199106e-01 +1.701199106e-01 +5.551011991e+01 +5.551011991e+01 +9.4842e-02 -1.5164e-01
66 0 +1.647099762e-01 +1.647099762e-01 +5.550470998e+01 +5.550470998e+01 +8.4998e-02 -1.5416e-01
67 0 +1.616745454e-01 +1.616745454e-01 +5.550167455e+01 +5.550167455e+01 +7.5557e-02 -1.5333e-01
68 0 +1.553038654e-01 +1.553038654e-01 +5.549530387e+01 +5.549530387e+01 +5.8633e-02 -1.5523e-01
69 0 +1.442528971e-01 +1.442528971e-01 +5.548425290e+01 +5.548425290e+01 +4.3665e-02 -1.6070e-01
70 0 +1.306380998e-01 +1.306380998e-01 +5.547063810e+01 +5.547063810e+01 +1.5515e-02 -1.6669e-01
71 0 +1.219754211e-01 +1.219754211e-01 +5.546197542e+01 +5.546197542e+01 -1.0851e-02 -1.6776e-01
72 0 +1.029099449e-01 +1.029099449e-01 +5.544290994e+01 +5.544290994e+01 -5.8776e-02 -1.7456e-01
73 0 +8.731799797e-02 +8.731799797e-02 +5.542731800e+01 +5.542731800e+01 -1.0189e-01 -1.8602e-01
75 0 +6.583350459e-02 +6.583350459e-02 +5.540583350e+01 +5.540583350e+01 -1.7618e-01 -1.9389e-01
80 0 +5.538366122e-02 +5.538366122e-02 +5.539538366e+01 +5.539538366e+01 -2.5047e-01 -2.0176e-01
81 0 +4.834794627e-02 +4.834794627e-02 +5.538834795e+01 +5.538834795e+01 -2.8613e-01 -2.0382e-01
83 0 +3.223883661e-02 +3.223883661e-02 +5.537223884e+01 +5.537223884e+01 -3.1879e-01 -2.0211e-01
84 0 +2.597585333e-02 +2.597585333e-02 +5.536597585e+01 +5.536597585e+01 -3.9010e-01 -2.0622e-01
87 0 +2.043615299e-02 +2.043615299e-02 +5.536043615e+01 +5.536043615e+01 -3.7745e-01 -2.0100e-01
88 0 +1.798424338e-02 +1.798424338e-02 +5.535798424e+01 +5.535798424e+01 -4.2311e-01 -1.9959e-01
89 0 +1.234685982e-02 +1.234685982e-02 +5.535234686e+01 +5.535234686e+01 -5.3973e-01 -2.0721e-01
91 0 +4.006547919e-03 +4.006547919e-03 +5.534400655e+01 +5.534400655e+01 -5.7274e-01 -2.0058e-01
92 0 +2.961921593e-03 +2.961921593e-03 +5.534296192e+01 +5.534296192e+01 -6.6407e-01 -1.9777e-01
96 0 +2.932585315e-03 +2.932585315e-03 +5.534293259e+01 +5.534293259e+01 -5.6401e-01 -2.0331e-01
97 0 +1.947814615e-03 +1.947814615e-03 +5.534194781e+01 +5.534194781e+01 -7.1557e-01 -2.0003e-01
100 0 +5.163954673e-04 +5.163954673e-04 +5.534051640e+01 +5.534051640e+01 -6.5193e-01 -1.9972e-01
104 0 +1.726797288e-04 +1.726797288e-04 +5.534017268e+01 +5.534017268e+01 -6.7674e-01 -2.0034e-01
105 0 +1.607285567e-04 +1.607285567e-04 +5.534016073e+01 +5.534016073e+01 -7.0479e-01 -1.9847e-01
108 0 +8.358400645e-05 +8.358400645e-05 +5.534008358e+01 +5.534008358e+01 -6.7135e-01 -1.9956e-01
110 0 +1.181548241e-05 +1.181548241e-05 +5.534001182e+01 +5.534001182e+01 -6.8240e-01 -1.9968e-01
117 0 +1.087966957e-06 +1.087966957e-06 +5.534000109e+01 +5.534000109e+01 -6.7773e-01 -1.9968e-01
123 0 +9.032747599e-07 +9.032747599e-07 +5.534000090e+01 +5.534000090e+01 -6.8024e-01 -1.9961e-01
125 0 +3.717279071e-07 +3.717279071e-07 +5.534000037e+01 +5.534000037e+01 -6.7922e-01 -1.9969e-01
127 0 +2.785870734e-07 +2.785870734e-07 +5.534000028e+01 +5.534000028e+01 -6.7873e-01 -1.9966e-01
128 0 +2.184589363e-07 +2.184589363e-07 +5.534000022e+01 +5.534000022e+01 -6.7771e-01 -1.9974e-01
131 0 +7.178196171e-08 +7.178196171e-08 +5.534000007e+01 +5.534000007e+01 -6.7872e-01 -1.9969e-01
133 0 +1.524616522e-08 +1.524616522e-08 +5.534000002e+01 +5.534000002e+01 -6.7847e-01 -1.9969e-01
138 0 +7.892538179e-09 +7.892538179e-09 +5.534000001e+01 +5.534000001e+01 -6.7817e-01 -1.9971e-01
% f evaluations | g evaluations | best noise-free fitness - Fopt | noise-free fitness - Fopt (-9.033000000000e+01) | measured fitness | best measured fitness | x1 | x2...
1 0 +6.500000000e+00 +6.500000000e+00 -8.383000000e+01 -8.383000000e+01 +0.0000e+00 +0.0000e+00
2 0 +6.486124088e+00 +6.486124088e+00 -8.384387591e+01 -8.384387591e+01 +2.5000e-04 +0.0000e+00
7 0 +6.445248060e+00 +6.445248060e+00 -8.388475194e+01 -8.388475194e+01 +9.3750e-04 +6.2500e-05
12 0 +6.272307022e+00 +6.272307022e+00 -8.405769298e+01 -8.405769298e+01 +3.3906e-03 +9.2188e-04
14 0 +6.125971554e+00 +6.125971554e+00 -8.420402845e+01 -8.420402845e+01 +6.0078e-03 +1.0234e-03
15 0 +5.996373550e+00 +5.996373550e+00 -8.433362645e+01 -8.433362645e+01 +8.2773e-03 +1.2070e-03
16 0 +5.859121112e+00 +5.859121112e+00 -8.447087889e+01 -8.447087889e+01 +1.0035e-02 +2.2305e-03
17 0 +5.631570894e+00 +5.631570894e+00 -8.469842911e+01 -8.469842911e+01 +1.3623e-02 +3.1816e-03
18 0 +5.450303971e+00 +5.450303971e+00 -8.487969603e+01 -8.487969603e+01 +1.7283e-02 +3.0371e-03
19 0 +5.099904888e+00 +5.099904888e+00 -8.523009511e+01 -8.523009511e+01 +2.3616e-02 +3.8799e-03
20 0 +4.763924788e+00 +4.763924788e+00 -8.556607521e+01 -8.556607521e+01 +2.8962e-02 +5.8545e-03
21 0 +4.201305522e+00 +4.201305522e+00 -8.612869448e+01 -8.612869448e+01 +3.9304e-02 +8.1782e-03
22 0 +3.745842073e+00 +3.745842073e+00 -8.658415793e+01 -8.658415793e+01 +4.9297e-02 +8.8765e-03
23 0 +2.950752529e+00 +2.950752529e+00 -8.737924747e+01 -8.737924747e+01 +6.7135e-02 +1.1724e-02
24 0 +2.283873193e+00 +2.283873193e+00 -8.804612681e+01 -8.804612681e+01 +8.2823e-02 +1.6022e-02
25 0 +1.313955359e+00 +1.313955359e+00 -8.901604464e+01 -8.901604464e+01 +1.1243e-01 +2.2093e-02
26 0 +7.042268353e-01 +7.042268353e-01 -8.962577316e+01 -8.962577316e+01 +1.4026e-01 +2.5639e-02
27 0 +1.998352921e-01 +1.998352921e-01 -9.013016471e+01 -9.013016471e+01 +1.9073e-01 +3.4369e-02
38 0 +1.973247372e-01 +1.973247372e-01 -9.013267526e+01 -9.013267526e+01 +1.9831e-01 +3.6700e-02
46 0 +1.948854666e-01 +1.948854666e-01 -9.013511453e+01 -9.013511453e+01 +1.9520e-01 +3.6933e-02
52 0 +1.902931265e-01 +1.902931265e-01 -9.013970687e+01 -9.013970687e+01 +1.8811e-01 +4.2423e-02
55 0 +1.841244195e-01 +1.841244195e-01 -9.014587558e+01 -9.014587558e+01 +1.8300e-01 +5.3372e-02
56 0 +1.797887580e-01 +1.797887580e-01 -9.015021124e+01 -9.015021124e+01 +1.7507e-01 +5.6286e-02
57 0 +1.754550864e-01 +1.754550864e-01 -9.015454491e+01 -9.015454491e+01 +1.6641e-01 +6.3500e-02
58 0 +1.695217449e-01 +1.695217449e-01 -9.016047826e+01 -9.016047826e+01 +1.6496e-01 +7.2099e-02
59 0 +1.639320982e-01 +1.639320982e-01 -9.016606790e+01 -9.016606790e+01 +1.5521e-01 +8.5763e-02
60 0 +1.511731724e-01 +1.511731724e-01 -9.017882683e+01 -9.017882683e+01 +1.3861e-01 +9.5890e-02
61 0 +1.372288335e-01 +1.372288335e-01 -9.019277117e+01 -9.019277117e+01 +1.1642e-01 +1.1715e-01
64 0 +1.067109451e-01 +1.067109451e-01 -9.022328905e+01 -9.022328905e+01 +6.6423e-02 +1.7080e-01
65 0 +8.757777673e-02 +8.757777673e-02 -9.024242222e+01 -9.024242222e+01 +2.2032e-02 +2.1331e-01
71 0 +6.903729566e-02 +6.903729566e-02 -9.026096270e+01 -9.026096270e+01 -1.6758e-02 +2.4470e-01
72 0 +6.341162622e-02 +6.341162622e-02 -9.026658837e+01 -9.026658837e+01 -6.1149e-02 +2.8722e-01
75 0 +4.890827364e-02 +4.890827364e-02 -9.028109173e+01 -9.028109173e+01 -7.6344e-02 +2.9456e-01
76 0 +3.746074025e-02 +3.746074025e-02 -9.029253926e+01 -9.029253926e+01 -1.2553e-01 +3.3519e-01
80 0 +2.221022111e-02 +2.221022111e-02 -9.030778978e+01 -9.030778978e+01 -1.8991e-01 +3.8315e-01
84 0 +2.005938436e-02 +2.005938436e-02 -9.030994062e+01 -9.030994062e+01 -1.9706e-01 +3.8450e-01
85 0 +1.653217393e-02 +1.653217393e-02 -9.031346783e+01 -9.031346783e+01 -2.3282e-01 +4.0916e-01
86 0 +8.729097810e-03 +8.729097810e-03 -9.032127090e+01 -9.032127090e+01 -2.9006e-01 +4.5578e-01
88 0 +3.977086576e-03 +3.977086576e-03 -9.032602291e+01 -9.032602291e+01 -3.3297e-01 +4.8179e-01
89 0 +3.782412141e-04 +3.782412141e-04 -9.032962176e+01 -9.032962176e+01 -4.0450e-01 +5.3110e-01
99 0 +3.214818649e-04 +3.214818649e-04 -9.032967852e+01 -9.032967852e+01 -4.7245e-01 +5.7555e-01
100 0 +1.229453034e-04 +1.229453034e-04 -9.032987705e+01 -9.032987705e+01 -4.2953e-01 +5.4842e-01
103 0 +4.836627420e-05 +4.836627420e-05 -9.032995163e+01 -9.032995163e+01 -4.2774e-01 +5.4654e-01
105 0 +3.856210922e-05 +3.856210922e-05 -9.032996144e+01 -9.032996144e+01 -4.5054e-01 +5.6151e-01
107 0 +1.886267856e-05 +1.886267856e-05 -9.032998114e+01 -9.032998114e+01 -4.3434e-01 +5.5122e-01
109 0 +6.659540858e-06 +6.659540858e-06 -9.032999334e+01 -9.032999334e+01 -4.3509e-01 +5.5146e-01
111 0 +3.517871605e-06 +3.517871605e-06 -9.032999648e+01 -9.032999648e+01 -4.4263e-01 +5.5643e-01
115 0 +1.178092688e-06 +1.178092688e-06 -9.032999882e+01 -9.032999882e+01 -4.3735e-01 +5.5298e-01
117 0 +3.904525272e-07 +3.904525272e-07 -9.032999961e+01 -9.032999961e+01 -4.3830e-01 +5.5364e-01
119 0 +3.603148997e-07 +3.603148997e-07 -9.032999964e+01 -9.032999964e+01 -4.4023e-01 +5.5487e-01
121 0 +2.508899257e-07 +2.508899257e-07 -9.032999975e+01 -9.032999975e+01 -4.3831e-01 +5.5362e-01
123 0 +5.425334848e-08 +5.425334848e-08 -9.032999995e+01 -9.032999995e+01 -4.3878e-01 +5.5394e-01
125 0 +2.970445223e-08 +2.970445223e-08 -9.032999997e+01 -9.032999997e+01 -4.3939e-01 +5.5432e-01
129 0 +2.839598778e-09 +2.839598778e-09 -9.033000000e+01 -9.033000000e+01 -4.3910e-01 +5.5415e-01
% f evaluations | g evaluations | best noise-free fitness - Fopt | noise-free fitness - Fopt (6.561000000000e+01) | measured fitness | best measured fitness | x1 | x2...
1 0 +6.500000000e+00 +6.500000000e+00 +7.211000000e+01 +7.211000000e+01 +0.0000e+00 +0.0000e+00
3 0 +6.490031008e+00 +6.490031008e+00 +7.210003101e+01 +7.210003101e+01 +0.0000e+00 +2.5000e-04
5 0 +6.455488695e+00 +6.455488695e+00 +7.206548870e+01 +7.206548870e+01 -5.0000e-04 +3.7500e-04
10 0 +6.294621822e+00 +6.294621822e+00 +7.190462182e+01 +7.190462182e+01 -2.1250e-03 +2.0313e-03
12 0 +6.129079958e+00 +6.129079958e+00 +7.173907996e+01 +7.173907996e+01 -4.0625e-03 +3.3906e-03
13 0 +5.986687832e+00 +5.986687832e+00 +7.159668783e+01 +7.159668783e+01 -5.7187e-03 +4.6172e-03
14 0 +5.873328002e+00 +5.873328002e+00 +7.148332800e+01 +7.148332800e+01 -6.7813e-03 +6.0078e-03
15 0 +5.650379557e+00 +5.650379557e+00 +7.126037956e+01 +7.126037956e+01 -9.2344e-03 +8.2773e-03
16 0 +5.431988206e+00 +5.431988206e+00 +7.104198821e+01 +7.104198821e+01 -1.2016e-02 +1.0035e-02
17 0 +5.058887101e+00 +5.058887101e+00 +7.066888710e+01 +7.066888710e+01 -1.6555e-02 +1.3623e-02
18 0 +4.748762873e+00 +4.748762873e+00 +7.035876287e+01 +7.035876287e+01 -2.0070e-02 +1.7283e-02
19 0 +4.180931682e+00 +4.180931682e+00 +6.979093168e+01 +6.979093168e+01 -2.7246e-02 +2.3616e-02
20 0 +3.670059647e+00 +3.670059647e+00 +6.928005965e+01 +6.928005965e+01 -3.4566e-02 +2.8962e-02
21 0 +2.834065467e+00 +2.834065467e+00 +6.844406547e+01 +6.844406547e+01 -4.7232e-02 +3.9304e-02
22 0 +2.183807467e+00 +2.183807467e+00 +6.779380747e+01 +6.779380747e+01 -5.7924e-02 +4.9297e-02
23 0 +1.196444283e+00 +1.196444283e+00 +6.680644428e+01 +6.680644428e+01 -7.8608e-02 +6.7135e-02
24 0 +5.596359581e-01 +5.596359581e-01 +6.616963596e+01 +6.616963596e+01 -9.8595e-02 +8.2823e-02
25 0 +1.589746801e-01 +1.589746801e-01 +6.576897468e+01 +6.576897468e+01 -1.3427e-01 +1.1243e-01
32 0 +1.584042071e-01 +1.584042071e-01 +6.576840421e+01 +6.576840421e+01 -1.2695e-01 +1.0708e-01
38 0 +1.536026716e-01 +1.536026716e-01 +6.576360267e+01 +6.576360267e+01 -1.3063e-01 +1.0963e-01
55 0 +1.507489596e-01 +1.507489596e-01 +6.576074896e+01 +6.576074896e+01 -1.3312e-01 +1.0430e-01
58 0 +1.476660918e-01 +1.476660918e-01 +6.575766609e+01 +6.575766609e+01 -1.3742e-01 +9.9094e-02
61 0 +1.436234971e-01 +1.436234971e-01 +6.575362350e+01 +6.575362350e+01 -1.3972e-01 +8.9589e-02
62 0 +1.388009414e-01 +1.388009414e-01 +6.574880094e+01 +6.574880094e+01 -1.4522e-01 +8.2472e-02
63 0 +1.336042182e-01 +1.336042182e-01 +6.574360422e+01 +6.574360422e+01 -1.5068e-01 +7.2515e-02
65 0 +1.298581543e-01 +1.298581543e-01 +6.573985815e+01 +6.573985815e+01 -1.5595e-01 +5.2615e-02
66 0 +1.176695603e-01 +1.176695603e-01 +6.572766956e+01 +6.572766956e+01 -1.6691e-01 +3.5541e-02
67 0 +1.053703339e-01 +1.053703339e-01 +6.571537033e+01 +6.571537033e+01 -1.8050e-01 +8.5175e-03
69 0 +8.068162326e-02 +8.068162326e-02 +6.569068162e+01 +6.569068162e+01 -2.1033e-01 -5.5480e-02
70 0 +6.181476687e-02 +6.181476687e-02 +6.567181477e+01 +6.567181477e+01 -2.3753e-01 -1.0953e-01
74 0 +5.061385721e-02 +5.061385721e-02 +6.566061386e+01 +6.566061386e+01 -2.6736e-01 -1.7353e-01
75 0 +4.530097775e-02 +4.530097775e-02 +6.565530098e+01 +6.565530098e+01 -2.8491e-01 -2.1547e-01
77 0 +3.356079328e-02 +3.356079328e-02 +6.564356079e+01 +6.564356079e+01 -3.0774e-01 -2.7732e-01
81 0 +2.493966408e-02 +2.493966408e-02 +6.563493966e+01 +6.563493966e+01 -3.0117e-01 -2.7074e-01
82 0 +2.006074525e-02 +2.006074525e-02 +6.563006075e+01 +6.563006075e+01 -3.0929e-01 -2.9837e-01
84 0 +9.012395786e-03 +9.012395786e-03 +6.561901240e+01 +6.561901240e+01 -3.4025e-01 -3.8784e-01
85 0 +6.228139819e-03 +6.228139819e-03 +6.561622814e+01 +6.561622814e+01 -3.5651e-01 -4.4311e-01
88 0 +4.058004360e-03 +4.058004360e-03 +6.561405800e+01 +6.561405800e+01 -3.8301e-01 -5.1351e-01
90 0 +1.021641330e-03 +1.021641330e-03 +6.561102164e+01 +6.561102164e+01 -4.0372e-01 -5.8785e-01
96 0 +5.327298696e-04 +5.327298696e-04 +6.561053273e+01 +6.561053273e+01 -3.8731e-01 -5.3821e-01
98 0 +2.670737684e-04 +2.670737684e-04 +6.561026707e+01 +6.561026707e+01 -3.9558e-01 -5.6713e-01
100 0 +1.089529067e-04 +1.089529067e-04 +6.561010895e+01 +6.561010895e+01 -3.9758e-01 -5.7026e-01
103 0 +2.211051790e-05 +2.211051790e-05 +6.561002211e+01 +6.561002211e+01 -3.9865e-01 -5.7592e-01
107 0 +1.321606695e-05 +1.321606695e-05 +6.561001322e+01 +6.561001322e+01 -4.0168e-01 -5.8641e-01
109 0 +8.654159274e-07 +8.654159274e-07 +6.561000087e+01 +6.561000087e+01 -4.0108e-01 -5.8365e-01
117 0 +3.170023888e-07 +3.170023888e-07 +6.561000032e+01 +6.561000032e+01 -4.0102e-01 -5.8363e-01
119 0 +1.219558499e-07 +1.219558499e-07 +6.561000012e+01 +6.561000012e+01 -4.0066e-01 -5.8238e-01
122 0 +9.305101401e-08 +9.305101401e-08 +6.561000009e+01 +6.561000009e+01 -4.0060e-01 -5.8208e-01
125 0 +1.447266129e-08 +1.447266129e-08 +6.561000001e+01 +6.561000001e+01 -4.0079e-01 -5.8278e-01
131 0 +5.138872439e-09 +5.138872439e-09 +6.561000001e+01 +6.561000001e+01 -4.0070e-01 -5.8246e-01
% f evaluations | g evaluations | best noise-free fitness - Fopt | noise-free fitness - Fopt (9.348200000000e+02) | measured fitness | best measured fitness | x1 | x2...
1 0 +6.500000000e+00 +6.500000000e+00 +9.413200000e+02 +9.413200000e+02 +0.0000e+00 +0.0000e+00
2 0 +6.489760301e+00 +6.489760301e+00 +9.413097603e+02 +9.413097603e+02 +2.5000e-04 +0.0000e+00
7 0 +6.442717873e+00 +6.442717873e+00 +9.412627179e+02 +9.412627179e+02 +6.2500e-05 +9.3750e-04
12 0 +6.265952334e+00 +6.265952334e+00 +9.410859523e+02 +9.410859523e+02 +9.2188e-04 +3.3906e-03
14 0 +6.112493768e+00 +6.112493768e+00 +9.409324938e+02 +9.409324938e+02 +1.0234e-03 +6.0078e-03
15 0 +5.977212463e+00 +5.977212463e+00 +9.407972125e+02 +9.407972125e+02 +1.2070e-03 +8.2773e-03
16 0 +5.838951780e+00 +5.838951780e+00 +9.406589518e+02 +9.406589518e+02 +2.2305e-03 +1.0035e-02
17 0 +5.605180721e+00 +5.605180721e+00 +9.404251807e+02 +9.404251807e+02 +3.1816e-03 +1.3623e-02
18 0 +5.413747029e+00 +5.413747029e+00 +9.402337470e+02 +9.402337470e+02 +3.0371e-03 +1.7283e-02
19 0 +5.050458427e+00 +5.050458427e+00 +9.398704584e+02 +9.398704584e+02 +3.8799e-03 +2.3616e-02
20 0 +4.708608046e+00 +4.708608046e+00 +9.395286080e+02 +9.395286080e+02 +5.8545e-03 +2.8962e-02
21 0 +4.130915818e+00 +4.130915818e+00 +9.389509158e+02 +9.389509158e+02 +8.1782e-03 +3.9304e-02
22 0 +3.658118047e+00 +3.658118047e+00 +9.384781180e+02 +9.384781180e+02 +8.8765e-03 +4.9297e-02
23 0 +2.842942836e+00 +2.842942836e+00 +9.376629428e+02 +9.376629428e+02 +1.1724e-02 +6.7135e-02
24 0 +2.169433249e+00 +2.169433249e+00 +9.369894332e+02 +9.369894332e+02 +1.6022e-02 +8.2823e-02
25 0 +1.197501673e+00 +1.197501673e+00 +9.360175017e+02 +9.360175017e+02 +2.2093e-02 +1.1243e-01
26 0 +6.023669068e-01 +6.023669068e-01 +9.354223669e+02 +9.354223669e+02 +2.5639e-02 +1.4026e-01
27 0 +1.881598484e-01 +1.881598484e-01 +9.350081598e+02 +9.350081598e+02 +3.4369e-02 +1.9073e-01
48 0 +1.859881103e-01 +1.859881103e-01 +9.350059881e+02 +9.350059881e+02 +3.5174e-02 +1.8721e-01
55 0 +1.809359831e-01 +1.809359831e-01 +9.350009360e+02 +9.350009360e+02 +4.2201e-02 +1.8073e-01
58 0 +1.759779690e-01 +1.759779690e-01 +9.349959780e+02 +9.349959780e+02 +4.9368e-02 +1.7642e-01
59 0 +1.720798952e-01 +1.720798952e-01 +9.349920799e+02 +9.349920799e+02 +5.4977e-02 +1.7193e-01
62 0 +1.615672861e-01 +1.615672861e-01 +9.349815673e+02 +9.349815673e+02 +7.5699e-02 +1.5893e-01
63 0 +1.546689556e-01 +1.546689556e-01 +9.349746690e+02 +9.349746690e+02 +9.0890e-02 +1.4785e-01
66 0 +1.420992835e-01 +1.420992835e-01 +9.349620993e+02 +9.349620993e+02 +1.1574e-01 +1.2762e-01
67 0 +1.337116287e-01 +1.337116287e-01 +9.349537116e+02 +9.349537116e+02 +1.2264e-01 +1.1943e-01
69 0 +1.317861854e-01 +1.317861854e-01 +9.349517862e+02 +9.349517862e+02 +1.1848e-01 +1.1509e-01
71 0 +1.043105572e-01 +1.043105572e-01 +9.349243106e+02 +9.349243106e+02 +1.6818e-01 +7.4631e-02
72 0 +9.094476467e-02 +9.094476467e-02 +9.349109448e+02 +9.349109448e+02 +2.0891e-01 +4.0189e-02
73 0 +8.164309922e-02 +8.164309922e-02 +9.349016431e+02 +9.349016431e+02 +2.1854e-01 +1.9475e-02
74 0 +6.394443054e-02 +6.394443054e-02 +9.348839444e+02 +9.348839444e+02 +2.6648e-01 -3.0501e-02
76 0 +4.733965321e-02 +4.733965321e-02 +9.348673397e+02 +9.348673397e+02 +4.0070e-01 -1.5972e-01
79 0 +4.496251372e-02 +4.496251372e-02 +9.348649625e+02 +9.348649625e+02 +3.2883e-01 -9.8151e-02
81 0 +4.278991729e-02 +4.278991729e-02 +9.348627899e+02 +9.348627899e+02 +3.1562e-01 -7.9718e-02
83 0 +3.014235289e-02 +3.014235289e-02 +9.348501424e+02 +9.348501424e+02 +3.6146e-01 -1.2433e-01
88 0 +2.492644257e-02 +2.492644257e-02 +9.348449264e+02 +9.348449264e+02 +3.7467e-01 -1.4276e-01
89 0 +2.035213008e-02 +2.035213008e-02 +9.348403521e+02 +9.348403521e+02 +3.9438e-01 -1.6543e-01
91 0 +1.499167250e-02 +1.499167250e-02 +9.348349917e+02 +9.348349917e+02 +4.4031e-01 -2.1502e-01
93 0 +7.655698965e-03 +7.655698965e-03 +9.348276557e+02 +9.348276557e+02 +4.6672e-01 -2.5188e-01
94 0 +5.510896196e-03 +5.510896196e-03 +9.348255109e+02 +9.348255109e+02 +4.9638e-01 -2.9087e-01
99 0 +2.015500080e-03 +2.015500080e-03 +9.348220155e+02 +9.348220155e+02 +5.2942e-01 -3.2837e-01
102 0 +1.497445682e-03 +1.497445682e-03 +9.348214974e+02 +9.348214974e+02 +5.8458e-01 -3.9872e-01
105 0 +5.096085155e-04 +5.096085155e-04 +9.348205096e+02 +9.348205096e+02 +5.5427e-01 -3.6238e-01
109 0 +1.596980792e-05 +1.596980792e-05 +9.348200160e+02 +9.348200160e+02 +5.8806e-01 -4.0605e-01
118 0 +1.319943067e-05 +1.319943067e-05 +9.348200132e+02 +9.348200132e+02 +5.8016e-01 -3.9553e-01
120 0 +4.801243676e-06 +4.801243676e-06 +9.348200048e+02 +9.348200048e+02 +5.8040e-01 -3.9611e-01
122 0 +2.333395059e-06 +2.333395059e-06 +9.348200023e+02 +9.348200023e+02 +5.8417e-01 -4.0093e-01
124 0 +7.750016948e-07 +7.750016948e-07 +9.348200008e+02 +9.348200008e+02 +5.8335e-01 -4.0002e-01
128 0 +1.880363243e-07 +1.880363243e-07 +9.348200002e+02 +9.348200002e+02 +5.8344e-01 -4.0004e-01
130 0 +1.701771453e-07 +1.701771453e-07 +9.348200002e+02 +9.348200002e+02 +5.8305e-01 -3.9959e-01
134 0 +4.455114322e-08 +4.455114322e-08 +9.348200000e+02 +9.348200000e+02 +5.8296e-01 -3.9944e-01
136 0 +8.627125681e-09 +8.627125681e-09 +9.348200000e+02 +9.348200000e+02 +5.8322e-01 -3.9978e-01
% f evaluations | g evaluations | best noise-free fitness - Fopt | noise-free fitness - Fopt (-6.371000000000e+01) | measured fitness | best measured fitness | x1 | x2...
1 0 +6.500000000e+00 +6.500000000e+00 -5.721000000e+01 -5.721000000e+01 +0.0000e+00 +0.0000e+00
2 0 +6.494050049e+00 +6.494050049e+00 -5.721594995e+01 -5.721594995e+01 +2.5000e-04 +0.0000e+00
6 0 +6.455010087e+00 +6.455010087e+00 -5.725498991e+01 -5.725498991e+01 +1.2500e-04 +6.2500e-04
11 0 +6.301104212e+00 +6.301104212e+00 -5.740889579e+01 -5.740889579e+01 +3.2813e-04 +2.8594e-03
13 0 +6.161031911e+00 +6.161031911e+00 -5.754896809e+01 -5.754896809e+01 +1.3516e-03 +4.6172e-03
15 0 +5.926353595e+00 +5.926353595e+00 -5.778364641e+01 -5.778364641e+01 +1.2070e-03 +8.2773e-03
16 0 +5.790126393e+00 +5.790126393e+00 -5.791987361e+01 -5.791987361e+01 +2.2305e-03 +1.0035e-02
17 0 +5.542124028e+00 +5.542124028e+00 -5.816787597e+01 -5.816787597e+01 +3.1816e-03 +1.3623e-02
18 0 +5.319262843e+00 +5.319262843e+00 -5.839073716e+01 -5.839073716e+01 +3.0371e-03 +1.7283e-02
19 0 +4.920589497e+00 +4.920589497e+00 -5.878941050e+01 -5.878941050e+01 +3.8799e-03 +2.3616e-02
20 0 +4.568854172e+00 +4.568854172e+00 -5.914114583e+01 -5.914114583e+01 +5.8545e-03 +2.8962e-02
21 0 +3.953110526e+00 +3.953110526e+00 -5.975688947e+01 -5.975688947e+01 +8.1782e-03 +3.9304e-02
22 0 +3.428699760e+00 +3.428699760e+00 -6.028130024e+01 -6.028130024e+01 +8.8765e-03 +4.9297e-02
23 0 +2.558513722e+00 +2.558513722e+00 -6.115148628e+01 -6.115148628e+01 +1.1724e-02 +6.7135e-02
24 0 +1.872589876e+00 +1.872589876e+00 -6.183741012e+01 -6.183741012e+01 +1.6022e-02 +8.2823e-02
25 0 +9.020746238e-01 +9.020746238e-01 -6.280792538e+01 -6.280792538e+01 +2.2093e-02 +1.1243e-01
26 0 +3.609083066e-01 +3.609083066e-01 -6.334909169e+01 -6.334909169e+01 +2.5639e-02 +1.4026e-01
27 0 +2.647945802e-01 +2.647945802e-01 -6.344520542e+01 -6.344520542e+01 +3.4369e-02 +1.9073e-01
31 0 +2.251212203e-01 +2.251212203e-01 -6.348487878e+01 -6.348487878e+01 +2.8760e-02 +1.5235e-01
34 0 +1.586991461e-01 +1.586991461e-01 -6.355130085e+01 -6.355130085e+01 +3.1036e-02 +1.7077e-01
43 0 +1.582201847e-01 +1.582201847e-01 -6.355177982e+01 -6.355177982e+01 +3.1649e-02 +1.7024e-01
58 0 +1.531378584e-01 +1.531378584e-01 -6.355686214e+01 -6.355686214e+01 +4.0823e-02 +1.6371e-01
59 0 +1.512183645e-01 +1.512183645e-01 -6.355878164e+01 -6.355878164e+01 +4.4393e-02 +1.6203e-01
61 0 +1.474625427e-01 +1.474625427e-01 -6.356253746e+01 -6.356253746e+01 +5.3025e-02 +1.5686e-01
62 0 +1.437196826e-01 +1.437196826e-01 -6.356628032e+01 -6.356628032e+01 +6.0165e-02 +1.5351e-01
64 0 +1.362605993e-01 +1.362605993e-01 -6.357373940e+01 -6.357373940e+01 +7.2956e-02 +1.4862e-01
65 0 +1.290462220e-01 +1.290462220e-01 -6.358095378e+01 -6.358095378e+01 +8.7237e-02 +1.4192e-01
67 0 +1.149424316e-01 +1.149424316e-01 -6.359505757e+01 -6.359505757e+01 +1.1729e-01 +1.2669e-01
68 0 +1.019880716e-01 +1.019880716e-01 -6.360801193e+01 -6.360801193e+01 +1.4585e-01 +1.1328e-01
70 0 +8.607009801e-02 +8.607009801e-02 -6.362392990e+01 -6.362392990e+01 +2.0149e-01 +8.8276e-02
72 0 +8.112095726e-02 +8.112095726e-02 -6.362887904e+01 -6.362887904e+01 +2.0447e-01 +8.4636e-02
73 0 +7.274235974e-02 +7.274235974e-02 -6.363725764e+01 -6.363725764e+01 +2.3527e-01 +6.8495e-02
76 0 +6.910571331e-02 +6.910571331e-02 -6.364089429e+01 -6.364089429e+01 +2.8842e-01 +4.1159e-02
78 0 +6.188953593e-02 +6.188953593e-02 -6.364811046e+01 -6.364811046e+01 +2.6904e-01 +4.8714e-02
79 0 +5.658141625e-02 +5.658141625e-02 -6.365341858e+01 -6.365341858e+01 +2.7625e-01 +4.2601e-02
80 0 +5.534511131e-02 +5.534511131e-02 -6.365465489e+01 -6.365465489e+01 +3.2940e-01 +1.5264e-02
82 0 +4.408479569e-02 +4.408479569e-02 -6.366591520e+01 -6.366591520e+01 +3.1723e-01 +1.6706e-02
83 0 +4.060358339e-02 +4.060358339e-02 -6.366939642e+01 -6.366939642e+01 +3.3164e-01 +4.4803e-03
84 0 +3.375126236e-02 +3.375126236e-02 -6.367624874e+01 -6.367624874e+01 +3.8479e-01 -2.2856e-02
86 0 +3.295522128e-02 +3.295522128e-02 -6.367704478e+01 -6.367704478e+01 +3.8703e-01 -3.3640e-02
88 0 +2.060184282e-02 +2.060184282e-02 -6.368939816e+01 -6.368939816e+01 +4.4018e-01 -6.0977e-02
91 0 +1.272073356e-02 +1.272073356e-02 -6.369727927e+01 -6.369727927e+01 +4.9557e-01 -9.9097e-02
95 0 +8.840767227e-03 +8.840767227e-03 -6.370115923e+01 -6.370115923e+01 +5.1054e-01 -1.1402e-01
96 0 +7.443513822e-03 +7.443513822e-03 -6.370255649e+01 -6.370255649e+01 +5.4572e-01 -1.4054e-01
97 0 +5.353998147e-03 +5.353998147e-03 -6.370464600e+01 -6.370464600e+01 +5.8614e-01 -1.6374e-01
99 0 +6.513315938e-04 +6.513315938e-04 -6.370934867e+01 -6.370934867e+01 +6.3629e-01 -2.0518e-01
100 0 +4.676779406e-04 +4.676779406e-04 -6.370953232e+01 -6.370953232e+01 +7.0664e-01 -2.5823e-01
108 0 +2.248525373e-04 +2.248525373e-04 -6.370977515e+01 -6.370977515e+01 +6.4338e-01 -2.0975e-01
112 0 +1.187188165e-04 +1.187188165e-04 -6.370988128e+01 -6.370988128e+01 +6.7721e-01 -2.3580e-01
113 0 +4.933535678e-07 +4.933535678e-07 -6.370999951e+01 -6.370999951e+01 +6.6840e-01 -2.2854e-01
134 0 +7.681965997e-08 +7.681965997e-08 -6.370999992e+01 -6.370999992e+01 +6.6941e-01 -2.2927e-01
141 0 +1.211459022e-08 +1.211459022e-08 -6.370999999e+01 -6.370999999e+01 +6.6899e-01 -2.2896e-01
146 0 +5.578272066e-09 +5.578272066e-09 -6.370999999e+01 -6.370999999e+01 +6.6898e-01 -2.2895e-01
% f evaluations | g evaluations | best noise-free fitness - Fopt | noise-free fitness - Fopt (1.000000000000e+03) | measured fitness | best measured fitness | x1 | x2...
1 0 +6.500000000e+00 +6.500000000e+00 +1.006500000e+03 +1.006500000e+03 +0.0000e+00 +0.0000e+00
3 0 +6.483288638e+00 +6.483288638e+00 +1.006483289e+03 +1.006483289e+03 +0.0000e+00 +2.5000e-04
6 0 +6.445764489e+00 +6.445764489e+00 +1.006445764e+03 +1.006445764e+03 -5.0000e-04 +6.2500e-04
11 0 +6.237189460e+00 +6.237189460e+00 +1.006237189e+03 +1.006237189e+03 -2.9375e-03 +2.8594e-03
13 0 +6.053476163e+00 +6.053476163e+00 +1.006053476e+03 +1.006053476e+03 -5.7187e-03 +4.6172e-03
14 0 +5.937491300e+00 +5.937491300e+00 +1.005937491e+03 +1.005937491e+03 -6.7813e-03 +6.0078e-03
15 0 +5.732544287e+00 +5.732544287e+00 +1.005732544e+03 +1.005732544e+03 -9.2344e-03 +8.2773e-03
16 0 +5.554177860e+00 +5.554177860e+00 +1.005554178e+03 +1.005554178e+03 -1.2016e-02 +1.0035e-02
17 0 +5.223499073e+00 +5.223499073e+00 +1.005223499e+03 +1.005223499e+03 -1.6555e-02 +1.3623e-02
18 0 +4.920494377e+00 +4.920494377e+00 +1.004920494e+03 +1.004920494e+03 -2.0070e-02 +1.7283e-02
19 0 +4.388437001e+00 +4.388437001e+00 +1.004388437e+03 +1.004388437e+03 -2.7246e-02 +2.3616e-02
20 0 +3.930021594e+00 +3.930021594e+00 +1.003930022e+03 +1.003930022e+03 -3.4566e-02 +2.8962e-02
21 0 +3.132662445e+00 +3.132662445e+00 +1.003132662e+03 +1.003132662e+03 -4.7232e-02 +3.9304e-02
22 0 +2.466060712e+00 +2.466060712e+00 +1.002466061e+03 +1.002466061e+03 -5.7924e-02 +4.9297e-02
23 0 +1.434638287e+00 +1.434638287e+00 +1.001434638e+03 +1.001434638e+03 -7.8608e-02 +6.7135e-02
24 0 +7.315501526e-01 +7.315501526e-01 +1.000731550e+03 +1.000731550e+03 -9.8595e-02 +8.2823e-02
25 0 +1.144476935e-01 +1.144476935e-01 +1.000114448e+03 +1.000114448e+03 -1.3427e-01 +1.1243e-01
36 0 +1.068241354e-01 +1.068241354e-01 +1.000106824e+03 +1.000106824e+03 -1.3937e-01 +1.1738e-01
60 0 +1.044054897e-01 +1.044054897e-01 +1.000104405e+03 +1.000104405e+03 -1.4311e-01 +1.1432e-01
64 0 +1.011414191e-01 +1.011414191e-01 +1.000101141e+03 +1.000101141e+03 -1.5131e-01 +1.1025e-01
65 0 +9.969662589e-02 +9.969662589e-02 +1.000099697e+03 +1.000099697e+03 -1.5362e-01 +1.0813e-01
66 0 +9.742193113e-02 +9.742193113e-02 +1.000097422e+03 +1.000097422e+03 -1.5887e-01 +1.0504e-01
68 0 +9.274584267e-02 +9.274584267e-02 +1.000092746e+03 +1.000092746e+03 -1.7443e-01 +9.8546e-02
69 0 +8.874555270e-02 +8.874555270e-02 +1.000088746e+03 +1.000088746e+03 -1.8199e-01 +9.3331e-02
70 0 +8.313164503e-02 +8.313164503e-02 +1.000083132e+03 +1.000083132e+03 -1.9734e-01 +8.4870e-02
72 0 +8.005907056e-02 +8.005907056e-02 +1.000080059e+03 +1.000080059e+03 -2.3990e-01 +6.5049e-02
73 0 +7.372507135e-02 +7.372507135e-02 +1.000073725e+03 +1.000073725e+03 -2.6281e-01 +5.1372e-02
77 0 +6.968888043e-02 +6.968888043e-02 +1.000069689e+03 +1.000069689e+03 -2.4725e-01 +5.7864e-02
78 0 +6.585617469e-02 +6.585617469e-02 +1.000065856e+03 +1.000065856e+03 -2.5093e-01 +5.4272e-02
79 0 +6.323531872e-02 +6.323531872e-02 +1.000063235e+03 +1.000063235e+03 -2.8940e-01 +3.4104e-02
80 0 +6.249600187e-02 +6.249600187e-02 +1.000062496e+03 +1.000062496e+03 -3.2192e-01 +1.5386e-02
81 0 +4.997241895e-02 +4.997241895e-02 +1.000049972e+03 +1.000049972e+03 -3.1004e-01 +1.8286e-02
82 0 +4.150573157e-02 +4.150573157e-02 +1.000041506e+03 +1.000041506e+03 -3.3366e-01 +1.7424e-03
84 0 +3.088980914e-02 +3.088980914e-02 +1.000030890e+03 +1.000030890e+03 -4.1639e-01 -5.0787e-02
85 0 +2.367754688e-02 +2.367754688e-02 +1.000023678e+03 +1.000023678e+03 -4.6362e-01 -8.3874e-02
87 0 +7.941655226e-03 +7.941655226e-03 +1.000007942e+03 +1.000007942e+03 -5.2260e-01 -1.3060e-01
93 0 +3.947135221e-03 +3.947135221e-03 +1.000003947e+03 +1.000003947e+03 -5.7202e-01 -1.6759e-01
97 0 +3.181125934e-03 +3.181125934e-03 +1.000003181e+03 +1.000003181e+03 -5.6922e-01 -1.6809e-01
98 0 +2.569663727e-03 +2.569663727e-03 +1.000002570e+03 +1.000002570e+03 -5.9253e-01 -1.8683e-01
99 0 +1.773438499e-03 +1.773438499e-03 +1.000001773e+03 +1.000001773e+03 -6.4475e-01 -2.2332e-01
101 0 +1.580494506e-04 +1.580494506e-04 +1.000000158e+03 +1.000000158e+03 -6.6526e-01 -2.4256e-01
108 0 +8.126607941e-05 +8.126607941e-05 +1.000000081e+03 +1.000000081e+03 -6.7053e-01 -2.4556e-01
110 0 +5.143924898e-05 +5.143924898e-05 +1.000000051e+03 +1.000000051e+03 -6.5626e-01 -2.3442e-01
112 0 +8.684186582e-06 +8.684186582e-06 +1.000000009e+03 +1.000000009e+03 -6.6433e-01 -2.4127e-01
116 0 +8.129313187e-06 +8.129313187e-06 +1.000000008e+03 +1.000000008e+03 -6.6917e-01 -2.4502e-01
118 0 +2.331678843e-06 +2.331678843e-06 +1.000000002e+03 +1.000000002e+03 -6.6608e-01 -2.4242e-01
121 0 +2.194032163e-06 +2.194032163e-06 +1.000000002e+03 +1.000000002e+03 -6.6289e-01 -2.3990e-01
124 0 +1.333453383e-07 +1.333453383e-07 +1.000000000e+03 +1.000000000e+03 -6.6523e-01 -2.4183e-01
131 0 +9.929260614e-08 +9.929260614e-08 +1.000000000e+03 +1.000000000e+03 -6.6449e-01 -2.4121e-01
134 0 +1.455737220e-08 +1.455737220e-08 +1.000000000e+03 +1.000000000e+03 -6.6444e-01 -2.4120e-01
136 0 +1.382522896e-08 +1.382522896e-08 +1.000000000e+03 +1.000000000e+03 -6.6485e-01 -2.4152e-01
140 0 +3.956301953e-09 +3.956301953e-09 +1.000000000e+03 +1.000000000e+03 -6.6460e-01 -2.4132e-01
% f evaluations | g evaluations | best noise-free fitness - Fopt | noise-free fitness - Fopt (3.197000000000e+01) | measured fitness | best measured fitness | x1 | x2...
1 0 +6.500000000e+00 +6.500000000e+00 +3.847000000e+01 +3.847000000e+01 +0.0000e+00 +0.0000e+00
4 0 +6.492779673e+00 +6.492779673e+00 +3.846277967e+01 +3.846277967e+01 -2.5000e-04 +2.5000e-04
7 0 +6.455074302e+00 +6.455074302e+00 +3.842507430e+01 +3.842507430e+01 -7.5000e-04 +6.2500e-05
12 0 +6.278024366e+00 +6.278024366e+00 +3.824802437e+01 +3.824802437e+01 -4.0625e-03 +9.2188e-04
14 0 +6.114686453e+00 +6.114686453e+00 +3.808468645e+01 +3.808468645e+01 -6.7813e-03 +1.0234e-03
15 0 +5.972179649e+00 +5.972179649e+00 +3.794217965e+01 +3.794217965e+01 -9.2344e-03 +1.2070e-03
16 0 +5.839003005e+00 +5.839003005e+00 +3.780900301e+01 +3.780900301e+01 -1.2016e-02 +2.2305e-03
17 0 +5.602261346e+00 +5.602261346e+00 +3.757226135e+01 +3.757226135e+01 -1.6555e-02 +3.1816e-03
18 0 +5.394933613e+00 +5.394933613e+00 +3.736493361e+01 +3.736493361e+01 -2.0070e-02 +3.0371e-03
19 0 +5.018238512e+00 +5.018238512e+00 +3.698823851e+01 +3.698823851e+01 -2.7246e-02 +3.8799e-03
20 0 +4.680901868e+00 +4.680901868e+00 +3.665090187e+01 +3.665090187e+01 -3.4566e-02 +5.8545e-03
21 0 +4.096504543e+00 +4.096504543e+00 +3.606650454e+01 +3.606650454e+01 -4.7232e-02 +8.1782e-03
22 0 +3.602493295e+00 +3.602493295e+00 +3.557249329e+01 +3.557249329e+01 -5.7924e-02 +8.8765e-03
23 0 +2.774761038e+00 +2.774761038e+00 +3.474476104e+01 +3.474476104e+01 -7.8608e-02 +1.1724e-02
24 0 +2.114895984e+00 +2.114895984e+00 +3.408489598e+01 +3.408489598e+01 -9.8595e-02 +1.6022e-02
25 0 +1.158972248e+00 +1.158972248e+00 +3.312897225e+01 +3.312897225e+01 -1.3427e-01 +2.2093e-02
26 0 +5.758155860e-01 +5.758155860e-01 +3.254581559e+01 +3.254581559e+01 -1.6565e-01 +2.5639e-02
27 0 +2.269281136e-01 +2.269281136e-01 +3.219692811e+01 +3.219692811e+01 -2.2485e-01 +3.4369e-02
38 0 +2.217878649e-01 +2.217878649e-01 +3.219178786e+01 +3.219178786e+01 -2.1241e-01 +3.2645e-02
54 0 +2.187287991e-01 +2.187287991e-01 +3.218872880e+01 +3.218872880e+01 -2.1720e-01 +3.3278e-02
68 0 +2.134051918e-01 +2.134051918e-01 +3.218340519e+01 +3.218340519e+01 -2.1466e-01 +2.5295e-02
71 0 +2.083069128e-01 +2.083069128e-01 +3.217830691e+01 +3.217830691e+01 -2.1103e-01 +1.5462e-02
74 0 +1.997722717e-01 +1.997722717e-01 +3.216977227e+01 +3.216977227e+01 -2.0378e-01 +4.6335e-03
75 0 +1.935905144e-01 +1.935905144e-01 +3.216359051e+01 +3.216359051e+01 -1.9834e-01 -5.6973e-03
77 0 +1.831091925e-01 +1.831091925e-01 +3.215310919e+01 +3.215310919e+01 -1.8656e-01 -1.7772e-02
78 0 +1.715849342e-01 +1.715849342e-01 +3.214158493e+01 +3.214158493e+01 -1.7749e-01 -3.7935e-02
79 0 +1.583659457e-01 +1.583659457e-01 +3.212836595e+01 +3.212836595e+01 -1.6253e-01 -6.4136e-02
80 0 +1.471092857e-01 +1.471092857e-01 +3.211710929e+01 +3.211710929e+01 -1.5075e-01 -7.6210e-02
81 0 +1.276898107e-01 +1.276898107e-01 +3.209768981e+01 +3.209768981e+01 -1.2695e-01 -1.1147e-01
84 0 +1.070899312e-01 +1.070899312e-01 +3.207708993e+01 +3.207708993e+01 -6.7348e-02 -2.0516e-01
88 0 +9.362287521e-02 +9.362287521e-02 +3.206362288e+01 +3.206362288e+01 -7.0469e-02 -1.9381e-01
89 0 +8.212879857e-02 +8.212879857e-02 +3.205212880e+01 +3.205212880e+01 -5.4243e-02 -2.1180e-01
91 0 +5.911099675e-02 +5.911099675e-02 +3.202911100e+01 +3.202911100e+01 -2.4416e-03 -2.7713e-01
92 0 +4.510389358e-02 +4.510389358e-02 +3.201510389e+01 +3.201510389e+01 +3.0011e-02 -3.1311e-01
94 0 +4.130549553e-02 +4.130549553e-02 +3.201130550e+01 +3.201130550e+01 +7.5570e-02 -3.5573e-01
95 0 +2.523752630e-02 +2.523752630e-02 +3.199523753e+01 +3.199523753e+01 +1.4048e-01 -4.2770e-01
100 0 +1.658303442e-02 +1.658303442e-02 +3.198658303e+01 +3.198658303e+01 +1.4843e-01 -4.4638e-01
101 0 +8.510067818e-03 +8.510067818e-03 +3.197851007e+01 +3.197851007e+01 +1.9399e-01 -4.8900e-01
102 0 +3.047943662e-03 +3.047943662e-03 +3.197304794e+01 +3.197304794e+01 +2.4353e-01 -5.4097e-01
106 0 +9.827194565e-04 +9.827194565e-04 +3.197098272e+01 +3.197098272e+01 +3.3863e-01 -6.3556e-01
110 0 +9.035288644e-04 +9.035288644e-04 +3.197090353e+01 +3.197090353e+01 +3.7230e-01 -6.6636e-01
113 0 +3.188334914e-04 +3.188334914e-04 +3.197031883e+01 +3.197031883e+01 +3.1633e-01 -6.1136e-01
115 0 +2.397518881e-04 +2.397518881e-04 +3.197023975e+01 +3.197023975e+01 +3.4147e-01 -6.3721e-01
117 0 +2.235249793e-04 +2.235249793e-04 +3.197022352e+01 +3.197022352e+01 +3.0720e-01 -6.0325e-01
119 0 +7.548066700e-05 +7.548066700e-05 +3.197007548e+01 +3.197007548e+01 +3.2033e-01 -6.1580e-01
121 0 +1.241435905e-05 +1.241435905e-05 +3.197001241e+01 +3.197001241e+01 +3.2762e-01 -6.2337e-01
124 0 +5.686441472e-06 +5.686441472e-06 +3.197000569e+01 +3.197000569e+01 +3.2726e-01 -6.2272e-01
128 0 +3.036664054e-06 +3.036664054e-06 +3.197000304e+01 +3.197000304e+01 +3.2915e-01 -6.2473e-01
130 0 +1.531585617e-06 +1.531585617e-06 +3.197000153e+01 +3.197000153e+01 +3.3115e-01 -6.2660e-01
132 0 +6.392676219e-07 +6.392676219e-07 +3.197000064e+01 +3.197000064e+01 +3.2870e-01 -6.2419e-01
135 0 +1.342918203e-07 +1.342918203e-07 +3.197000013e+01 +3.197000013e+01 +3.3043e-01 -6.2587e-01
139 0 +1.062300043e-07 +1.062300043e-07 +3.197000011e+01 +3.197000011e+01 +3.2949e-01 -6.2495e-01
141 0 +4.352986593e-08 +4.352986593e-08 +3.197000004e+01 +3.197000004e+01 +3.3005e-01 -6.2548e-01
143 0 +8.119755535e-09 +8.119755535e-09 +3.197000001e+01 +3.197000001e+01 +3.3010e-01 -6.2554e-01
% f evaluations | g evaluations | best noise-free fitness - Fopt | noise-free fitness - Fopt (5.819000000000e+01) | measured fitness | best measured fitness | x1 | x2...
1 0 +6.500000000e+00 +6.500000000e+00 +6.469000000e+01 +6.469000000e+01 +0.0000e+00 +0.0000e+00
4 0 +6.498629983e+00 +6.498629983e+00 +6.468862998e+01 +6.468862998e+01 +2.5000e-04 -2.5000e-04
8 0 +6.454414211e+00 +6.454414211e+00 +6.464441421e+01 +6.464441421e+01 +4.3750e-04 -1.2500e-03
13 0 +6.261027517e+00 +6.261027517e+00 +6.445102752e+01 +6.445102752e+01 +1.3516e-03 -5.7187e-03
15 0 +6.069773808e+00 +6.069773808e+00 +6.425977381e+01 +6.425977381e+01 +1.2070e-03 -9.2344e-03
16 0 +5.971566460e+00 +5.971566460e+00 +6.416156646e+01 +6.416156646e+01 +2.2305e-03 -1.2016e-02
17 0 +5.779095360e+00 +5.779095360e+00 +6.396909536e+01 +6.396909536e+01 +3.1816e-03 -1.6555e-02
18 0 +5.591940445e+00 +5.591940445e+00 +6.378194045e+01 +6.378194045e+01 +3.0371e-03 -2.0070e-02
19 0 +5.264707985e+00 +5.264707985e+00 +6.345470799e+01 +6.345470799e+01 +3.8799e-03 -2.7246e-02
20 0 +4.982678585e+00 +4.982678585e+00 +6.317267859e+01 +6.317267859e+01 +5.8545e-03 -3.4566e-02
21 0 +4.459528130e+00 +4.459528130e+00 +6.264952813e+01 +6.264952813e+01 +8.1782e-03 -4.7232e-02
22 0 +3.984051902e+00 +3.984051902e+00 +6.217405190e+01 +6.217405190e+01 +8.8765e-03 -5.7924e-02
23 0 +3.167885979e+00 +3.167885979e+00 +6.135788598e+01 +6.135788598e+01 +1.1724e-02 -7.8608e-02
24 0 +2.489189449e+00 +2.489189449e+00 +6.067918945e+01 +6.067918945e+01 +1.6022e-02 -9.8595e-02
25 0 +1.404648530e+00 +1.404648530e+00 +5.959464853e+01 +5.959464853e+01 +2.2093e-02 -1.3427e-01
26 0 +6.573841060e-01 +6.573841060e-01 +5.884738411e+01 +5.884738411e+01 +2.5639e-02 -1.6565e-01
27 0 +7.583803286e-02 +7.583803286e-02 +5.826583803e+01 +5.826583803e+01 +3.4369e-02 -2.2485e-01
59 0 +7.395963828e-02 +7.395963828e-02 +5.826395964e+01 +5.826395964e+01 +3.9697e-02 -2.2655e-01
62 0 +7.228745504e-02 +7.228745504e-02 +5.826228746e+01 +5.826228746e+01 +4.3893e-02 -2.3025e-01
64 0 +7.002424173e-02 +7.002424173e-02 +5.826002424e+01 +5.826002424e+01 +5.1832e-02 -2.3338e-01
65 0 +6.864987069e-02 +6.864987069e-02 +5.825864987e+01 +5.825864987e+01 +5.4253e-02 -2.3635e-01
66 0 +6.656058171e-02 +6.656058171e-02 +5.825656058e+01 +5.825656058e+01 +6.0644e-02 -2.4088e-01
67 0 +6.410888805e-02 +6.410888805e-02 +5.825410889e+01 +5.825410889e+01 +6.8582e-02 -2.4401e-01
68 0 +6.048885203e-02 +6.048885203e-02 +5.825048885e+01 +5.825048885e+01 +8.0927e-02 -2.5089e-01
69 0 +5.726141345e-02 +5.726141345e-02 +5.824726141e+01 +5.824726141e+01 +8.9739e-02 -2.5839e-01
70 0 +5.263655533e-02 +5.263655533e-02 +5.824263656e+01 +5.824263656e+01 +1.0869e-01 -2.7089e-01
71 0 +4.601253677e-02 +4.601253677e-02 +5.823601254e+01 +5.823601254e+01 +1.2898e-01 -2.8090e-01
72 0 +3.778094023e-02 +3.778094023e-02 +5.822778094e+01 +5.822778094e+01 +1.6314e-01 -3.0091e-01
74 0 +3.478568381e-02 +3.478568381e-02 +5.822478568e+01 +5.822478568e+01 +2.4536e-01 -3.5093e-01
76 0 +2.657589280e-02 +2.657589280e-02 +5.821657589e+01 +5.821657589e+01 +2.1759e-01 -3.3092e-01
77 0 +2.379404153e-02 +2.379404153e-02 +5.821379404e+01 +5.821379404e+01 +2.3093e-01 -3.3593e-01
79 0 +1.358999359e-02 +1.358999359e-02 +5.820358999e+01 +5.820358999e+01 +2.9872e-01 -3.7094e-01
83 0 +1.286203784e-02 +1.286203784e-02 +5.820286204e+01 +5.820286204e+01 +3.5678e-01 -4.0471e-01
85 0 +6.336600251e-03 +6.336600251e-03 +5.819633660e+01 +5.819633660e+01 +3.6651e-01 -4.0596e-01
86 0 +3.435240352e-03 +3.435240352e-03 +5.819343524e+01 +5.819343524e+01 +4.0528e-01 -4.2410e-01
91 0 +2.151745039e-03 +2.151745039e-03 +5.819215175e+01 +5.819215175e+01 +4.4588e-01 -4.4165e-01
92 0 +6.031910169e-04 +6.031910169e-04 +5.819060319e+01 +5.819060319e+01 +4.9888e-01 -4.6613e-01
97 0 +1.865016822e-04 +1.865016822e-04 +5.819018650e+01 +5.819018650e+01 +5.0113e-01 -4.6868e-01
98 0 +9.686585231e-05 +9.686585231e-05 +5.819009687e+01 +5.819009687e+01 +5.4173e-01 -4.8623e-01
103 0 +1.735100658e-05 +1.735100658e-05 +5.819001735e+01 +5.819001735e+01 +5.1354e-01 -4.7385e-01
107 0 +1.652980696e-05 +1.652980696e-05 +5.819001653e+01 +5.819001653e+01 +5.2897e-01 -4.8056e-01
109 0 +3.972016358e-06 +3.972016358e-06 +5.819000397e+01 +5.819000397e+01 +5.2244e-01 -4.7785e-01
111 0 +1.268130674e-06 +1.268130674e-06 +5.819000127e+01 +5.819000127e+01 +5.1962e-01 -4.7653e-01
115 0 +8.416253792e-07 +8.416253792e-07 +5.819000084e+01 +5.819000084e+01 +5.2225e-01 -4.7763e-01
117 0 +5.040648077e-07 +5.040648077e-07 +5.819000050e+01 +5.819000050e+01 +5.2297e-01 -4.7797e-01
119 0 +6.360109950e-08 +6.360109950e-08 +5.819000006e+01 +5.819000006e+01 +5.2111e-01 -4.7716e-01
126 0 +1.371079605e-08 +1.371079605e-08 +5.819000001e+01 +5.819000001e+01 +5.2183e-01 -4.7748e-01
130 0 +1.300457342e-08 +1.300457342e-08 +5.819000001e+01 +5.819000001e+01 +5.2142e-01 -4.7730e-01
131 0 +1.639200775e-09 +1.639200775e-09 +5.819000000e+01 +5.819000000e+01 +5.2163e-01 -4.7739e-01
% f evaluations | g evaluations | best noise-free fitness - Fopt | noise-free fitness - Fopt (-4.840000000000e+00) | measured fitness | best measured fitness | x1 | x2...
1 0 +6.500000000e+00 +6.500000000e+00 +1.660000000e+00 +1.660000000e+00 +0.0000e+00 +0.0000e+00
3 0 +6.498225257e+00 +6.498225257e+00 +1.658225257e+00 +1.658225257e+00 +0.0000e+00 +2.5000e-04
7 0 +6.440117693e+00 +6.440117693e+00 +1.600117693e+00 +1.600117693e+00 -7.5000e-04 +9.3750e-04
11 0 +6.272182400e+00 +6.272182400e+00 +1.432182400e+00 +1.432182400e+00 -2.9375e-03 +2.8594e-03
13 0 +6.065839043e+00 +6.065839043e+00 +1.225839043e+00 +1.225839043e+00 -5.7187e-03 +4.6172e-03
14 0 +5.982326877e+00 +5.982326877e+00 +1.142326877e+00 +1.142326877e+00 -6.7813e-03 +6.0078e-03
15 0 +5.797821767e+00 +5.797821767e+00 +9.578217672e-01 +9.578217672e-01 -9.2344e-03 +8.2773e-03
16 0 +5.597242601e+00 +5.597242601e+00 +7.572426009e-01 +7.572426009e-01 -1.2016e-02 +1.0035e-02
17 0 +5.270069960e+00 +5.270069960e+00 +4.300699603e-01 +4.300699603e-01 -1.6555e-02 +1.3623e-02
18 0 +5.014567534e+00 +5.014567534e+00 +1.745675343e-01 +1.745675343e-01 -2.0070e-02 +1.7283e-02
19 0 +4.515849945e+00 +4.515849945e+00 -3.241500549e-01 -3.241500549e-01 -2.7246e-02 +2.3616e-02
20 0 +4.036571195e+00 +4.036571195e+00 -8.034288051e-01 -8.034288051e-01 -3.4566e-02 +2.8962e-02
21 0 +3.250316087e+00 +3.250316087e+00 -1.589683913e+00 -1.589683913e+00 -4.7232e-02 +3.9304e-02
22 0 +2.631624845e+00 +2.631624845e+00 -2.208375155e+00 -2.208375155e+00 -5.7924e-02 +4.9297e-02
23 0 +1.608023443e+00 +1.608023443e+00 -3.231976557e+00 -3.231976557e+00 -7.8608e-02 +6.7135e-02
24 0 +8.546426881e-01 +8.546426881e-01 -3.985357312e+00 -3.985357312e+00 -9.8595e-02 +8.2823e-02
25 0 +1.360701833e-01 +1.360701833e-01 -4.703929817e+00 -4.703929817e+00 -1.3427e-01 +1.1243e-01
32 0 +1.127450505e-01 +1.127450505e-01 -4.727254949e+00 -4.727254949e+00 -1.4942e-01 +1.2612e-01
35 0 +1.005712766e-01 +1.005712766e-01 -4.739428723e+00 -4.739428723e+00 -1.4238e-01 +1.1949e-01
42 0 +9.959332196e-02 +9.959332196e-02 -4.740406678e+00 -4.740406678e+00 -1.4379e-01 +1.2112e-01
57 0 +9.756666497e-02 +9.756666497e-02 -4.742433335e+00 -4.742433335e+00 -1.4281e-01 +1.2704e-01
61 0 +9.437521485e-02 +9.437521485e-02 -4.745624785e+00 -4.745624785e+00 -1.4080e-01 +1.3618e-01
63 0 +9.145086157e-02 +9.145086157e-02 -4.748549138e+00 -4.748549138e+00 -1.3803e-01 +1.4280e-01
64 0 +8.927864584e-02 +8.927864584e-02 -4.750721354e+00 -4.750721354e+00 -1.3719e-01 +1.5056e-01
65 0 +8.616812574e-02 +8.616812574e-02 -4.753831874e+00 -4.753831874e+00 -1.3497e-01 +1.6164e-01
66 0 +8.291161755e-02 +8.291161755e-02 -4.757088382e+00 -4.757088382e+00 -1.3220e-01 +1.6826e-01
67 0 +7.763653687e-02 +7.763653687e-02 -4.762363463e+00 -4.762363463e+00 -1.2790e-01 +1.8430e-01
68 0 +7.493648155e-02 +7.493648155e-02 -4.765063518e+00 -4.765063518e+00 -1.2485e-01 +2.0314e-01
69 0 +7.228940663e-02 +7.228940663e-02 -4.767710593e+00 -4.767710593e+00 -1.1826e-01 +2.3331e-01
70 0 +6.534464025e-02 +6.534464025e-02 -4.774655360e+00 -4.774655360e+00 -1.1119e-01 +2.5597e-01
74 0 +6.357774759e-02 +6.357774759e-02 -4.776422252e+00 -4.776422252e+00 -1.1424e-01 +2.3713e-01
75 0 +6.109055464e-02 +6.109055464e-02 -4.778909445e+00 -4.778909445e+00 -1.1223e-01 +2.3904e-01
76 0 +5.470127985e-02 +5.470127985e-02 -4.785298720e+00 -4.785298720e+00 -1.0211e-01 +2.8054e-01
77 0 +4.992304512e-02 +4.992304512e-02 -4.790076955e+00 -4.790076955e+00 -9.2510e-02 +3.1358e-01
78 0 +4.550994458e-02 +4.550994458e-02 -4.794490055e+00 -4.794490055e+00 -9.3556e-02 +2.9665e-01
79 0 +4.135018705e-02 +4.135018705e-02 -4.798649813e+00 -4.798649813e+00 -8.4740e-02 +3.1698e-01
80 0 +3.160973817e-02 +3.160973817e-02 -4.808390262e+00 -4.808390262e+00 -6.5016e-02 +3.9152e-01
82 0 +2.721567038e-02 +2.721567038e-02 -4.812784330e+00 -4.812784330e+00 -5.7246e-02 +3.9492e-01
84 0 +2.332235440e-02 +2.332235440e-02 -4.816677646e+00 -4.816677646e+00 -3.7521e-02 +4.6946e-01
86 0 +1.447587174e-02 +1.447587174e-02 -4.825524128e+00 -4.825524128e+00 -2.9751e-02 +4.7287e-01
87 0 +1.375548446e-02 +1.375548446e-02 -4.826244516e+00 -4.826244516e+00 -1.2119e-02 +5.1354e-01
89 0 +1.438620369e-03 +1.438620369e-03 -4.838561380e+00 -4.838561380e+00 +3.3008e-02 +6.3216e-01
90 0 +4.289900458e-04 +4.289900458e-04 -4.839571010e+00 -4.839571010e+00 +6.8272e-02 +7.1350e-01
100 0 +1.616097275e-04 +1.616097275e-04 -4.839838390e+00 -4.839838390e+00 +6.6724e-02 +7.1353e-01
103 0 +1.184264096e-04 +1.184264096e-04 -4.839881574e+00 -4.839881574e+00 +6.3336e-02 +7.0326e-01
105 0 +8.833770894e-05 +8.833770894e-05 -4.839911662e+00 -4.839911662e+00 +5.7552e-02 +6.9046e-01
107 0 +2.030633270e-06 +2.030633270e-06 -4.839997969e+00 -4.839997969e+00 +6.3584e-02 +7.0520e-01
116 0 +1.856503467e-06 +1.856503467e-06 -4.839998143e+00 -4.839998143e+00 +6.3829e-02 +7.0547e-01
118 0 +2.680899254e-07 +2.680899254e-07 -4.839999732e+00 -4.839999732e+00 +6.2823e-02 +7.0333e-01
120 0 +2.467421405e-07 +2.467421405e-07 -4.839999753e+00 -4.839999753e+00 +6.3455e-02 +7.0480e-01
124 0 +2.356376516e-08 +2.356376516e-08 -4.839999976e+00 -4.839999976e+00 +6.3146e-02 +7.0406e-01
130 0 +9.909887133e-09 +9.909887133e-09 -4.839999990e+00 -4.839999990e+00 +6.3223e-02 +7.0421e-01
% f evaluations | g evaluations | best noise-free fitness - Fopt | noise-free fitness - Fopt (-6.337000000000e+01) | measured fitness | best measured fitness | x1 | x2...
1 0 +6.500000000e+00 +6.500000000e+00 -5.687000000e+01 -5.687000000e+01 +0.0000e+00 +0.0000e+00
2 0 +6.484010783e+00 +6.484010783e+00 -5.688598922e+01 -5.688598922e+01 +2.5000e-04 +0.0000e+00
6 0 +6.444246986e+00 +6.444246986e+00 -5.692575301e+01 -5.692575301e+01 +6.2500e-04 -5.0000e-04
10 0 +6.303796237e+00 +6.303796237e+00 -5.706620376e+01 -5.706620376e+01 +2.0313e-03 -2.1250e-03
12 0 +6.157672093e+00 +6.157672093e+00 -5.721232791e+01 -5.721232791e+01 +3.3906e-03 -4.0625e-03
14 0 +5.911195008e+00 +5.911195008e+00 -5.745880499e+01 -5.745880499e+01 +6.0078e-03 -6.7813e-03
15 0 +5.697788234e+00 +5.697788234e+00 -5.767221177e+01 -5.767221177e+01 +8.2773e-03 -9.2344e-03
16 0 +5.507823008e+00 +5.507823008e+00 -5.786217699e+01 -5.786217699e+01 +1.0035e-02 -1.2016e-02
17 0 +5.161459678e+00 +5.161459678e+00 -5.820854032e+01 -5.820854032e+01 +1.3623e-02 -1.6555e-02
18 0 +4.850019908e+00 +4.850019908e+00 -5.851998009e+01 -5.851998009e+01 +1.7283e-02 -2.0070e-02
19 0 +4.299703924e+00 +4.299703924e+00 -5.907029608e+01 -5.907029608e+01 +2.3616e-02 -2.7246e-02
20 0 +3.822430924e+00 +3.822430924e+00 -5.954756908e+01 -5.954756908e+01 +2.8962e-02 -3.4566e-02
21 0 +3.004071725e+00 +3.004071725e+00 -6.036592827e+01 -6.036592827e+01 +3.9304e-02 -4.7232e-02
22 0 +2.332014748e+00 +2.332014748e+00 -6.103798525e+01 -6.103798525e+01 +4.9297e-02 -5.7924e-02
23 0 +1.305055788e+00 +1.305055788e+00 -6.206494421e+01 -6.206494421e+01 +6.7135e-02 -7.8608e-02
24 0 +6.255895691e-01 +6.255895691e-01 -6.274441043e+01 -6.274441043e+01 +8.2823e-02 -9.8595e-02
25 0 +1.137164520e-01 +1.137164520e-01 -6.325628355e+01 -6.325628355e+01 +1.1243e-01 -1.3427e-01
58 0 +1.118854732e-01 +1.118854732e-01 -6.325811453e+01 -6.325811453e+01 +1.0990e-01 -1.3808e-01
63 0 +1.088286000e-01 +1.088286000e-01 -6.326117140e+01 -6.326117140e+01 +1.0495e-01 -1.4376e-01
65 0 +1.063644135e-01 +1.063644135e-01 -6.326363559e+01 -6.326363559e+01 +9.8940e-02 -1.4996e-01
67 0 +1.012432195e-01 +1.012432195e-01 -6.326875678e+01 -6.326875678e+01 +9.2339e-02 -1.6043e-01
68 0 +9.702495492e-02 +9.702495492e-02 -6.327297505e+01 -6.327297505e+01 +8.6145e-02 -1.6964e-01
70 0 +9.392589387e-02 +9.392589387e-02 -6.327607411e+01 -6.327607411e+01 +6.3963e-02 -1.9358e-01
71 0 +8.347699970e-02 +8.347699970e-02 -6.328652300e+01 -6.328652300e+01 +5.6142e-02 -2.0779e-01
72 0 +7.297967120e-02 +7.297967120e-02 -6.329702033e+01 -6.329702033e+01 +3.7231e-02 -2.3398e-01
74 0 +5.102966033e-02 +5.102966033e-02 -6.331897034e+01 -6.331897034e+01 -1.1683e-02 -2.9832e-01
75 0 +3.462816725e-02 +3.462816725e-02 -6.333537183e+01 -6.333537183e+01 -4.9507e-02 -3.5069e-01
79 0 +2.841647776e-02 +2.841647776e-02 -6.334158352e+01 -6.334158352e+01 -9.8421e-02 -4.1503e-01
82 0 +2.063876852e-02 +2.063876852e-02 -6.334936123e+01 -6.334936123e+01 -1.2060e-01 -4.3898e-01
86 0 +1.849983305e-02 +1.849983305e-02 -6.335150017e+01 -6.335150017e+01 -1.1278e-01 -4.2477e-01
88 0 +1.482802276e-02 +1.482802276e-02 -6.335517198e+01 -6.335517198e+01 -1.4279e-01 -4.6292e-01
89 0 +1.394789834e-02 +1.394789834e-02 -6.335605210e+01 -6.335605210e+01 -1.6888e-01 -4.9398e-01
90 0 +9.990681157e-03 +9.990681157e-03 -6.336000932e+01 -6.336000932e+01 -1.6106e-01 -4.7976e-01
91 0 +8.410957976e-03 +8.410957976e-03 -6.336158904e+01 -6.336158904e+01 -1.8128e-01 -5.0016e-01
93 0 +1.621073349e-03 +1.621073349e-03 -6.336837893e+01 -6.336837893e+01 -2.4979e-01 -5.7554e-01
94 0 +1.510371886e-03 +1.510371886e-03 -6.336848963e+01 -6.336848963e+01 -2.9024e-01 -6.1633e-01
98 0 +6.412656213e-04 +6.412656213e-04 -6.336935873e+01 -6.336935873e+01 -3.0447e-01 -6.3502e-01
101 0 +2.785905197e-04 +2.785905197e-04 -6.336972141e+01 -6.336972141e+01 -3.1077e-01 -6.3881e-01
103 0 +2.601800029e-04 +2.601800029e-04 -6.336973982e+01 -6.336973982e+01 -3.3288e-01 -6.6223e-01
105 0 +6.822310654e-05 +6.822310654e-05 -6.336993178e+01 -6.336993178e+01 -3.1315e-01 -6.4277e-01
111 0 +5.364066560e-06 +5.364066560e-06 -6.336999464e+01 -6.336999464e+01 -3.1102e-01 -6.4007e-01
118 0 +1.690468345e-06 +1.690468345e-06 -6.336999831e+01 -6.336999831e+01 -3.0597e-01 -6.3500e-01
120 0 +1.566467908e-06 +1.566467908e-06 -6.336999843e+01 -6.336999843e+01 -3.0720e-01 -6.3612e-01
122 0 +8.638598956e-07 +8.638598956e-07 -6.336999914e+01 -6.336999914e+01 -3.0880e-01 -6.3781e-01
124 0 +1.891094712e-07 +1.891094712e-07 -6.336999981e+01 -6.336999981e+01 -3.0699e-01 -6.3598e-01
129 0 +1.354675732e-07 +1.354675732e-07 -6.336999986e+01 -6.336999986e+01 -3.0812e-01 -6.3716e-01
131 0 +3.298070794e-08 +3.298070794e-08 -6.336999997e+01 -6.336999997e+01 -3.0793e-01 -6.3695e-01
133 0 +9.064045514e-09 +9.064045514e-09 -6.336999999e+01 -6.336999999e+01 -3.0750e-01 -6.3652e-01
% f evaluations | g evaluations | best noise-free fitness - Fopt | noise-free fitness - Fopt (2.750000000000e+00) | measured fitness | best measured fitness | x1 | x2...
1 0 +6.500000000e+00 +6.500000000e+00 +9.250000000e+00 +9.250000000e+00 +0.0000e+00 +0.0000e+00
2 0 +6.485493310e+00 +6.485493310e+00 +9.235493310e+00 +9.235493310e+00 +2.5000e-04 +0.0000e+00
7 0 +6.443064781e+00 +6.443064781e+00 +9.193064781e+00 +9.193064781e+00 +9.3750e-04 +6.2500e-05
12 0 +6.266479809e+00 +6.266479809e+00 +9.016479809e+00 +9.016479809e+00 +3.3906e-03 +9.2188e-04
14 0 +6.113035759e+00 +6.113035759e+00 +8.863035759e+00 +8.863035759e+00 +6.0078e-03 +1.0234e-03
15 0 +5.977226511e+00 +5.977226511e+00 +8.727226511e+00 +8.727226511e+00 +8.2773e-03 +1.2070e-03
16 0 +5.838153617e+00 +5.838153617e+00 +8.588153617e+00 +8.588153617e+00 +1.0035e-02 +2.2305e-03
17 0 +5.602329369e+00 +5.602329369e+00 +8.352329369e+00 +8.352329369e+00 +1.3623e-02 +3.1816e-03
18 0 +5.407638103e+00 +5.407638103e+00 +8.157638103e+00 +8.157638103e+00 +1.7283e-02 +3.0371e-03
19 0 +5.036646314e+00 +5.036646314e+00 +7.786646314e+00 +7.786646314e+00 +2.3616e-02 +3.8799e-03
20 0 +4.687401130e+00 +4.687401130e+00 +7.437401130e+00 +7.437401130e+00 +2.8962e-02 +5.8545e-03
21 0 +4.090881678e+00 +4.090881678e+00 +6.840881678e+00 +6.840881678e+00 +3.9304e-02 +8.1782e-03
22 0 +3.593625944e+00 +3.593625944e+00 +6.343625944e+00 +6.343625944e+00 +4.9297e-02 +8.8765e-03
23 0 +2.731330397e+00 +2.731330397e+00 +5.481330397e+00 +5.481330397e+00 +6.7135e-02 +1.1724e-02
24 0 +2.020997280e+00 +2.020997280e+00 +4.770997280e+00 +4.770997280e+00 +8.2823e-02 +1.6022e-02
25 0 +9.937264534e-01 +9.937264534e-01 +3.743726453e+00 +3.743726453e+00 +1.1243e-01 +2.2093e-02
26 0 +3.873357578e-01 +3.873357578e-01 +3.137335758e+00 +3.137335758e+00 +1.4026e-01 +2.5639e-02
27 0 +1.899937850e-01 +1.899937850e-01 +2.939993785e+00 +2.939993785e+00 +1.9073e-01 +3.4369e-02
33 0 +1.364526234e-01 +1.364526234e-01 +2.886452623e+00 +2.886452623e+00 +1.8267e-01 +3.4025e-02
35 0 +1.151852846e-01 +1.151852846e-01 +2.865185285e+00 +2.865185285e+00 +1.6952e-01 +3.1479e-02
39 0 +1.141711602e-01 +1.141711602e-01 +2.864171160e+00 +2.864171160e+00 +1.7591e-01 +3.2868e-02
42 0 +1.118464813e-01 +1.118464813e-01 +2.861846481e+00 +2.861846481e+00 +1.7290e-01 +3.2057e-02
56 0 +1.094865164e-01 +1.094865164e-01 +2.859486516e+00 +2.859486516e+00 +1.7605e-01 +2.6901e-02
59 0 +1.066565256e-01 +1.066565256e-01 +2.856656526e+00 +2.856656526e+00 +1.8066e-01 +1.9996e-02
62 0 +1.011438452e-01 +1.011438452e-01 +2.851143845e+00 +2.851143845e+00 +1.8627e-01 +7.6791e-03
63 0 +9.760436457e-02 +9.760436457e-02 +2.847604365e+00 +2.847604365e+00 +1.9082e-01 -8.6386e-04
65 0 +9.128576507e-02 +9.128576507e-02 +2.841285765e+00 +2.841285765e+00 +2.0110e-01 -1.8447e-02
66 0 +8.543178121e-02 +8.543178121e-02 +2.835431781e+00 +2.835431781e+00 +2.1018e-01 -3.5533e-02
67 0 +8.443177815e-02 +8.443177815e-02 +2.834431778e+00 +2.834431778e+00 +2.0778e-01 -3.4539e-02
68 0 +7.843879764e-02 +7.843879764e-02 +2.828438798e+00 +2.828438798e+00 +2.1507e-01 -5.0879e-02
69 0 +6.872606825e-02 +6.872606825e-02 +2.818726068e+00 +2.818726068e+00 +2.3443e-01 -8.5548e-02
70 0 +6.164248775e-02 +6.164248775e-02 +2.811642488e+00 +2.811642488e+00 +2.5624e-01 -1.2789e-01
71 0 +5.293981635e-02 +5.293981635e-02 +2.802939816e+00 +2.802939816e+00 +2.6112e-01 -1.4324e-01
72 0 +4.613227532e-02 +4.613227532e-02 +2.796132275e+00 +2.796132275e+00 +2.8659e-01 -1.9709e-01
75 0 +4.245241691e-02 +4.245241691e-02 +2.792452417e+00 +2.792452417e+00 +2.7359e-01 -1.7588e-01
76 0 +3.637693041e-02 +3.637693041e-02 +2.786376930e+00 +2.786376930e+00 +2.8227e-01 -1.9988e-01
77 0 +3.537774740e-02 +3.537774740e-02 +2.785377747e+00 +2.785377747e+00 +3.2562e-01 -2.9028e-01
79 0 +1.994164504e-02 +1.994164504e-02 +2.769941645e+00 +2.769941645e+00 +3.2129e-01 -2.9307e-01
80 0 +1.295400664e-02 +1.295400664e-02 +2.762954007e+00 +2.762954007e+00 +3.3864e-01 -3.4106e-01
85 0 +1.011305312e-02 +1.011305312e-02 +2.760113053e+00 +2.760113053e+00 +3.5302e-01 -3.8727e-01
86 0 +5.463249056e-03 +5.463249056e-03 +2.755463249e+00 +2.755463249e+00 +3.7593e-01 -4.5202e-01
87 0 +3.364297084e-03 +3.364297084e-03 +2.753364297e+00 +2.753364297e+00 +3.9300e-01 -4.8910e-01
91 0 +1.207692487e-03 +1.207692487e-03 +2.751207692e+00 +2.751207692e+00 +3.9378e-01 -4.9830e-01
94 0 +1.070584075e-04 +1.070584075e-04 +2.750107058e+00 +2.750107058e+00 +4.1262e-01 -5.5608e-01
101 0 +2.274932587e-05 +2.274932587e-05 +2.750022749e+00 +2.750022749e+00 +4.1936e-01 -5.7656e-01
103 0 +8.195925341e-06 +8.195925341e-06 +2.750008196e+00 +2.750008196e+00 +4.1710e-01 -5.6850e-01
107 0 +7.429431383e-06 +7.429431383e-06 +2.750007429e+00 +2.750007429e+00 +4.1683e-01 -5.6842e-01
109 0 +4.511364967e-06 +4.511364967e-06 +2.750004511e+00 +2.750004511e+00 +4.1816e-01 -5.7251e-01
111 0 +3.215138031e-07 +3.215138031e-07 +2.750000322e+00 +2.750000322e+00 +4.1730e-01 -5.6948e-01
118 0 +1.993548873e-07 +1.993548873e-07 +2.750000199e+00 +2.750000199e+00 +4.1790e-01 -5.7142e-01
120 0 +1.354331198e-07 +1.354331198e-07 +2.750000135e+00 +2.750000135e+00 +4.1788e-01 -5.7131e-01
122 0 +1.503099023e-08 +1.503099023e-08 +2.750000015e+00 +2.750000015e+00 +4.1759e-01 -5.7042e-01
127 0 +5.766652489e-09 +5.766652489e-09 +2.750000006e+00 +2.750000006e+00 +4.1769e-01 -5.7074e-01
% f evaluations | g evaluations | best noise-free fitness - Fopt | noise-free fitness - Fopt (-4.681000000000e+01) | measured fitness | best measured fitness | x1 | x2...
1 0 +6.500000000e+00 +6.500000000e+00 -4.031000000e+01 -4.031000000e+01 +0.0000e+00 +0.0000e+00
2 0 +6.489892614e+00 +6.489892614e+00 -4.032010739e+01 -4.032010739e+01 +2.5000e-04 +0.0000e+00
5 0 +6.455469234e+00 +6.455469234e+00 -4.035453077e+01 -4.035453077e+01 +3.7500e-04 -5.0000e-04
10 0 +6.294298496e+00 +6.294298496e+00 -4.051570150e+01 -4.051570150e+01 +2.0313e-03 -2.1250e-03
12 0 +6.128729355e+00 +6.128729355e+00 -4.068127065e+01 -4.068127065e+01 +3.3906e-03 -4.0625e-03
13 0 +5.986275923e+00 +5.986275923e+00 -4.082372408e+01 -4.082372408e+01 +4.6172e-03 -5.7187e-03
14 0 +5.872556242e+00 +5.872556242e+00 -4.093744376e+01 -4.093744376e+01 +6.0078e-03 -6.7813e-03
15 0 +5.649280780e+00 +5.649280780e+00 -4.116071922e+01 -4.116071922e+01 +8.2773e-03 -9.2344e-03
16 0 +5.430937067e+00 +5.430937067e+00 -4.137906293e+01 -4.137906293e+01 +1.0035e-02 -1.2016e-02
17 0 +5.057536088e+00 +5.057536088e+00 -4.175246391e+01 -4.175246391e+01 +1.3623e-02 -1.6555e-02
18 0 +4.746756773e+00 +4.746756773e+00 -4.206324323e+01 -4.206324323e+01 +1.7283e-02 -2.0070e-02
19 0 +4.178176251e+00 +4.178176251e+00 -4.263182375e+01 -4.263182375e+01 +2.3616e-02 -2.7246e-02
20 0 +3.667055597e+00 +3.667055597e+00 -4.314294440e+01 -4.314294440e+01 +2.8962e-02 -3.4566e-02
21 0 +2.830240696e+00 +2.830240696e+00 -4.397975930e+01 -4.397975930e+01 +3.9304e-02 -4.7232e-02
22 0 +2.179037604e+00 +2.179037604e+00 -4.463096240e+01 -4.463096240e+01 +4.9297e-02 -5.7924e-02
23 0 +1.191086651e+00 +1.191086651e+00 -4.561891335e+01 -4.561891335e+01 +6.7135e-02 -7.8608e-02
24 0 +5.550360042e-01 +5.550360042e-01 -4.625496400e+01 -4.625496400e+01 +8.2823e-02 -9.8595e-02
25 0 +1.589059555e-01 +1.589059555e-01 -4.665109404e+01 -4.665109404e+01 +1.1243e-01 -1.3427e-01
32 0 +1.570051129e-01 +1.570051129e-01 -4.665299489e+01 -4.665299489e+01 +1.0708e-01 -1.2695e-01
38 0 +1.528387470e-01 +1.528387470e-01 -4.665716125e+01 -4.665716125e+01 +1.0963e-01 -1.3063e-01
53 0 +1.509935469e-01 +1.509935469e-01 -4.665900645e+01 -4.665900645e+01 +1.0639e-01 -1.3259e-01
57 0 +1.470939300e-01 +1.470939300e-01 -4.666290607e+01 -4.666290607e+01 +9.9377e-02 -1.3688e-01
59 0 +1.443202052e-01 +1.443202052e-01 -4.666567979e+01 -4.666567979e+01 +9.4131e-02 -1.3880e-01
61 0 +1.411200333e-01 +1.411200333e-01 -4.666887997e+01 -4.666887997e+01 +8.8277e-02 -1.4323e-01
63 0 +1.325273124e-01 +1.325273124e-01 -4.667747269e+01 -4.667747269e+01 +7.1830e-02 -1.5193e-01
64 0 +1.257177257e-01 +1.257177257e-01 -4.668428227e+01 -4.668428227e+01 +5.8056e-02 -1.5946e-01
66 0 +1.207926942e-01 +1.207926942e-01 -4.668920731e+01 -4.668920731e+01 +3.3505e-02 -1.7694e-01
67 0 +1.102803447e-01 +1.102803447e-01 -4.669971966e+01 -4.669971966e+01 +9.0367e-03 -1.8915e-01
68 0 +1.072568868e-01 +1.072568868e-01 -4.670274311e+01 -4.670274311e+01 -2.7707e-02 -2.1011e-01
71 0 +9.891606751e-02 +9.891606751e-02 -4.671108393e+01 -4.671108393e+01 -3.0735e-02 -2.0965e-01
72 0 +9.377777118e-02 +9.377777118e-02 -4.671622223e+01 -4.671622223e+01 -6.2855e-02 -2.2601e-01
75 0 +8.882476999e-02 +8.882476999e-02 -4.672117523e+01 -4.672117523e+01 -4.2550e-02 -2.1318e-01
76 0 +8.245197222e-02 +8.245197222e-02 -4.672754803e+01 -4.672754803e+01 -4.9971e-02 -2.1472e-01
77 0 +7.481047715e-02 +7.481047715e-02 -4.673518952e+01 -4.673518952e+01 -1.0542e-01 -2.4345e-01
78 0 +7.244076739e-02 +7.244076739e-02 -4.673755923e+01 -4.673755923e+01 -1.5444e-01 -2.6654e-01
79 0 +5.457870351e-02 +5.457870351e-02 -4.675542130e+01 -4.675542130e+01 -1.4155e-01 -2.5525e-01
80 0 +4.254891074e-02 +4.254891074e-02 -4.676745109e+01 -4.676745109e+01 -1.8090e-01 -2.6987e-01
83 0 +2.776014692e-02 +2.776014692e-02 -4.678223985e+01 -4.678223985e+01 -2.5298e-01 -2.9828e-01
84 0 +1.927793049e-02 +1.927793049e-02 -4.679072207e+01 -4.679072207e+01 -3.0225e-01 -3.1415e-01
87 0 +1.823913324e-02 +1.823913324e-02 -4.679176087e+01 -4.679176087e+01 -3.7046e-01 -3.3481e-01
88 0 +8.733644384e-03 +8.733644384e-03 -4.680126636e+01 -4.680126636e+01 -4.6524e-01 -3.6728e-01
89 0 +4.936250751e-03 +4.936250751e-03 -4.680506375e+01 -4.680506375e+01 -5.1838e-01 -3.9089e-01
93 0 +4.382394340e-03 +4.382394340e-03 -4.680561761e+01 -4.680561761e+01 -5.8659e-01 -4.1156e-01
96 0 +1.254896654e-03 +1.254896654e-03 -4.680874510e+01 -4.680874510e+01 -5.0886e-01 -3.8426e-01
97 0 +2.542484937e-04 +2.542484937e-04 -4.680974575e+01 -4.680974575e+01 -5.7707e-01 -4.0492e-01
104 0 +9.487659241e-05 +9.487659241e-05 -4.680990512e+01 -4.680990512e+01 -5.6163e-01 -4.0130e-01
105 0 +8.620980790e-05 +8.620980790e-05 -4.680991379e+01 -4.680991379e+01 -5.9880e-01 -4.1210e-01
108 0 +4.843166618e-05 +4.843166618e-05 -4.680995157e+01 -4.680995157e+01 -5.7864e-01 -4.0581e-01
110 0 +3.144107424e-06 +3.144107424e-06 -4.680999686e+01 -4.680999686e+01 -5.7518e-01 -4.0513e-01
118 0 +1.408679317e-06 +1.408679317e-06 -4.680999859e+01 -4.680999859e+01 -5.7750e-01 -4.0575e-01
120 0 +3.417697698e-07 +3.417697698e-07 -4.680999966e+01 -4.680999966e+01 -5.7990e-01 -4.0650e-01
125 0 +6.320901491e-08 +6.320901491e-08 -4.680999994e+01 -4.680999994e+01 -5.7828e-01 -4.0603e-01
129 0 +6.214801118e-08 +6.214801118e-08 -4.680999994e+01 -4.680999994e+01 -5.7932e-01 -4.0633e-01
131 0 +2.644384978e-08 +2.644384978e-08 -4.680999997e+01 -4.680999997e+01 -5.7901e-01 -4.0625e-01
133 0 +3.450345787e-09 +3.450345787e-09 -4.681000000e+01 -4.681000000e+01 -5.7872e-01 -4.0616e-01
% f evaluations | g evaluations | best noise-free fitness - Fopt | noise-free fitness - Fopt (6.134000000000e+01) | measured fitness | best measured fitness | x1 | x2...
1 0 +6.500000000e+00 +6.500000000e+00 +6.784000000e+01 +6.784000000e+01 +0.0000e+00 +0.0000e+00
3 0 +6.482456507e+00 +6.482456507e+00 +6.782245651e+01 +6.782245651e+01 +0.0000e+00 +2.5000e-04
6 0 +6.449656959e+00 +6.449656959e+00 +6.778965696e+01 +6.778965696e+01 -5.0000e-04 +6.2500e-04
11 0 +6.262300561e+00 +6.262300561e+00 +6.760230056e+01 +6.760230056e+01 -2.9375e-03 +2.8594e-03
13 0 +6.104724883e+00 +6.104724883e+00 +6.744472488e+01 +6.744472488e+01 -5.7187e-03 +4.6172e-03
14 0 +5.995875595e+00 +5.995875595e+00 +6.733587560e+01 +6.733587560e+01 -6.7813e-03 +6.0078e-03
15 0 +5.810249953e+00 +5.810249953e+00 +6.715024995e+01 +6.715024995e+01 -9.2344e-03 +8.2773e-03
16 0 +5.656038510e+00 +5.656038510e+00 +6.699603851e+01 +6.699603851e+01 -1.2016e-02 +1.0035e-02
17 0 +5.360084329e+00 +5.360084329e+00 +6.670008433e+01 +6.670008433e+01 -1.6555e-02 +1.3623e-02
18 0 +5.078478152e+00 +5.078478152e+00 +6.641847815e+01 +6.641847815e+01 -2.0070e-02 +1.7283e-02
19 0 +4.589891984e+00 +4.589891984e+00 +6.592989198e+01 +6.592989198e+01 -2.7246e-02 +2.3616e-02
20 0 +4.174479537e+00 +4.174479537e+00 +6.551447954e+01 +6.551447954e+01 -3.4566e-02 +2.8962e-02
21 0 +3.430603914e+00 +3.430603914e+00 +6.477060391e+01 +6.477060391e+01 -4.7232e-02 +3.9304e-02
22 0 +2.785870808e+00 +2.785870808e+00 +6.412587081e+01 +6.412587081e+01 -5.7924e-02 +4.9297e-02
23 0 +1.762113836e+00 +1.762113836e+00 +6.310211384e+01 +6.310211384e+01 -7.8608e-02 +6.7135e-02
24 0 +1.022888044e+00 +1.022888044e+00 +6.236288804e+01 +6.236288804e+01 -9.8595e-02 +8.2823e-02
25 0 +1.966096155e-01 +1.966096155e-01 +6.153660962e+01 +6.153660962e+01 -1.3427e-01 +1.1243e-01
26 0 +1.869153402e-01 +1.869153402e-01 +6.152691534e+01 +6.152691534e+01 -1.6565e-01 +1.4026e-01
33 0 +1.181606949e-01 +1.181606949e-01 +6.145816069e+01 +6.145816069e+01 -1.5888e-01 +1.3374e-01
35 0 +9.501774534e-02 +9.501774534e-02 +6.143501775e+01 +6.143501775e+01 -1.4826e-01 +1.2471e-01
43 0 +9.267729468e-02 +9.267729468e-02 +6.143267729e+01 +6.143267729e+01 -1.5105e-01 +1.2699e-01
65 0 +9.110507535e-02 +9.110507535e-02 +6.143110508e+01 +6.143110508e+01 -1.5504e-01 +1.2538e-01
70 0 +8.891188737e-02 +8.891188737e-02 +6.142891189e+01 +6.142891189e+01 -1.6213e-01 +1.2362e-01
72 0 +8.515866463e-02 +8.515866463e-02 +6.142515866e+01 +6.142515866e+01 -1.7148e-01 +1.1962e-01
74 0 +8.133427104e-02 +8.133427104e-02 +6.142133427e+01 +6.142133427e+01 -1.8405e-01 +1.1594e-01
75 0 +7.780223150e-02 +7.780223150e-02 +6.141780223e+01 +6.141780223e+01 -1.9500e-01 +1.1211e-01
77 0 +7.096664720e-02 +7.096664720e-02 +6.141096665e+01 +6.141096665e+01 -2.1530e-01 +1.0426e-01
78 0 +6.507394256e-02 +6.507394256e-02 +6.140507394e+01 +6.140507394e+01 -2.3722e-01 +9.6585e-02
80 0 +5.902539451e-02 +5.902539451e-02 +6.139902539e+01 +6.139902539e+01 -2.8266e-01 +8.1394e-02
82 0 +5.550357200e-02 +5.550357200e-02 +6.139550357e+01 +6.139550357e+01 -2.7943e-01 +8.1065e-02
83 0 +5.071343317e-02 +5.071343317e-02 +6.139071343e+01 +6.139071343e+01 -2.9892e-01 +7.3140e-02
85 0 +4.618550754e-02 +4.618550754e-02 +6.138618551e+01 +6.138618551e+01 -3.6063e-01 +4.9694e-02
87 0 +4.411264697e-02 +4.411264697e-02 +6.138411265e+01 +6.138411265e+01 -3.1519e-01 +6.4885e-02
89 0 +3.894517597e-02 +3.894517597e-02 +6.137894518e+01 +6.137894518e+01 -3.7689e-01 +4.1440e-02
92 0 +3.281852767e-02 +3.281852767e-02 +6.137281853e+01 +6.137281853e+01 -3.9316e-01 +3.3186e-02
96 0 +3.066588911e-02 +3.066588911e-02 +6.137066589e+01 +6.137066589e+01 -3.7450e-01 +3.8717e-02
97 0 +2.990649652e-02 +2.990649652e-02 +6.136990650e+01 +6.136990650e+01 -3.7331e-01 +3.7356e-02
98 0 +2.451424206e-02 +2.451424206e-02 +6.136451424e+01 +6.136451424e+01 -4.0823e-01 +2.3570e-02
99 0 +2.022049658e-02 +2.022049658e-02 +6.136022050e+01 +6.136022050e+01 -4.3322e-01 +1.1869e-02
101 0 +1.408639391e-02 +1.408639391e-02 +6.135408639e+01 +6.135408639e+01 -4.7329e-01 -9.4475e-03
102 0 +8.173967700e-03 +8.173967700e-03 +6.134817397e+01 +6.134817397e+01 -5.2328e-01 -3.2849e-02
106 0 +5.540682525e-03 +5.540682525e-03 +6.134554068e+01 +6.134554068e+01 -5.6334e-01 -5.4166e-02
110 0 +2.566233842e-03 +2.566233842e-03 +6.134256623e+01 +6.134256623e+01 -6.0332e-01 -7.2239e-02
111 0 +2.282107001e-03 +2.282107001e-03 +6.134228211e+01 +6.134228211e+01 -6.4334e-01 -9.1933e-02
112 0 +1.249129781e-03 +1.249129781e-03 +6.134124913e+01 +6.134124913e+01 -6.4343e-01 -9.5177e-02
117 0 +5.467939151e-04 +5.467939151e-04 +6.134054679e+01 +6.134054679e+01 -6.8349e-01 -1.1649e-01
120 0 +2.007358993e-04 +2.007358993e-04 +6.134020074e+01 +6.134020074e+01 -6.7343e-01 -1.0954e-01
123 0 +5.418412459e-05 +5.418412459e-05 +6.134005418e+01 +6.134005418e+01 -6.8848e-01 -1.1835e-01
125 0 +5.027246070e-05 +5.027246070e-05 +6.134005027e+01 +6.134005027e+01 -6.9723e-01 -1.2240e-01
127 0 +1.670139692e-05 +1.670139692e-05 +6.134001670e+01 +6.134001670e+01 -7.0256e-01 -1.2579e-01
129 0 +5.581094278e-06 +5.581094278e-06 +6.134000558e+01 +6.134000558e+01 -6.9419e-01 -1.2122e-01
133 0 +3.739043478e-06 +3.739043478e-06 +6.134000374e+01 +6.134000374e+01 -6.9928e-01 -1.2394e-01
135 0 +2.770440517e-07 +2.770440517e-07 +6.134000028e+01 +6.134000028e+01 -6.9727e-01 -1.2277e-01
144 0 +4.616168781e-08 +4.616168781e-08 +6.134000005e+01 +6.134000005e+01 -6.9602e-01 -1.2211e-01
146 0 +2.793156284e-08 +2.793156284e-08 +6.134000003e+01 +6.134000003e+01 -6.9632e-01 -1.2228e-01
150 0 +7.802206881e-09 +7.802206881e-09 +6.134000001e+01 +6.134000001e+01 -6.9627e-01 -1.2224e-01
