% f evaluations | g evaluations | best noise-free fitness - Fopt | noise-free fitness - Fopt (1.026100000000e+02) | measured fitness | best measured fitness | x1 | x2...
1 0 +3.703212427e+02 +3.703212427e+02 +4.729312427e+02 +4.729312427e+02 +4.7637e+00 -3.3937e+00 -4.0212e+00 +4.2510e+00 -2.7967e+00 -2.7600e+00 -2.2407e+00 +2.2884e+00 +1.3920e+00 +3.4545e-01
2 0 +2.508803582e+02 +2.508803582e+02 +3.534903582e+02 +3.534903582e+02 -2.8938e+00 -3.2612e+00 -1.0414e-01 +4.2083e+00 +5.7202e-01 +9.0343e-01 -1.1385e+00 +4.2241e+00 +3.5525e+00 +1.6926e+00
8 0 +2.422486493e+02 +2.422486493e+02 +3.448586493e+02 +3.448586493e+02 -4.4540e+00 -2.0595e+00 -1.6074e+00 -2.7285e+00 +2.8375e-01 +2.1904e+00 -1.3838e+00 -3.4698e+00 -1.5954e+00 -5.7902e-01
36 0 +2.090961207e+02 +2.090961207e+02 +3.117061207e+02 +3.117061207e+02 +2.2024e+00 +3.4670e+00 +2.7880e+00 +1.1911e+00 -3.2580e-01 -1.6399e+00 -1.8942e-01 +4.3340e+00 +1.2992e+00 -1.0093e+00
42 0 +2.010565460e+02 +2.010565460e+02 +3.036665460e+02 +3.036665460e+02 -1.7230e+00 +2.1138e+00 -2.4635e+00 +1.1135e+00 -1.1304e+00 +7.6700e-01 +4.2804e+00 -3.4991e+00 +1.4559e+00 +4.7101e+00
61 0 +1.841878246e+02 +1.841878246e+02 +2.867978246e+02 +2.867978246e+02 -1.3946e+00 -1.5263e-01 -5.5801e-02 -6.3558e-02 +2.3732e-01 -2.1194e+00 +1.7078e+00 -4.2165e+00 +3.9970e+00 +1.4036e+00
180 0 +1.597869731e+02 +1.597869731e+02 +2.623969731e+02 +2.623969731e+02 -1.4227e+00 +2.0844e+00 -1.3434e+00 -2.5566e-01 -1.2775e+00 +7.5144e-01 +3.7317e+00 -3.5660e+00 +1.6981e+00 +4.0536e+00
418 0 +1.578273371e+02 +1.578273371e+02 +2.604373371e+02 +2.604373371e+02 -5.1768e-01 -7.3815e-01 +1.4370e+00 -1.1543e-01 +4.6982e-01 +1.7530e+00 +1.2843e+00 -3.5843e+00 +4.5590e+00 +1.6217e+00
680 0 +1.502962270e+02 +1.502962270e+02 +2.529062270e+02 +2.529062270e+02 -3.9285e-01 -1.6383e-01 -9.4692e-01 +3.3272e-01 +4.6311e-01 -1.1420e-01 +1.2001e+00 -4.8754e+00 +3.9141e+00 +2.6049e+00
% f evaluations | g evaluations | best noise-free fitness - Fopt | noise-free fitness - Fopt (9.330000000000e+01) | measured fitness | best measured fitness | x1 | x2...
1 0 +4.600710767e+02 +4.600710767e+02 +5.533710767e+02 +5.533710767e+02 +3.1287e+00 -4.7334e+00 -3.7569e+00 -1.8599e+00 -2.8908e+00 +3.7781e+00 -4.3586e-01 -4.4365e+00 +1.0617e+00 -4.1462e+00
2 0 +3.303097716e+02 +3.303097716e+02 +4.236097716e+02 +4.236097716e+02 -4.3535e+00 -3.1513e+00 +2.4321e+00 +1.5095e+00 +6.9132e-02 -2.6825e+00 -1.2405e+00 +9.0968e-02 +1.0226e+00 -1.0472e+00
4 0 +3.053300749e+02 +3.053300749e+02 +3.986300749e+02 +3.986300749e+02 -2.5479e-01 +6.2022e-01 -1.0278e-01 -3.8427e+00 +2.6952e+00 +4.4751e+00 +4.6651e+00 +3.2792e-01 -1.1062e+00 -2.8565e+00
5 0 +2.333868745e+02 +2.333868745e+02 +3.266868745e+02 +3.266868745e+02 -1.7350e+00 -4.6059e+00 +3.7738e+00 +5.8377e-01 +8.9443e-01 +7.4707e-01 -1.0518e-01 -1.8385e+00 -1.4185e+00 -2.0112e+00
8 0 +2.235828902e+02 +2.235828902e+02 +3.168828902e+02 +3.168828902e+02 -3.8849e+00 +4.5412e+00 +1.0590e+00 -4.3370e+00 +3.1312e+00 -2.9540e+00 +2.0129e+00 +1.0460e+00 +2.3328e+00 +5.1620e-01
15 0 +1.913097645e+02 +1.913097645e+02 +2.846097645e+02 +2.846097645e+02 -3.5312e+00 +5.2927e-01 +1.2896e+00 +1.3449e-01 +1.5390e+00 +1.7829e+00 +1.7955e-01 -5.2290e-01 +2.8289e+00 +1.7110e-01
97 0 +1.775809607e+02 +1.775809607e+02 +2.708809607e+02 +2.708809607e+02 -2.9308e+00 +1.6876e+00 -2.3249e+00 -8.0051e-01 +4.2597e+00 -2.4363e+00 +3.3928e+00 +2.9618e-01 +1.7400e+00 +4.1183e+00
154 0 +1.269924330e+02 +1.269924330e+02 +2.202924330e+02 +2.202924330e+02 -3.8747e+00 -6.0792e-01 +9.9781e-01 -9.5594e-01 +1.9529e+00 -6.3369e-01 +8.2979e-01 -4.7587e-01 +2.6604e+00 +7.0888e-02
937 0 +1.170325747e+02 +1.170325747e+02 +2.103325747e+02 +2.103325747e+02 -3.6733e+00 +6.1451e-02 -2.3288e+00 -1.5820e+00 +4.1402e+00 -1.8883e+00 +2.2934e+00 +5.3963e-03 +2.3227e+00 +2.5242e+00
1689 0 +1.044833816e+02 +1.044833816e+02 +1.977833816e+02 +1.977833816e+02 -3.2426e+00 +1.7339e+00 -2.0472e+00 -7.0666e-01 +1.9986e+00 -2.4342e+00 +1.5730e+00 -6.5633e-01 -6.3186e-01 +3.8452e+00
% f evaluations | g evaluations | best noise-free fitness - Fopt | noise-free fitness - Fopt (1.364000000000e+01) | measured fitness | best measured fitness | x1 | x2...
1 0 +3.593070179e+02 +3.593070179e+02 +3.729470179e+02 +3.729470179e+02 -3.3933e+00 -1.0240e+00 -8.4456e-01 -3.2189e+00 -2.8884e+00 +7.1979e-01 -4.8565e-01 -1.2139e+00 +2.9420e+00 -4.5009e+00
4 0 +2.828124544e+02 +2.828124544e+02 +2.964524544e+02 +2.964524544e+02 +3.6530e+00 -1.4604e+00 -2.4865e+00 -1.1465e+00 -4.5671e+00 +4.1278e+00 +1.3564e+00 -4.4707e+00 -3.7618e+00 -1.7982e+00
6 0 +2.761394084e+02 +2.761394084e+02 +2.897794084e+02 +2.897794084e+02 -1.0430e+00 -1.4115e-01 -3.3525e+00 +1.7271e+00 -2.5989e+00 -2.8260e+00 -4.1835e+00 -3.5987e+00 +2.3608e+00 +1.2315e+00
9 0 +1.845091374e+02 +1.845091374e+02 +1.981491374e+02 +1.981491374e+02 -2.5982e+00 -1.1317e+00 -1.7351e-03 +1.6444e+00 +3.5333e+00 -4.9099e+00 +1.2937e+00 +3.5097e-02 +2.4200e+00 +1.4442e+00
170 0 +1.644122141e+02 +1.644122141e+02 +1.780522141e+02 +1.780522141e+02 -2.0352e+00 -5.7137e-01 +1.6908e+00 +1.2617e+00 +3.5350e+00 -4.8151e+00 +1.3163e+00 +1.7777e+00 +2.3692e+00 +2.1263e-01
196 0 +1.577453261e+02 +1.577453261e+02 +1.713853261e+02 +1.713853261e+02 -2.3438e+00 -1.1721e+00 +1.1873e+00 +1.9694e+00 +4.1601e+00 +7.1045e-01 +1.2083e+00 +2.4555e+00 +1.7966e+00 +2.6778e+00
433 0 +1.101675157e+02 +1.101675157e+02 +1.238075157e+02 +1.238075157e+02 -7.6443e-01 -5.7596e-01 -6.7183e-01 -1.2876e+00 -1.5697e+00 +1.9936e+00 +2.6486e-01 +6.5116e-02 +2.4418e-01 -2.2231e+00
668 0 +1.080331837e+02 +1.080331837e+02 +1.216731837e+02 +1.216731837e+02 +1.4900e-01 -1.4408e+00 -1.3989e+00 +4.1306e-02 -1.9329e+00 +3.8203e-01 +7.6475e-01 -1.8821e+00 +4.8562e-01 -1.9767e+00
941 0 +9.770871282e+01 +9.770871282e+01 +1.113487128e+02 +1.113487128e+02 +5.3022e-02 -1.1108e+00 -1.3416e+00 -1.2643e+00 -2.1420e+00 +6.8769e-01 +8.2176e-01 -2.1043e+00 +6.1737e-01 -1.4601e-01
% f evaluations | g evaluations | best noise-free fitness - Fopt | noise-free fitness - Fopt (1.948000000000e+02) | measured fitness | best measured fitness | x1 | x2...
1 0 +3.750010893e+02 +3.750010893e+02 +5.698010893e+02 +5.698010893e+02 -2.6219e+00 +3.5337e+00 -2.4202e-01 +2.7732e+00 +1.7695e+00 +4.4212e+00 +2.8987e+00 +2.1812e+00 +4.4778e+00 -2.1379e+00
2 0 +3.075019682e+02 +3.075019682e+02 +5.023019682e+02 +5.023019682e+02 +1.4208e+00 -8.6872e-01 -3.9617e+00 -2.9422e+00 +3.0641e+00 +5.8708e-01 +2.7653e+00 -1.5073e+00 -2.4545e-01 -4.0436e-01
18 0 +2.147677970e+02 +2.147677970e+02 +4.095677970e+02 +4.095677970e+02 -4.0797e+00 +1.3233e+00 +5.5531e-01 -7.2493e-03 -2.1297e+00 +2.2577e+00 +3.4352e+00 +4.7778e+00 -2.4287e+00 +1.1441e+00
34 0 +1.842635406e+02 +1.842635406e+02 +3.790635406e+02 +3.790635406e+02 -2.8343e-01 +7.9708e-01 +3.0304e+00 -2.7637e-01 +1.0373e+00 +3.5742e+00 +3.9891e+00 +5.3031e-01 -4.1437e+00 +5.2444e-01
189 0 +1.366534610e+02 +1.366534610e+02 +3.314534610e+02 +3.314534610e+02 -7.7865e-01 -2.6784e+00 -6.2187e-01 -4.1310e-01 +5.7528e-01 +3.8480e+00 +9.9899e-01 +2.1575e-01 -2.2770e+00 +1.4988e+00
305 0 +1.313614399e+02 +1.313614399e+02 +3.261614399e+02 +3.261614399e+02 -4.6170e-01 -1.8386e+00 +9.3890e-01 +1.1101e+00 -9.9638e-01 +8.9241e-01 +3.3223e-01 +1.3360e+00 -1.5481e+00 -3.0982e-03
439 0 +1.023289126e+02 +1.023289126e+02 +2.971289126e+02 +2.971289126e+02 -3.1923e-01 -2.4399e+00 +1.0160e+00 +1.7162e+00 -3.5911e-01 +3.0797e+00 +1.2363e+00 +2.4366e+00 -1.1893e+00 -2.3592e+00
699 0 +9.321996043e+01 +9.321996043e+01 +2.880199604e+02 +2.880199604e+02 -6.8833e-01 -1.8417e+00 +8.5473e-01 +1.0789e+00 -9.2709e-01 +2.1794e+00 +2.9281e-01 +1.5785e+00 -1.5153e+00 -1.0548e+00
% f evaluations | g evaluations | best noise-free fitness - Fopt | noise-free fitness - Fopt (-1.335900000000e+02) | measured fitness | best measured fitness | x1 | x2...
1 0 +4.414082087e+02 +4.414082087e+02 +3.078182087e+02 +3.078182087e+02 -4.4128e+00 -3.2666e+00 -1.0394e+00 -4.1073e-01 +4.6727e+00 -4.8795e+00 +1.3591e-01 +3.6043e+00 +1.0017e+00 +3.2624e+00
2 0 +4.292146664e+02 +4.292146664e+02 +2.956246664e+02 +2.956246664e+02 -4.3452e+00 +2.1315e+00 -4.6850e+00 +2.4846e+00 +1.6730e-01 +1.2518e+00 -3.6748e+00 -3.4999e+00 +2.2834e+00 +2.8826e+00
3 0 +3.219274435e+02 +3.219274435e+02 +1.883374435e+02 +1.883374435e+02 -3.1031e-02 -3.5211e+00 +3.7907e+00 +1.9693e+00 -2.6888e+00 +4.8390e+00 -9.3349e-01 +3.5351e-01 +2.7808e+00 +4.3456e+00
7 0 +2.832141809e+02 +2.832141809e+02 +1.496241809e+02 +1.496241809e+02 +4.8605e+00 -5.1720e-01 +1.3066e+00 -2.0170e+00 +1.4638e+00 -2.1700e+00 -1.8015e+00 +4.6678e+00 +4.1517e+00 -1.7760e+00
12 0 +2.648874432e+02 +2.648874432e+02 +1.312974432e+02 +1.312974432e+02 -1.5204e+00 +1.0934e+00 +3.9508e+00 +1.2391e+00 +3.1842e+00 +3.3316e+00 -1.6188e+00 +1.7721e+00 -5.5990e-01 -1.5246e+00
15 0 +2.570029855e+02 +2.570029855e+02 +1.234129855e+02 +1.234129855e+02 +3.3857e+00 -1.3784e+00 +3.5699e+00 -6.9190e-02 -3.7451e+00 +1.2513e+00 +4.1240e+00 +8.5396e-01 -2.3766e-01 -1.3607e+00
27 0 +2.332163016e+02 +2.332163016e+02 +9.962630163e+01 +9.962630163e+01 +4.5584e-01 +1.3223e+00 +2.2703e+00 +1.1123e+00 +2.4976e+00 +2.9368e+00 -2.8329e+00 +3.5907e-01 -2.0748e-01 +2.2191e+00
51 0 +2.251753554e+02 +2.251753554e+02 +9.158535543e+01 +9.158535543e+01 -6.7315e-01 +3.5605e+00 +6.3129e-01 -6.4090e-01 +2.9488e+00 +3.1089e+00 -7.1463e-01 +6.9892e-01 -2.9150e-01 -6.9898e-01
71 0 +2.107581801e+02 +2.107581801e+02 +7.716818010e+01 +7.716818010e+01 -7.5568e-01 +4.6610e+00 +6.0845e-01 -4.9150e+00 -2.9255e-01 -2.0100e-01 -1.3244e+00 +5.2744e-01 -3.6720e+00 +1.1129e+00
79 0 +1.966643262e+02 +1.966643262e+02 +6.307432624e+01 +6.307432624e+01 +3.2921e+00 -4.7920e-01 +3.1032e+00 +9.1835e-01 -2.8225e+00 +1.8942e+00 +1.1218e+00 +1.7344e-01 -9.9101e-01 -1.0405e+00
84 0 +1.449213860e+02 +1.449213860e+02 +1.133138601e+01 +1.133138601e+01 +3.7336e+00 -4.2946e-01 -3.0691e+00 -1.1428e-01 +4.6282e-01 -8.6474e-01 -3.5947e+00 +8.4044e-01 +9.3414e-01 -5.3078e-01
426 0 +1.029873708e+02 +1.029873708e+02 -3.060262916e+01 -3.060262916e+01 +1.6033e+00 -4.6962e-01 -2.4015e+00 +9.1093e-02 +1.1163e+00 -1.0503e+00 -2.4715e+00 +1.2418e+00 +1.2594e+00 -1.0159e+00
% f evaluations | g evaluations | best noise-free fitness - Fopt | noise-free fitness - Fopt (-3.085000000000e+01) | measured fitness | best measured fitness | x1 | x2...
1 0 +4.860327139e+02 +4.860327139e+02 +4.551827139e+02 +4.551827139e+02 -3.4142e+00 +2.9511e+00 -6.7750e-01 -4.8803e+00 +1.0230e+00 -2.1987e+00 +4.1781e+00 -4.2290e+00 -3.9001e+00 -9.0407e-01
2 0 +3.735097171e+02 +3.735097171e+02 +3.426597171e+02 +3.426597171e+02 +4.1567e+00 +2.7998e+00 -2.8977e+00 +9.3578e-02 -2.1671e+00 -4.8100e+00 +1.4278e+00 -3.6760e+00 -1.8074e+00 +2.2886e+00
3 0 +3.045800757e+02 +3.045800757e+02 +2.737300757e+02 +2.737300757e+02 -3.4741e+00 +5.5472e-01 +3.0986e+00 -2.4291e+00 +1.7425e+00 +1.7706e+00 +1.2423e+00 +3.4177e+00 +7.9486e-01 -1.0572e+00
11 0 +2.111703944e+02 +2.111703944e+02 +1.803203944e+02 +1.803203944e+02 +1.8425e+00 +1.1083e+00 -9.6756e-01 +8.6428e-01 +1.5511e+00 -6.2927e-01 +3.5186e+00 +4.7853e-02 +2.2802e+00 +6.1934e-01
35 0 +1.927566267e+02 +1.927566267e+02 +1.619066267e+02 +1.619066267e+02 +1.5511e+00 +2.2666e+00 -2.6367e+00 +1.8350e+00 +1.2731e+00 +4.3801e+00 -2.7379e+00 +3.0498e-01 +3.4582e+00 -1.5074e-01
185 0 +1.838007358e+02 +1.838007358e+02 +1.529507358e+02 +1.529507358e+02 +1.6073e+00 +1.8168e+00 -2.3153e+00 +3.1137e-01 +1.4543e+00 +3.0472e+00 -2.7163e+00 -1.4510e-01 +2.5979e+00 +8.0164e-01
192 0 +1.752807242e+02 +1.752807242e+02 +1.444307242e+02 +1.444307242e+02 +3.0874e+00 +2.2876e+00 -1.8742e+00 +2.1559e+00 +1.3991e+00 -7.4530e-01 -1.4820e+00 +7.2406e-01 +3.7879e+00 -5.3565e-02
412 0 +1.647458977e+02 +1.647458977e+02 +1.338958977e+02 +1.338958977e+02 +3.5442e+00 +6.6162e-01 -2.7207e+00 +2.7454e+00 +2.4139e+00 +3.3614e+00 -2.9364e+00 -1.8745e-01 +1.3505e+00 -5.5019e-01
413 0 +1.581123240e+02 +1.581123240e+02 +1.272623240e+02 +1.272623240e+02 +2.0382e+00 +3.0718e+00 -1.4518e+00 +3.4608e+00 +1.6075e+00 +3.1786e+00 -2.8898e+00 +1.8808e+00 +2.7027e+00 +1.3973e-01
958 0 +1.524836424e+02 +1.524836424e+02 +1.216336424e+02 +1.216336424e+02 +2.1223e+00 +1.8398e+00 -3.9883e-01 +3.3557e+00 +2.4004e+00 +3.7487e+00 +5.2603e-01 +2.1649e+00 +3.2584e+00 -6.4958e-01
1184 0 +1.346773340e+02 +1.346773340e+02 +1.038273340e+02 +1.038273340e+02 -4.7599e-01 +2.2804e+00 -7.6300e-01 +2.8377e+00 +1.0853e+00 +3.1161e+00 -3.3625e+00 +1.5477e+00 +1.6834e+00 +2.0468e+00
1213 0 +1.234874552e+02 +1.234874552e+02 +9.263745519e+01 +9.263745519e+01 +5.6729e-01 +2.2311e+00 -2.9809e-01 +2.6800e+00 +1.2678e+00 +2.3452e+00 -3.5500e+00 +1.5749e+00 +1.4513e+00 +8.3689e-01
1216 0 +1.183368788e+02 +1.183368788e+02 +8.748687883e+01 +8.748687883e+01 +1.8772e+00 +2.2316e+00 -5.2518e-01 +3.0739e+00 +8.6492e-01 +2.7379e+00 -3.0918e+00 +2.0404e+00 +1.5884e+00 +8.1402e-01
1707 0 +1.165068764e+02 +1.165068764e+02 +8.565687637e+01 +8.565687637e+01 +3.6592e-03 +2.2733e+00 +1.1467e-01 +2.9245e+00 +1.0678e+00 +2.3543e+00 -3.7143e+00 +1.5272e+00 +2.0662e+00 +1.0126e+00
% f evaluations | g evaluations | best noise-free fitness - Fopt | noise-free fitness - Fopt (-9.200000000000e+00) | measured fitness | best measured fitness | x1 | x2...
1 0 +5.030605902e+02 +5.030605902e+02 +4.938605902e+02 +4.938605902e+02 +4.7837e+00 -3.2222e+00 -4.0417e+00 -3.2640e+00 +4.1331e+00 +3.0186e+00 +4.2055e+00 -4.6641e+00 +4.7126e+00 +2.8238e-01
2 0 +3.149846625e+02 +3.149846625e+02 +3.057846625e+02 +3.057846625e+02 +4.0919e+00 -9.8231e-01 -1.2076e+00 +1.8848e+00 +3.1591e-01 -3.3410e+00 +4.8703e+00 -6.7525e-01 +9.3237e-01 +1.0509e+00
11 0 +3.079021772e+02 +3.079021772e+02 +2.987021772e+02 +2.987021772e+02 -4.3870e+00 -8.3200e-01 +1.7538e+00 +1.4231e+00 -1.5419e+00 +5.5391e-01 -4.4290e+00 -7.1580e-01 +1.7137e+00 -1.7198e+00
14 0 +2.895828254e+02 +2.895828254e+02 +2.803828254e+02 +2.803828254e+02 -4.2860e+00 +1.5148e+00 +5.3157e-01 -3.9045e+00 +1.9996e+00 +3.7000e+00 +1.3180e+00 -2.3635e+00 +2.9554e+00 +3.7653e+00
18 0 +2.818577251e+02 +2.818577251e+02 +2.726577251e+02 +2.726577251e+02 +4.5042e+00 +2.9408e+00 -7.2817e-01 -2.2783e+00 -4.4739e-01 +3.0761e+00 -3.9686e+00 -4.7628e+00 -4.6629e-01 -2.3036e+00
22 0 +2.504531036e+02 +2.504531036e+02 +2.412531036e+02 +2.412531036e+02 +1.6712e+00 +3.1656e+00 +1.5788e+00 -2.2942e+00 -1.4897e+00 +6.0441e-01 -2.5191e+00 +1.8285e-01 -3.1716e+00 +3.3992e-01
32 0 +2.236109983e+02 +2.236109983e+02 +2.144109983e+02 +2.144109983e+02 +4.1208e+00 -2.8588e+00 -1.6491e+00 +1.3955e+00 +6.1649e-01 +3.8540e-01 -7.6254e-01 -2.4269e+00 +1.4084e+00 +2.1064e+00
41 0 +1.649674897e+02 +1.649674897e+02 +1.557674897e+02 +1.557674897e+02 -2.2300e+00 +6.8776e-01 +2.9319e+00 +1.4380e+00 +1.0286e+00 -1.3980e-02 -1.2265e+00 +2.2146e-01 +2.7938e+00 +3.1015e+00
158 0 +1.449152280e+02 +1.449152280e+02 +1.357152280e+02 +1.357152280e+02 +6.2814e-01 +1.0688e+00 +3.6952e+00 +5.0063e-01 +9.8606e-01 -7.7203e-01 -1.4845e+00 -1.8160e-01 +9.4211e-01 +3.1517e+00
414 0 +1.321324676e+02 +1.321324676e+02 +1.229324676e+02 +1.229324676e+02 -2.2698e-01 +1.1791e+00 +1.4732e+00 +8.6058e-01 +1.9162e+00 -4.2133e-01 -3.4071e-01 +3.6866e-01 +2.4422e+00 +3.5313e+00
415 0 +1.100418827e+02 +1.100418827e+02 +1.008418827e+02 +1.008418827e+02 +8.0227e-01 -8.1957e-01 +1.9313e+00 +1.5479e+00 +1.9249e+00 +1.8909e-01 -6.2041e-01 +1.6195e-01 +5.0781e-01 +3.4078e+00
695 0 +9.896973720e+01 +9.896973720e+01 +8.976973720e+01 +8.976973720e+01 -2.2555e-01 +2.9306e-01 +2.4250e-01 +1.3765e+00 +1.1662e+00 -1.9745e-01 -5.0298e-01 -7.0710e-02 +1.4475e+00 +2.8308e+00
% f evaluations | g evaluations | best noise-free fitness - Fopt | noise-free fitness - Fopt (-2.037600000000e+02) | measured fitness | best measured fitness | x1 | x2...
1 0 +5.213950659e+02 +5.213950659e+02 +3.176350659e+02 +3.176350659e+02 +3.9609e+00 +4.6043e+00 +4.8822e+00 +4.0016e+00 +4.5250e-02 -1.2206e+00 -1.1628e+00 -2.3670e+00 -4.9254e+00 -3.3540e+00
2 0 +4.630463167e+02 +4.630463167e+02 +2.592863167e+02 +2.592863167e+02 +2.3906e+00 +4.1306e+00 +4.3111e+00 +1.3181e+00 +3.8606e+00 -1.5144e+00 +7.8874e-01 +3.9588e+00 +4.2785e+00 -2.9341e+00
3 0 +3.909048497e+02 +3.909048497e+02 +1.871448497e+02 +1.871448497e+02 -3.5968e+00 +1.7665e+00 -4.3833e+00 +4.4315e+00 -2.0728e+00 +2.2976e+00 -2.2266e+00 -1.7222e+00 -4.1144e+00 -4.3860e+00
4 0 +3.254449385e+02 +3.254449385e+02 +1.216849385e+02 +1.216849385e+02 -1.8690e+00 +3.7812e-01 +4.1292e+00 -4.8074e+00 +1.6400e-01 +3.1144e+00 -2.3701e+00 -2.1567e+00 -9.8746e-01 -2.6838e+00
5 0 +3.097726911e+02 +3.097726911e+02 +1.060126911e+02 +1.060126911e+02 -4.4506e-01 -3.3197e+00 +4.4078e-01 +4.9565e+00 +5.8830e-01 +3.9199e+00 -2.6239e+00 +1.2434e+00 +1.1631e+00 +5.4231e-01
8 0 +2.001050055e+02 +2.001050055e+02 -3.654994475e+00 -3.654994475e+00 +1.0841e+00 +1.2469e+00 -2.9870e-01 +1.5974e+00 -3.6269e+00 +3.3283e+00 +3.7305e-01 +1.7777e+00 +2.3709e+00 -2.3758e+00
44 0 +1.988443848e+02 +1.988443848e+02 -4.915615154e+00 -4.915615154e+00 -2.5673e+00 -3.2966e+00 -4.5627e+00 -8.8322e-01 +4.1578e+00 -7.1188e-01 +1.5752e+00 -1.9304e+00 -9.8195e-01 -1.1482e+00
51 0 +1.813577632e+02 +1.813577632e+02 -2.240223680e+01 -2.240223680e+01 -2.6329e+00 -4.9838e+00 -1.8482e+00 +7.6991e-01 +4.1653e+00 -8.3545e-01 +2.6065e+00 -1.7661e+00 +2.2577e-01 -1.0025e+00
147 0 +1.373473977e+02 +1.373473977e+02 -6.641260226e+01 -6.641260226e+01 -4.4991e-01 -4.9167e+00 -1.8381e+00 -5.7508e-01 +1.0345e+00 -1.1672e+00 +3.1868e+00 -1.4887e+00 +1.1688e+00 -3.6136e+00
180 0 +1.084290285e+02 +1.084290285e+02 -9.533097146e+01 -9.533097146e+01 -2.2212e+00 -3.1342e+00 -3.5848e+00 -2.5401e+00 +4.0619e+00 -6.7150e-01 +1.4726e+00 -1.8835e+00 -5.0138e-01 -2.5953e+00
423 0 +1.066566546e+02 +1.066566546e+02 -9.710334539e+01 -9.710334539e+01 -3.5369e-01 +7.8447e-02 -1.1411e+00 -5.2284e-01 +2.4573e-01 -1.3248e+00 +2.9460e+00 -2.1631e+00 +2.9780e-01 -3.3332e+00
% f evaluations | g evaluations | best noise-free fitness - Fopt | noise-free fitness - Fopt (3.399000000000e+01) | measured fitness | best measured fitness | x1 | x2...
1 0 +4.968810300e+02 +4.968810300e+02 +5.308710300e+02 +5.308710300e+02 -4.9666e+00 +3.0444e-01 +2.7230e+00 +4.1389e+00 +3.2178e+00 -3.2036e+00 +4.0304e+00 -1.2439e+00 -3.6512e+00 -3.8705e+00
2 0 +2.952662061e+02 +2.952662061e+02 +3.292562061e+02 +3.292562061e+02 -1.3136e+00 +3.2676e+00 +1.4618e+00 -6.4092e-01 -2.7376e+00 -2.9750e+00 +4.3843e+00 -2.3200e+00 -2.4317e+00 -1.2695e+00
11 0 +2.581775534e+02 +2.581775534e+02 +2.921675534e+02 +2.921675534e+02 -1.2263e+00 +1.6291e+00 -2.2533e+00 -8.3062e-01 -1.7425e-01 -6.2307e-01 +2.3795e+00 +3.8260e+00 -2.0122e+00 -4.4692e+00
13 0 +1.853812192e+02 +1.853812192e+02 +2.193712192e+02 +2.193712192e+02 +1.0196e+00 -1.0161e+00 +2.5786e+00 +3.9317e-01 -1.2602e+00 -1.7949e+00 -4.2685e-02 +1.4632e+00 -1.9419e+00 +3.5728e+00
86 0 +1.748788504e+02 +1.748788504e+02 +2.088688504e+02 +2.088688504e+02 -3.9728e-01 +3.1682e+00 +1.7908e-01 +2.7884e+00 +4.0006e+00 -1.6007e+00 +5.3681e-01 -5.4916e-01 -5.8788e-01 -1.4333e-01
166 0 +1.700512088e+02 +1.700512088e+02 +2.040412088e+02 +2.040412088e+02 -6.6419e-01 +7.5303e-02 +2.3196e+00 +6.4715e-01 -7.8215e-01 -1.7255e+00 -1.4635e+00 +1.3550e+00 -1.9847e+00 +3.8097e+00
194 0 +1.682533062e+02 +1.682533062e+02 +2.022433062e+02 +2.022433062e+02 +7.5410e-01 -1.9282e-01 +2.8641e+00 +2.9743e-01 -1.4970e+00 -1.8207e+00 -1.8207e-01 +1.1497e+00 -2.3038e+00 +3.1242e+00
449 0 +1.480963801e+02 +1.480963801e+02 +1.820863801e+02 +1.820863801e+02 +5.5101e-02 +8.0258e-01 -3.5619e-01 +1.8689e+00 +1.8043e+00 -1.6216e+00 +7.3652e-01 -1.2024e+00 -6.3552e-01 -1.0274e+00
% f evaluations | g evaluations | best noise-free fitness - Fopt | noise-free fitness - Fopt (-1.000000000000e+03) | measured fitness | best measured fitness | x1 | x2...
1 0 +3.747147363e+02 +3.747147363e+02 -6.252852637e+02 -6.252852637e+02 -4.4971e+00 -4.4591e+00 -2.9129e+00 +2.4102e+00 -4.0793e+00 +4.1423e+00 +4.2594e+00 +4.3139e+00 +1.4065e+00 +4.3085e+00
2 0 +2.261413554e+02 +2.261413554e+02 -7.738586446e+02 -7.738586446e+02 +6.8714e-01 +2.3975e+00 +2.3011e+00 +9.9009e-01 -4.8649e-01 -9.1429e-01 +1.8156e+00 +3.1985e+00 +3.3395e+00 +1.1557e-01
18 0 +2.119561621e+02 +2.119561621e+02 -7.880438379e+02 -7.880438379e+02 -2.0352e-01 +5.7074e-01 -3.1090e+00 -4.1162e-01 +1.8344e+00 +3.5260e+00 +1.1568e+00 +2.0115e+00 +2.7954e+00 -1.0667e+00
33 0 +1.882337834e+02 +1.882337834e+02 -8.117662166e+02 -8.117662166e+02 +1.3529e+00 +2.3036e+00 -3.2825e+00 +2.6222e+00 -2.0466e-01 +7.7155e-01 -2.2013e+00 +2.3203e+00 +6.2478e-01 +2.3233e+00
117 0 +1.838551854e+02 +1.838551854e+02 -8.161448146e+02 -8.161448146e+02 -1.6704e+00 +2.7617e+00 -1.4836e+00 +2.7403e-01 +9.6230e-01 -2.1627e+00 +1.0096e+00 -3.4089e+00 +4.0640e-01 +1.3041e+00
155 0 +1.730134320e+02 +1.730134320e+02 -8.269865680e+02 -8.269865680e+02 +1.2741e+00 -3.4310e-01 -3.5974e+00 +2.3153e+00 -1.6846e-01 +2.1169e+00 -3.1803e+00 -5.8679e-01 +1.1775e-02 +1.4513e+00
184 0 +1.506031858e+02 +1.506031858e+02 -8.493968142e+02 -8.493968142e+02 +1.1210e+00 +2.5426e+00 +4.4866e-01 +2.5002e+00 -7.4713e-01 +1.4441e+00 -3.0788e+00 +2.4678e+00 +8.6967e-01 +2.2816e+00
201 0 +1.475826861e+02 +1.475826861e+02 -8.524173139e+02 -8.524173139e+02 +1.8571e+00 -1.1872e+00 -1.5478e+00 +4.7002e-01 -1.5104e+00 +1.2760e+00 -4.2072e+00 +3.3981e+00 +6.5078e-01 +1.1024e+00
% f evaluations | g evaluations | best noise-free fitness - Fopt | noise-free fitness - Fopt (-1.000000000000e+03) | measured fitness | best measured fitness | x1 | x2...
1 0 +3.969378464e+02 +3.969378464e+02 -6.030621536e+02 -6.030621536e+02 +3.3498e+00 -4.5766e+00 -2.5158e+00 +1.4591e+00 -4.9067e+00 -2.9714e+00 +2.0369e+00 +1.0178e+00 -2.6058e+00 +4.2103e+00
2 0 +2.707747218e+02 +2.707747218e+02 -7.292252782e+02 -7.292252782e+02 -3.5775e+00 -2.7003e+00 +4.0001e+00 -1.9564e+00 +2.2459e+00 -1.5900e+00 +7.2835e-01 -1.4158e-01 -1.8726e+00 +4.0168e+00
9 0 +2.679715151e+02 +2.679715151e+02 -7.320284849e+02 -7.320284849e+02 -2.7719e+00 -1.8649e+00 -3.7764e+00 +8.4926e-02 -1.6907e+00 +4.1158e+00 +4.1375e+00 +5.7570e-01 -4.4325e+00 +3.8731e+00
11 0 +2.452245651e+02 +2.452245651e+02 -7.547754349e+02 -7.547754349e+02 +2.3234e-01 -1.6351e+00 -3.7025e-01 +1.3432e+00 -1.9336e-01 -4.6641e+00 -3.8292e-01 -4.2842e+00 -1.5379e+00 +2.1631e-01
19 0 +1.857533467e+02 +1.857533467e+02 -8.142466533e+02 -8.142466533e+02 -4.0573e+00 -3.9526e+00 -2.5056e+00 +1.5931e+00 +5.0218e-01 +1.9399e+00 +3.6124e+00 -2.4170e-01 -1.1982e+00 +2.3302e+00
82 0 +1.772305151e+02 +1.772305151e+02 -8.227694849e+02 -8.227694849e+02 -8.5403e-01 -1.1285e+00 -2.4152e+00 -1.4174e+00 +9.9212e-01 +3.2730e+00 +2.2223e+00 +1.3573e+00 -7.4076e-01 +2.0987e+00
109 0 +1.591527565e+02 +1.591527565e+02 -8.408472435e+02 -8.408472435e+02 -1.5892e+00 +1.7209e+00 +5.5045e-01 +3.9553e+00 +1.7384e+00 +1.7905e+00 +1.3692e+00 -3.7388e-01 +1.3545e+00 +1.8965e+00
155 0 +1.256691129e+02 +1.256691129e+02 -8.743308871e+02 -8.743308871e+02 -3.1339e+00 -2.8322e+00 -2.7336e+00 +6.4662e-01 +1.1732e+00 +6.6443e-01 +2.2461e+00 -5.8346e-02 -1.0932e+00 +1.9562e+00
431 0 +1.049161174e+02 +1.049161174e+02 -8.950838826e+02 -8.950838826e+02 -2.0025e+00 +1.4523e+00 -1.9636e-01 +3.2859e+00 +1.9293e+00 +1.5185e+00 +1.3418e+00 +1.2426e+00 +7.3438e-01 +1.8422e+00
% f evaluations | g evaluations | best noise-free fitness - Fopt | noise-free fitness - Fopt (-1.272000000000e+01) | measured fitness | best measured fitness | x1 | x2...
1 0 +2.357376521e+02 +2.357376521e+02 +2.230176521e+02 +2.230176521e+02 -1.2152e+00 +1.6481e+00 +2.5980e+00 -1.9951e-01 -2.4592e+00 -2.4475e+00 -4.6569e-01 +2.6778e+00 +6.7257e-01 -3.5116e+00
14 0 +2.162379349e+02 +2.162379349e+02 +2.035179349e+02 +2.035179349e+02 -4.5151e+00 +2.8663e+00 -1.7839e-01 -2.9015e+00 -4.0540e+00 -5.3228e-01 +3.9909e+00 -4.3135e+00 +1.2787e+00 -4.1214e-01
15 0 +1.364559338e+02 +1.364559338e+02 +1.237359338e+02 +1.237359338e+02 +3.2001e-01 -1.6466e+00 -2.5037e-01 +1.4576e+00 +8.7808e-01 -4.1817e-01 -2.5132e+00 +2.6620e+00 +2.3383e+00 +7.3418e-01
22 0 +1.328307775e+02 +1.328307775e+02 +1.201107775e+02 +1.201107775e+02 -1.6982e+00 -9.8980e-02 -1.8097e+00 -3.2057e+00 -3.6071e+00 +2.3195e+00 +1.1123e+00 +3.1146e-01 -2.0518e+00 -2.3013e+00
179 0 +1.110734845e+02 +1.110734845e+02 +9.835348453e+01 +9.835348453e+01 -1.6787e+00 +2.2061e-01 -2.0612e+00 -2.3159e+00 -3.3659e+00 +1.5944e+00 +1.3706e+00 -8.5986e-01 -2.2204e+00 -3.2293e+00
410 0 +9.265948579e+01 +9.265948579e+01 +7.993948579e+01 +7.993948579e+01 -1.3481e+00 +7.7532e-01 +5.5290e-01 +1.3789e-01 -1.3971e+00 +1.0065e+00 +1.5431e+00 +3.7446e-01 -1.7824e+00 -2.1716e+00
2225 0 +8.024473118e+01 +8.024473118e+01 +6.752473118e+01 +6.752473118e+01 -7.8926e-01 -2.3738e-01 -4.5508e-01 -6.6100e-01 -2.2896e+00 +2.1321e+00 +1.3052e+00 +4.3531e-01 -7.2742e-01 -9.0636e-01
2472 0 +7.415534973e+01 +7.415534973e+01 +6.143534973e+01 +6.143534973e+01 -9.2534e-01 -1.6947e-01 -9.8940e-01 -9.6234e-01 -3.0254e+00 +2.0044e+00 +1.4678e+00 +4.0178e-01 -1.4306e+00 -1.7106e+00
% f evaluations | g evaluations | best noise-free fitness - Fopt | noise-free fitness - Fopt (-5.954000000000e+01) | measured fitness | best measured fitness | x1 | x2...
1 0 +4.564659017e+02 +4.564659017e+02 +3.969259017e+02 +3.969259017e+02 +1.3651e-01 -2.5289e+00 +4.0229e+00 -4.9285e+00 -3.0505e+00 -3.5808e+00 -2.5005e+00 -3.4212e+00 +2.3987e+00 -2.9301e+00
2 0 +4.380544404e+02 +4.380544404e+02 +3.785144404e+02 +3.785144404e+02 -3.9826e+00 -3.2420e+00 -2.9191e+00 -3.8601e-01 -1.3834e+00 +4.4966e+00 +4.9862e+00 +3.9735e+00 -8.2111e-01 -1.5044e+00
4 0 +2.544210059e+02 +2.544210059e+02 +1.948810059e+02 +1.948810059e+02 -4.7254e-01 -4.3079e+00 +3.5685e+00 +3.0533e+00 +3.3477e-01 +3.3733e-01 +1.1527e+00 -4.2060e+00 -3.1532e+00 -2.5213e+00
6 0 +2.360390553e+02 +2.360390553e+02 +1.764990553e+02 +1.764990553e+02 +1.6283e+00 -4.3700e+00 +3.5256e+00 +1.5648e+00 -8.4202e-02 +2.0744e-01 +2.5226e+00 +2.0610e-01 -1.1572e+00 -2.5451e+00
34 0 +2.307427265e+02 +2.307427265e+02 +1.712027265e+02 +1.712027265e+02 -4.3994e+00 -3.7366e-01 -1.8992e+00 -2.1104e+00 -2.0916e+00 -1.8165e+00 +1.4832e+00 +3.0068e+00 -3.2295e+00 -1.8256e+00
39 0 +2.105577029e+02 +2.105577029e+02 +1.510177029e+02 +1.510177029e+02 +1.8577e+00 -3.2388e+00 +3.4745e+00 +1.2087e+00 +4.4499e+00 +2.9743e+00 -2.7685e+00 +2.7561e+00 +5.4403e-01 +9.1487e-01
42 0 +1.909409027e+02 +1.909409027e+02 +1.314009027e+02 +1.314009027e+02 -2.3320e+00 -3.8795e+00 +2.0784e+00 +1.9083e+00 +3.0883e+00 -1.0232e-01 +4.1019e+00 -9.8297e-01 -8.7920e-01 +1.0660e-01
47 0 +1.675195959e+02 +1.675195959e+02 +1.079795959e+02 +1.079795959e+02 +3.7959e+00 -1.0706e+00 -9.2865e-01 +3.3906e-01 +3.1531e+00 +1.3846e+00 -6.4379e-01 +8.4059e-01 +9.6225e-01 +1.1739e+00
179 0 +1.633606322e+02 +1.633606322e+02 +1.038206322e+02 +1.038206322e+02 +4.0684e+00 -2.1003e+00 +1.6775e+00 -1.8241e+00 +2.5282e+00 +2.3904e+00 +1.4935e+00 +1.4742e+00 +7.7700e-01 -6.7422e-02
190 0 +1.492106713e+02 +1.492106713e+02 +8.967067130e+01 +8.967067130e+01 +3.1529e+00 -1.2415e+00 +8.5648e-01 +4.0706e-01 +1.0512e+00 +2.2739e+00 -1.0505e+00 -1.4311e+00 +4.0646e+00 +1.1549e+00
191 0 +1.465826195e+02 +1.465826195e+02 +8.704261953e+01 +8.704261953e+01 +4.0845e+00 +8.7650e-02 +2.4501e+00 +1.0370e-01 +3.2246e+00 +9.0630e-01 +1.4929e-01 +8.8169e-01 +1.1514e+00 +1.1751e+00
407 0 +1.372238659e+02 +1.372238659e+02 +7.768386588e+01 +7.768386588e+01 +2.0732e+00 -9.1680e-01 -8.5519e-01 +1.3431e+00 +9.8762e-01 +4.0217e-01 -5.1344e-01 +8.2782e-01 +1.2183e-01 +1.7041e+00
417 0 +1.134844943e+02 +1.134844943e+02 +5.394449430e+01 +5.394449430e+01 +1.9777e+00 -1.0776e+00 -8.9132e-01 +2.3974e+00 +1.2926e+00 +1.7322e+00 +7.5532e-01 +2.0509e+00 -3.0699e-01 +1.1214e+00
691 0 +1.038496392e+02 +1.038496392e+02 +4.430963917e+01 +4.430963917e+01 +2.7957e+00 -1.1570e+00 -9.4586e-01 +8.5400e-01 +2.1877e+00 +5.9214e-01 -6.3993e-01 +9.6335e-01 +6.2969e-01 +1.7624e+00
% f evaluations | g evaluations | best noise-free fitness - Fopt | noise-free fitness - Fopt (-1.000000000000e+03) | measured fitness | best measured fitness | x1 | x2...
1 0 +3.489764377e+02 +3.489764377e+02 -6.510235623e+02 -6.510235623e+02 +4.4045e+00 +3.0335e+00 -3.1875e+00 -2.4586e+00 -2.1248e+00 +3.2462e-01 +1.6722e+00 -2.6249e+00 +3.9943e+00 +2.8913e+00
2 0 +3.438081300e+02 +3.438081300e+02 -6.561918700e+02 -6.561918700e+02 +2.5081e+00 -3.9028e+00 -2.6054e+00 -1.2479e+00 +2.3646e+00 -1.4329e-01 +4.2912e+00 +4.5286e-01 +3.6716e-01 +1.0298e+00
5 0 +2.726687483e+02 +2.726687483e+02 -7.273312517e+02 -7.273312517e+02 +4.2094e+00 +2.8736e+00 -2.9074e+00 +4.7285e+00 -4.9183e+00 +7.5572e-01 -3.5679e-01 +4.9243e+00 -2.0283e+00 +2.5975e-01
29 0 +2.242303622e+02 +2.242303622e+02 -7.757696378e+02 -7.757696378e+02 -4.0673e-01 +4.6108e+00 -1.0631e-01 +3.2660e+00 -3.5239e+00 +3.1435e+00 +3.1626e+00 +4.5408e+00 -1.2280e+00 -2.0615e+00
51 0 +1.689504727e+02 +1.689504727e+02 -8.310495273e+02 -8.310495273e+02 -5.6020e-01 +2.5943e+00 +4.8739e-01 +3.3427e+00 -3.5230e+00 +2.4848e+00 +3.9706e+00 -6.2522e-01 -5.7703e-01 -2.1677e+00
189 0 +1.515244603e+02 +1.515244603e+02 -8.484755397e+02 -8.484755397e+02 -4.0008e-01 +4.8263e+00 +6.9065e-01 +3.2388e+00 -3.1317e+00 +1.8575e+00 +2.6737e+00 +3.1944e+00 -1.5222e+00 -2.1181e+00
424 0 +1.143122412e+02 +1.143122412e+02 -8.856877588e+02 -8.856877588e+02 +1.7389e-01 +2.9764e+00 +2.0262e+00 +3.3466e+00 -2.2571e+00 +2.0033e+00 +3.6199e+00 +1.3432e+00 -5.6638e-01 -7.1355e-01
% f evaluations | g evaluations | best noise-free fitness - Fopt | noise-free fitness - Fopt (4.303000000000e+01) | measured fitness | best measured fitness | x1 | x2...
1 0 +3.997540689e+02 +3.997540689e+02 +4.427840689e+02 +4.427840689e+02 -2.5863e+00 +8.5505e-01 +3.5732e+00 -4.2992e+00 +1.0632e+00 +2.3884e+00 -1.7435e+00 -4.6435e+00 -2.3105e+00 +3.3055e+00
3 0 +3.198264671e+02 +3.198264671e+02 +3.628564671e+02 +3.628564671e+02 +1.7616e+00 -2.2681e+00 -3.2864e+00 -1.9453e+00 +3.4582e+00 -4.5934e+00 -3.1603e+00 -4.2176e+00 -3.5798e+00 -8.3342e-01
4 0 +3.121515767e+02 +3.121515767e+02 +3.551815767e+02 +3.551815767e+02 +2.9118e+00 +3.6485e+00 -1.1022e+00 -1.1956e+00 +8.8738e-01 -3.3916e+00 +2.2612e+00 -1.9643e+00 +3.5827e+00 -1.2497e+00
7 0 +2.321873293e+02 +2.321873293e+02 +2.752173293e+02 +2.752173293e+02 +2.3981e+00 -2.0964e+00 +3.5490e+00 -1.4210e-01 +1.3862e+00 -2.9728e+00 +1.5339e+00 -3.8517e-01 +4.2567e+00 -9.0823e-01
9 0 +2.251584385e+02 +2.251584385e+02 +2.681884385e+02 +2.681884385e+02 +2.4325e+00 +7.2380e-01 -1.5538e+00 -5.6010e-01 +2.4776e+00 +2.3906e+00 +6.2525e-01 -6.0118e-01 +3.5805e+00 +9.4459e-02
17 0 +2.205787597e+02 +2.205787597e+02 +2.636087597e+02 +2.636087597e+02 -2.5127e+00 -4.3464e-01 -2.2710e+00 -3.2137e+00 -1.2247e+00 +1.6961e+00 -2.6320e+00 -3.7213e+00 -3.3332e+00 -7.7098e-01
52 0 +2.025492198e+02 +2.025492198e+02 +2.455792198e+02 +2.455792198e+02 -2.6632e+00 +1.4059e+00 -1.6438e+00 -6.2707e-01 -2.9619e-01 -8.0788e-01 -2.6294e+00 -4.7722e+00 -1.4454e+00 +7.3874e-01
68 0 +1.832888569e+02 +1.832888569e+02 +2.263188569e+02 +2.263188569e+02 +2.9739e+00 +2.4359e+00 +4.6204e+00 +7.0457e-01 -2.3958e+00 +2.3911e+00 -8.5688e-01 +1.6635e+00 -5.8217e-01 -5.1614e-01
124 0 +1.646493701e+02 +1.646493701e+02 +2.076793701e+02 +2.076793701e+02 +1.3589e+00 +1.3828e-02 -1.8909e+00 +2.4773e+00 -9.6728e-01 +1.7745e-01 +1.6999e+00 -6.2982e-01 -7.4129e-01 +1.1736e+00
410 0 +1.369623623e+02 +1.369623623e+02 +1.799923623e+02 +1.799923623e+02 +1.2706e+00 -4.5248e-01 +1.2865e+00 +2.0612e+00 -7.5272e-01 +1.0867e-01 +3.2605e+00 -3.8860e-02 +1.8131e-01 +1.5495e+00
664 0 +1.316805007e+02 +1.316805007e+02 +1.747105007e+02 +1.747105007e+02 +1.3082e+00 +2.4015e-01 +1.8748e-01 +2.5991e+00 -9.3726e-01 +1.8452e-01 +1.6445e+00 -1.0103e+00 -7.3110e-01 +9.0621e-01
669 0 +1.286953734e+02 +1.286953734e+02 +1.717253734e+02 +1.717253734e+02 +1.3585e+00 +9.4422e-03 -1.9509e+00 +2.4772e+00 -1.0104e+00 +8.9117e-01 +1.7696e+00 +8.9242e-01 -7.2378e-01 +1.3883e+00
915 0 +1.129069564e+02 +1.129069564e+02 +1.559369564e+02 +1.559369564e+02 +1.1988e+00 +2.3435e-01 -1.8696e+00 +2.6683e+00 -1.0952e+00 +4.6507e-01 +1.6758e+00 -4.5468e-01 +5.5625e-03 +1.3073e+00
954 0 +9.246347132e+01 +9.246347132e+01 +1.354934713e+02 +1.354934713e+02 +1.2835e+00 +2.0327e-01 -1.8617e+00 +2.8291e+00 -1.2558e+00 +1.1310e-01 +1.7526e+00 -4.1560e-01 -5.6331e-01 +1.4766e+00
