% f evaluations | g evaluations | best noise-free fitness - Fopt | noise-free fitness - Fopt (-1.694000000000e+01) | measured fitness | best measured fitness | x1 | x2...
1 0 +4.929612160e+02 +4.929612160e+02 +4.760212160e+02 +4.760212160e+02 -4.3242e+00 -3.1079e+00
2 0 +1.943447768e+01 +1.943447768e+01 +2.494477678e+00 +2.494477678e+00 +4.9710e+00 +4.8023e+00
6 0 +1.532271604e+00 +1.532271604e+00 -1.540772840e+01 -1.540772840e+01 +3.8781e+00 +1.2170e+00
1325 0 +1.052791488e+00 +1.052791488e+00 -1.588720851e+01 -1.588720851e+01 +3.3576e+00 +3.5561e+00
11635 0 +7.705565282e-01 +7.705565282e-01 -1.616944347e+01 -1.616944347e+01 +3.7398e+00 +3.0386e+00
30060 0 +6.353329394e-01 +6.353329394e-01 -1.630466706e+01 -1.630466706e+01 +3.4736e+00 +3.0510e+00
30725 0 +3.868157833e-01 +3.868157833e-01 -1.655318422e+01 -1.655318422e+01 +3.5365e+00 +2.6160e+00
30827 0 +2.464495577e-01 +2.464495577e-01 -1.669355044e+01 -1.669355044e+01 +3.6261e+00 +2.7773e+00
36951 0 +2.447864824e-01 +2.447864824e-01 -1.669521352e+01 -1.669521352e+01 +3.5407e+00 +2.5617e+00
37920 0 +1.002924085e-01 +1.002924085e-01 -1.683970759e+01 -1.683970759e+01 +3.6034e+00 +2.5881e+00
43587 0 +7.904631698e-02 +7.904631698e-02 -1.686095368e+01 -1.686095368e+01 +3.6627e+00 +2.4982e+00
60939 0 +5.759958968e-02 +5.759958968e-02 -1.688240041e+01 -1.688240041e+01 +3.6442e+00 +2.6059e+00
69005 0 +5.728068806e-02 +5.728068806e-02 -1.688271931e+01 -1.688271931e+01 +3.6525e+00 +2.5379e+00
69209 0 +1.718276292e-02 +1.718276292e-02 -1.692281724e+01 -1.692281724e+01 +3.6514e+00 +2.5450e+00
106569 0 +7.548374896e-03 +7.548374896e-03 -1.693245163e+01 -1.693245163e+01 +3.6558e+00 +2.5435e+00
% f evaluations | g evaluations | best noise-free fitness - Fopt | noise-free fitness - Fopt (1.881000000000e+01) | measured fitness | best measured fitness | x1 | x2...
1 0 +5.196631967e+02 +5.196631967e+02 +5.384731967e+02 +5.384731967e+02 +4.5735e+00 -3.7230e+00
2 0 +2.031516882e+01 +2.031516882e+01 +3.912516882e+01 +3.912516882e+01 -3.4727e+00 -1.4706e+00
3 0 +1.972821778e+01 +1.972821778e+01 +3.853821778e+01 +3.853821778e+01 -3.2640e+00 +3.4681e-01
6 0 +5.479548640e+00 +5.479548640e+00 +2.428954864e+01 +2.428954864e+01 -2.8638e+00 +3.2149e+00
8 0 +2.969788421e+00 +2.969788421e+00 +2.177978842e+01 +2.177978842e+01 +9.7787e-01 +1.6302e+00
30 0 +1.729721295e-01 +1.729721295e-01 +1.898297213e+01 +1.898297213e+01 -1.2983e-01 +1.7451e+00
21537 0 +1.477290563e-01 +1.477290563e-01 +1.895772906e+01 +1.895772906e+01 -2.2431e-01 +1.7898e+00
22200 0 +9.895549905e-02 +9.895549905e-02 +1.890895550e+01 +1.890895550e+01 -8.9704e-02 +1.7844e+00
23375 0 +8.271703832e-02 +8.271703832e-02 +1.889271704e+01 +1.889271704e+01 -2.4929e-01 +1.7763e+00
26182 0 +6.206123872e-02 +6.206123872e-02 +1.887206124e+01 +1.887206124e+01 -1.3924e-01 +1.7570e+00
26998 0 +3.371036642e-02 +3.371036642e-02 +1.884371037e+01 +1.884371037e+01 -2.0025e-01 +1.7827e+00
27100 0 +1.941109102e-02 +1.941109102e-02 +1.882941109e+01 +1.882941109e+01 -1.9137e-01 +1.7792e+00
34399 0 +7.677856993e-03 +7.677856993e-03 +1.881767786e+01 +1.881767786e+01 -1.9521e-01 +1.7790e+00
% f evaluations | g evaluations | best noise-free fitness - Fopt | noise-free fitness - Fopt (2.731500000000e+02) | measured fitness | best measured fitness | x1 | x2...
1 0 +3.446467970e+01 +3.446467970e+01 +3.076146797e+02 +3.076146797e+02 -7.9083e-01 -2.9224e+00
2 0 +3.169979226e+01 +3.169979226e+01 +3.048497923e+02 +3.048497923e+02 +2.2844e+00 -4.1243e+00
3 0 +2.994529680e+01 +2.994529680e+01 +3.030952968e+02 +3.030952968e+02 -1.6278e+00 -2.4765e+00
4 0 +2.033437612e+01 +2.033437612e+01 +2.934843761e+02 +2.934843761e+02 +1.4207e+00 -4.4424e-01
8 0 +1.156909746e+01 +1.156909746e+01 +2.847190975e+02 +2.847190975e+02 -2.6351e+00 +4.5062e-01
12 0 +9.066964912e+00 +9.066964912e+00 +2.822169649e+02 +2.822169649e+02 -3.3135e+00 +3.1807e-01
15 0 +8.477429803e+00 +8.477429803e+00 +2.816274298e+02 +2.816274298e+02 -4.6607e+00 +2.2191e+00
17 0 +7.818341255e+00 +7.818341255e+00 +2.809683413e+02 +2.809683413e+02 -2.8175e+00 +9.2884e-03
34 0 +7.049723411e+00 +7.049723411e+00 +2.801997234e+02 +2.801997234e+02 -3.7323e+00 -3.0849e-01
917 0 +6.827574652e+00 +6.827574652e+00 +2.799775747e+02 +2.799775747e+02 -3.8538e+00 -5.8193e-01
2755 0 +6.387774986e+00 +6.387774986e+00 +2.795377750e+02 +2.795377750e+02 -1.7731e+00 +2.8887e+00
7398 0 +6.305170475e+00 +6.305170475e+00 +2.794551705e+02 +2.794551705e+02 -1.6543e+00 +3.1783e+00
8522 0 +5.296727837e+00 +5.296727837e+00 +2.784467278e+02 +2.784467278e+02 -2.0339e+00 +3.3558e+00
12094 0 +5.052710801e+00 +5.052710801e+00 +2.782027108e+02 +2.782027108e+02 -2.2404e+00 +2.8627e+00
14238 0 +3.132176420e+00 +3.132176420e+00 +2.762821764e+02 +2.762821764e+02 -2.8022e+00 +3.0822e+00
14646 0 +2.471479041e+00 +2.471479041e+00 +2.756214790e+02 +2.756214790e+02 -3.0568e+00 +3.0673e+00
16790 0 +1.292613519e+00 +1.292613519e+00 +2.744426135e+02 +2.744426135e+02 -3.6030e+00 +3.0605e+00
17453 0 +1.259620578e+00 +1.259620578e+00 +2.744096206e+02 +2.744096206e+02 -3.1963e+00 +4.2182e+00
19342 0 +8.148561351e-01 +8.148561351e-01 +2.739648561e+02 +2.739648561e+02 -3.7937e+00 +3.8625e+00
23426 0 +7.363337070e-01 +7.363337070e-01 +2.738863337e+02 +2.738863337e+02 -3.4130e+00 +4.0716e+00
30776 0 +2.436215211e-01 +2.436215211e-01 +2.733936215e+02 +2.733936215e+02 -3.4328e+00 +4.0459e+00
35113 0 +1.574988824e-01 +1.574988824e-01 +2.733074989e+02 +2.733074989e+02 -3.5201e+00 +3.9469e+00
36645 0 +1.276071004e-01 +1.276071004e-01 +2.732776071e+02 +2.732776071e+02 -3.5662e+00 +3.7085e+00
39503 0 +1.094734788e-01 +1.094734788e-01 +2.732594735e+02 +2.732594735e+02 -3.6067e+00 +3.6958e+00
41290 0 +1.007579792e-01 +1.007579792e-01 +2.732507580e+02 +2.732507580e+02 -3.5285e+00 +3.8804e+00
43177 0 +9.865494546e-02 +9.865494546e-02 +2.732486549e+02 +2.732486549e+02 -3.6007e+00 +3.7814e+00
43638 0 +9.392447777e-02 +9.392447777e-02 +2.732439245e+02 +2.732439245e+02 -3.5778e+00 +3.7721e+00
44607 0 +5.914167489e-02 +5.914167489e-02 +2.732091417e+02 +2.732091417e+02 -3.5938e+00 +3.7663e+00
45576 0 +2.087033129e-02 +2.087033129e-02 +2.731708703e+02 +2.731708703e+02 -3.5763e+00 +3.7700e+00
84470 0 +6.791165307e-03 +6.791165307e-03 +2.731567912e+02 +2.731567912e+02 -3.5811e+00 +3.7507e+00
% f evaluations | g evaluations | best noise-free fitness - Fopt | noise-free fitness - Fopt (3.718000000000e+01) | measured fitness | best measured fitness | x1 | x2...
1 0 +1.407260384e+02 +1.407260384e+02 +1.779060384e+02 +1.779060384e+02 +3.2303e+00 +3.9755e+00
2 0 +1.773566027e+00 +1.773566027e+00 +3.895356603e+01 +3.895356603e+01 -2.8025e+00 +2.0659e+00
2857 0 +9.112802639e-01 +9.112802639e-01 +3.809128026e+01 +3.809128026e+01 -3.1318e+00 +2.1081e+00
3010 0 +7.912137121e-01 +7.912137121e-01 +3.797121371e+01 +3.797121371e+01 -4.0548e+00 +2.0341e+00
19648 0 +5.499587542e-01 +5.499587542e-01 +3.772995875e+01 +3.772995875e+01 -3.8245e+00 +2.2858e+00
21843 0 +3.087717996e-01 +3.087717996e-01 +3.748877180e+01 +3.748877180e+01 -3.7806e+00 +2.1491e+00
25109 0 +2.787836486e-01 +2.787836486e-01 +3.745878365e+01 +3.745878365e+01 -3.7070e+00 +2.1206e+00
27865 0 +2.518416479e-01 +2.518416479e-01 +3.743184165e+01 +3.743184165e+01 -3.8383e+00 +2.1179e+00
30366 0 +2.433111442e-01 +2.433111442e-01 +3.742331114e+01 +3.742331114e+01 -3.6547e+00 +2.0706e+00
31898 0 +9.304061423e-02 +9.304061423e-02 +3.727304061e+01 +3.727304061e+01 -3.9176e+00 +2.0566e+00
51498 0 +7.566538274e-03 +7.566538274e-03 +3.718756654e+01 +3.718756654e+01 -3.9036e+00 +2.0584e+00
% f evaluations | g evaluations | best noise-free fitness - Fopt | noise-free fitness - Fopt (-1.479000000000e+02) | measured fitness | best measured fitness | x1 | x2...
1 0 +2.522710389e+01 +2.522710389e+01 -1.226728961e+02 -1.226728961e+02 -2.5378e+00 -4.3434e+00
5 0 +2.171753792e+01 +2.171753792e+01 -1.261824621e+02 -1.261824621e+02 -4.1473e+00 -2.3788e+00
7 0 +3.615519465e+00 +3.615519465e+00 -1.442844805e+02 -1.442844805e+02 -2.0325e+00 -6.2574e-01
11 0 +1.754018098e+00 +1.754018098e+00 -1.461459819e+02 -1.461459819e+02 -2.2911e+00 +2.0273e-01
8216 0 +1.511631411e+00 +1.511631411e+00 -1.463883686e+02 -1.463883686e+02 -6.3267e-01 -4.3943e-01
15464 0 +1.475734441e+00 +1.475734441e+00 -1.464242656e+02 -1.464242656e+02 -7.3854e-01 -8.7592e-01
16178 0 +1.431916430e+00 +1.431916430e+00 -1.464680836e+02 -1.464680836e+02 -6.2026e-01 -8.0931e-01
16382 0 +1.389601455e+00 +1.389601455e+00 -1.465103985e+02 -1.465103985e+02 -7.7672e-01 -8.5666e-01
24395 0 +1.116471766e+00 +1.116471766e+00 -1.467835282e+02 -1.467835282e+02 -8.6228e-01 -5.3093e-01
26284 0 +1.048278249e+00 +1.048278249e+00 -1.468517218e+02 -1.468517218e+02 -9.4406e-01 -5.9899e-01
30827 0 +1.046018583e+00 +1.046018583e+00 -1.468539814e+02 -1.468539814e+02 -8.2428e-01 -5.3089e-01
33277 0 +7.984450358e-01 +7.984450358e-01 -1.471015550e+02 -1.471015550e+02 -1.1688e+00 -3.7750e-01
34603 0 +7.588160770e-01 +7.588160770e-01 -1.471411839e+02 -1.471411839e+02 -1.0700e+00 -3.5121e-01
36390 0 +5.348378329e-01 +5.348378329e-01 -1.473651622e+02 -1.473651622e+02 -1.2293e+00 -1.9887e-01
37767 0 +4.497147240e-01 +4.497147240e-01 -1.474502853e+02 -1.474502853e+02 -1.5831e+00 +1.2277e-01
41545 0 +3.640982299e-01 +3.640982299e-01 -1.475359018e+02 -1.475359018e+02 -1.5402e+00 -1.0198e-01
46853 0 +2.542065844e-01 +2.542065844e-01 -1.476457934e+02 -1.476457934e+02 -1.5139e+00 -3.2681e-02
48383 0 +6.443694918e-02 +6.443694918e-02 -1.478355631e+02 -1.478355631e+02 -1.6438e+00 +9.3850e-02
56908 0 +5.002884494e-03 +5.002884494e-03 -1.478949971e+02 -1.478949971e+02 -1.6719e+00 +1.3701e-01
% f evaluations | g evaluations | best noise-free fitness - Fopt | noise-free fitness - Fopt (4.817100000000e+02) | measured fitness | best measured fitness | x1 | x2...
1 0 +7.023514748e+01 +7.023514748e+01 +5.519451475e+02 +5.519451475e+02 +2.6844e-01 +6.2721e-01
3 0 +4.156496870e+01 +4.156496870e+01 +5.232749687e+02 +5.232749687e+02 -2.4575e+00 -3.5627e+00
4 0 +2.863053040e+01 +2.863053040e+01 +5.103405304e+02 +5.103405304e+02 +4.5769e+00 +1.5688e+00
6 0 +1.183038973e+01 +1.183038973e+01 +4.935403897e+02 +4.935403897e+02 -2.7744e+00 -3.7806e+00
19 0 +8.582994019e+00 +8.582994019e+00 +4.902929940e+02 +4.902929940e+02 +1.3253e+00 -8.7651e-01
31 0 +8.472979039e+00 +8.472979039e+00 +4.901829790e+02 +4.901829790e+02 +1.5214e+00 -1.2420e+00
37 0 +1.637129818e+00 +1.637129818e+00 +4.833471298e+02 +4.833471298e+02 +1.2080e+00 -3.6016e+00
356 0 +7.428134035e-01 +7.428134035e-01 +4.824528134e+02 +4.824528134e+02 +1.2752e+00 -3.0146e+00
1019 0 +4.697955759e-01 +4.697955759e-01 +4.821797956e+02 +4.821797956e+02 +1.1131e+00 -2.9444e+00
6021 0 +2.830947162e-01 +2.830947162e-01 +4.819930947e+02 +4.819930947e+02 +9.6021e-01 -2.8503e+00
13065 0 +7.155681035e-02 +7.155681035e-02 +4.817815568e+02 +4.817815568e+02 +1.0300e+00 -2.9402e+00
14901 0 +6.785750570e-02 +6.785750570e-02 +4.817778575e+02 +4.817778575e+02 +1.0296e+00 -2.9299e+00
31796 0 +5.766818190e-02 +5.766818190e-02 +4.817676682e+02 +4.817676682e+02 +1.0217e+00 -3.0054e+00
37818 0 +4.516934793e-02 +4.516934793e-02 +4.817551693e+02 +4.817551693e+02 +1.0361e+00 -3.0292e+00
53385 0 +3.495629256e-02 +3.495629256e-02 +4.817449563e+02 +4.817449563e+02 +1.0514e+00 -2.9861e+00
60990 0 +3.244455970e-02 +3.244455970e-02 +4.817424446e+02 +4.817424446e+02 +1.0340e+00 -3.0301e+00
167307 0 +3.232564787e-02 +3.232564787e-02 +4.817423256e+02 +4.817423256e+02 +1.0449e+00 -2.9630e+00
229116 0 +1.973850274e-02 +1.973850274e-02 +4.817297385e+02 +4.817297385e+02 +1.0352e+00 -3.0123e+00
352991 0 +1.941329247e-02 +1.941329247e-02 +4.817294133e+02 +4.817294133e+02 +1.0358e+00 -3.0148e+00
396222 0 +1.796343734e-02 +1.796343734e-02 +4.817279634e+02 +4.817279634e+02 +1.0359e+00 -3.0110e+00
% f evaluations | g evaluations | best noise-free fitness - Fopt | noise-free fitness - Fopt (-3.646000000000e+01) | measured fitness | best measured fitness | x1 | x2...
1 0 +3.297728575e+02 +3.297728575e+02 +2.933128575e+02 +2.933128575e+02 +2.8215e-01 +2.9910e+00
2 0 +7.086037622e+01 +7.086037622e+01 +3.440037622e+01 +3.440037622e+01 +3.8686e+00 +2.9971e+00
4 0 +4.163997911e+00 +4.163997911e+00 -3.229600209e+01 -3.229600209e+01 +2.2551e+00 -3.9787e+00
6 0 +3.120038435e+00 +3.120038435e+00 -3.333996156e+01 -3.333996156e+01 +3.3362e+00 -3.3529e+00
14 0 +1.868135718e+00 +1.868135718e+00 -3.459186428e+01 -3.459186428e+01 +2.9439e+00 -3.0805e+00
254 0 +7.834537070e-01 +7.834537070e-01 -3.567654629e+01 -3.567654629e+01 +2.5436e+00 -3.4407e+00
2908 0 +7.560437535e-01 +7.560437535e-01 -3.570395625e+01 -3.570395625e+01 +1.7077e+00 -2.1532e+00
6633 0 +6.106143446e-01 +6.106143446e-01 -3.584938566e+01 -3.584938566e+01 +1.9239e+00 -2.3218e+00
11227 0 +4.861292843e-01 +4.861292843e-01 -3.597387072e+01 -3.597387072e+01 +1.8587e+00 -2.4785e+00
22455 0 +2.440498010e-01 +2.440498010e-01 -3.621595020e+01 -3.621595020e+01 +1.9494e+00 -2.5942e+00
38789 0 +2.385244356e-01 +2.385244356e-01 -3.622147556e+01 -3.622147556e+01 +2.1634e+00 -2.9174e+00
38891 0 +1.636666534e-01 +1.636666534e-01 -3.629633335e+01 -3.629633335e+01 +2.0995e+00 -2.7181e+00
45117 0 +1.326600225e-01 +1.326600225e-01 -3.632733998e+01 -3.632733998e+01 +2.1319e+00 -2.7980e+00
47057 0 +6.762116019e-02 +6.762116019e-02 -3.639237884e+01 -3.639237884e+01 +2.1445e+00 -2.8920e+00
49252 0 +5.854528383e-02 +5.854528383e-02 -3.640145472e+01 -3.640145472e+01 +2.1026e+00 -2.8229e+00
52161 0 +5.062204760e-02 +5.062204760e-02 -3.640937795e+01 -3.640937795e+01 +2.1032e+00 -2.8356e+00
68136 0 +4.674313502e-02 +4.674313502e-02 -3.641325686e+01 -3.641325686e+01 +2.1331e+00 -2.8744e+00
78599 0 +4.129912619e-02 +4.129912619e-02 -3.641870087e+01 -3.641870087e+01 +2.1093e+00 -2.8348e+00
90645 0 +1.525009743e-02 +1.525009743e-02 -3.644474990e+01 -3.644474990e+01 +2.1255e+00 -2.8546e+00
% f evaluations | g evaluations | best noise-free fitness - Fopt | noise-free fitness - Fopt (3.920000000000e+01) | measured fitness | best measured fitness | x1 | x2...
1 0 +7.323275609e+00 +7.323275609e+00 +4.652327561e+01 +4.652327561e+01 +4.7194e+00 +3.3306e+00
13 0 +4.273046325e+00 +4.273046325e+00 +4.347304633e+01 +4.347304633e+01 +2.7351e+00 +2.0197e+00
21 0 +4.000469985e+00 +4.000469985e+00 +4.320046998e+01 +4.320046998e+01 +2.2210e+00 +1.6781e+00
40 0 +2.095272766e+00 +2.095272766e+00 +4.129527277e+01 +4.129527277e+01 +3.7950e+00 +1.4143e+00
2090 0 +1.942417209e+00 +1.942417209e+00 +4.114241721e+01 +4.114241721e+01 +3.3721e+00 +1.0603e+00
2704 0 +1.863067470e+00 +1.863067470e+00 +4.106306747e+01 +4.106306747e+01 +3.2825e+00 +2.0221e+00
2857 0 +9.883716922e-02 +9.883716922e-02 +3.929883717e+01 +3.929883717e+01 +3.6952e+00 +1.6451e+00
8114 0 +6.562889778e-02 +6.562889778e-02 +3.926562890e+01 +3.926562890e+01 +3.7382e+00 +1.6731e+00
10001 0 +3.371194110e-02 +3.371194110e-02 +3.923371194e+01 +3.923371194e+01 +3.7340e+00 +1.6373e+00
42361 0 +1.855080029e-02 +1.855080029e-02 +3.921855080e+01 +3.921855080e+01 +3.7106e+00 +1.6201e+00
47516 0 +7.717476023e-03 +7.717476023e-03 +3.920771748e+01 +3.920771748e+01 +3.7269e+00 +1.6321e+00
92789 0 +3.884449643e-03 +3.884449643e-03 +3.920388445e+01 +3.920388445e+01 +3.7223e+00 +1.6305e+00
% f evaluations | g evaluations | best noise-free fitness - Fopt | noise-free fitness - Fopt (-3.225000000000e+01) | measured fitness | best measured fitness | x1 | x2...
1 0 +6.552773411e+01 +6.552773411e+01 +3.327773411e+01 +3.327773411e+01 -1.7863e+00 +2.3309e+00
2 0 +1.204000338e+01 +1.204000338e+01 -2.020999662e+01 -2.020999662e+01 +8.8486e-02 +1.6697e+00
4 0 +3.742628317e+00 +3.742628317e+00 -2.850737168e+01 -2.850737168e+01 +2.6197e+00 +1.1822e+00
1325 0 +3.131942793e+00 +3.131942793e+00 -2.911805721e+01 -2.911805721e+01 +3.1894e+00 +4.2363e-01
2498 0 +5.400369037e-01 +5.400369037e-01 -3.170996310e+01 -3.170996310e+01 +3.3424e+00 +9.4006e-01
2755 0 +3.555677477e-01 +3.555677477e-01 -3.189443225e+01 -3.189443225e+01 +3.3169e+00 +1.0263e+00
3265 0 +2.858377021e-01 +2.858377021e-01 -3.196416230e+01 -3.196416230e+01 +3.3330e+00 +1.0419e+00
8267 0 +1.987596501e-01 +1.987596501e-01 -3.205124035e+01 -3.205124035e+01 +3.4717e+00 +1.0776e+00
11584 0 +5.795526176e-02 +5.795526176e-02 -3.219204474e+01 -3.219204474e+01 +3.5194e+00 +1.0477e+00
33277 0 +3.813127735e-02 +3.813127735e-02 -3.221186872e+01 -3.221186872e+01 +3.6255e+00 +1.0659e+00
37512 0 +3.479541438e-02 +3.479541438e-02 -3.221520459e+01 -3.221520459e+01 +3.5582e+00 +1.0496e+00
38534 0 +7.648081020e-03 +7.648081020e-03 -3.224235192e+01 -3.224235192e+01 +3.5994e+00 +1.0599e+00
248563 0 +2.064049819e-03 +2.064049819e-03 -3.224793595e+01 -3.224793595e+01 +3.5958e+00 +1.0617e+00
% f evaluations | g evaluations | best noise-free fitness - Fopt | noise-free fitness - Fopt (3.681200000000e+02) | measured fitness | best measured fitness | x1 | x2...
1 0 +7.274285339e+01 +7.274285339e+01 +4.408628534e+02 +4.408628534e+02 -2.4544e+00 -4.2068e+00
2 0 +1.326895506e+01 +1.326895506e+01 +3.813889551e+02 +3.813889551e+02 -4.2767e+00 -2.9828e+00
5 0 +7.231074616e+00 +7.231074616e+00 +3.753510746e+02 +3.753510746e+02 -2.8929e+00 -4.2388e-01
8 0 +2.097282370e+00 +2.097282370e+00 +3.702172824e+02 +3.702172824e+02 -2.4417e+00 -4.9069e-01
1835 0 +1.733989533e+00 +1.733989533e+00 +3.698539895e+02 +3.698539895e+02 -2.6787e+00 -1.4999e+00
1886 0 +1.418081103e+00 +1.418081103e+00 +3.695380811e+02 +3.695380811e+02 -2.4611e+00 -1.6335e+00
2141 0 +1.151589022e+00 +1.151589022e+00 +3.692715890e+02 +3.692715890e+02 -2.2403e+00 -1.4857e+00
2396 0 +2.158805706e-01 +2.158805706e-01 +3.683358806e+02 +3.683358806e+02 -2.5389e+00 -1.1634e+00
26743 0 +1.605762808e-01 +1.605762808e-01 +3.682805763e+02 +3.682805763e+02 -2.3043e+00 -1.0843e+00
31439 0 +1.256652258e-01 +1.256652258e-01 +3.682456652e+02 +3.682456652e+02 -2.4791e+00 -1.0755e+00
32459 0 +3.347067994e-02 +3.347067994e-02 +3.681534707e+02 +3.681534707e+02 -2.4914e+00 -1.0856e+00
53079 0 +3.195523087e-02 +3.195523087e-02 +3.681519552e+02 +3.681519552e+02 -2.4491e+00 -1.0800e+00
102436 0 +1.768060674e-02 +1.768060674e-02 +3.681376806e+02 +3.681376806e+02 -2.4684e+00 -1.0927e+00
242643 0 +8.005504153e-03 +8.005504153e-03 +3.681280055e+02 +3.681280055e+02 -2.4567e+00 -1.0903e+00
% f evaluations | g evaluations | best noise-free fitness - Fopt | noise-free fitness - Fopt (4.739000000000e+01) | measured fitness | best measured fitness | x1 | x2...
1 0 +7.292468264e+01 +7.292468264e+01 +1.203146826e+02 +1.203146826e+02 +2.7548e+00 -3.6623e+00
2 0 +2.353778664e+01 +2.353778664e+01 +7.092778664e+01 +7.092778664e+01 -5.7252e-01 -1.5616e+00
3 0 +2.171069548e+01 +2.171069548e+01 +6.910069548e+01 +6.910069548e+01 -3.2266e+00 -3.5270e+00
4 0 +2.123529967e+01 +2.123529967e+01 +6.862529967e+01 +6.862529967e+01 -7.5152e-01 -2.0591e+00
7 0 +2.005346202e+01 +2.005346202e+01 +6.744346202e+01 +6.744346202e+01 +3.1065e+00 +4.5061e+00
8 0 +4.726724845e+00 +4.726724845e+00 +5.211672485e+01 +5.211672485e+01 +1.0397e-01 +2.7904e+00
9 0 +3.780395933e+00 +3.780395933e+00 +5.117039593e+01 +5.117039593e+01 +6.6111e-01 +4.5606e+00
14 0 +3.343379221e+00 +3.343379221e+00 +5.073337922e+01 +5.073337922e+01 +5.4999e-01 +2.4951e+00
37 0 +1.156655871e+00 +1.156655871e+00 +4.854665587e+01 +4.854665587e+01 +2.8701e-02 +3.3387e+00
17198 0 +1.145613311e+00 +1.145613311e+00 +4.853561331e+01 +4.853561331e+01 -9.5440e-02 +3.5442e+00
21690 0 +1.035510689e+00 +1.035510689e+00 +4.842551069e+01 +4.842551069e+01 -1.5027e-01 +3.5850e+00
23016 0 +9.027100547e-01 +9.027100547e-01 +4.829271005e+01 +4.829271005e+01 -1.9007e-01 +3.2764e+00
23426 0 +8.648197067e-01 +8.648197067e-01 +4.825481971e+01 +4.825481971e+01 -3.2961e-01 +3.3214e+00
25517 0 +7.500115852e-01 +7.500115852e-01 +4.814001159e+01 +4.814001159e+01 -1.7175e-01 +2.7974e+00
26590 0 +5.716196647e-01 +5.716196647e-01 +4.796161966e+01 +4.796161966e+01 -2.5571e-01 +3.1092e+00
27406 0 +3.636429198e-01 +3.636429198e-01 +4.775364292e+01 +4.775364292e+01 -3.8815e-01 +2.9627e+00
30570 0 +3.261949253e-01 +3.261949253e-01 +4.771619493e+01 +4.771619493e+01 -5.6008e-01 +2.6014e+00
30725 0 +2.661088663e-01 +2.661088663e-01 +4.765610887e+01 +4.765610887e+01 -5.3212e-01 +2.7749e+00
30776 0 +2.333002231e-01 +2.333002231e-01 +4.762330022e+01 +4.762330022e+01 -4.9373e-01 +2.7153e+00
30929 0 +1.921702001e-01 +1.921702001e-01 +4.758217020e+01 +4.758217020e+01 -4.1616e-01 +2.7005e+00
31796 0 +8.425285756e-02 +8.425285756e-02 +4.747425286e+01 +4.747425286e+01 -4.6530e-01 +2.6779e+00
33379 0 +5.257971925e-02 +5.257971925e-02 +4.744257972e+01 +4.744257972e+01 -4.7957e-01 +2.6582e+00
45729 0 +1.219496737e-02 +1.219496737e-02 +4.740219497e+01 +4.740219497e+01 -4.9848e-01 +2.6327e+00
% f evaluations | g evaluations | best noise-free fitness - Fopt | noise-free fitness - Fopt (-3.428900000000e+02) | measured fitness | best measured fitness | x1 | x2...
1 0 +3.830558699e+01 +3.830558699e+01 -3.045844130e+02 -3.045844130e+02 -2.5691e-01 -3.3444e-01
5 0 +1.565687903e+01 +1.565687903e+01 -3.272331210e+02 -3.272331210e+02 -1.6398e+00 -4.7318e+00
8 0 +1.544616181e+01 +1.544616181e+01 -3.274438382e+02 -3.274438382e+02 +3.5087e+00 +1.7532e+00
10 0 +4.705927775e+00 +4.705927775e+00 -3.381840722e+02 -3.381840722e+02 +3.1086e+00 -3.8456e+00
30 0 +4.010078536e+00 +4.010078536e+00 -3.388799215e+02 -3.388799215e+02 +2.4711e+00 -1.4751e+00
32 0 +2.111055117e+00 +2.111055117e+00 -3.407789449e+02 -3.407789449e+02 +1.2497e+00 -4.2575e+00
713 0 +1.883146725e+00 +1.883146725e+00 -3.410068533e+02 -3.410068533e+02 +1.8459e+00 -2.2981e+00
866 0 +1.773176509e+00 +1.773176509e+00 -3.411168235e+02 -3.411168235e+02 +2.0311e+00 -2.7114e+00
1325 0 +1.410494799e+00 +1.410494799e+00 -3.414795052e+02 -3.414795052e+02 +1.6996e+00 -2.8397e+00
1988 0 +1.050685748e+00 +1.050685748e+00 -3.418393143e+02 -3.418393143e+02 +1.8699e+00 -2.7659e+00
2141 0 +1.732398399e-01 +1.732398399e-01 -3.427167602e+02 -3.427167602e+02 +2.3815e+00 -2.6247e+00
18985 0 +1.635014446e-01 +1.635014446e-01 -3.427264986e+02 -3.427264986e+02 +2.3721e+00 -2.6050e+00
19138 0 +1.605365622e-01 +1.605365622e-01 -3.427294634e+02 -3.427294634e+02 +2.2250e+00 -2.7131e+00
19342 0 +9.984954007e-02 +9.984954007e-02 -3.427901505e+02 -3.427901505e+02 +2.2386e+00 -2.7260e+00
20107 0 +9.111658234e-02 +9.111658234e-02 -3.427988834e+02 -3.427988834e+02 +2.2448e+00 -2.7431e+00
32561 0 +4.996387215e-02 +4.996387215e-02 -3.428400361e+02 -3.428400361e+02 +2.2687e+00 -2.7537e+00
62930 0 +3.313498162e-02 +3.313498162e-02 -3.428568650e+02 -3.428568650e+02 +2.2439e+00 -2.7537e+00
63134 0 +1.765547394e-02 +1.765547394e-02 -3.428723445e+02 -3.428723445e+02 +2.2560e+00 -2.7549e+00
302971 0 +1.401666276e-02 +1.401666276e-02 -3.428759833e+02 -3.428759833e+02 +2.2416e+00 -2.7774e+00
304299 0 +1.376796938e-02 +1.376796938e-02 -3.428762320e+02 -3.428762320e+02 +2.2455e+00 -2.7732e+00
% f evaluations | g evaluations | best noise-free fitness - Fopt | noise-free fitness - Fopt (9.102000000000e+01) | measured fitness | best measured fitness | x1 | x2...
1 0 +3.149773135e+01 +3.149773135e+01 +1.225177313e+02 +1.225177313e+02 +4.1861e+00 -2.6589e+00
2 0 +4.354896202e+00 +4.354896202e+00 +9.537489620e+01 +9.537489620e+01 +3.0869e+00 -4.4604e-01
16 0 +4.074316587e+00 +4.074316587e+00 +9.509431659e+01 +9.509431659e+01 +3.2773e+00 -7.1971e-01
23 0 +3.488442430e+00 +3.488442430e+00 +9.450844243e+01 +9.450844243e+01 +1.3619e+00 +1.9035e-01
39 0 +1.004646621e+00 +1.004646621e+00 +9.202464662e+01 +9.202464662e+01 +1.2732e+00 -5.9935e-01
50 0 +2.477120981e-01 +2.477120981e-01 +9.126771210e+01 +9.126771210e+01 +3.0845e-01 -1.0178e+00
815 0 +1.762686574e-01 +1.762686574e-01 +9.119626866e+01 +9.119626866e+01 +5.6760e-01 -9.0897e-01
917 0 +8.338947174e-02 +8.338947174e-02 +9.110338947e+01 +9.110338947e+01 +5.9233e-01 -8.5602e-01
25466 0 +5.138390598e-02 +5.138390598e-02 +9.107138391e+01 +9.107138391e+01 +5.2159e-01 -8.9516e-01
29397 0 +3.518799249e-02 +3.518799249e-02 +9.105518799e+01 +9.105518799e+01 +5.6918e-01 -8.7413e-01
42463 0 +2.524660420e-02 +2.524660420e-02 +9.104524660e+01 +9.104524660e+01 +5.5808e-01 -8.7002e-01
80896 0 +2.221080659e-02 +2.221080659e-02 +9.104221081e+01 +9.104221081e+01 +5.4043e-01 -8.8278e-01
80947 0 +5.934897275e-03 +5.934897275e-03 +9.102593490e+01 +9.102593490e+01 +5.6058e-01 -8.7460e-01
205587 0 +3.021736191e-03 +3.021736191e-03 +9.102302174e+01 +9.102302174e+01 +5.6512e-01 -8.7346e-01
% f evaluations | g evaluations | best noise-free fitness - Fopt | noise-free fitness - Fopt (7.324200000000e+02) | measured fitness | best measured fitness | x1 | x2...
1 0 +2.565395934e+01 +2.565395934e+01 +7.580739593e+02 +7.580739593e+02 +1.3042e+00 +4.3722e+00
4 0 +1.123461766e+01 +1.123461766e+01 +7.436546177e+02 +7.436546177e+02 -1.8586e+00 +3.3683e-01
6 0 +1.014298196e+01 +1.014298196e+01 +7.425629820e+02 +7.425629820e+02 +4.4332e-01 -1.3621e+00
7 0 +8.259868662e+00 +8.259868662e+00 +7.406798687e+02 +7.406798687e+02 -4.5303e+00 +2.3595e+00
14 0 +5.307008754e+00 +5.307008754e+00 +7.377270088e+02 +7.377270088e+02 -2.2604e+00 -1.7050e+00
16 0 +3.049519101e+00 +3.049519101e+00 +7.354695191e+02 +7.354695191e+02 -2.0478e+00 -3.4052e+00
9644 0 +2.611012875e+00 +2.611012875e+00 +7.350310129e+02 +7.350310129e+02 -2.8107e+00 -1.2428e+00
11125 0 +2.462829570e+00 +2.462829570e+00 +7.348828296e+02 +7.348828296e+02 -2.5659e+00 -1.7584e+00
12145 0 +1.883539874e+00 +1.883539874e+00 +7.343035399e+02 +7.343035399e+02 -2.9625e+00 -1.3842e+00
13320 0 +1.854858695e+00 +1.854858695e+00 +7.342748587e+02 +7.342748587e+02 -2.6532e+00 -1.6515e+00
14697 0 +4.061059541e-01 +4.061059541e-01 +7.328261060e+02 +7.328261060e+02 -2.8220e+00 -2.3226e+00
15923 0 +2.878176116e-01 +2.878176116e-01 +7.327078176e+02 +7.327078176e+02 -2.7738e+00 -2.3244e+00
20260 0 +9.932763141e-02 +9.932763141e-02 +7.325193276e+02 +7.325193276e+02 -2.7863e+00 -2.3743e+00
23120 0 +5.840615522e-02 +5.840615522e-02 +7.324784062e+02 +7.324784062e+02 -2.7542e+00 -2.3456e+00
34042 0 +4.934604500e-02 +4.934604500e-02 +7.324693460e+02 +7.324693460e+02 -2.7300e+00 -2.4016e+00
39860 0 +4.461078967e-02 +4.461078967e-02 +7.324646108e+02 +7.324646108e+02 -2.7173e+00 -2.4048e+00
54050 0 +3.492365744e-03 +3.492365744e-03 +7.324234924e+02 +7.324234924e+02 -2.7375e+00 -2.3829e+00
% f evaluations | g evaluations | best noise-free fitness - Fopt | noise-free fitness - Fopt (3.542000000000e+01) | measured fitness | best measured fitness | x1 | x2...
1 0 +1.123847184e+01 +1.123847184e+01 +4.665847184e+01 +4.665847184e+01 -9.5444e-01 -4.7051e+00
5 0 +5.638458721e+00 +5.638458721e+00 +4.105845872e+01 +4.105845872e+01 +1.0045e-01 -3.7013e+00
20 0 +3.791410631e+00 +3.791410631e+00 +3.921141063e+01 +3.921141063e+01 +8.5420e-01 -3.3682e+00
1172 0 +3.263598823e+00 +3.263598823e+00 +3.868359882e+01 +3.868359882e+01 +4.8968e+00 -9.8657e-01
5409 0 +9.353469253e-01 +9.353469253e-01 +3.635534693e+01 +3.635534693e+01 +4.0592e+00 -2.0873e+00
100955 0 +7.560990182e-01 +7.560990182e-01 +3.617609902e+01 +3.617609902e+01 +3.0049e+00 -2.6147e+00
108662 0 +6.583886063e-01 +6.583886063e-01 +3.607838861e+01 +3.607838861e+01 +3.1813e+00 -2.5546e+00
108764 0 +4.136226871e-01 +4.136226871e-01 +3.583362269e+01 +3.583362269e+01 +3.4841e+00 -2.3742e+00
109990 0 +2.444765142e-01 +2.444765142e-01 +3.566447651e+01 +3.566447651e+01 +3.4905e+00 -2.4630e+00
110653 0 +5.810804184e-02 +5.810804184e-02 +3.547810804e+01 +3.547810804e+01 +3.6719e+00 -2.3719e+00
131375 0 +4.048640585e-03 +4.048640585e-03 +3.542404864e+01 +3.542404864e+01 +3.6850e+00 -2.3495e+00
134284 0 +3.171643912e-03 +3.171643912e-03 +3.542317164e+01 +3.542317164e+01 +3.6897e+00 -2.3471e+00
