% f evaluations | g evaluations | best noise-free fitness - Fopt | noise-free fitness - Fopt (4.078000000000e+01) | measured fitness | best measured fitness | x1 | x2...
1 0 +4.452826620e+00 +4.452826620e+00 +4.523282662e+01 +4.523282662e+01 -2.6738e+00 +4.5193e+00
6 0 +1.449197779e-01 +1.449197779e-01 +4.092491978e+01 +4.092491978e+01 -1.8551e+00 -1.3920e+00
77 0 +1.313425935e-01 +1.313425935e-01 +4.091134259e+01 +4.091134259e+01 -2.1104e+00 -1.6533e+00
95 0 +1.188841059e-01 +1.188841059e-01 +4.089888411e+01 +4.089888411e+01 -2.3212e+00 -1.4483e+00
109 0 +6.302389180e-02 +6.302389180e-02 +4.084302389e+01 +4.084302389e+01 -2.8620e+00 -2.1899e+00
237 0 +3.628543675e-03 +3.628543675e-03 +4.078362854e+01 +4.078362854e+01 -2.4936e+00 -1.6887e+00
417 0 +6.202226992e-06 +6.202226992e-06 +4.078000620e+01 +4.078000620e+01 -2.5675e+00 -1.8215e+00
771 0 +4.954657555e-07 +4.954657555e-07 +4.078000050e+01 +4.078000050e+01 -2.5439e+00 -1.8132e+00
841 0 +5.421081539e-08 +5.421081539e-08 +4.078000005e+01 +4.078000005e+01 -2.5331e+00 -1.8025e+00
1113 0 +2.323434245e-08 +2.323434245e-08 +4.078000002e+01 +4.078000002e+01 -2.5276e+00 -1.7992e+00
1125 0 +9.175685989e-09 +9.175685989e-09 +4.078000001e+01 +4.078000001e+01 -2.5172e+00 -1.7861e+00
2541 0 +0.000000000e+00 +0.000000000e+00 +4.078000000e+01 +4.078000000e+01 -2.5151e+00 -1.7877e+00
% f evaluations | g evaluations | best noise-free fitness - Fopt | noise-free fitness - Fopt (-1.600000000000e+00) | measured fitness | best measured fitness | x1 | x2...
1 0 +1.053477708e+01 +1.053477708e+01 +8.934777076e+00 +8.934777076e+00 +3.4836e+00 +7.5179e-01
5 0 +7.851046377e+00 +7.851046377e+00 +6.251046377e+00 +6.251046377e+00 +3.0670e+00 +1.8075e+00
8 0 +7.200697423e+00 +7.200697423e+00 +5.600697423e+00 +5.600697423e+00 -4.5280e+00 +3.2447e+00
11 0 +6.400312443e+00 +6.400312443e+00 +4.800312443e+00 +4.800312443e+00 -4.7353e-01 +2.9148e+00
17 0 +1.943684573e+00 +1.943684573e+00 +3.436845732e-01 +3.436845732e-01 -1.1692e+00 +4.8448e-01
136 0 +4.721024361e-01 +4.721024361e-01 -1.127897564e+00 -1.127897564e+00 +2.3413e+00 -2.1239e+00
403 0 +2.968485156e-01 +2.968485156e-01 -1.303151484e+00 -1.303151484e+00 +2.2121e+00 -2.0543e+00
487 0 +1.276769221e-02 +1.276769221e-02 -1.587232308e+00 -1.587232308e+00 +1.2012e+00 -2.1037e+00
773 0 +4.588550880e-03 +4.588550880e-03 -1.595411449e+00 -1.595411449e+00 +1.3057e+00 -2.0902e+00
789 0 +3.309135555e-03 +3.309135555e-03 -1.596690864e+00 -1.596690864e+00 +1.4252e+00 -2.0020e+00
853 0 +6.576878789e-06 +6.576878789e-06 -1.599993423e+00 -1.599993423e+00 +1.1625e+00 -2.0270e+00
1143 0 +6.288648713e-06 +6.288648713e-06 -1.599993711e+00 -1.599993711e+00 +1.1605e+00 -2.0031e+00
1149 0 +5.160482505e-06 +5.160482505e-06 -1.599994840e+00 -1.599994840e+00 +1.1950e+00 -2.0197e+00
1153 0 +2.925431051e-06 +2.925431051e-06 -1.599997075e+00 -1.599997075e+00 +1.1514e+00 -2.0037e+00
1169 0 +2.397973606e-07 +2.397973606e-07 -1.599999760e+00 -1.599999760e+00 +1.1617e+00 -2.0149e+00
1181 0 +2.898117679e-08 +2.898117679e-08 -1.599999971e+00 -1.599999971e+00 +1.1162e+00 -2.0143e+00
1201 0 +8.619771563e-10 +8.619771563e-10 -1.599999999e+00 -1.599999999e+00 +1.1346e+00 -2.0139e+00
2515 0 +0.000000000e+00 +0.000000000e+00 -1.600000000e+00 -1.600000000e+00 +1.1286e+00 -2.0125e+00
% f evaluations | g evaluations | best noise-free fitness - Fopt | noise-free fitness - Fopt (-3.708400000000e+02) | measured fitness | best measured fitness | x1 | x2...
1 0 +6.359069871e+00 +6.359069871e+00 -3.644809301e+02 -3.644809301e+02 -1.9567e+00 -4.7464e+00
7 0 +6.275811417e+00 +6.275811417e+00 -3.645641886e+02 -3.645641886e+02 +1.1524e+00 -3.7483e+00
11 0 +2.369825193e+00 +2.369825193e+00 -3.684701748e+02 -3.684701748e+02 +1.5436e+00 -3.7513e+00
14 0 +1.032258046e-01 +1.032258046e-01 -3.707367742e+02 -3.707367742e+02 +2.4618e+00 -6.4763e-01
105 0 +5.721712037e-02 +5.721712037e-02 -3.707827829e+02 -3.707827829e+02 +2.4404e+00 -5.2171e-01
119 0 +2.541139593e-02 +2.541139593e-02 -3.708145886e+02 -3.708145886e+02 +2.5531e+00 -6.0497e-01
413 0 +1.709525424e-02 +1.709525424e-02 -3.708229047e+02 -3.708229047e+02 +2.6483e+00 -5.8345e-01
449 0 +5.302298571e-03 +5.302298571e-03 -3.708346977e+02 -3.708346977e+02 +2.7313e+00 -6.7630e-01
755 0 +4.610910787e-03 +4.610910787e-03 -3.708353891e+02 -3.708353891e+02 +2.7342e+00 -6.6547e-01
757 0 +3.825515389e-03 +3.825515389e-03 -3.708361745e+02 -3.708361745e+02 +2.7684e+00 -6.9615e-01
767 0 +1.384467659e-03 +1.384467659e-03 -3.708386155e+02 -3.708386155e+02 +2.8821e+00 -6.8819e-01
1113 0 +9.553622543e-04 +9.553622543e-04 -3.708390446e+02 -3.708390446e+02 +2.8754e+00 -6.9879e-01
1149 0 +8.534107159e-04 +8.534107159e-04 -3.708391466e+02 -3.708391466e+02 +2.9183e+00 -7.0736e-01
1167 0 +8.132730055e-04 +8.132730055e-04 -3.708391867e+02 -3.708391867e+02 +2.9167e+00 -7.0923e-01
1461 0 +6.035966209e-04 +6.035966209e-04 -3.708393964e+02 -3.708393964e+02 +2.9169e+00 -7.1632e-01
1481 0 +5.214183359e-04 +5.214183359e-04 -3.708394786e+02 -3.708394786e+02 +2.9107e+00 -7.2183e-01
1813 0 +4.937131093e-04 +4.937131093e-04 -3.708395063e+02 -3.708395063e+02 +2.9113e+00 -7.2344e-01
1815 0 +4.859808250e-04 +4.859808250e-04 -3.708395140e+02 -3.708395140e+02 +2.9155e+00 -7.2155e-01
1819 0 +4.530058538e-04 +4.530058538e-04 -3.708395470e+02 -3.708395470e+02 +2.9189e+00 -7.2208e-01
1855 0 +4.261263820e-04 +4.261263820e-04 -3.708395739e+02 -3.708395739e+02 +2.9248e+00 -7.2192e-01
1879 0 +3.318470044e-04 +3.318470044e-04 -3.708396682e+02 -3.708396682e+02 +2.9399e+00 -7.2499e-01
2171 0 +3.278185713e-04 +3.278185713e-04 -3.708396722e+02 -3.708396722e+02 +2.9478e+00 -7.2509e-01
2179 0 +2.933155870e-04 +2.933155870e-04 -3.708397067e+02 -3.708397067e+02 +2.9377e+00 -7.2824e-01
2515 0 +2.809722212e-04 +2.809722212e-04 -3.708397190e+02 -3.708397190e+02 +2.9424e+00 -7.2872e-01
2527 0 +2.753420061e-04 +2.753420061e-04 -3.708397247e+02 -3.708397247e+02 +2.9404e+00 -7.2972e-01
2585 0 +2.672921208e-04 +2.672921208e-04 -3.708397327e+02 -3.708397327e+02 +2.9473e+00 -7.2963e-01
2867 0 +2.611149769e-04 +2.611149769e-04 -3.708397389e+02 -3.708397389e+02 +2.9493e+00 -7.3017e-01
3317 0 +2.570185392e-04 +2.570185392e-04 -3.708397430e+02 -3.708397430e+02 +2.9528e+00 -7.3043e-01
4987 0 +2.510122950e-04 +2.510122950e-04 -3.708397490e+02 -3.708397490e+02 +2.9549e+00 -7.3105e-01
% f evaluations | g evaluations | best noise-free fitness - Fopt | noise-free fitness - Fopt (-3.256000000000e+01) | measured fitness | best measured fitness | x1 | x2...
1 0 +2.353355219e+01 +2.353355219e+01 -9.026447814e+00 -9.026447814e+00 +4.3633e-01 -2.2654e+00
2 0 +1.335965027e+01 +1.335965027e+01 -1.920034973e+01 -1.920034973e+01 +3.8830e+00 +2.7310e+00
4 0 +4.572032246e+00 +4.572032246e+00 -2.798796775e+01 -2.798796775e+01 -7.2808e-01 +8.9629e-01
10 0 +2.026351033e+00 +2.026351033e+00 -3.053364897e+01 -3.053364897e+01 -3.4357e+00 +3.4987e+00
11 0 +1.678704636e+00 +1.678704636e+00 -3.088129536e+01 -3.088129536e+01 -4.2983e+00 +3.3368e+00
23 0 +4.592385752e-01 +4.592385752e-01 -3.210076142e+01 -3.210076142e+01 +1.8559e+00 -2.3877e+00
73 0 +3.883173851e-02 +3.883173851e-02 -3.252116826e+01 -3.252116826e+01 +7.6959e-01 -3.3837e+00
485 0 +2.363341558e-03 +2.363341558e-03 -3.255763666e+01 -3.255763666e+01 +1.2626e+00 -3.0246e+00
491 0 +5.043314564e-04 +5.043314564e-04 -3.255949567e+01 -3.255949567e+01 +9.1219e-01 -3.3556e+00
781 0 +1.244161171e-04 +1.244161171e-04 -3.255987558e+01 -3.255987558e+01 +9.3611e-01 -3.3596e+00
807 0 +7.580130865e-05 +7.580130865e-05 -3.255992420e+01 -3.255992420e+01 +9.6774e-01 -3.3506e+00
1113 0 +3.215373001e-05 +3.215373001e-05 -3.255996785e+01 -3.255996785e+01 +9.6638e-01 -3.3327e+00
1197 0 +2.928003882e-05 +2.928003882e-05 -3.255997072e+01 -3.255997072e+01 +9.7037e-01 -3.3235e+00
1469 0 +2.673924919e-05 +2.673924919e-05 -3.255997326e+01 -3.255997326e+01 +9.7626e-01 -3.3152e+00
1479 0 +2.245850786e-05 +2.245850786e-05 -3.255997754e+01 -3.255997754e+01 +9.8053e-01 -3.3141e+00
1493 0 +6.717577577e-06 +6.717577577e-06 -3.255999328e+01 -3.255999328e+01 +9.9485e-01 -3.3021e+00
1817 0 +1.833197345e-06 +1.833197345e-06 -3.255999817e+01 -3.255999817e+01 +1.0099e+00 -3.2954e+00
2165 0 +1.365464620e-06 +1.365464620e-06 -3.255999863e+01 -3.255999863e+01 +1.0213e+00 -3.2887e+00
2527 0 +1.281684682e-06 +1.281684682e-06 -3.255999872e+01 -3.255999872e+01 +1.0210e+00 -3.2885e+00
2533 0 +1.194359122e-06 +1.194359122e-06 -3.255999881e+01 -3.255999881e+01 +1.0169e+00 -3.2890e+00
2535 0 +1.021289869e-06 +1.021289869e-06 -3.255999898e+01 -3.255999898e+01 +1.0181e+00 -3.2880e+00
2547 0 +9.269095429e-07 +9.269095429e-07 -3.255999907e+01 -3.255999907e+01 +1.0170e+00 -3.2855e+00
2553 0 +5.805344188e-07 +5.805344188e-07 -3.255999942e+01 -3.255999942e+01 +1.0209e+00 -3.2845e+00
2871 0 +5.235166043e-07 +5.235166043e-07 -3.255999948e+01 -3.255999948e+01 +1.0210e+00 -3.2832e+00
2909 0 +5.115942514e-07 +5.115942514e-07 -3.255999949e+01 -3.255999949e+01 +1.0208e+00 -3.2820e+00
3219 0 +4.754863738e-07 +4.754863738e-07 -3.255999952e+01 -3.255999952e+01 +1.0215e+00 -3.2806e+00
3225 0 +4.185396492e-07 +4.185396492e-07 -3.255999958e+01 -3.255999958e+01 +1.0227e+00 -3.2810e+00
3573 0 +4.164072749e-07 +4.164072749e-07 -3.255999958e+01 -3.255999958e+01 +1.0226e+00 -3.2805e+00
3583 0 +3.964768709e-07 +3.964768709e-07 -3.255999960e+01 -3.255999960e+01 +1.0233e+00 -3.2810e+00
3647 0 +3.855681996e-07 +3.855681996e-07 -3.255999961e+01 -3.255999961e+01 +1.0233e+00 -3.2803e+00
3941 0 +3.786476057e-07 +3.786476057e-07 -3.255999962e+01 -3.255999962e+01 +1.0234e+00 -3.2802e+00
3949 0 +3.705202971e-07 +3.705202971e-07 -3.255999963e+01 -3.255999963e+01 +1.0237e+00 -3.2804e+00
4289 0 +3.604342140e-07 +3.604342140e-07 -3.255999964e+01 -3.255999964e+01 +1.0241e+00 -3.2804e+00
4647 0 +3.529986259e-07 +3.529986259e-07 -3.255999965e+01 -3.255999965e+01 +1.0243e+00 -3.2803e+00
5355 0 +3.445300436e-07 +3.445300436e-07 -3.255999966e+01 -3.255999966e+01 +1.0246e+00 -3.2803e+00
6393 0 +3.385904677e-07 +3.385904677e-07 -3.255999966e+01 -3.255999966e+01 +1.0249e+00 -3.2803e+00
% f evaluations | g evaluations | best noise-free fitness - Fopt | noise-free fitness - Fopt (5.154000000000e+02) | measured fitness | best measured fitness | x1 | x2...
1 0 +8.095016202e+00 +8.095016202e+00 +5.234950162e+02 +5.234950162e+02 -3.3812e+00 +1.6993e+00
4 0 +4.529820978e+00 +4.529820978e+00 +5.199298210e+02 +5.199298210e+02 +1.5820e+00 -2.0427e+00
6 0 +2.040348049e+00 +2.040348049e+00 +5.174403480e+02 +5.174403480e+02 +3.4193e+00 -3.6017e+00
55 0 +1.904280444e+00 +1.904280444e+00 +5.173042804e+02 +5.173042804e+02 +3.9846e+00 -3.6441e+00
57 0 +1.391227047e+00 +1.391227047e+00 +5.167912270e+02 +5.167912270e+02 +3.8803e+00 -3.5264e+00
89 0 +1.254549882e+00 +1.254549882e+00 +5.166545499e+02 +5.166545499e+02 +3.9790e+00 -3.5431e+00
240 0 +1.755895905e-01 +1.755895905e-01 +5.155755896e+02 +5.155755896e+02 -3.5622e+00 -9.4413e-01
453 0 +1.410769952e-01 +1.410769952e-01 +5.155410770e+02 +5.155410770e+02 -2.9649e+00 -7.1706e-01
477 0 +8.723598709e-02 +8.723598709e-02 +5.154872360e+02 +5.154872360e+02 -3.5461e+00 -6.0102e-01
755 0 +7.048983867e-03 +7.048983867e-03 +5.154070490e+02 +5.154070490e+02 -3.2849e+00 -5.9713e-01
757 0 +3.427510317e-03 +3.427510317e-03 +5.154034275e+02 +5.154034275e+02 -3.1633e+00 -6.0821e-01
779 0 +3.171709852e-03 +3.171709852e-03 +5.154031717e+02 +5.154031717e+02 -3.1563e+00 -6.1658e-01
791 0 +7.204329484e-05 +7.204329484e-05 +5.154000720e+02 +5.154000720e+02 -3.5396e+00 -7.2781e-01
1113 0 +2.645370660e-05 +2.645370660e-05 +5.154000265e+02 +5.154000265e+02 -3.3894e+00 -7.1424e-01
1121 0 +6.558045357e-06 +6.558045357e-06 +5.154000066e+02 +5.154000066e+02 -3.5389e+00 -7.4378e-01
1155 0 +2.807811370e-06 +2.807811370e-06 +5.154000028e+02 +5.154000028e+02 -3.5263e+00 -7.4046e-01
1173 0 +1.525587322e-06 +1.525587322e-06 +5.154000015e+02 +5.154000015e+02 -3.5169e+00 -7.4673e-01
1199 0 +5.041941904e-07 +5.041941904e-07 +5.154000005e+02 +5.154000005e+02 -3.4975e+00 -7.3067e-01
1463 0 +3.885725164e-08 +3.885725164e-08 +5.154000000e+02 +5.154000000e+02 -3.4859e+00 -7.3012e-01
1477 0 +1.263504146e-08 +1.263504146e-08 +5.154000000e+02 +5.154000000e+02 -3.4878e+00 -7.3259e-01
1503 0 +8.280721886e-09 +8.280721886e-09 +5.154000000e+02 +5.154000000e+02 -3.4837e+00 -7.3351e-01
2167 0 +0.000000000e+00 +0.000000000e+00 +5.154000000e+02 +5.154000000e+02 -3.4728e+00 -7.2884e-01
% f evaluations | g evaluations | best noise-free fitness - Fopt | noise-free fitness - Fopt (-8.628000000000e+01) | measured fitness | best measured fitness | x1 | x2...
1 0 +6.457080845e+00 +6.457080845e+00 -7.982291915e+01 -7.982291915e+01 +3.8308e+00 +2.6944e+00
18 0 +3.084319650e+00 +3.084319650e+00 -8.319568035e+01 -8.319568035e+01 +1.2466e+00 -2.9965e+00
23 0 +2.414856180e+00 +2.414856180e+00 -8.386514382e+01 -8.386514382e+01 -2.8019e-01 -3.8186e-01
74 0 +1.944875359e+00 +1.944875359e+00 -8.433512464e+01 -8.433512464e+01 +3.9455e+00 +4.1699e+00
92 0 +1.415176061e+00 +1.415176061e+00 -8.486482394e+01 -8.486482394e+01 -1.3355e-02 -1.5360e+00
163 0 +2.150858800e-01 +2.150858800e-01 -8.606491412e+01 -8.606491412e+01 -2.9545e+00 +3.2894e+00
419 0 +1.540417167e-01 +1.540417167e-01 -8.612595828e+01 -8.612595828e+01 -2.9906e+00 +3.2232e+00
455 0 +2.779717264e-02 +2.779717264e-02 -8.625220283e+01 -8.625220283e+01 -2.7050e+00 +2.9012e+00
763 0 +3.797048950e-03 +3.797048950e-03 -8.627620295e+01 -8.627620295e+01 -2.6619e+00 +2.6786e+00
827 0 +6.975879610e-04 +6.975879610e-04 -8.627930241e+01 -8.627930241e+01 -2.3823e+00 +2.2501e+00
1149 0 +4.127511360e-06 +4.127511360e-06 -8.627999587e+01 -8.627999587e+01 -2.4832e+00 +2.4441e+00
1195 0 +2.645328721e-07 +2.645328721e-07 -8.627999974e+01 -8.627999974e+01 -2.4426e+00 +2.4077e+00
1479 0 +7.299298943e-08 +7.299298943e-08 -8.627999993e+01 -8.627999993e+01 -2.4451e+00 +2.3949e+00
1533 0 +5.427608585e-09 +5.427608585e-09 -8.627999999e+01 -8.627999999e+01 -2.4590e+00 +2.4198e+00
2909 0 +0.000000000e+00 +0.000000000e+00 -8.628000000e+01 -8.628000000e+01 -2.4524e+00 +2.4123e+00
% f evaluations | g evaluations | best noise-free fitness - Fopt | noise-free fitness - Fopt (2.224000000000e+01) | measured fitness | best measured fitness | x1 | x2...
1 0 +4.183540513e+00 +4.183540513e+00 +2.642354051e+01 +2.642354051e+01 -1.5626e+00 -3.7309e+00
11 0 +4.122798534e+00 +4.122798534e+00 +2.636279853e+01 +2.636279853e+01 +7.2740e-01 -1.9392e-01
27 0 +2.001731382e+00 +2.001731382e+00 +2.424173138e+01 +2.424173138e+01 +4.0481e+00 +1.0705e+00
38 0 +3.074103687e-05 +3.074103687e-05 +2.224003074e+01 +2.224003074e+01 +2.6162e+00 +1.2307e+00
469 0 +6.503937222e-06 +6.503937222e-06 +2.224000650e+01 +2.224000650e+01 +2.5588e+00 +1.1750e+00
775 0 +4.242167897e-06 +4.242167897e-06 +2.224000424e+01 +2.224000424e+01 +2.5618e+00 +1.1799e+00
781 0 +1.351476087e-08 +1.351476087e-08 +2.224000001e+01 +2.224000001e+01 +2.5090e+00 +1.1563e+00
791 0 +1.159422780e-08 +1.159422780e-08 +2.224000001e+01 +2.224000001e+01 +2.5350e+00 +1.1736e+00
1109 0 +5.100773137e-10 +5.100773137e-10 +2.224000000e+01 +2.224000000e+01 +2.5289e+00 +1.1688e+00
% f evaluations | g evaluations | best noise-free fitness - Fopt | noise-free fitness - Fopt (-2.301000000000e+01) | measured fitness | best measured fitness | x1 | x2...
1 0 +2.306222655e+01 +2.306222655e+01 +5.222654575e-02 +5.222654575e-02 -4.6096e-01 -1.3115e+00
2 0 +2.657553134e+00 +2.657553134e+00 -2.035244687e+01 -2.035244687e+01 -3.5847e+00 -2.2527e-01
12 0 +2.016294773e+00 +2.016294773e+00 -2.099370523e+01 -2.099370523e+01 +3.5090e+00 -2.0111e+00
14 0 +8.204790697e-01 +8.204790697e-01 -2.218952093e+01 -2.218952093e+01 -8.6741e-01 -2.5294e+00
33 0 +2.512526761e-02 +2.512526761e-02 -2.298487473e+01 -2.298487473e+01 +3.0257e+00 -2.5572e+00
103 0 +8.479994635e-04 +8.479994635e-04 -2.300915200e+01 -2.300915200e+01 +3.0187e+00 -2.6460e+00
403 0 +9.704658623e-07 +9.704658623e-07 -2.300999903e+01 -2.300999903e+01 +2.8388e+00 -2.8032e+00
843 0 +4.533878339e-07 +4.533878339e-07 -2.300999955e+01 -2.300999955e+01 +2.8709e+00 -2.7873e+00
1137 0 +8.436604659e-08 +8.436604659e-08 -2.300999992e+01 -2.300999992e+01 +2.8534e+00 -2.7896e+00
1163 0 +4.463761627e-08 +4.463761627e-08 -2.300999996e+01 -2.300999996e+01 +2.8671e+00 -2.7775e+00
1173 0 +4.694971523e-09 +4.694971523e-09 -2.301000000e+01 -2.301000000e+01 +2.8737e+00 -2.7746e+00
% f evaluations | g evaluations | best noise-free fitness - Fopt | noise-free fitness - Fopt (-3.323700000000e+02) | measured fitness | best measured fitness | x1 | x2...
1 0 +1.492319690e+01 +1.492319690e+01 -3.174468031e+02 -3.174468031e+02 +2.8902e+00 +3.6436e+00
2 0 +1.355446857e+01 +1.355446857e+01 -3.188155314e+02 -3.188155314e+02 +4.9714e-01 +2.3848e+00
3 0 +3.392743845e+00 +3.392743845e+00 -3.289772562e+02 -3.289772562e+02 +1.5466e+00 +1.5100e-02
8 0 +1.323187313e-02 +1.323187313e-02 -3.323567681e+02 -3.323567681e+02 -1.8413e-01 -3.5283e+00
423 0 +9.236501137e-04 +9.236501137e-04 -3.323690763e+02 -3.323690763e+02 +2.0838e-02 -3.4561e+00
755 0 +8.872381962e-04 +8.872381962e-04 -3.323691128e+02 -3.323691128e+02 +3.5666e-02 -3.4523e+00
765 0 +8.693201034e-04 +8.693201034e-04 -3.323691307e+02 -3.323691307e+02 +4.1147e-02 -3.4127e+00
821 0 +3.928740682e-04 +3.928740682e-04 -3.323696071e+02 -3.323696071e+02 +6.7925e-02 -3.4298e+00
1111 0 +2.272814276e-04 +2.272814276e-04 -3.323697727e+02 -3.323697727e+02 +9.2036e-02 -3.4158e+00
1141 0 +1.575066648e-04 +1.575066648e-04 -3.323698425e+02 -3.323698425e+02 +1.0318e-01 -3.4051e+00
1459 0 +8.308607045e-05 +8.308607045e-05 -3.323699169e+02 -3.323699169e+02 +1.2457e-01 -3.3905e+00
1813 0 +7.116626358e-05 +7.116626358e-05 -3.323699288e+02 -3.323699288e+02 +1.3462e-01 -3.3923e+00
1861 0 +6.865870375e-05 +6.865870375e-05 -3.323699313e+02 -3.323699313e+02 +1.3048e-01 -3.3861e+00
1891 0 +4.932407535e-05 +4.932407535e-05 -3.323699507e+02 -3.323699507e+02 +1.3799e-01 -3.3817e+00
2165 0 +4.554834567e-05 +4.554834567e-05 -3.323699545e+02 -3.323699545e+02 +1.4068e-01 -3.3852e+00
2173 0 +4.274881803e-05 +4.274881803e-05 -3.323699573e+02 -3.323699573e+02 +1.4139e-01 -3.3783e+00
2179 0 +3.425585459e-05 +3.425585459e-05 -3.323699657e+02 -3.323699657e+02 +1.4566e-01 -3.3772e+00
2181 0 +3.183274220e-05 +3.183274220e-05 -3.323699682e+02 -3.323699682e+02 +1.4964e-01 -3.3819e+00
2515 0 +3.004413765e-05 +3.004413765e-05 -3.323699700e+02 -3.323699700e+02 +1.5421e-01 -3.3819e+00
2521 0 +2.706587964e-05 +2.706587964e-05 -3.323699729e+02 -3.323699729e+02 +1.5487e-01 -3.3778e+00
2877 0 +2.671785040e-05 +2.671785040e-05 -3.323699733e+02 -3.323699733e+02 +1.5988e-01 -3.3789e+00
2921 0 +2.619379643e-05 +2.619379643e-05 -3.323699738e+02 -3.323699738e+02 +1.5662e-01 -3.3762e+00
3225 0 +2.544683247e-05 +2.544683247e-05 -3.323699746e+02 -3.323699746e+02 +1.5850e-01 -3.3753e+00
3241 0 +2.487975314e-05 +2.487975314e-05 -3.323699751e+02 -3.323699751e+02 +1.6139e-01 -3.3759e+00
3601 0 +2.448275643e-05 +2.448275643e-05 -3.323699755e+02 -3.323699755e+02 +1.6324e-01 -3.3759e+00
3927 0 +2.394539234e-05 +2.394539234e-05 -3.323699761e+02 -3.323699761e+02 +1.6483e-01 -3.3756e+00
4333 0 +2.342519326e-05 +2.342519326e-05 -3.323699766e+02 -3.323699766e+02 +1.6406e-01 -3.3748e+00
% f evaluations | g evaluations | best noise-free fitness - Fopt | noise-free fitness - Fopt (-1.231300000000e+02) | measured fitness | best measured fitness | x1 | x2...
1 0 +2.664866709e+01 +2.664866709e+01 -9.648133291e+01 -9.648133291e+01 -2.2304e+00 +2.5610e+00
2 0 +1.397208286e+01 +1.397208286e+01 -1.091579171e+02 -1.091579171e+02 -2.5596e+00 +4.6787e+00
5 0 +5.854234646e+00 +5.854234646e+00 -1.172757654e+02 -1.172757654e+02 -4.1348e+00 -1.6969e+00
7 0 +1.844847585e+00 +1.844847585e+00 -1.212851524e+02 -1.212851524e+02 +1.7717e+00 -3.7930e+00
21 0 +8.182003434e-02 +8.182003434e-02 -1.230481800e+02 -1.230481800e+02 +2.0178e+00 -1.1561e+00
61 0 +4.255958473e-03 +4.255958473e-03 -1.231257440e+02 -1.231257440e+02 +2.0134e+00 -1.2477e+00
85 0 +3.605206455e-03 +3.605206455e-03 -1.231263948e+02 -1.231263948e+02 +2.0602e+00 -1.2350e+00
403 0 +6.326199653e-06 +6.326199653e-06 -1.231299937e+02 -1.231299937e+02 +2.2529e+00 -1.2217e+00
767 0 +6.936269301e-07 +6.936269301e-07 -1.231299993e+02 -1.231299993e+02 +2.2779e+00 -1.2216e+00
1109 0 +3.352974716e-07 +3.352974716e-07 -1.231299997e+02 -1.231299997e+02 +2.2846e+00 -1.2191e+00
1465 0 +3.134010456e-07 +3.134010456e-07 -1.231299997e+02 -1.231299997e+02 +2.2855e+00 -1.2191e+00
1467 0 +2.667827488e-07 +2.667827488e-07 -1.231299997e+02 -1.231299997e+02 +2.2875e+00 -1.2190e+00
1471 0 +2.257440030e-07 +2.257440030e-07 -1.231299998e+02 -1.231299998e+02 +2.2880e+00 -1.2183e+00
1499 0 +1.799735543e-07 +1.799735543e-07 -1.231299998e+02 -1.231299998e+02 +2.2905e+00 -1.2178e+00
1535 0 +1.591775884e-07 +1.591775884e-07 -1.231299998e+02 -1.231299998e+02 +2.2905e+00 -1.2169e+00
1813 0 +1.203138567e-07 +1.203138567e-07 -1.231299999e+02 -1.231299999e+02 +2.2941e+00 -1.2170e+00
1871 0 +1.016729243e-07 +1.016729243e-07 -1.231299999e+02 -1.231299999e+02 +2.2930e+00 -1.2161e+00
2173 0 +7.226475418e-08 +7.226475418e-08 -1.231299999e+02 -1.231299999e+02 +2.2947e+00 -1.2158e+00
2517 0 +7.033244742e-08 +7.033244742e-08 -1.231299999e+02 -1.231299999e+02 +2.2946e+00 -1.2156e+00
2523 0 +6.837505850e-08 +6.837505850e-08 -1.231299999e+02 -1.231299999e+02 +2.2951e+00 -1.2158e+00
2545 0 +6.518703799e-08 +6.518703799e-08 -1.231299999e+02 -1.231299999e+02 +2.2953e+00 -1.2158e+00
2879 0 +6.305198497e-08 +6.305198497e-08 -1.231299999e+02 -1.231299999e+02 +2.2957e+00 -1.2158e+00
2885 0 +6.060523106e-08 +6.060523106e-08 -1.231299999e+02 -1.231299999e+02 +2.2957e+00 -1.2157e+00
2949 0 +6.013516440e-08 +6.013516440e-08 -1.231299999e+02 -1.231299999e+02 +2.2961e+00 -1.2158e+00
3219 0 +5.887494581e-08 +5.887494581e-08 -1.231299999e+02 -1.231299999e+02 +2.2964e+00 -1.2158e+00
3293 0 +5.750831633e-08 +5.750831633e-08 -1.231299999e+02 -1.231299999e+02 +2.2965e+00 -1.2157e+00
3667 0 +5.612267273e-08 +5.612267273e-08 -1.231299999e+02 -1.231299999e+02 +2.2967e+00 -1.2157e+00
5331 0 +5.495044775e-08 +5.495044775e-08 -1.231299999e+02 -1.231299999e+02 +2.2970e+00 -1.2157e+00
% f evaluations | g evaluations | best noise-free fitness - Fopt | noise-free fitness - Fopt (-1.537900000000e+02) | measured fitness | best measured fitness | x1 | x2...
1 0 +8.972104950e+00 +8.972104950e+00 -1.448178950e+02 -1.448178950e+02 +2.5124e+00 -2.6562e+00
2 0 +7.856702386e+00 +7.856702386e+00 -1.459332976e+02 -1.459332976e+02 -8.7895e-01 -2.8802e+00
4 0 +1.336134882e-02 +1.336134882e-02 -1.537766387e+02 -1.537766387e+02 -2.4121e+00 +2.3098e+00
53 0 +1.239722210e-02 +1.239722210e-02 -1.537776028e+02 -1.537776028e+02 -2.6332e+00 +2.4974e+00
129 0 +1.609120210e-04 +1.609120210e-04 -1.537898391e+02 -1.537898391e+02 -2.0896e+00 +2.2608e+00
475 0 +7.900060837e-07 +7.900060837e-07 -1.537899992e+02 -1.537899992e+02 -2.2343e+00 +2.3148e+00
763 0 +1.737618334e-07 +1.737618334e-07 -1.537899998e+02 -1.537899998e+02 -2.1808e+00 +2.2871e+00
771 0 +1.189278578e-07 +1.189278578e-07 -1.537899999e+02 -1.537899999e+02 -2.1796e+00 +2.2851e+00
809 0 +4.992892855e-08 +4.992892855e-08 -1.537900000e+02 -1.537900000e+02 -2.2137e+00 +2.3032e+00
1113 0 +1.047419573e-08 +1.047419573e-08 -1.537900000e+02 -1.537900000e+02 -2.2013e+00 +2.2963e+00
1203 0 +2.056339099e-09 +2.056339099e-09 -1.537900000e+02 -1.537900000e+02 -2.2048e+00 +2.2970e+00
2215 0 +0.000000000e+00 +0.000000000e+00 -1.537900000e+02 -1.537900000e+02 -2.2020e+00 +2.2937e+00
% f evaluations | g evaluations | best noise-free fitness - Fopt | noise-free fitness - Fopt (-4.860000000000e+01) | measured fitness | best measured fitness | x1 | x2...
1 0 +1.617287869e+01 +1.617287869e+01 -3.242712131e+01 -3.242712131e+01 +1.4816e+00 -4.7242e-01
2 0 +2.819704388e+00 +2.819704388e+00 -4.578029561e+01 -4.578029561e+01 +3.4348e-01 -4.1539e+00
11 0 +2.809806352e+00 +2.809806352e+00 -4.579019365e+01 -4.579019365e+01 -2.7409e+00 -1.9923e-01
37 0 +2.693037317e+00 +2.693037317e+00 -4.590696268e+01 -4.590696268e+01 +3.8195e+00 -1.6068e+00
60 0 +8.569600242e-01 +8.569600242e-01 -4.774303998e+01 -4.774303998e+01 +9.1262e-01 -4.4517e+00
103 0 +2.198481522e-01 +2.198481522e-01 -4.838015185e+01 -4.838015185e+01 -1.4512e+00 -1.5862e+00
443 0 +6.223705048e-02 +6.223705048e-02 -4.853776295e+01 -4.853776295e+01 -1.5901e+00 -1.7408e+00
459 0 +5.327728431e-03 +5.327728431e-03 -4.859467227e+01 -4.859467227e+01 -1.8150e+00 -1.6099e+00
493 0 +2.688576794e-03 +2.688576794e-03 -4.859731142e+01 -4.859731142e+01 -1.9052e+00 -1.5502e+00
769 0 +1.011560440e-03 +1.011560440e-03 -4.859898844e+01 -4.859898844e+01 -1.9424e+00 -1.5595e+00
779 0 +9.399711222e-04 +9.399711222e-04 -4.859906003e+01 -4.859906003e+01 -1.9596e+00 -1.5333e+00
783 0 +9.192088050e-04 +9.192088050e-04 -4.859908079e+01 -4.859908079e+01 -1.9853e+00 -1.5639e+00
809 0 +8.966994712e-04 +8.966994712e-04 -4.859910330e+01 -4.859910330e+01 -1.9630e+00 -1.5380e+00
827 0 +6.993837611e-04 +6.993837611e-04 -4.859930062e+01 -4.859930062e+01 -2.0641e+00 -1.5476e+00
837 0 +4.272353023e-04 +4.272353023e-04 -4.859957276e+01 -4.859957276e+01 -2.0409e+00 -1.5452e+00
1107 0 +2.100184113e-04 +2.100184113e-04 -4.859978998e+01 -4.859978998e+01 -2.0438e+00 -1.5307e+00
1203 0 +1.574334894e-04 +1.574334894e-04 -4.859984257e+01 -4.859984257e+01 -2.0503e+00 -1.5240e+00
1471 0 +1.465540814e-04 +1.465540814e-04 -4.859985345e+01 -4.859985345e+01 -2.0551e+00 -1.5243e+00
1507 0 +1.107067272e-04 +1.107067272e-04 -4.859988929e+01 -4.859988929e+01 -2.0664e+00 -1.5212e+00
1815 0 +1.015387977e-04 +1.015387977e-04 -4.859989846e+01 -4.859989846e+01 -2.0674e+00 -1.5190e+00
1833 0 +9.553376680e-05 +9.553376680e-05 -4.859990447e+01 -4.859990447e+01 -2.0759e+00 -1.5199e+00
2167 0 +9.511142014e-05 +9.511142014e-05 -4.859990489e+01 -4.859990489e+01 -2.0763e+00 -1.5198e+00
2179 0 +9.131659763e-05 +9.131659763e-05 -4.859990868e+01 -4.859990868e+01 -2.0783e+00 -1.5192e+00
2207 0 +8.585228765e-05 +8.585228765e-05 -4.859991415e+01 -4.859991415e+01 -2.0819e+00 -1.5185e+00
2525 0 +8.260831217e-05 +8.260831217e-05 -4.859991739e+01 -4.859991739e+01 -2.0810e+00 -1.5175e+00
2607 0 +8.082371306e-05 +8.082371306e-05 -4.859991918e+01 -4.859991918e+01 -2.0822e+00 -1.5173e+00
2869 0 +7.814640448e-05 +7.814640448e-05 -4.859992185e+01 -4.859992185e+01 -2.0830e+00 -1.5168e+00
2937 0 +7.750369573e-05 +7.750369573e-05 -4.859992250e+01 -4.859992250e+01 -2.0823e+00 -1.5165e+00
3247 0 +7.522293181e-05 +7.522293181e-05 -4.859992478e+01 -4.859992478e+01 -2.0826e+00 -1.5159e+00
3573 0 +7.382357648e-05 +7.382357648e-05 -4.859992618e+01 -4.859992618e+01 -2.0824e+00 -1.5155e+00
4277 0 +7.239553538e-05 +7.239553538e-05 -4.859992760e+01 -4.859992760e+01 -2.0823e+00 -1.5151e+00
5719 0 +7.077705393e-05 +7.077705393e-05 -4.859992922e+01 -4.859992922e+01 -2.0823e+00 -1.5146e+00
% f evaluations | g evaluations | best noise-free fitness - Fopt | noise-free fitness - Fopt (2.770000000000e+01) | measured fitness | best measured fitness | x1 | x2...
1 0 +2.694043150e+01 +2.694043150e+01 +5.464043150e+01 +5.464043150e+01 +2.2716e+00 +2.3653e+00
2 0 +3.344579273e+00 +3.344579273e+00 +3.104457927e+01 +3.104457927e+01 -1.5808e+00 +2.7289e+00
4 0 +2.340721515e+00 +2.340721515e+00 +3.004072151e+01 +3.004072151e+01 -3.5104e+00 +1.4683e+00
10 0 +2.000702034e+00 +2.000702034e+00 +2.970070203e+01 +2.970070203e+01 +3.7546e+00 +9.3763e-01
13 0 +8.994153280e-02 +8.994153280e-02 +2.778994153e+01 +2.778994153e+01 +3.3570e+00 -2.2099e-01
51 0 +1.591364528e-02 +1.591364528e-02 +2.771591365e+01 +2.771591365e+01 +3.6224e+00 -4.1333e-01
77 0 +1.466494548e-02 +1.466494548e-02 +2.771466495e+01 +2.771466495e+01 +3.7885e+00 -3.9801e-01
405 0 +9.044238020e-06 +9.044238020e-06 +2.770000904e+01 +2.770000904e+01 +3.7437e+00 -2.9502e-01
765 0 +5.603952399e-06 +5.603952399e-06 +2.770000560e+01 +2.770000560e+01 +3.8137e+00 -3.1299e-01
767 0 +5.016465472e-06 +5.016465472e-06 +2.770000502e+01 +2.770000502e+01 +3.8201e+00 -2.9229e-01
769 0 +7.897683929e-08 +7.897683929e-08 +2.770000008e+01 +2.770000008e+01 +3.7565e+00 -3.0531e-01
1117 0 +4.376221696e-08 +4.376221696e-08 +2.770000004e+01 +2.770000004e+01 +3.7802e+00 -3.0925e-01
1147 0 +2.211016792e-08 +2.211016792e-08 +2.770000002e+01 +2.770000002e+01 +3.7599e+00 -3.0822e-01
1163 0 +6.945754194e-09 +6.945754194e-09 +2.770000001e+01 +2.770000001e+01 +3.7904e+00 -3.0378e-01
2177 0 +0.000000000e+00 +0.000000000e+00 +2.770000000e+01 +2.770000000e+01 +3.7776e+00 -3.0579e-01
% f evaluations | g evaluations | best noise-free fitness - Fopt | noise-free fitness - Fopt (2.993000000000e+01) | measured fitness | best measured fitness | x1 | x2...
1 0 +3.010041584e+01 +3.010041584e+01 +6.003041584e+01 +6.003041584e+01 +1.4688e+00 -1.2346e+00
2 0 +1.393468223e+01 +1.393468223e+01 +4.386468223e+01 +4.386468223e+01 +1.7430e+00 -4.7265e+00
3 0 +1.067703069e+01 +1.067703069e+01 +4.060703069e+01 +4.060703069e+01 +2.3193e+00 +1.8235e+00
5 0 +8.085330973e+00 +8.085330973e+00 +3.801533097e+01 +3.801533097e+01 +3.1734e+00 +4.1337e+00
11 0 +1.756871032e-02 +1.756871032e-02 +2.994756871e+01 +2.994756871e+01 -1.1199e+00 +2.2420e+00
190 0 +3.426456221e-03 +3.426456221e-03 +2.993342646e+01 +2.993342646e+01 -9.7444e-01 +1.8673e+00
403 0 +2.152986134e-03 +2.152986134e-03 +2.993215299e+01 +2.993215299e+01 -9.1421e-01 +1.6327e+00
409 0 +8.900068019e-04 +8.900068019e-04 +2.993089001e+01 +2.993089001e+01 -1.0315e+00 +1.9361e+00
429 0 +9.672797234e-05 +9.672797234e-05 +2.993009673e+01 +2.993009673e+01 -9.4322e-01 +1.5737e+00
493 0 +7.694649753e-07 +7.694649753e-07 +2.993000077e+01 +2.993000077e+01 -9.8141e-01 +1.6608e+00
755 0 +6.310899217e-07 +6.310899217e-07 +2.993000063e+01 +2.993000063e+01 -9.7677e-01 +1.6588e+00
1111 0 +5.357328554e-07 +5.357328554e-07 +2.993000054e+01 +2.993000054e+01 -9.7687e-01 +1.6607e+00
1125 0 +1.539065408e-08 +1.539065408e-08 +2.993000002e+01 +2.993000002e+01 -9.8357e-01 +1.6948e+00
1463 0 +4.530981812e-09 +4.530981812e-09 +2.993000000e+01 +2.993000000e+01 -9.8467e-01 +1.6957e+00
2187 0 +0.000000000e+00 +0.000000000e+00 +2.993000000e+01 +2.993000000e+01 -9.8796e-01 +1.7003e+00
% f evaluations | g evaluations | best noise-free fitness - Fopt | noise-free fitness - Fopt (-1.983000000000e+01) | measured fitness | best measured fitness | x1 | x2...
1 0 +1.755687626e+01 +1.755687626e+01 -2.273123737e+00 -2.273123737e+00 -1.0551e+00 +3.3877e+00
2 0 +7.163630460e+00 +7.163630460e+00 -1.266636954e+01 -1.266636954e+01 +1.6282e+00 -2.4680e-01
4 0 +2.044225962e+00 +2.044225962e+00 -1.778577404e+01 -1.778577404e+01 -1.2381e+00 +7.7035e-02
18 0 +8.781292846e-01 +8.781292846e-01 -1.895187072e+01 -1.895187072e+01 +4.0050e-02 +1.2485e+00
41 0 +4.329494678e-01 +4.329494678e-01 -1.939705053e+01 -1.939705053e+01 -7.9723e-01 +1.6445e+00
55 0 +6.681135723e-05 +6.681135723e-05 -1.982993319e+01 -1.982993319e+01 +2.5651e-01 +1.4694e+00
449 0 +1.347431198e-06 +1.347431198e-06 -1.982999865e+01 -1.982999865e+01 +3.3319e-01 +1.4735e+00
775 0 +2.608232705e-07 +2.608232705e-07 -1.982999974e+01 -1.982999974e+01 +3.5367e-01 +1.4704e+00
1117 0 +1.503795310e-07 +1.503795310e-07 -1.982999985e+01 -1.982999985e+01 +3.6806e-01 +1.4684e+00
1143 0 +3.998233211e-08 +3.998233211e-08 -1.982999996e+01 -1.982999996e+01 +3.5669e-01 +1.4668e+00
1467 0 +2.834152468e-09 +2.834152468e-09 -1.983000000e+01 -1.983000000e+01 +3.6533e-01 +1.4648e+00
