% f evaluations | g evaluations | best noise-free fitness - Fopt | noise-free fitness - Fopt (1.000000000000e+03) | measured fitness | best measured fitness | x1 | x2...
1 0 +2.772722957e+01 +2.772722957e+01 +1.027727230e+03 +1.027727230e+03 -2.5589e+00 +4.1358e+00
4 0 +2.502014317e+01 +2.502014317e+01 +1.025020143e+03 +1.025020143e+03 +1.5925e-02 +7.6822e-01
20 0 +1.509460677e+01 +1.509460677e+01 +1.015094607e+03 +1.015094607e+03 -2.8047e+00 +2.7899e+00
62 0 +1.047888644e+01 +1.047888644e+01 +1.010478886e+03 +1.010478886e+03 -4.4947e+00 +4.1511e+00
338 0 +5.584646316e+00 +5.584646316e+00 +1.005584646e+03 +1.005584646e+03 -5.0000e+00 +4.0694e+00
429 0 +4.449814742e+00 +4.449814742e+00 +1.004449815e+03 +1.004449815e+03 -3.9282e+00 +3.6557e+00
1107 0 +3.222011581e+00 +3.222011581e+00 +1.003222012e+03 +1.003222012e+03 -3.8612e+00 +3.5509e+00
1189 0 +1.932421846e+00 +1.932421846e+00 +1.001932422e+03 +1.001932422e+03 -3.8652e+00 +3.5661e+00
1483 0 +1.113887572e+00 +1.113887572e+00 +1.001113888e+03 +1.001113888e+03 -3.8428e+00 +3.5781e+00
1487 0 +1.059602934e+00 +1.059602934e+00 +1.001059603e+03 +1.001059603e+03 -3.8646e+00 +3.5839e+00
1493 0 +1.013626545e+00 +1.013626545e+00 +1.001013627e+03 +1.001013627e+03 -3.8606e+00 +3.5891e+00
2527 0 +9.995738048e-01 +9.995738048e-01 +1.000999574e+03 +1.000999574e+03 -3.8604e+00 +3.5863e+00
% f evaluations | g evaluations | best noise-free fitness - Fopt | noise-free fitness - Fopt (7.003000000000e+01) | measured fitness | best measured fitness | x1 | x2...
1 0 +7.661404968e+02 +7.661404968e+02 +8.361704968e+02 +8.361704968e+02 +3.0784e+00 +1.9509e+00
3 0 +1.486703631e+01 +1.486703631e+01 +8.489703631e+01 +8.489703631e+01 +4.1059e-01 -2.3863e+00
15 0 +6.380194144e+00 +6.380194144e+00 +7.641019414e+01 +7.641019414e+01 +1.7247e-01 -3.2011e+00
423 0 +5.837876287e+00 +5.837876287e+00 +7.586787629e+01 +7.586787629e+01 +1.7487e-01 -3.1601e+00
463 0 +2.129864663e+00 +2.129864663e+00 +7.215986466e+01 +7.215986466e+01 +2.4791e-01 -3.2023e+00
759 0 +2.058286791e+00 +2.058286791e+00 +7.208828679e+01 +7.208828679e+01 +2.6466e-01 -3.2015e+00
775 0 +2.030111617e+00 +2.030111617e+00 +7.206011162e+01 +7.206011162e+01 +2.5295e-01 -3.1985e+00
1107 0 +1.993906392e+00 +1.993906392e+00 +7.202390639e+01 +7.202390639e+01 +2.5698e-01 -3.2013e+00
% f evaluations | g evaluations | best noise-free fitness - Fopt | noise-free fitness - Fopt (-4.822000000000e+01) | measured fitness | best measured fitness | x1 | x2...
1 0 +9.618156621e+01 +9.618156621e+01 +4.796156621e+01 +4.796156621e+01 -4.7203e+00 -2.4091e-01
2 0 +1.958420822e+01 +1.958420822e+01 -2.863579178e+01 -2.863579178e+01 -2.1713e+00 -3.0332e+00
5 0 +1.927479732e+01 +1.927479732e+01 -2.894520268e+01 -2.894520268e+01 -2.2170e+00 -7.9935e-01
19 0 +1.608525487e+01 +1.608525487e+01 -3.213474513e+01 -3.213474513e+01 -2.9068e+00 +8.9788e-01
27 0 +8.300677923e+00 +8.300677923e+00 -3.991932208e+01 -3.991932208e+01 -1.0131e+00 -1.4030e+00
37 0 +5.179227779e+00 +5.179227779e+00 -4.304077222e+01 -4.304077222e+01 -1.2350e+00 -2.8296e+00
1117 0 +5.102432891e+00 +5.102432891e+00 -4.311756711e+01 -4.311756711e+01 -1.2362e+00 -2.8227e+00
1553 0 +4.998444362e+00 +4.998444362e+00 -4.322155564e+01 -4.322155564e+01 -1.2426e+00 -2.8091e+00
% f evaluations | g evaluations | best noise-free fitness - Fopt | noise-free fitness - Fopt (2.547000000000e+01) | measured fitness | best measured fitness | x1 | x2...
1 0 +2.484307209e+02 +2.484307209e+02 +2.739007209e+02 +2.739007209e+02 +2.5582e+00 -2.4503e+00
2 0 +1.115730649e+02 +1.115730649e+02 +1.370430649e+02 +1.370430649e+02 -2.6345e+00 +1.4943e+00
3 0 +7.816211482e+01 +7.816211482e+01 +1.036321148e+02 +1.036321148e+02 -1.2702e+00 -1.7363e+00
4 0 +4.761806251e+01 +4.761806251e+01 +7.308806251e+01 +7.308806251e+01 -1.8372e+00 -2.1770e+00
18 0 +2.562544127e+01 +2.562544127e+01 +5.109544127e+01 +5.109544127e+01 -4.4513e+00 -5.2109e-01
48 0 +1.598059007e+01 +1.598059007e+01 +4.145059007e+01 +4.145059007e+01 -4.1830e+00 -2.6351e+00
55 0 +9.923478515e+00 +9.923478515e+00 +3.539347851e+01 +3.539347851e+01 -4.4548e+00 -2.3983e+00
417 0 +6.291259951e+00 +6.291259951e+00 +3.176125995e+01 +3.176125995e+01 -4.9145e+00 -1.2941e+00
1119 0 +2.165887346e+00 +2.165887346e+00 +2.763588735e+01 +2.763588735e+01 -4.4867e+00 -1.3095e+00
1505 0 +1.414042527e+00 +1.414042527e+00 +2.688404253e+01 +2.688404253e+01 -4.5173e+00 -1.3077e+00
1511 0 +1.219959935e+00 +1.219959935e+00 +2.668995994e+01 +2.668995994e+01 -4.5072e+00 -1.3082e+00
1841 0 +1.161417149e+00 +1.161417149e+00 +2.663141715e+01 +2.663141715e+01 -4.5098e+00 -1.2727e+00
1869 0 +1.093325505e+00 +1.093325505e+00 +2.656332551e+01 +2.656332551e+01 -4.5065e+00 -1.2971e+00
2167 0 +1.031090666e+00 +1.031090666e+00 +2.650109067e+01 +2.650109067e+01 -4.5094e+00 -1.2933e+00
2517 0 +1.021128969e+00 +1.021128969e+00 +2.649112897e+01 +2.649112897e+01 -4.5141e+00 -1.2914e+00
2879 0 +9.983219664e-01 +9.983219664e-01 +2.646832197e+01 +2.646832197e+01 -4.5126e+00 -1.2884e+00
% f evaluations | g evaluations | best noise-free fitness - Fopt | noise-free fitness - Fopt (-1.008100000000e+02) | measured fitness | best measured fitness | x1 | x2...
1 0 +4.514496410e+01 +4.514496410e+01 -5.566503590e+01 -5.566503590e+01 -1.7598e+00 -2.8197e+00
8 0 +3.708052627e+01 +3.708052627e+01 -6.372947373e+01 -6.372947373e+01 -2.1089e+00 -1.3705e+00
23 0 +3.188183256e+01 +3.188183256e+01 -6.892816744e+01 -6.892816744e+01 -3.5273e-01 -8.9207e-01
27 0 +1.348323207e+01 +1.348323207e+01 -8.732676793e+01 -8.732676793e+01 -4.2868e-01 +4.3261e-01
81 0 +1.291091069e+01 +1.291091069e+01 -8.789908931e+01 -8.789908931e+01 +9.7390e-03 +7.0222e-01
97 0 +1.933619127e+00 +1.933619127e+00 -9.887638087e+01 -9.887638087e+01 +1.0938e-01 -4.7841e-02
415 0 +1.452474715e+00 +1.452474715e+00 -9.935752528e+01 -9.935752528e+01 +1.6000e-01 -3.3566e-02
765 0 +1.148521905e+00 +1.148521905e+00 -9.966147810e+01 -9.966147810e+01 +1.4391e-01 -3.9355e-02
771 0 +1.049681877e+00 +1.049681877e+00 -9.976031812e+01 -9.976031812e+01 +1.3761e-01 -2.9045e-02
833 0 +1.007512418e+00 +1.007512418e+00 -9.980248758e+01 -9.980248758e+01 +1.3910e-01 -3.1709e-02
1467 0 +9.996207994e-01 +9.996207994e-01 -9.981037920e+01 -9.981037920e+01 +1.4041e-01 -3.1948e-02
% f evaluations | g evaluations | best noise-free fitness - Fopt | noise-free fitness - Fopt (-3.531300000000e+02) | measured fitness | best measured fitness | x1 | x2...
1 0 +4.496894381e+01 +4.496894381e+01 -3.081610562e+02 -3.081610562e+02 +7.7734e-01 +2.4863e-01
2 0 +2.724582763e+01 +2.724582763e+01 -3.258841724e+02 -3.258841724e+02 -3.9076e+00 +1.2881e+00
12 0 +2.613213196e+01 +2.613213196e+01 -3.269978680e+02 -3.269978680e+02 -9.9892e-01 +7.8496e-01
22 0 +1.448454192e+01 +1.448454192e+01 -3.386454581e+02 -3.386454581e+02 -1.5057e+00 +1.1003e+00
59 0 +1.015540779e+01 +1.015540779e+01 -3.429745922e+02 -3.429745922e+02 -4.0297e+00 +1.4398e+00
99 0 +7.315429996e+00 +7.315429996e+00 -3.458145700e+02 -3.458145700e+02 -1.5071e+00 +5.8774e-01
123 0 +6.725051371e+00 +6.725051371e+00 -3.464049486e+02 -3.464049486e+02 -1.6000e+00 +6.4731e-01
132 0 +5.208824106e+00 +5.208824106e+00 -3.479211759e+02 -3.479211759e+02 -2.0485e+00 +8.8028e-01
421 0 +3.399957768e+00 +3.399957768e+00 -3.497300422e+02 -3.497300422e+02 -2.0674e+00 +9.4789e-01
489 0 +2.608674124e+00 +2.608674124e+00 -3.505213259e+02 -3.505213259e+02 -2.1227e+00 +9.3323e-01
757 0 +2.470195825e+00 +2.470195825e+00 -3.506598042e+02 -3.506598042e+02 -2.0848e+00 +9.3793e-01
761 0 +2.297584278e+00 +2.297584278e+00 -3.508324157e+02 -3.508324157e+02 -2.0672e+00 +9.0694e-01
787 0 +2.086911447e+00 +2.086911447e+00 -3.510430886e+02 -3.510430886e+02 -2.0928e+00 +9.2437e-01
853 0 +7.064430415e-01 +7.064430415e-01 -3.524235570e+02 -3.524235570e+02 -2.2053e+00 +4.8014e-01
1169 0 +1.840727084e-02 +1.840727084e-02 -3.531115927e+02 -3.531115927e+02 -2.1898e+00 +4.9737e-01
1477 0 +1.097786523e-02 +1.097786523e-02 -3.531190221e+02 -3.531190221e+02 -2.1876e+00 +4.9840e-01
1489 0 +1.587154356e-04 +1.587154356e-04 -3.531298413e+02 -3.531298413e+02 -2.1806e+00 +4.9787e-01
1815 0 +1.262595525e-04 +1.262595525e-04 -3.531298737e+02 -3.531298737e+02 -2.1806e+00 +4.9784e-01
2169 0 +2.153753132e-05 +2.153753132e-05 -3.531299785e+02 -3.531299785e+02 -2.1799e+00 +4.9768e-01
2519 0 +1.777555053e-05 +1.777555053e-05 -3.531299822e+02 -3.531299822e+02 -2.1803e+00 +4.9769e-01
2523 0 +8.806623612e-06 +8.806623612e-06 -3.531299912e+02 -3.531299912e+02 -2.1801e+00 +4.9755e-01
2525 0 +3.676229312e-06 +3.676229312e-06 -3.531299963e+02 -3.531299963e+02 -2.1801e+00 +4.9764e-01
2879 0 +1.427704944e-06 +1.427704944e-06 -3.531299986e+02 -3.531299986e+02 -2.1801e+00 +4.9760e-01
2911 0 +1.262776607e-06 +1.262776607e-06 -3.531299987e+02 -3.531299987e+02 -2.1799e+00 +4.9759e-01
2941 0 +1.809268610e-07 +1.809268610e-07 -3.531299998e+02 -3.531299998e+02 -2.1800e+00 +4.9759e-01
3223 0 +4.775853313e-08 +4.775853313e-08 -3.531300000e+02 -3.531300000e+02 -2.1800e+00 +4.9760e-01
3259 0 +2.390237341e-08 +2.390237341e-08 -3.531300000e+02 -3.531300000e+02 -2.1800e+00 +4.9760e-01
3571 0 +6.562743238e-09 +6.562743238e-09 -3.531300000e+02 -3.531300000e+02 -2.1800e+00 +4.9760e-01
% f evaluations | g evaluations | best noise-free fitness - Fopt | noise-free fitness - Fopt (8.716000000000e+01) | measured fitness | best measured fitness | x1 | x2...
1 0 +2.141998575e+03 +2.141998575e+03 +2.229158575e+03 +2.229158575e+03 -3.9562e+00 -4.9641e+00
2 0 +1.603640937e+03 +1.603640937e+03 +1.690800937e+03 +1.690800937e+03 -2.2186e+00 -4.6404e+00
3 0 +6.884061585e+01 +6.884061585e+01 +1.560006159e+02 +1.560006159e+02 +2.3369e+00 -1.0044e+00
5 0 +4.335652508e+01 +4.335652508e+01 +1.305165251e+02 +1.305165251e+02 -7.9496e-01 +3.9957e+00
7 0 +2.802370802e+01 +2.802370802e+01 +1.151837080e+02 +1.151837080e+02 +2.8888e+00 +8.9280e-01
12 0 +2.508479621e+01 +2.508479621e+01 +1.122447962e+02 +1.122447962e+02 +1.7918e+00 +1.4298e+00
15 0 +1.351782738e+01 +1.351782738e+01 +1.006778274e+02 +1.006778274e+02 +3.2229e+00 +1.2184e+00
53 0 +5.754332904e+00 +5.754332904e+00 +9.291433290e+01 +9.291433290e+01 +2.4135e+00 +1.4652e+00
411 0 +3.718511376e+00 +3.718511376e+00 +9.087851138e+01 +9.087851138e+01 +2.8969e+00 +2.8205e-01
453 0 +4.771194521e-01 +4.771194521e-01 +8.763711945e+01 +8.763711945e+01 +1.9719e+00 +1.0046e+00
771 0 +1.238745934e-01 +1.238745934e-01 +8.728387459e+01 +8.728387459e+01 +1.9697e+00 +9.9776e-01
781 0 +5.450017926e-02 +5.450017926e-02 +8.721450018e+01 +8.721450018e+01 +1.9800e+00 +9.8025e-01
1113 0 +3.430490424e-02 +3.430490424e-02 +8.719430490e+01 +8.719430490e+01 +1.9772e+00 +9.8167e-01
1471 0 +2.961253969e-02 +2.961253969e-02 +8.718961254e+01 +8.718961254e+01 +1.9762e+00 +9.8378e-01
1481 0 +2.793612138e-02 +2.793612138e-02 +8.718793612e+01 +8.718793612e+01 +1.9754e+00 +9.8180e-01
1499 0 +1.187692449e-02 +1.187692449e-02 +8.717187692e+01 +8.717187692e+01 +1.9711e+00 +9.8396e-01
1819 0 +9.100856625e-03 +9.100856625e-03 +8.716910086e+01 +8.716910086e+01 +1.9702e+00 +9.8537e-01
1847 0 +5.420125471e-03 +5.420125471e-03 +8.716542013e+01 +8.716542013e+01 +1.9679e+00 +9.8642e-01
2165 0 +3.212131873e-03 +3.212131873e-03 +8.716321213e+01 +8.716321213e+01 +1.9683e+00 +9.8672e-01
2173 0 +2.860198458e-03 +2.860198458e-03 +8.716286020e+01 +8.716286020e+01 +1.9687e+00 +9.8680e-01
2175 0 +2.771920841e-03 +2.771920841e-03 +8.716277192e+01 +8.716277192e+01 +1.9684e+00 +9.8717e-01
2195 0 +1.233447150e-03 +1.233447150e-03 +8.716123345e+01 +8.716123345e+01 +1.9674e+00 +9.8796e-01
2211 0 +6.057603080e-04 +6.057603080e-04 +8.716060576e+01 +8.716060576e+01 +1.9678e+00 +9.8853e-01
2527 0 +5.676803720e-04 +5.676803720e-04 +8.716056768e+01 +8.716056768e+01 +1.9679e+00 +9.8890e-01
2539 0 +1.912092086e-04 +1.912092086e-04 +8.716019121e+01 +8.716019121e+01 +1.9672e+00 +9.8897e-01
2869 0 +1.622368379e-04 +1.622368379e-04 +8.716016224e+01 +8.716016224e+01 +1.9671e+00 +9.8901e-01
2887 0 +1.487872815e-04 +1.487872815e-04 +8.716014879e+01 +8.716014879e+01 +1.9671e+00 +9.8908e-01
2889 0 +1.345845578e-04 +1.345845578e-04 +8.716013458e+01 +8.716013458e+01 +1.9671e+00 +9.8913e-01
2895 0 +1.223137800e-04 +1.223137800e-04 +8.716012231e+01 +8.716012231e+01 +1.9670e+00 +9.8910e-01
2925 0 +8.851432864e-05 +8.851432864e-05 +8.716008851e+01 +8.716008851e+01 +1.9670e+00 +9.8926e-01
3235 0 +8.478243110e-05 +8.478243110e-05 +8.716008478e+01 +8.716008478e+01 +1.9669e+00 +9.8926e-01
3239 0 +7.778301679e-05 +7.778301679e-05 +8.716007778e+01 +8.716007778e+01 +1.9669e+00 +9.8920e-01
3261 0 +6.387507922e-05 +6.387507922e-05 +8.716006388e+01 +8.716006388e+01 +1.9669e+00 +9.8926e-01
3301 0 +5.663941339e-05 +5.663941339e-05 +8.716005664e+01 +8.716005664e+01 +1.9668e+00 +9.8927e-01
3579 0 +4.655229527e-05 +4.655229527e-05 +8.716004655e+01 +8.716004655e+01 +1.9667e+00 +9.8929e-01
3923 0 +4.478294925e-05 +4.478294925e-05 +8.716004478e+01 +8.716004478e+01 +1.9668e+00 +9.8932e-01
3927 0 +4.334771019e-05 +4.334771019e-05 +8.716004335e+01 +8.716004335e+01 +1.9668e+00 +9.8932e-01
3969 0 +3.988261686e-05 +3.988261686e-05 +8.716003988e+01 +8.716003988e+01 +1.9668e+00 +9.8933e-01
3985 0 +3.611991146e-05 +3.611991146e-05 +8.716003612e+01 +8.716003612e+01 +1.9667e+00 +9.8931e-01
4279 0 +3.451084606e-05 +3.451084606e-05 +8.716003451e+01 +8.716003451e+01 +1.9667e+00 +9.8931e-01
4321 0 +3.300004670e-05 +3.300004670e-05 +8.716003300e+01 +8.716003300e+01 +1.9667e+00 +9.8932e-01
4631 0 +3.214304313e-05 +3.214304313e-05 +8.716003214e+01 +8.716003214e+01 +1.9667e+00 +9.8932e-01
4997 0 +3.116700543e-05 +3.116700543e-05 +8.716003117e+01 +8.716003117e+01 +1.9667e+00 +9.8932e-01
5337 0 +3.073775511e-05 +3.073775511e-05 +8.716003074e+01 +8.716003074e+01 +1.9667e+00 +9.8933e-01
5753 0 +3.004365495e-05 +3.004365495e-05 +8.716003004e+01 +8.716003004e+01 +1.9667e+00 +9.8933e-01
6399 0 +2.949739049e-05 +2.949739049e-05 +8.716002950e+01 +8.716002950e+01 +1.9667e+00 +9.8933e-01
% f evaluations | g evaluations | best noise-free fitness - Fopt | noise-free fitness - Fopt (-3.475000000000e+01) | measured fitness | best measured fitness | x1 | x2...
1 0 +4.577247804e+02 +4.577247804e+02 +4.229747804e+02 +4.229747804e+02 +3.9747e+00 -4.1247e+00
2 0 +1.883560840e+01 +1.883560840e+01 -1.591439160e+01 -1.591439160e+01 +1.0738e+00 +8.6350e-01
35 0 +9.525992403e+00 +9.525992403e+00 -2.522400760e+01 -2.522400760e+01 +1.8859e+00 +1.3256e+00
145 0 +4.516440211e+00 +4.516440211e+00 -3.023355979e+01 -3.023355979e+01 +1.4353e+00 +1.5403e+00
221 0 +3.966415685e+00 +3.966415685e+00 -3.078358432e+01 -3.078358432e+01 +1.5236e+00 +2.0109e+00
409 0 +1.185521552e+00 +1.185521552e+00 -3.356447845e+01 -3.356447845e+01 +1.4798e+00 +1.9719e+00
767 0 +1.126602743e+00 +1.126602743e+00 -3.362339726e+01 -3.362339726e+01 +1.4774e+00 +1.9707e+00
791 0 +1.106379393e+00 +1.106379393e+00 -3.364362061e+01 -3.364362061e+01 +1.4695e+00 +1.9718e+00
841 0 +1.049533818e+00 +1.049533818e+00 -3.370046618e+01 -3.370046618e+01 +1.4726e+00 +1.9690e+00
1113 0 +1.041520723e+00 +1.041520723e+00 -3.370847928e+01 -3.370847928e+01 +1.4703e+00 +1.9689e+00
1465 0 +1.014746532e+00 +1.014746532e+00 -3.373525347e+01 -3.373525347e+01 +1.4695e+00 +1.9668e+00
1815 0 +9.987393856e-01 +9.987393856e-01 -3.375126061e+01 -3.375126061e+01 +1.4681e+00 +1.9646e+00
% f evaluations | g evaluations | best noise-free fitness - Fopt | noise-free fitness - Fopt (-1.000000000000e+03) | measured fitness | best measured fitness | x1 | x2...
1 0 +1.933958558e+02 +1.933958558e+02 -8.066041442e+02 -8.066041442e+02 +2.0828e-02 -1.1458e+00
2 0 +7.629266670e+00 +7.629266670e+00 -9.923707333e+02 -9.923707333e+02 -4.1373e+00 -3.8920e+00
39 0 +6.505058325e+00 +6.505058325e+00 -9.934949417e+02 -9.934949417e+02 -4.3288e+00 -3.8258e+00
53 0 +5.029959733e+00 +5.029959733e+00 -9.949700403e+02 -9.949700403e+02 -4.1923e+00 -3.7963e+00
200 0 +1.993875854e+00 +1.993875854e+00 -9.980061241e+02 -9.980061241e+02 -3.8388e+00 -3.1808e+00
433 0 +1.040485079e+00 +1.040485079e+00 -9.989595149e+02 -9.989595149e+02 -3.8156e+00 -3.1699e+00
781 0 +9.527523134e-01 +9.527523134e-01 -9.990472477e+02 -9.990472477e+02 -3.8152e+00 -3.1737e+00
795 0 +5.943557023e-01 +5.943557023e-01 -9.994056443e+02 -9.994056443e+02 -3.7257e+00 -3.2478e+00
1113 0 +1.327741735e-01 +1.327741735e-01 -9.998672258e+02 -9.998672258e+02 -3.7722e+00 -3.2306e+00
1133 0 +1.609174201e-02 +1.609174201e-02 -9.999839083e+02 -9.999839083e+02 -3.7563e+00 -3.2354e+00
1467 0 +1.118388593e-02 +1.118388593e-02 -9.999888161e+02 -9.999888161e+02 -3.7565e+00 -3.2319e+00
1471 0 +1.602147386e-04 +1.602147386e-04 -9.999998398e+02 -9.999998398e+02 -3.7609e+00 -3.2294e+00
1853 0 +7.887334334e-05 +7.887334334e-05 -9.999999211e+02 -9.999999211e+02 -3.7612e+00 -3.2289e+00
2191 0 +2.957149820e-05 +2.957149820e-05 -9.999999704e+02 -9.999999704e+02 -3.7614e+00 -3.2291e+00
2217 0 +2.433892837e-05 +2.433892837e-05 -9.999999757e+02 -9.999999757e+02 -3.7614e+00 -3.2289e+00
2521 0 +7.711789749e-06 +7.711789749e-06 -9.999999923e+02 -9.999999923e+02 -3.7616e+00 -3.2289e+00
2539 0 +2.719200324e-06 +2.719200324e-06 -9.999999973e+02 -9.999999973e+02 -3.7615e+00 -3.2289e+00
2871 0 +2.807726105e-07 +2.807726105e-07 -9.999999997e+02 -9.999999997e+02 -3.7616e+00 -3.2288e+00
3221 0 +3.180002750e-08 +3.180002750e-08 -1.000000000e+03 -1.000000000e+03 -3.7616e+00 -3.2288e+00
3579 0 +1.885905476e-08 +1.885905476e-08 -1.000000000e+03 -1.000000000e+03 -3.7616e+00 -3.2288e+00
3587 0 +1.477314981e-08 +1.477314981e-08 -1.000000000e+03 -1.000000000e+03 -3.7616e+00 -3.2288e+00
3591 0 +4.181629265e-09 +4.181629265e-09 -1.000000000e+03 -1.000000000e+03 -3.7616e+00 -3.2288e+00
% f evaluations | g evaluations | best noise-free fitness - Fopt | noise-free fitness - Fopt (-9.247000000000e+01) | measured fitness | best measured fitness | x1 | x2...
1 0 +3.729408359e+01 +3.729408359e+01 -5.517591641e+01 -5.517591641e+01 +3.0173e+00 -1.1479e+00
2 0 +1.874306867e+01 +1.874306867e+01 -7.372693133e+01 -7.372693133e+01 +2.7472e+00 +2.0571e-01
5 0 +1.443483084e+01 +1.443483084e+01 -7.803516916e+01 -7.803516916e+01 +1.9860e+00 +1.1004e-01
39 0 +1.387370062e+01 +1.387370062e+01 -7.859629938e+01 -7.859629938e+01 +7.1661e-01 -3.9721e-01
87 0 +5.289314355e+00 +5.289314355e+00 -8.718068565e+01 -8.718068565e+01 +9.2784e-01 +1.4370e-01
92 0 +2.315722499e+00 +2.315722499e+00 -9.015427750e+01 -9.015427750e+01 +3.1049e+00 +2.8516e-01
779 0 +2.047306523e+00 +2.047306523e+00 -9.042269348e+01 -9.042269348e+01 +3.1224e+00 +2.7199e-01
1113 0 +2.037808659e+00 +2.037808659e+00 -9.043219134e+01 -9.043219134e+01 +3.1195e+00 +2.7089e-01
1149 0 +1.994896138e+00 +1.994896138e+00 -9.047510386e+01 -9.047510386e+01 +3.1124e+00 +2.7507e-01
% f evaluations | g evaluations | best noise-free fitness - Fopt | noise-free fitness - Fopt (-2.153000000000e+02) | measured fitness | best measured fitness | x1 | x2...
1 0 +9.590725217e+01 +9.590725217e+01 -1.193927478e+02 -1.193927478e+02 -1.5740e-01 +4.0461e+00
2 0 +5.285505477e+01 +5.285505477e+01 -1.624449452e+02 -1.624449452e+02 -3.2039e+00 -6.1934e-01
9 0 +4.193055928e+01 +4.193055928e+01 -1.733694407e+02 -1.733694407e+02 -3.4511e+00 -9.8865e-01
14 0 +7.275255626e+00 +7.275255626e+00 -2.080247444e+02 -2.080247444e+02 -3.3027e+00 +3.8121e+00
53 0 +1.070352208e+00 +1.070352208e+00 -2.142296478e+02 -2.142296478e+02 -3.3138e+00 +3.6773e+00
461 0 +1.024917683e+00 +1.024917683e+00 -2.142750823e+02 -2.142750823e+02 -3.3202e+00 +3.6689e+00
787 0 +1.006339468e+00 +1.006339468e+00 -2.142936605e+02 -2.142936605e+02 -3.3214e+00 +3.6820e+00
807 0 +9.975776667e-01 +9.975776667e-01 -2.143024223e+02 -2.143024223e+02 -3.3200e+00 +3.6763e+00
% f evaluations | g evaluations | best noise-free fitness - Fopt | noise-free fitness - Fopt (-5.449000000000e+01) | measured fitness | best measured fitness | x1 | x2...
1 0 +3.115658439e+01 +3.115658439e+01 -2.333341561e+01 -2.333341561e+01 +3.0942e+00 -3.1473e-01
31 0 +2.252565104e+01 +2.252565104e+01 -3.196434896e+01 -3.196434896e+01 +3.7226e+00 -1.4267e+00
45 0 +5.921266769e+00 +5.921266769e+00 -4.856873323e+01 -4.856873323e+01 +2.6460e+00 -3.7090e-01
103 0 +2.592673532e+00 +2.592673532e+00 -5.189732647e+01 -5.189732647e+01 +2.8226e+00 -1.3014e+00
403 0 +2.521596317e+00 +2.521596317e+00 -5.196840368e+01 -5.196840368e+01 +2.7727e+00 -1.3081e+00
465 0 +1.525751725e+00 +1.525751725e+00 -5.296424827e+01 -5.296424827e+01 +2.7661e+00 -1.2921e+00
757 0 +1.047899043e+00 +1.047899043e+00 -5.344210096e+01 -5.344210096e+01 +2.7523e+00 -1.2755e+00
1111 0 +1.030211895e+00 +1.030211895e+00 -5.345978810e+01 -5.345978810e+01 +2.7532e+00 -1.2735e+00
1115 0 +1.010279445e+00 +1.010279445e+00 -5.347972056e+01 -5.347972056e+01 +2.7483e+00 -1.2673e+00
1137 0 +9.962060665e-01 +9.962060665e-01 -5.349379393e+01 -5.349379393e+01 +2.7377e+00 -1.2662e+00
% f evaluations | g evaluations | best noise-free fitness - Fopt | noise-free fitness - Fopt (5.049000000000e+01) | measured fitness | best measured fitness | x1 | x2...
1 0 +9.539519726e+01 +9.539519726e+01 +1.458851973e+02 +1.458851973e+02 +2.1982e+00 +2.1575e+00
3 0 +4.964927390e+01 +4.964927390e+01 +1.001392739e+02 +1.001392739e+02 +4.2109e+00 +1.1100e+00
12 0 +2.288760793e+01 +2.288760793e+01 +7.337760793e+01 +7.337760793e+01 +8.3600e-01 -9.4442e-01
51 0 +2.048283852e+01 +2.048283852e+01 +7.097283852e+01 +7.097283852e+01 +8.3737e-01 -9.5615e-01
72 0 +1.031233304e+01 +1.031233304e+01 +6.080233304e+01 +6.080233304e+01 +3.9840e+00 -3.7197e-01
92 0 +6.838716301e+00 +6.838716301e+00 +5.732871630e+01 +5.732871630e+01 +4.7542e+00 -4.4120e-01
201 0 +6.548164541e+00 +6.548164541e+00 +5.703816454e+01 +5.703816454e+01 +4.0194e+00 -7.5724e-01
425 0 +6.341728229e+00 +6.341728229e+00 +5.683172823e+01 +5.683172823e+01 +3.9367e+00 -7.8687e-01
447 0 +3.576754058e+00 +3.576754058e+00 +5.406675406e+01 +5.406675406e+01 +2.8367e+00 -7.1080e-01
807 0 +2.585564796e+00 +2.585564796e+00 +5.307556480e+01 +5.307556480e+01 +2.8018e+00 -7.5761e-01
1107 0 +2.465499456e+00 +2.465499456e+00 +5.295549946e+01 +5.295549946e+01 +2.7447e+00 -7.5794e-01
1113 0 +2.429109629e+00 +2.429109629e+00 +5.291910963e+01 +5.291910963e+01 +2.7647e+00 -7.2722e-01
1199 0 +2.276829427e+00 +2.276829427e+00 +5.276682943e+01 +5.276682943e+01 +2.7481e+00 -7.5197e-01
1459 0 +2.198486273e+00 +2.198486273e+00 +5.268848627e+01 +5.268848627e+01 +2.7477e+00 -7.4845e-01
1463 0 +2.181651800e+00 +2.181651800e+00 +5.267165180e+01 +5.267165180e+01 +2.7561e+00 -7.4451e-01
1481 0 +2.108888346e+00 +2.108888346e+00 +5.259888835e+01 +5.259888835e+01 +2.7329e+00 -7.4674e-01
1511 0 +2.069163241e+00 +2.069163241e+00 +5.255916324e+01 +5.255916324e+01 +2.7169e+00 -7.4909e-01
1537 0 +2.034595524e+00 +2.034595524e+00 +5.252459552e+01 +5.252459552e+01 +2.7198e+00 -7.4410e-01
2163 0 +1.993831327e+00 +1.993831327e+00 +5.248383133e+01 +5.248383133e+01 +2.6959e+00 -7.4416e-01
% f evaluations | g evaluations | best noise-free fitness - Fopt | noise-free fitness - Fopt (-3.641300000000e+02) | measured fitness | best measured fitness | x1 | x2...
1 0 +5.256336157e+01 +5.256336157e+01 -3.115666384e+02 -3.115666384e+02 -2.5040e+00 -1.8171e+00
8 0 +5.119304403e+01 +5.119304403e+01 -3.129369560e+02 -3.129369560e+02 +1.4443e+00 +1.0695e+00
10 0 +4.761655461e+01 +4.761655461e+01 -3.165134454e+02 -3.165134454e+02 +2.7191e+00 +1.1951e-01
11 0 +1.744718532e+01 +1.744718532e+01 -3.466828147e+02 -3.466828147e+02 -4.3824e+00 -1.3515e+00
17 0 +6.843953939e+00 +6.843953939e+00 -3.572860461e+02 -3.572860461e+02 -3.0542e+00 -1.1701e+00
44 0 +3.267854951e+00 +3.267854951e+00 -3.608621450e+02 -3.608621450e+02 -4.0197e+00 -3.4603e-01
403 0 +2.326314685e+00 +2.326314685e+00 -3.618036853e+02 -3.618036853e+02 -4.0412e+00 -3.3957e-01
775 0 +2.084377741e+00 +2.084377741e+00 -3.620456223e+02 -3.620456223e+02 -4.0442e+00 -3.2620e-01
777 0 +1.308322033e+00 +1.308322033e+00 -3.628216780e+02 -3.628216780e+02 -4.1295e+00 -3.3871e-01
1109 0 +1.283689416e+00 +1.283689416e+00 -3.628463106e+02 -3.628463106e+02 -4.1257e+00 -3.3843e-01
1147 0 +1.216442572e+00 +1.216442572e+00 -3.629135574e+02 -3.629135574e+02 -4.1453e+00 -3.3055e-01
1181 0 +1.183833666e+00 +1.183833666e+00 -3.629461663e+02 -3.629461663e+02 -4.1413e+00 -3.3076e-01
1195 0 +1.168275170e+00 +1.168275170e+00 -3.629617248e+02 -3.629617248e+02 -4.1219e+00 -3.3403e-01
1459 0 +1.138143208e+00 +1.138143208e+00 -3.629918568e+02 -3.629918568e+02 -4.1186e+00 -3.3237e-01
1519 0 +1.065334638e+00 +1.065334638e+00 -3.630646654e+02 -3.630646654e+02 -4.1252e+00 -3.2800e-01
1819 0 +1.026489040e+00 +1.026489040e+00 -3.631035110e+02 -3.631035110e+02 -4.1278e+00 -3.2455e-01
1851 0 +1.014567388e+00 +1.014567388e+00 -3.631154326e+02 -3.631154326e+02 -4.1261e+00 -3.2298e-01
2527 0 +9.994552940e-01 +9.994552940e-01 -3.631305447e+02 -3.631305447e+02 -4.1266e+00 -3.1862e-01
% f evaluations | g evaluations | best noise-free fitness - Fopt | noise-free fitness - Fopt (1.592700000000e+02) | measured fitness | best measured fitness | x1 | x2...
1 0 +1.393209406e+03 +1.393209406e+03 +1.552479406e+03 +1.552479406e+03 +1.0807e+00 +4.8818e+00
2 0 +2.119595109e+02 +2.119595109e+02 +3.712295109e+02 +3.712295109e+02 -2.5170e+00 +2.3138e+00
6 0 +3.755895196e+01 +3.755895196e+01 +1.968289520e+02 +1.968289520e+02 +2.0084e+00 +7.6909e-01
10 0 +2.312440061e+01 +2.312440061e+01 +1.823944006e+02 +1.823944006e+02 -1.5856e+00 -7.6596e-01
25 0 +1.601466993e+01 +1.601466993e+01 +1.752846699e+02 +1.752846699e+02 -1.2808e+00 -7.1051e-02
51 0 +2.195262763e+00 +2.195262763e+00 +1.614652628e+02 +1.614652628e+02 -1.7574e+00 -1.8628e+00
411 0 +1.059908386e+00 +1.059908386e+00 +1.603299084e+02 +1.603299084e+02 -1.7667e+00 -1.9112e+00
1119 0 +1.019889593e+00 +1.019889593e+00 +1.602898896e+02 +1.602898896e+02 -1.7610e+00 -1.9037e+00
