% f evaluations | g evaluations | best noise-free fitness - Fopt | noise-free fitness - Fopt (7.135000000000e+01) | measured fitness | best measured fitness | x1 | x2...
1 0 +6.900335707e+01 +6.900335707e+01 +1.403533571e+02 +1.403533571e+02 -4.9282e+00 +2.0042e+00 -2.6884e+00 +3.9675e+00 +4.1282e-01 -2.3723e+00 -2.8280e+00 -8.8723e-01 +1.5888e-01 -2.2207e-01
5 0 +6.748803457e+01 +6.748803457e+01 +1.388380346e+02 +1.388380346e+02 -4.6528e+00 -3.7158e+00 -1.4586e+00 +4.5294e+00 -1.6708e+00 -3.0907e+00 +1.2007e+00 -4.2516e+00 -3.6761e+00 -1.9499e+00
8 0 +4.420128160e+01 +4.420128160e+01 +1.155512816e+02 +1.155512816e+02 -1.4172e+00 -4.7360e+00 +3.2515e+00 -3.7608e+00 -2.2707e+00 +3.4482e+00 -3.2739e+00 -2.4015e+00 -3.8685e+00 -1.6291e-01
15 0 +4.310455033e+01 +4.310455033e+01 +1.144545503e+02 +1.144545503e+02 +1.2689e+00 -3.5686e+00 +4.5956e+00 -8.1747e-01 +9.1073e-01 +1.3583e+00 +3.2735e+00 +2.9742e+00 +2.0434e+00 -1.9235e+00
19 0 +2.933851191e+01 +2.933851191e+01 +1.006885119e+02 +1.006885119e+02 +3.0733e+00 +4.4642e+00 -4.2931e+00 -4.1102e-01 +4.6477e+00 +4.3399e+00 -4.5415e+00 -1.2643e+00 +4.3847e+00 +1.8100e+00
41 0 +2.703727662e+01 +2.703727662e+01 +9.838727662e+01 +9.838727662e+01 +2.3824e+00 -3.9379e+00 -1.1367e+00 +1.4109e+00 -3.2550e+00 +1.1392e+00 -2.3193e+00 -3.7431e+00 -2.4730e+00 +6.0072e-01
70 0 +1.594831310e+01 +1.594831310e+01 +8.729831310e+01 +8.729831310e+01 +1.1878e+00 -4.6218e+00 -1.1627e+00 +2.7717e-01 -5.0000e+00 +3.5922e+00 -3.3115e+00 -2.8449e+00 -2.4799e+00 +8.4556e-01
119 0 +1.308821900e+01 +1.308821900e+01 +8.443821900e+01 +8.443821900e+01 +1.0418e+00 -4.5927e+00 -8.7269e-01 +3.9319e-01 -5.0000e+00 +3.5511e+00 -2.1697e+00 -3.4152e+00 -2.4715e+00 +8.6167e-01
156 0 +1.168707525e+01 +1.168707525e+01 +8.303707525e+01 +8.303707525e+01 +1.0507e+00 -4.5993e+00 -9.1915e-01 +3.8363e-01 -5.0000e+00 +3.8937e+00 -2.3844e+00 -3.1264e+00 -2.4626e+00 +8.2511e-01
165 0 +1.016773653e+01 +1.016773653e+01 +8.151773653e+01 +8.151773653e+01 +1.0116e+00 -4.5957e+00 -8.2029e-01 +3.1668e-01 -5.0000e+00 +3.9117e+00 -2.3903e+00 -2.8086e+00 -2.4471e+00 +8.0958e-01
203 0 +8.633246300e+00 +8.633246300e+00 +7.998324630e+01 +7.998324630e+01 +1.1163e+00 -4.5167e+00 -8.2952e-01 +2.8717e-01 -5.0000e+00 +3.5055e+00 -2.0550e+00 -3.3641e+00 -2.4729e+00 +6.3035e-01
214 0 +8.180464130e+00 +8.180464130e+00 +7.953046413e+01 +7.953046413e+01 +1.1017e+00 -4.4915e+00 -8.6068e-01 +3.2700e-01 -5.0000e+00 +3.4237e+00 -2.4489e+00 -3.4956e+00 -2.4737e+00 +5.2740e-01
217 0 +6.381190153e+00 +6.381190153e+00 +7.773119015e+01 +7.773119015e+01 +1.1730e+00 -4.5104e+00 -8.2589e-01 +2.9765e-01 -5.0000e+00 +3.2534e+00 -2.2591e+00 -3.3060e+00 -2.4708e+00 +6.4477e-01
263 0 +5.951830046e+00 +5.951830046e+00 +7.730183005e+01 +7.730183005e+01 +1.1693e+00 -4.5171e+00 -8.3278e-01 +2.9526e-01 -5.0000e+00 +3.3164e+00 -2.2155e+00 -3.2948e+00 -2.4693e+00 +6.4409e-01
305 0 +5.323647820e+00 +5.323647820e+00 +7.667364782e+01 +7.667364782e+01 +1.0447e+00 -4.5136e+00 -8.2729e-01 +3.0060e-01 -4.9975e+00 +3.4387e+00 -2.2844e+00 -3.2855e+00 -2.4700e+00 +5.9284e-01
311 0 +4.952543521e+00 +4.952543521e+00 +7.630254352e+01 +7.630254352e+01 +1.0287e+00 -4.5130e+00 -8.2666e-01 +2.8597e-01 -4.9980e+00 +3.4368e+00 -2.2324e+00 -3.2796e+00 -2.4722e+00 +5.7209e-01
317 0 +4.776051721e+00 +4.776051721e+00 +7.612605172e+01 +7.612605172e+01 +1.0982e+00 -4.5133e+00 -8.2812e-01 +2.8155e-01 -4.9979e+00 +3.3905e+00 -2.3062e+00 -3.2458e+00 -2.4747e+00 +5.5512e-01
367 0 +4.035944255e+00 +4.035944255e+00 +7.538594425e+01 +7.538594425e+01 +1.0983e+00 -4.5132e+00 -8.2798e-01 +2.7324e-01 -4.9979e+00 +3.4329e+00 -2.3055e+00 -3.2362e+00 -2.4780e+00 +5.5575e-01
406 0 +3.691807904e+00 +3.691807904e+00 +7.504180790e+01 +7.504180790e+01 +1.0511e+00 -4.5012e+00 -8.2494e-01 +2.8160e-01 -4.9973e+00 +3.4044e+00 -2.3041e+00 -3.2100e+00 -2.4777e+00 +5.4655e-01
416 0 +3.476843792e+00 +3.476843792e+00 +7.482684379e+01 +7.482684379e+01 +1.0515e+00 -4.4987e+00 -8.2431e-01 +2.8187e-01 -4.9975e+00 +3.4095e+00 -2.2957e+00 -3.1940e+00 -2.4773e+00 +5.5790e-01
467 0 +3.462876052e+00 +3.462876052e+00 +7.481287605e+01 +7.481287605e+01 +1.0510e+00 -4.4990e+00 -8.2518e-01 +2.8187e-01 -4.9975e+00 +3.4042e+00 -2.3033e+00 -3.1851e+00 -2.4774e+00 +5.5386e-01
472 0 +3.307961543e+00 +3.307961543e+00 +7.465796154e+01 +7.465796154e+01 +1.0516e+00 -4.4930e+00 -8.2399e-01 +2.8080e-01 -4.9976e+00 +3.4022e+00 -2.2974e+00 -3.1764e+00 -2.4768e+00 +5.6147e-01
491 0 +3.235031903e+00 +3.235031903e+00 +7.458503190e+01 +7.458503190e+01 +1.0522e+00 -4.4986e+00 -8.2483e-01 +2.8198e-01 -4.9974e+00 +3.4120e+00 -2.2932e+00 -3.1958e+00 -2.4765e+00 +5.5469e-01
582 0 +3.160340445e+00 +3.160340445e+00 +7.451034045e+01 +7.451034045e+01 +1.0601e+00 -4.4987e+00 -8.2466e-01 +2.8172e-01 -4.9973e+00 +3.4121e+00 -2.2930e+00 -3.1966e+00 -2.4762e+00 +5.5491e-01
708 0 +3.089033465e+00 +3.089033465e+00 +7.443903347e+01 +7.443903347e+01 +1.0572e+00 -4.4987e+00 -8.2470e-01 +2.8172e-01 -4.9973e+00 +3.4121e+00 -2.2932e+00 -3.1964e+00 -2.4762e+00 +5.5480e-01
% f evaluations | g evaluations | best noise-free fitness - Fopt | noise-free fitness - Fopt (-3.552200000000e+02) | measured fitness | best measured fitness | x1 | x2...
1 0 +2.767848761e+01 +2.767848761e+01 -3.275415124e+02 -3.275415124e+02 +2.8026e+00 -1.9633e+00 -6.6770e-01 -3.1156e+00 +1.5170e+00 -4.1401e+00 +2.5108e+00 -3.8023e+00 +3.9387e+00 +3.3508e-01
11 0 +2.247850977e+01 +2.247850977e+01 -3.327414902e+02 -3.327414902e+02 -1.3471e+00 -3.2928e+00 +3.9537e+00 -4.9748e+00 -2.7022e+00 +3.7155e-01 +2.7113e+00 -1.9735e+00 -4.0312e+00 +4.0497e+00
138 0 +2.195318106e+01 +2.195318106e+01 -3.332668189e+02 -3.332668189e+02 -1.2955e+00 -3.2745e+00 +3.8651e+00 -4.9531e+00 -2.4990e+00 +5.3535e-01 +2.6133e+00 -2.0733e+00 -4.0473e+00 +3.9815e+00
157 0 +1.531593518e+01 +1.531593518e+01 -3.399040648e+02 -3.399040648e+02 -1.4394e+00 -3.2691e+00 +3.7669e+00 -4.9545e+00 -2.5301e+00 +4.2010e-01 +2.6536e+00 -2.2313e+00 -4.0472e+00 +3.9529e+00
185 0 +1.505076470e+01 +1.505076470e+01 -3.401692353e+02 -3.401692353e+02 -1.2647e+00 -2.8212e+00 +3.8599e+00 -4.9581e+00 -2.4837e+00 +5.2534e-01 +2.6133e+00 -2.0213e+00 -3.6323e+00 +4.2213e+00
267 0 +1.351716847e+01 +1.351716847e+01 -3.417028315e+02 -3.417028315e+02 -1.2676e+00 -2.9099e+00 +3.8423e+00 -4.9394e+00 -2.4878e+00 +6.3333e-01 +2.6080e+00 -2.0182e+00 -3.7688e+00 +4.0869e+00
335 0 +1.300891724e+01 +1.300891724e+01 -3.422110828e+02 -3.422110828e+02 -1.2681e+00 -2.9036e+00 +3.8420e+00 -4.9482e+00 -2.5108e+00 +6.2261e-01 +2.5880e+00 -2.0288e+00 -3.7640e+00 +4.0868e+00
364 0 +1.245575689e+01 +1.245575689e+01 -3.427642431e+02 -3.427642431e+02 -1.2648e+00 -2.9155e+00 +3.8311e+00 -4.9456e+00 -2.4855e+00 +6.4435e-01 +2.6076e+00 -2.0188e+00 -3.7606e+00 +4.0781e+00
386 0 +1.229412038e+01 +1.229412038e+01 -3.429258796e+02 -3.429258796e+02 -1.2605e+00 -2.9105e+00 +3.8307e+00 -4.9467e+00 -2.4867e+00 +6.4312e-01 +2.6097e+00 -2.0192e+00 -3.7653e+00 +4.0841e+00
480 0 +1.188669157e+01 +1.188669157e+01 -3.433333084e+02 -3.433333084e+02 -1.2655e+00 -2.9137e+00 +3.8343e+00 -4.9448e+00 -2.4859e+00 +6.4017e-01 +2.6089e+00 -2.0189e+00 -3.7596e+00 +4.0756e+00
760 0 +1.174803087e+01 +1.174803087e+01 -3.434719691e+02 -3.434719691e+02 -1.2653e+00 -2.9141e+00 +3.8340e+00 -4.9447e+00 -2.4859e+00 +6.4011e-01 +2.6089e+00 -2.0188e+00 -3.7595e+00 +4.0756e+00
% f evaluations | g evaluations | best noise-free fitness - Fopt | noise-free fitness - Fopt (9.917000000000e+01) | measured fitness | best measured fitness | x1 | x2...
1 0 +9.270202146e+01 +9.270202146e+01 +1.918720215e+02 +1.918720215e+02 -2.0935e+00 -4.7188e+00 +4.7415e+00 +4.6733e+00 +5.0771e-01 -2.6580e+00 -1.2366e+00 -1.0225e+00 +8.2740e-02 -4.2630e+00
4 0 +8.673817766e+01 +8.673817766e+01 +1.859081777e+02 +1.859081777e+02 -1.7196e+00 +2.5010e+00 -3.9581e+00 -2.2686e-02 -2.7386e+00 +4.8611e+00 +8.0879e-01 +3.1160e+00 -3.1054e+00 -1.3024e+00
6 0 +4.038616815e+01 +4.038616815e+01 +1.395561682e+02 +1.395561682e+02 -3.6439e-01 -2.7778e+00 -1.8079e+00 +1.5555e+00 -3.7489e-01 +2.6359e+00 -3.7454e+00 -8.1804e-01 -3.9795e-01 -4.6933e+00
40 0 +3.962712984e+01 +3.962712984e+01 +1.387971298e+02 +1.387971298e+02 +4.4915e+00 +8.2008e-02 +3.6437e+00 +2.7189e+00 -4.2042e+00 -1.5368e-01 -4.4281e+00 -3.6870e+00 -3.3249e+00 +1.0952e+00
44 0 +3.027442548e+01 +3.027442548e+01 +1.294444255e+02 +1.294444255e+02 +4.2480e+00 -1.6174e+00 +1.8535e+00 -1.0496e+00 +3.9974e+00 -1.3779e+00 +1.8424e+00 -2.8879e+00 -1.5143e+00 +3.2257e+00
70 0 +2.533716688e+01 +2.533716688e+01 +1.245071669e+02 +1.245071669e+02 +5.0000e+00 -5.0000e+00 -1.1134e-01 -1.3155e+00 +1.5945e+00 -1.5364e+00 +3.0607e+00 -2.9036e+00 +8.3542e-01 +4.1908e+00
148 0 +2.151912854e+01 +2.151912854e+01 +1.206891285e+02 +1.206891285e+02 +4.2317e+00 -5.0000e+00 +1.6761e-01 -1.2579e+00 +2.0859e+00 -1.2163e+00 +3.0634e+00 -2.5125e+00 +1.1565e+00 +5.0000e+00
156 0 +1.767498327e+01 +1.767498327e+01 +1.168449833e+02 +1.168449833e+02 +4.1894e+00 -5.0000e+00 +3.6393e-02 -1.4950e+00 +1.8119e+00 -1.2235e+00 +3.0512e+00 -2.5650e+00 +4.7308e-01 +4.6404e+00
194 0 +1.283720845e+01 +1.283720845e+01 +1.120072084e+02 +1.120072084e+02 +4.2950e+00 -5.0000e+00 +1.2255e-01 -1.5034e+00 +1.8213e+00 -1.3374e+00 +2.6906e+00 -2.6688e+00 +9.7405e-01 +4.9905e+00
209 0 +9.083729535e+00 +9.083729535e+00 +1.082537295e+02 +1.082537295e+02 +4.3016e+00 -5.0000e+00 +1.3717e-01 -1.6197e+00 +1.8141e+00 -1.3841e+00 +2.6702e+00 -2.4328e+00 +9.5326e-01 +5.0000e+00
215 0 +8.796678120e+00 +8.796678120e+00 +1.079666781e+02 +1.079666781e+02 +4.2874e+00 -5.0000e+00 +1.3229e-01 -1.4634e+00 +1.8063e+00 -1.3141e+00 +2.5363e+00 -2.6308e+00 +1.0106e+00 +4.6425e+00
233 0 +8.213501206e+00 +8.213501206e+00 +1.073835012e+02 +1.073835012e+02 +4.4710e+00 -4.9753e+00 +1.2275e-01 -1.5031e+00 +1.7692e+00 -1.4201e+00 +2.5065e+00 -2.5463e+00 +8.3249e-01 +4.9957e+00
263 0 +6.746115211e+00 +6.746115211e+00 +1.059161152e+02 +1.059161152e+02 +4.5132e+00 -4.9594e+00 +1.2408e-01 -1.5085e+00 +1.7485e+00 -1.3630e+00 +2.5115e+00 -2.5399e+00 +8.9298e-01 +4.7709e+00
275 0 +5.904179612e+00 +5.904179612e+00 +1.050741796e+02 +1.050741796e+02 +4.6539e+00 -4.9654e+00 +1.3044e-01 -1.5406e+00 +1.7686e+00 -1.3881e+00 +2.5025e+00 -2.5410e+00 +7.6916e-01 +4.9973e+00
328 0 +5.469346008e+00 +5.469346008e+00 +1.046393460e+02 +1.046393460e+02 +4.7281e+00 -4.9634e+00 +1.3578e-01 -1.5161e+00 +1.7677e+00 -1.4097e+00 +2.5088e+00 -2.5341e+00 +7.6681e-01 +4.9973e+00
329 0 +5.171240109e+00 +5.171240109e+00 +1.043412401e+02 +1.043412401e+02 +4.7346e+00 -4.9583e+00 +1.2838e-01 -1.5406e+00 +1.7699e+00 -1.3919e+00 +2.4562e+00 -2.5363e+00 +7.5095e-01 +4.9959e+00
376 0 +5.060303337e+00 +5.060303337e+00 +1.042303033e+02 +1.042303033e+02 +4.7534e+00 -4.9501e+00 +1.3598e-01 -1.5420e+00 +1.7700e+00 -1.3921e+00 +2.4527e+00 -2.5374e+00 +7.5012e-01 +4.9953e+00
383 0 +4.433389111e+00 +4.433389111e+00 +1.036033891e+02 +1.036033891e+02 +4.7490e+00 -4.9450e+00 +1.2835e-01 -1.5565e+00 +1.7714e+00 -1.3922e+00 +2.4642e+00 -2.5375e+00 +7.5064e-01 +4.9959e+00
418 0 +3.900473648e+00 +3.900473648e+00 +1.030704736e+02 +1.030704736e+02 +4.7507e+00 -4.9362e+00 +6.7204e-03 -1.5622e+00 +1.7714e+00 -1.3945e+00 +2.4670e+00 -2.5369e+00 +7.5073e-01 +4.9959e+00
469 0 +3.876000866e+00 +3.876000866e+00 +1.030460009e+02 +1.030460009e+02 +4.7548e+00 -4.9361e+00 -2.8009e-02 -1.5645e+00 +1.7710e+00 -1.3943e+00 +2.4669e+00 -2.5330e+00 +7.5138e-01 +4.9959e+00
471 0 +3.413599051e+00 +3.413599051e+00 +1.025835991e+02 +1.025835991e+02 +4.7506e+00 -4.9351e+00 +1.5004e-02 -1.5633e+00 +1.7712e+00 -1.3939e+00 +2.4679e+00 -2.5360e+00 +7.3170e-01 +4.9979e+00
502 0 +3.176358177e+00 +3.176358177e+00 +1.023463582e+02 +1.023463582e+02 +4.7476e+00 -4.9338e+00 -4.6796e-02 -1.5605e+00 +1.7724e+00 -1.3821e+00 +2.4643e+00 -2.5371e+00 +7.5031e-01 +4.9959e+00
551 0 +3.098440875e+00 +3.098440875e+00 +1.022684409e+02 +1.022684409e+02 +4.7496e+00 -4.9338e+00 -4.8003e-02 -1.5608e+00 +1.7718e+00 -1.3828e+00 +2.4650e+00 -2.5370e+00 +7.4650e-01 +4.9960e+00
576 0 +3.067426003e+00 +3.067426003e+00 +1.022374260e+02 +1.022374260e+02 +4.7508e+00 -4.9340e+00 -4.7928e-02 -1.5610e+00 +1.7718e+00 -1.3830e+00 +2.4650e+00 -2.5369e+00 +7.4543e-01 +4.9959e+00
658 0 +2.993485067e+00 +2.993485067e+00 +1.021634851e+02 +1.021634851e+02 +4.7528e+00 -4.9339e+00 -4.7734e-02 -1.5612e+00 +1.7716e+00 -1.3834e+00 +2.4651e+00 -2.5369e+00 +7.4508e-01 +4.9959e+00
727 0 +2.948806715e+00 +2.948806715e+00 +1.021188067e+02 +1.021188067e+02 +4.7523e+00 -4.9339e+00 -4.7454e-02 -1.5612e+00 +1.7717e+00 -1.3838e+00 +2.4650e+00 -2.5369e+00 +7.4508e-01 +4.9959e+00
1018 0 +2.883373405e+00 +2.883373405e+00 +1.020533734e+02 +1.020533734e+02 +4.7528e+00 -4.9339e+00 -4.7538e-02 -1.5612e+00 +1.7717e+00 -1.3840e+00 +2.4651e+00 -2.5369e+00 +7.4506e-01 +4.9959e+00
% f evaluations | g evaluations | best noise-free fitness - Fopt | noise-free fitness - Fopt (-5.179100000000e+02) | measured fitness | best measured fitness | x1 | x2...
1 0 +7.706015679e+01 +7.706015679e+01 -4.408498432e+02 -4.408498432e+02 -2.0781e+00 +3.9051e+00 +2.0357e+00 -4.7764e+00 +2.7425e+00 +2.5307e+00 -3.2679e+00 +4.5798e+00 -4.5997e+00 -2.1594e+00
2 0 +4.951124829e+01 +4.951124829e+01 -4.683987517e+02 -4.683987517e+02 -2.9886e+00 +2.7373e-01 +3.0971e+00 +2.9619e+00 +4.0999e+00 -3.5607e+00 +2.6398e+00 -4.2717e+00 +4.6101e-01 -2.4756e+00
14 0 +2.928937698e+01 +2.928937698e+01 -4.886206230e+02 -4.886206230e+02 +3.7814e+00 +1.1779e+00 -2.3518e+00 +1.8355e+00 +2.0243e+00 -3.2885e+00 +3.6542e+00 +2.2843e-01 +4.7747e+00 +2.1454e+00
109 0 +2.590130962e+01 +2.590130962e+01 -4.920086904e+02 -4.920086904e+02 +2.5382e+00 +3.5091e+00 -2.5462e+00 +5.0000e+00 +1.9072e+00 -3.9613e+00 +2.8870e+00 -3.9348e-01 +2.6527e+00 +3.8209e+00
145 0 +2.138735354e+01 +2.138735354e+01 -4.965226465e+02 -4.965226465e+02 +1.6778e+00 +1.0708e+00 -2.3914e+00 +5.0000e+00 +1.7635e+00 -5.0000e+00 +2.7459e+00 -5.9566e-01 +3.1875e+00 +2.4259e+00
239 0 +2.128139356e+01 +2.128139356e+01 -4.966286064e+02 -4.966286064e+02 +1.6377e+00 +1.1115e+00 -2.3861e+00 +5.0000e+00 +1.7817e+00 -4.9816e+00 +2.7305e+00 -4.7531e-01 +3.3087e+00 +2.4114e+00
259 0 +2.064846279e+01 +2.064846279e+01 -4.972615372e+02 -4.972615372e+02 +1.6352e+00 +1.1637e+00 -2.3542e+00 +5.0000e+00 +1.7843e+00 -4.9850e+00 +2.7156e+00 -5.6547e-01 +3.2429e+00 +2.4667e+00
268 0 +1.664836695e+01 +1.664836695e+01 -5.012616331e+02 -5.012616331e+02 +1.6242e+00 +1.1202e+00 -2.3863e+00 +5.0000e+00 +1.7625e+00 -4.9697e+00 +2.7123e+00 -5.7202e-01 +3.3642e+00 +2.3981e+00
314 0 +1.498565699e+01 +1.498565699e+01 -5.029243430e+02 -5.029243430e+02 +1.6215e+00 +1.1794e+00 -2.3853e+00 +5.0000e+00 +1.7606e+00 -4.9650e+00 +2.7202e+00 -5.1372e-01 +3.3648e+00 +2.4486e+00
368 0 +1.460713657e+01 +1.460713657e+01 -5.033028634e+02 -5.033028634e+02 +1.6180e+00 +1.1850e+00 -2.3853e+00 +5.0000e+00 +1.7616e+00 -4.9619e+00 +2.7190e+00 -5.4539e-01 +3.3541e+00 +2.4527e+00
405 0 +1.436362453e+01 +1.436362453e+01 -5.035463755e+02 -5.035463755e+02 +1.6273e+00 +1.1965e+00 -2.3855e+00 +5.0000e+00 +1.7666e+00 -4.9716e+00 +2.7229e+00 -5.0157e-01 +3.3679e+00 +2.4598e+00
415 0 +1.387988376e+01 +1.387988376e+01 -5.040301162e+02 -5.040301162e+02 +1.6252e+00 +1.1933e+00 -2.3851e+00 +5.0000e+00 +1.7673e+00 -4.9762e+00 +2.7229e+00 -5.0608e-01 +3.3701e+00 +2.4647e+00
425 0 +1.316528560e+01 +1.316528560e+01 -5.047447144e+02 -5.047447144e+02 +1.6268e+00 +1.1852e+00 -2.3855e+00 +5.0000e+00 +1.7719e+00 -4.9772e+00 +2.7252e+00 -5.2647e-01 +3.3699e+00 +2.4587e+00
467 0 +1.267058785e+01 +1.267058785e+01 -5.052394121e+02 -5.052394121e+02 +1.6261e+00 +1.1856e+00 -2.3856e+00 +5.0000e+00 +1.7716e+00 -4.9773e+00 +2.7247e+00 -5.1461e-01 +3.3699e+00 +2.4586e+00
502 0 +1.258255601e+01 +1.258255601e+01 -5.053274440e+02 -5.053274440e+02 +1.6287e+00 +1.1851e+00 -2.3854e+00 +5.0000e+00 +1.7720e+00 -4.9800e+00 +2.7245e+00 -5.1848e-01 +3.3695e+00 +2.4586e+00
731 0 +1.227022806e+01 +1.227022806e+01 -5.056397719e+02 -5.056397719e+02 +1.6244e+00 +1.1882e+00 -2.3854e+00 +5.0000e+00 +1.7723e+00 -4.9780e+00 +2.7261e+00 -5.2362e-01 +3.3698e+00 +2.4561e+00
% f evaluations | g evaluations | best noise-free fitness - Fopt | noise-free fitness - Fopt (-5.721000000000e+01) | measured fitness | best measured fitness | x1 | x2...
1 0 +1.007970554e+02 +1.007970554e+02 +4.358705536e+01 +4.358705536e+01 -2.1594e+00 +8.8200e-01 -2.8539e+00 +4.9343e+00 -3.2269e-01 +1.2907e+00 -2.0872e+00 +4.5904e+00 -3.3701e+00 +2.2332e+00
2 0 +6.368502423e+01 +6.368502423e+01 +6.475024226e+00 +6.475024226e+00 -4.2754e+00 -4.8759e+00 -1.4679e+00 -4.9582e+00 +2.3815e+00 -4.0829e+00 -2.6959e+00 -6.6100e-01 -3.5318e+00 +4.0296e+00
4 0 +4.137067893e+01 +4.137067893e+01 -1.583932107e+01 -1.583932107e+01 -5.5677e-01 +1.9535e-01 -2.4704e+00 -2.5237e+00 -1.5611e-01 +1.1045e+00 +4.1781e+00 +1.4244e+00 -1.0243e+00 -1.5727e-01
30 0 +3.512799230e+01 +3.512799230e+01 -2.208200770e+01 -2.208200770e+01 -1.5803e+00 -2.6475e+00 +4.6606e+00 +3.5552e+00 -2.3980e+00 -4.0133e+00 +2.7379e+00 -3.5519e+00 -2.9466e+00 +4.3771e+00
47 0 +3.444140536e+01 +3.444140536e+01 -2.276859464e+01 -2.276859464e+01 +3.8055e+00 +2.5015e+00 +1.2324e+00 +4.9355e+00 +4.3981e+00 +3.8247e+00 -7.8670e-01 +4.6071e+00 -4.8875e+00 +3.0778e-01
105 0 +3.182133922e+01 +3.182133922e+01 -2.538866078e+01 -2.538866078e+01 +3.7342e+00 +2.5002e+00 +1.2316e+00 +4.9007e+00 +4.2783e+00 +4.1200e+00 -8.7444e-01 +4.4461e+00 -4.8832e+00 +5.8625e-02
107 0 +2.750279937e+01 +2.750279937e+01 -2.970720063e+01 -2.970720063e+01 +5.0000e+00 +2.9391e+00 +2.7269e+00 +4.8550e+00 +4.3543e+00 +3.0590e+00 -8.7880e-01 +4.6668e+00 -3.3381e+00 +2.7341e-01
109 0 +2.366250762e+01 +2.366250762e+01 -3.354749238e+01 -3.354749238e+01 +4.2799e+00 +2.3587e+00 +1.2306e+00 +8.9567e-01 +4.3539e+00 +3.9369e+00 -9.4354e-01 +4.6841e+00 -5.0000e+00 +9.0739e-02
114 0 +2.266015301e+01 +2.266015301e+01 -3.454984699e+01 -3.454984699e+01 +3.1137e+00 +2.4932e+00 +1.4393e+00 +4.9461e+00 +4.4307e+00 +3.8165e+00 -8.0534e-01 +4.2329e+00 -4.8834e+00 -6.5045e-03
117 0 +2.042625006e+01 +2.042625006e+01 -3.678374994e+01 -3.678374994e+01 +3.8417e+00 +2.4512e+00 +1.2324e+00 +4.9516e+00 +4.4722e+00 +4.2614e+00 -8.2594e-01 +4.6200e+00 -4.7837e+00 +2.0196e-01
157 0 +1.928745401e+01 +1.928745401e+01 -3.792254599e+01 -3.792254599e+01 +3.9242e+00 +2.4081e+00 +1.2326e+00 +4.9446e+00 +4.4417e+00 +4.3125e+00 -8.3367e-01 +4.5881e+00 -4.7525e+00 +2.2454e-01
161 0 +1.581121750e+01 +1.581121750e+01 -4.139878250e+01 -4.139878250e+01 +3.8760e+00 +2.3941e+00 +1.2332e+00 +3.4238e+00 +4.4096e+00 +4.1982e+00 -8.9024e-01 +4.6068e+00 -4.9325e+00 +2.5800e-01
185 0 +1.304704478e+01 +1.304704478e+01 -4.416295522e+01 -4.416295522e+01 +3.7130e+00 +2.3782e+00 +1.3630e+00 +4.9445e+00 +4.2030e+00 +4.4799e+00 -8.4623e-01 +4.9945e+00 -4.8719e+00 +2.0183e-01
226 0 +1.168829223e+01 +1.168829223e+01 -4.552170777e+01 -4.552170777e+01 +3.6958e+00 +2.3582e+00 +1.3814e+00 +4.9461e+00 +4.1782e+00 +4.4399e+00 -8.4347e-01 +5.0000e+00 -4.8506e+00 +2.0187e-01
249 0 +1.097388789e+01 +1.097388789e+01 -4.623611211e+01 -4.623611211e+01 +3.7105e+00 +2.3637e+00 +1.4152e+00 +4.9600e+00 +4.1800e+00 +4.4554e+00 -8.4602e-01 +5.0000e+00 -4.8713e+00 +1.8876e-01
268 0 +1.042261637e+01 +1.042261637e+01 -4.678738363e+01 -4.678738363e+01 +3.7370e+00 +2.3667e+00 +1.4200e+00 +4.9653e+00 +4.1624e+00 +4.4451e+00 -8.5833e-01 +4.9223e+00 -4.8645e+00 +1.9734e-01
277 0 +9.854439089e+00 +9.854439089e+00 -4.735556091e+01 -4.735556091e+01 +3.7077e+00 +2.3780e+00 +1.4131e+00 +4.9611e+00 +4.1625e+00 +4.4497e+00 -8.4936e-01 +4.9317e+00 -4.8797e+00 +1.8474e-01
328 0 +9.622805800e+00 +9.622805800e+00 -4.758719420e+01 -4.758719420e+01 +3.7074e+00 +2.3639e+00 +1.4149e+00 +4.9622e+00 +4.1726e+00 +4.4470e+00 -8.4508e-01 +4.9320e+00 -4.8793e+00 +1.8957e-01
337 0 +9.046729079e+00 +9.046729079e+00 -4.816327092e+01 -4.816327092e+01 +3.7072e+00 +2.3658e+00 +1.3970e+00 +4.9573e+00 +4.1627e+00 +4.4413e+00 -8.4678e-01 +4.9638e+00 -4.8481e+00 +1.9071e-01
374 0 +8.672305548e+00 +8.672305548e+00 -4.853769445e+01 -4.853769445e+01 +3.7074e+00 +2.3762e+00 +1.4018e+00 +4.9558e+00 +4.1617e+00 +4.4361e+00 -8.4492e-01 +4.9633e+00 -4.8386e+00 +1.9060e-01
397 0 +8.421660515e+00 +8.421660515e+00 -4.878833949e+01 -4.878833949e+01 +3.7078e+00 +2.3600e+00 +1.3893e+00 +4.9578e+00 +4.1605e+00 +4.4368e+00 -8.4605e-01 +4.9641e+00 -4.8482e+00 +1.8848e-01
442 0 +8.155082988e+00 +8.155082988e+00 -4.905491701e+01 -4.905491701e+01 +3.7076e+00 +2.3586e+00 +1.3894e+00 +4.9580e+00 +4.1610e+00 +4.4362e+00 -8.4608e-01 +4.9495e+00 -4.8545e+00 +1.8924e-01
469 0 +7.958775107e+00 +7.958775107e+00 -4.925122489e+01 -4.925122489e+01 +3.7075e+00 +2.3585e+00 +1.3896e+00 +4.9579e+00 +4.1612e+00 +4.4369e+00 -8.4608e-01 +4.9472e+00 -4.8570e+00 +1.8893e-01
471 0 +7.864873719e+00 +7.864873719e+00 -4.934512628e+01 -4.934512628e+01 +3.7075e+00 +2.3576e+00 +1.3892e+00 +4.9581e+00 +4.1605e+00 +4.4360e+00 -8.4614e-01 +4.9457e+00 -4.8544e+00 +1.8941e-01
472 0 +7.705316073e+00 +7.705316073e+00 -4.950468393e+01 -4.950468393e+01 +3.7076e+00 +2.3588e+00 +1.3895e+00 +4.9580e+00 +4.1609e+00 +4.4369e+00 -8.4589e-01 +4.9465e+00 -4.8519e+00 +1.9008e-01
571 0 +7.577650387e+00 +7.577650387e+00 -4.963234961e+01 -4.963234961e+01 +3.7170e+00 +2.3586e+00 +1.3891e+00 +4.9581e+00 +4.1611e+00 +4.4365e+00 -8.4585e-01 +4.9415e+00 -4.8558e+00 +1.8934e-01
730 0 +7.413021701e+00 +7.413021701e+00 -4.979697830e+01 -4.979697830e+01 +3.7170e+00 +2.3585e+00 +1.3890e+00 +4.9581e+00 +4.1612e+00 +4.4364e+00 -8.4587e-01 +4.9409e+00 -4.8554e+00 +1.9033e-01
% f evaluations | g evaluations | best noise-free fitness - Fopt | noise-free fitness - Fopt (6.626000000000e+01) | measured fitness | best measured fitness | x1 | x2...
1 0 +5.870780320e+01 +5.870780320e+01 +1.249678032e+02 +1.249678032e+02 +4.1138e+00 -3.3703e+00 +1.5581e+00 +1.4985e-01 -3.3944e+00 -3.2574e+00 +1.1413e+00 -4.1460e+00 +9.3852e-01 -4.3644e+00
7 0 +5.538701805e+01 +5.538701805e+01 +1.216470180e+02 +1.216470180e+02 +2.8708e+00 +3.3110e+00 -2.5021e+00 -3.8968e+00 +2.6719e+00 +2.9222e+00 +3.0715e+00 +2.6873e-01 +3.2811e+00 +1.6437e+00
8 0 +3.765480388e+01 +3.765480388e+01 +1.039148039e+02 +1.039148039e+02 -3.0715e+00 +3.1654e+00 -1.0622e+00 -4.8030e+00 -2.3875e+00 -2.9526e+00 -2.8835e+00 +4.2078e-01 -4.7311e+00 -1.1251e+00
16 0 +2.956272788e+01 +2.956272788e+01 +9.582272788e+01 +9.582272788e+01 +4.1329e+00 -6.4834e-01 -8.5994e-01 -2.6525e+00 +4.1364e+00 +2.1462e+00 -1.6378e+00 +3.1982e+00 -2.7975e+00 +6.4516e-01
172 0 +2.488723270e+01 +2.488723270e+01 +9.114723270e+01 +9.114723270e+01 +4.1461e+00 -6.4180e-01 -7.5674e-01 -2.6586e+00 +4.1412e+00 +2.2038e+00 -1.6374e+00 +3.1994e+00 -2.7136e+00 +6.8917e-01
222 0 +2.362016664e+01 +2.362016664e+01 +8.988016664e+01 +8.988016664e+01 +4.1433e+00 -6.4072e-01 -7.5740e-01 -2.6587e+00 +4.1420e+00 +2.2148e+00 -1.6372e+00 +3.2002e+00 -2.7164e+00 +6.8599e-01
223 0 +2.133579210e+01 +2.133579210e+01 +8.759579210e+01 +8.759579210e+01 +4.0366e+00 -6.3649e-01 -7.5931e-01 -2.7014e+00 +4.1408e+00 +2.2182e+00 -1.6213e+00 +3.2562e+00 -2.7183e+00 +7.2070e-01
278 0 +2.049929420e+01 +2.049929420e+01 +8.675929420e+01 +8.675929420e+01 +3.9078e+00 -6.1218e-01 -7.5025e-01 -2.6290e+00 +4.1459e+00 +2.3019e+00 -1.6373e+00 +3.2449e+00 -2.7127e+00 +6.9227e-01
312 0 +1.888044954e+01 +1.888044954e+01 +8.514044954e+01 +8.514044954e+01 +3.9331e+00 -6.1221e-01 -7.4181e-01 -2.6502e+00 +4.1439e+00 +2.3109e+00 -1.6331e+00 +3.2329e+00 -2.7141e+00 +6.9873e-01
328 0 +1.831181445e+01 +1.831181445e+01 +8.457181445e+01 +8.457181445e+01 +3.9066e+00 -6.1076e-01 -7.5084e-01 -2.6252e+00 +4.1418e+00 +2.3192e+00 -1.6373e+00 +3.2359e+00 -2.7132e+00 +6.7610e-01
366 0 +1.702350949e+01 +1.702350949e+01 +8.328350949e+01 +8.328350949e+01 +3.9243e+00 -6.1021e-01 -7.5091e-01 -2.6258e+00 +4.1402e+00 +2.3191e+00 -1.6345e+00 +3.2353e+00 -2.7141e+00 +6.7491e-01
467 0 +1.686938347e+01 +1.686938347e+01 +8.312938347e+01 +8.312938347e+01 +3.9206e+00 -6.1096e-01 -7.5076e-01 -2.6255e+00 +4.1402e+00 +2.3188e+00 -1.6352e+00 +3.2349e+00 -2.7144e+00 +6.7504e-01
533 0 +1.641847702e+01 +1.641847702e+01 +8.267847702e+01 +8.267847702e+01 +3.9195e+00 -6.1077e-01 -7.5089e-01 -2.6255e+00 +4.1391e+00 +2.3195e+00 -1.6364e+00 +3.2360e+00 -2.7144e+00 +6.7553e-01
% f evaluations | g evaluations | best noise-free fitness - Fopt | noise-free fitness - Fopt (-1.386200000000e+02) | measured fitness | best measured fitness | x1 | x2...
1 0 +5.516403143e+01 +5.516403143e+01 -8.345596857e+01 -8.345596857e+01 -1.9811e+00 +1.6986e+00 +2.5705e+00 +8.0140e-01 +3.1524e+00 +4.7976e+00 -2.8250e+00 -4.6977e+00 -1.0709e+00 +2.0709e+00
3 0 +3.613950869e+01 +3.613950869e+01 -1.024804913e+02 -1.024804913e+02 +3.5135e+00 +4.3695e+00 -3.0353e+00 -3.7267e+00 +1.7994e+00 +1.2184e+00 -1.4040e+00 +1.4850e+00 -3.0560e+00 -4.0532e+00
24 0 +2.964655847e+01 +2.964655847e+01 -1.089734415e+02 -1.089734415e+02 +1.2452e+00 +6.5000e-01 -4.4761e+00 +1.0690e+00 -1.2538e+00 +3.3324e+00 +4.3220e+00 -4.7242e+00 +4.7945e-01 +2.3136e+00
38 0 +2.698542961e+01 +2.698542961e+01 -1.116345704e+02 -1.116345704e+02 -3.5197e+00 +3.5678e+00 -1.3163e+00 +2.2031e+00 -3.0558e+00 -7.0461e-01 -1.9467e+00 +3.9286e+00 +2.3110e+00 -5.1356e-02
85 0 +2.243727547e+01 +2.243727547e+01 -1.161827245e+02 -1.161827245e+02 -3.8094e+00 +5.0000e+00 -2.3614e+00 +5.0000e+00 -3.8439e+00 -1.2718e+00 +1.4065e+00 +3.7047e+00 +2.9430e+00 -1.0182e-01
105 0 +1.965990651e+01 +1.965990651e+01 -1.189600935e+02 -1.189600935e+02 -4.6395e+00 +5.0000e+00 -2.7201e+00 +4.9660e+00 -5.0000e+00 -9.5117e-01 +8.7401e-01 +3.6344e+00 +5.0000e+00 +8.3690e-01
215 0 +1.946865349e+01 +1.946865349e+01 -1.191513465e+02 -1.191513465e+02 -4.4890e+00 +5.0000e+00 -2.7824e+00 +4.9625e+00 -4.9776e+00 -9.2947e-01 +8.3857e-01 +3.6060e+00 +4.8547e+00 +8.1854e-01
220 0 +1.854132302e+01 +1.854132302e+01 -1.200786770e+02 -1.200786770e+02 -4.4965e+00 +5.0000e+00 -2.7205e+00 +4.9657e+00 -4.9144e+00 -9.6807e-01 +8.9539e-01 +3.6261e+00 +4.2288e+00 +9.5198e-01
224 0 +1.729001561e+01 +1.729001561e+01 -1.213299844e+02 -1.213299844e+02 -4.6011e+00 +5.0000e+00 -2.6497e+00 +4.9650e+00 -5.0000e+00 -9.0131e-01 +8.9680e-01 +3.6326e+00 +5.0000e+00 +7.4575e-01
260 0 +1.694075891e+01 +1.694075891e+01 -1.216792411e+02 -1.216792411e+02 -4.6274e+00 +5.0000e+00 -2.6424e+00 +4.9640e+00 -5.0000e+00 -9.0201e-01 +8.3634e-01 +3.6152e+00 +5.0000e+00 +7.5000e-01
261 0 +1.632809232e+01 +1.632809232e+01 -1.222919077e+02 -1.222919077e+02 -4.6228e+00 +5.0000e+00 -2.6623e+00 +4.9652e+00 -5.0000e+00 -8.9922e-01 +9.0726e-01 +3.6328e+00 +5.0000e+00 +7.0642e-01
293 0 +1.611470351e+01 +1.611470351e+01 -1.225052965e+02 -1.225052965e+02 -4.6027e+00 +5.0000e+00 -2.6435e+00 +4.9649e+00 -5.0000e+00 -8.8978e-01 +9.2655e-01 +3.6315e+00 +4.9930e+00 +6.8812e-01
312 0 +1.515586063e+01 +1.515586063e+01 -1.234641394e+02 -1.234641394e+02 -4.6012e+00 +5.0000e+00 -2.6438e+00 +4.9656e+00 -5.0000e+00 -8.8224e-01 +9.2959e-01 +3.6239e+00 +4.9945e+00 +7.1525e-01
384 0 +1.480169268e+01 +1.480169268e+01 -1.238183073e+02 -1.238183073e+02 -4.5939e+00 +5.0000e+00 -2.6462e+00 +4.9655e+00 -5.0000e+00 -8.7814e-01 +9.2927e-01 +3.6243e+00 +4.9918e+00 +7.0714e-01
419 0 +1.454025907e+01 +1.454025907e+01 -1.240797409e+02 -1.240797409e+02 -4.5946e+00 +5.0000e+00 -2.6453e+00 +4.9652e+00 -4.9994e+00 -8.7841e-01 +9.2916e-01 +3.6229e+00 +4.9916e+00 +7.0971e-01
467 0 +1.437364155e+01 +1.437364155e+01 -1.242463584e+02 -1.242463584e+02 -4.5927e+00 +5.0000e+00 -2.6455e+00 +4.9651e+00 -5.0000e+00 -8.7756e-01 +9.3183e-01 +3.6240e+00 +4.9918e+00 +7.0920e-01
483 0 +1.393046994e+01 +1.393046994e+01 -1.246895301e+02 -1.246895301e+02 -4.5944e+00 +5.0000e+00 -2.6448e+00 +4.9650e+00 -5.0000e+00 -8.7840e-01 +9.3164e-01 +3.6241e+00 +4.9907e+00 +7.0961e-01
620 0 +1.377262412e+01 +1.377262412e+01 -1.248473759e+02 -1.248473759e+02 -4.5939e+00 +5.0000e+00 -2.6453e+00 +4.9653e+00 -5.0000e+00 -8.7846e-01 +9.3144e-01 +3.6242e+00 +4.9901e+00 +7.0966e-01
% f evaluations | g evaluations | best noise-free fitness - Fopt | noise-free fitness - Fopt (7.313900000000e+02) | measured fitness | best measured fitness | x1 | x2...
1 0 +1.021544014e+02 +1.021544014e+02 +8.335444014e+02 +8.335444014e+02 -3.8985e+00 +1.2652e+00 +2.0345e+00 -3.5497e+00 +2.8929e-01 -3.2287e+00 -1.3827e+00 -4.4257e+00 +6.1173e-01 +2.2911e+00
2 0 +6.194738809e+01 +6.194738809e+01 +7.933373881e+02 +7.933373881e+02 +2.3218e+00 +4.8991e+00 +1.3718e+00 +2.3826e+00 +3.9570e+00 +3.1665e+00 -1.5427e+00 +3.0469e+00 -1.2849e+00 +2.6850e+00
3 0 +4.386329506e+01 +4.386329506e+01 +7.752532951e+02 +7.752532951e+02 +5.0458e-02 -3.9658e+00 +2.6550e+00 -1.6868e+00 -1.1274e+00 -7.8380e-01 -2.8341e-01 -3.1914e+00 +9.7226e-01 -1.8317e+00
14 0 +3.971097704e+01 +3.971097704e+01 +7.711009770e+02 +7.711009770e+02 +3.3041e+00 +3.4013e+00 +1.4330e-01 -1.8682e+00 -3.8651e-01 -1.7703e+00 +7.7611e-02 +2.3256e+00 +6.4918e-01 +3.9998e+00
18 0 +3.358409419e+01 +3.358409419e+01 +7.649740942e+02 +7.649740942e+02 +3.1143e+00 +9.3685e-01 +1.9360e+00 -2.2808e+00 +6.6956e-01 -4.1932e+00 -3.8178e+00 -2.7518e-02 +3.0514e+00 -4.3882e+00
41 0 +2.191327133e+01 +2.191327133e+01 +7.533032713e+02 +7.533032713e+02 -2.7457e+00 -4.8151e+00 -4.0881e+00 -1.7244e+00 +2.9163e+00 +3.3170e+00 +1.2060e+00 -1.3112e+00 +4.7409e+00 +3.5519e+00
126 0 +1.615214129e+01 +1.615214129e+01 +7.475421413e+02 +7.475421413e+02 -5.0000e+00 -4.8497e+00 -4.0468e+00 -1.7251e+00 +2.9039e+00 +3.4051e+00 +1.1039e+00 -3.6404e-01 +4.6309e+00 +3.9489e+00
199 0 +8.436745776e+00 +8.436745776e+00 +7.398267458e+02 +7.398267458e+02 -4.8354e+00 -4.8462e+00 -4.0504e+00 -1.6698e+00 +2.8093e+00 +3.3322e+00 +1.0937e+00 -2.7845e-01 +4.6104e+00 +4.0502e+00
227 0 +8.209176731e+00 +8.209176731e+00 +7.395991767e+02 +7.395991767e+02 -4.7996e+00 -4.8389e+00 -4.0731e+00 -1.6875e+00 +2.8229e+00 +3.3470e+00 +1.1201e+00 -2.5096e-01 +4.6112e+00 +4.0170e+00
285 0 +7.879914712e+00 +7.879914712e+00 +7.392699147e+02 +7.392699147e+02 -4.7830e+00 -4.8392e+00 -4.0867e+00 -1.6772e+00 +2.8046e+00 +3.3545e+00 +1.0878e+00 -2.5101e-01 +4.6542e+00 +3.9853e+00
335 0 +7.166333718e+00 +7.166333718e+00 +7.385563337e+02 +7.385563337e+02 -4.7860e+00 -4.8392e+00 -4.1101e+00 -1.6911e+00 +2.8097e+00 +3.3550e+00 +1.0915e+00 -2.5307e-01 +4.6580e+00 +4.0016e+00
354 0 +6.825831300e+00 +6.825831300e+00 +7.382158313e+02 +7.382158313e+02 -4.7918e+00 -4.8391e+00 -4.0950e+00 -1.6765e+00 +2.8010e+00 +3.3582e+00 +1.0862e+00 -2.4314e-01 +4.6517e+00 +3.9912e+00
364 0 +6.745225292e+00 +6.745225292e+00 +7.381352253e+02 +7.381352253e+02 -4.7958e+00 -4.8392e+00 -4.0958e+00 -1.6672e+00 +2.8022e+00 +3.3583e+00 +1.0861e+00 -2.5223e-01 +4.6503e+00 +4.0007e+00
371 0 +6.338203829e+00 +6.338203829e+00 +7.377282038e+02 +7.377282038e+02 -4.7938e+00 -4.8387e+00 -4.0991e+00 -1.6764e+00 +2.7983e+00 +3.3575e+00 +1.0968e+00 -2.4041e-01 +4.6603e+00 +3.9994e+00
431 0 +6.276882360e+00 +6.276882360e+00 +7.376668824e+02 +7.376668824e+02 -4.7938e+00 -4.8385e+00 -4.1018e+00 -1.6764e+00 +2.7988e+00 +3.3574e+00 +1.1007e+00 -2.3851e-01 +4.6646e+00 +4.0000e+00
470 0 +6.142407523e+00 +6.142407523e+00 +7.375324075e+02 +7.375324075e+02 -4.7952e+00 -4.8386e+00 -4.0977e+00 -1.6761e+00 +2.7995e+00 +3.3562e+00 +1.0950e+00 -2.3977e-01 +4.6581e+00 +4.0000e+00
591 0 +6.022323486e+00 +6.022323486e+00 +7.374123235e+02 +7.374123235e+02 -4.7949e+00 -4.8386e+00 -4.0978e+00 -1.6761e+00 +2.7989e+00 +3.3557e+00 +1.0954e+00 -2.3975e-01 +4.6582e+00 +4.0000e+00
% f evaluations | g evaluations | best noise-free fitness - Fopt | noise-free fitness - Fopt (7.526000000000e+01) | measured fitness | best measured fitness | x1 | x2...
1 0 +1.013373189e+02 +1.013373189e+02 +1.765973189e+02 +1.765973189e+02 +5.4362e-01 -1.9820e-01 -4.3711e+00 +3.1564e+00 +2.5735e+00 +4.2728e+00 +2.2693e+00 -2.4031e+00 -2.9842e+00 -2.8924e+00
2 0 +9.964549193e+01 +9.964549193e+01 +1.749054919e+02 +1.749054919e+02 +2.5747e+00 +1.0285e+00 +4.6387e+00 +3.4034e+00 +8.6208e-01 -4.6679e+00 +3.3595e+00 +3.1597e-01 +1.0963e+00 -2.3210e+00
3 0 +7.447205442e+01 +7.447205442e+01 +1.497320544e+02 +1.497320544e+02 +1.1018e+00 -2.5370e+00 -4.9073e+00 +1.7744e-01 +2.8494e+00 -2.7301e+00 -2.7008e+00 -2.8651e+00 -3.1399e+00 +2.9612e+00
5 0 +5.471941561e+01 +5.471941561e+01 +1.299794156e+02 +1.299794156e+02 +8.5026e-01 +2.8772e+00 -4.1701e+00 +4.1729e+00 -1.4635e+00 +6.1588e-01 -1.0909e+00 -3.4879e+00 -2.0427e+00 +1.5980e+00
7 0 +2.453227507e+01 +2.453227507e+01 +9.979227507e+01 +9.979227507e+01 -2.6143e+00 -4.2916e+00 +2.2581e+00 +2.6860e+00 +2.1802e+00 +3.5016e+00 +3.1870e+00 -1.9701e+00 +1.6494e+00 -1.4535e+00
105 0 +2.279181350e+01 +2.279181350e+01 +9.805181350e+01 +9.805181350e+01 -3.1240e+00 -4.2809e+00 -3.4818e-01 +2.5319e+00 +2.1799e+00 +3.7776e+00 +2.9089e+00 -1.9664e+00 +1.5975e+00 -1.2754e+00
111 0 +2.098578045e+01 +2.098578045e+01 +9.624578045e+01 +9.624578045e+01 -2.6868e+00 -4.2930e+00 +2.2951e+00 +2.9536e+00 +2.1951e+00 +3.6750e+00 +3.1848e+00 -1.9649e+00 +1.6569e+00 -1.8449e+00
122 0 +1.267574133e+01 +1.267574133e+01 +8.793574133e+01 +8.793574133e+01 -2.5612e+00 -4.1069e+00 +2.1038e+00 +2.7173e+00 +2.5909e+00 +3.6726e+00 +3.2746e+00 -2.3273e+00 +1.8189e+00 -2.5312e+00
181 0 +1.091954964e+01 +1.091954964e+01 +8.617954964e+01 +8.617954964e+01 -2.5383e+00 -4.0496e+00 +2.0122e+00 +2.5768e+00 +2.8010e+00 +3.5938e+00 +3.1161e+00 -2.4354e+00 +1.7235e+00 -2.4998e+00
222 0 +1.043050407e+01 +1.043050407e+01 +8.569050407e+01 +8.569050407e+01 -2.6713e+00 -4.0123e+00 +2.0648e+00 +2.5432e+00 +2.7962e+00 +3.5849e+00 +3.1616e+00 -2.3763e+00 +1.7548e+00 -2.4131e+00
252 0 +9.580950430e+00 +9.580950430e+00 +8.484095043e+01 +8.484095043e+01 -2.5327e+00 -4.0621e+00 +2.0116e+00 +2.4175e+00 +2.7778e+00 +3.6191e+00 +3.1259e+00 -2.4501e+00 +1.7182e+00 -2.4068e+00
266 0 +7.215389188e+00 +7.215389188e+00 +8.247538919e+01 +8.247538919e+01 -2.5380e+00 -4.0609e+00 +2.0123e+00 +2.4593e+00 +2.7445e+00 +3.6205e+00 +3.1212e+00 -2.3849e+00 +1.7185e+00 -2.3902e+00
346 0 +6.729325097e+00 +6.729325097e+00 +8.198932510e+01 +8.198932510e+01 -2.5400e+00 -4.0616e+00 +2.0114e+00 +2.4876e+00 +2.7183e+00 +3.6202e+00 +3.1196e+00 -2.3865e+00 +1.7168e+00 -2.3902e+00
380 0 +6.534404908e+00 +6.534404908e+00 +8.179440491e+01 +8.179440491e+01 -2.5413e+00 -4.0635e+00 +2.0112e+00 +2.4993e+00 +2.7045e+00 +3.6171e+00 +3.1228e+00 -2.3885e+00 +1.7171e+00 -2.3903e+00
393 0 +6.421971264e+00 +6.421971264e+00 +8.168197126e+01 +8.168197126e+01 -2.5399e+00 -4.0618e+00 +2.0101e+00 +2.4834e+00 +2.7030e+00 +3.6190e+00 +3.1148e+00 -2.3852e+00 +1.7168e+00 -2.3889e+00
437 0 +6.280687465e+00 +6.280687465e+00 +8.154068746e+01 +8.154068746e+01 -2.5402e+00 -4.0619e+00 +2.0072e+00 +2.4745e+00 +2.7017e+00 +3.6192e+00 +3.1142e+00 -2.3862e+00 +1.7166e+00 -2.3897e+00
470 0 +6.154046679e+00 +6.154046679e+00 +8.141404668e+01 +8.141404668e+01 -2.5409e+00 -4.0620e+00 +2.0084e+00 +2.4770e+00 +2.6994e+00 +3.6196e+00 +3.1145e+00 -2.3852e+00 +1.7168e+00 -2.3900e+00
572 0 +6.019731773e+00 +6.019731773e+00 +8.127973177e+01 +8.127973177e+01 -2.5409e+00 -4.0620e+00 +2.0084e+00 +2.4737e+00 +2.6996e+00 +3.6198e+00 +3.1143e+00 -2.3856e+00 +1.7168e+00 -2.3901e+00
% f evaluations | g evaluations | best noise-free fitness - Fopt | noise-free fitness - Fopt (-4.913000000000e+01) | measured fitness | best measured fitness | x1 | x2...
1 0 +1.078355810e+02 +1.078355810e+02 +5.870558100e+01 +5.870558100e+01 -2.8433e+00 +3.3699e+00 -1.3965e-01 +3.6868e+00 -9.9114e-03 -1.2168e+00 +4.1579e+00 -7.0216e-01 +4.3973e+00 -1.0363e+00
2 0 +4.919143811e+01 +4.919143811e+01 +6.143810685e-02 +6.143810685e-02 -4.4921e+00 +5.4923e-01 +4.0565e+00 -3.7472e+00 +1.7087e+00 -3.8323e+00 -4.6770e+00 +1.0976e+00 +4.1702e-01 +3.9385e-01
7 0 +4.451481988e+01 +4.451481988e+01 -4.615180117e+00 -4.615180117e+00 +4.3676e-01 -8.8134e-01 -5.2453e-01 -5.0816e-01 -1.8130e+00 -4.2052e+00 -2.0651e+00 +2.9291e+00 +3.4738e+00 +2.5556e-01
22 0 +4.079951942e+01 +4.079951942e+01 -8.330480584e+00 -8.330480584e+00 +4.6307e+00 +4.7471e+00 -4.3260e-01 -4.5685e+00 -3.1026e+00 -8.8988e-03 +3.5960e+00 +1.3271e+00 +8.9124e-02 +4.3477e+00
31 0 +2.067203070e+01 +2.067203070e+01 -2.845796930e+01 -2.845796930e+01 +1.6179e+00 -4.3919e+00 +2.0288e+00 -4.7133e+00 +6.4259e-02 -3.3853e+00 -2.2913e+00 +3.5532e+00 +4.4204e+00 +3.6728e+00
118 0 +1.820622144e+01 +1.820622144e+01 -3.092377856e+01 -3.092377856e+01 +1.4668e+00 -4.5074e+00 +2.0286e+00 -4.6257e+00 +2.4501e-01 -3.3977e+00 -2.1767e+00 +3.1520e+00 +4.4866e+00 +3.2201e+00
162 0 +1.339019737e+01 +1.339019737e+01 -3.573980263e+01 -3.573980263e+01 +1.4313e+00 -4.3144e+00 +2.0278e+00 -4.6382e+00 +1.5535e-01 -3.3999e+00 -2.2671e+00 +3.1273e+00 +4.4848e+00 +3.2429e+00
195 0 +1.220886868e+01 +1.220886868e+01 -3.692113132e+01 -3.692113132e+01 +1.6057e+00 -4.3049e+00 +2.0315e+00 -4.6390e+00 +1.7498e-01 -3.3968e+00 -2.0544e+00 +3.0943e+00 +4.3459e+00 +3.2534e+00
207 0 +1.156329079e+01 +1.156329079e+01 -3.756670921e+01 -3.756670921e+01 +1.5581e+00 -4.1964e+00 +2.0319e+00 -4.6233e+00 +2.4013e-01 -3.3985e+00 -2.1010e+00 +3.0841e+00 +4.4113e+00 +3.2083e+00
208 0 +8.308431725e+00 +8.308431725e+00 -4.082156827e+01 -4.082156827e+01 +1.6103e+00 -4.2193e+00 +1.9715e+00 -4.6240e+00 +1.4598e-01 -3.3970e+00 -2.0555e+00 +3.1009e+00 +4.3667e+00 +3.4556e+00
228 0 +5.827867295e+00 +5.827867295e+00 -4.330213271e+01 -4.330213271e+01 +1.4698e+00 -3.7991e+00 +2.0293e+00 -4.6381e+00 -3.2893e-01 -3.4024e+00 -2.0664e+00 +3.0906e+00 +4.3093e+00 +3.2131e+00
312 0 +5.324403825e+00 +5.324403825e+00 -4.380559617e+01 -4.380559617e+01 +1.4731e+00 -3.8904e+00 +2.0302e+00 -4.6398e+00 -2.8590e-01 -3.3998e+00 -2.0654e+00 +3.0895e+00 +4.3170e+00 +3.1939e+00
377 0 +5.011868684e+00 +5.011868684e+00 -4.411813132e+01 -4.411813132e+01 +1.5159e+00 -3.8401e+00 +2.0298e+00 -4.6367e+00 -2.9536e-01 -3.4014e+00 -2.0657e+00 +3.0899e+00 +4.3170e+00 +3.2014e+00
415 0 +4.810618717e+00 +4.810618717e+00 -4.431938128e+01 -4.431938128e+01 +1.5134e+00 -3.8236e+00 +2.0299e+00 -4.6372e+00 -2.9056e-01 -3.4014e+00 -2.0663e+00 +3.0898e+00 +4.3167e+00 +3.2125e+00
418 0 +4.703335283e+00 +4.703335283e+00 -4.442666472e+01 -4.442666472e+01 +1.5145e+00 -3.8242e+00 +2.0298e+00 -4.6357e+00 -2.9372e-01 -3.4009e+00 -2.0657e+00 +3.0899e+00 +4.3177e+00 +3.2029e+00
423 0 +4.585542865e+00 +4.585542865e+00 -4.454445713e+01 -4.454445713e+01 +1.5119e+00 -3.8595e+00 +2.0297e+00 -4.6372e+00 -2.6092e-01 -3.4021e+00 -2.0654e+00 +3.0896e+00 +4.3158e+00 +3.1872e+00
476 0 +4.469189131e+00 +4.469189131e+00 -4.466081087e+01 -4.466081087e+01 +1.5104e+00 -3.8529e+00 +2.0297e+00 -4.6372e+00 -2.5434e-01 -3.4019e+00 -2.0652e+00 +3.0895e+00 +4.3151e+00 +3.1879e+00
557 0 +4.452131930e+00 +4.452131930e+00 -4.467786807e+01 -4.467786807e+01 +1.5106e+00 -3.8526e+00 +2.0297e+00 -4.6372e+00 -2.5083e-01 -3.4019e+00 -2.0651e+00 +3.0867e+00 +4.3151e+00 +3.1907e+00
% f evaluations | g evaluations | best noise-free fitness - Fopt | noise-free fitness - Fopt (-1.418900000000e+02) | measured fitness | best measured fitness | x1 | x2...
1 0 +8.805771081e+01 +8.805771081e+01 -5.383228919e+01 -5.383228919e+01 -1.8951e+00 -2.6065e+00 +2.2348e+00 -4.3304e+00 -4.0575e-01 -2.5647e+00 -1.2605e+00 +1.6981e-01 +1.8303e+00 +3.8350e+00
3 0 +4.860956806e+01 +4.860956806e+01 -9.328043194e+01 -9.328043194e+01 +3.9231e+00 +3.5108e+00 -2.7892e+00 +2.2143e+00 -2.3363e-01 -5.9367e-01 +4.3124e+00 +1.3305e+00 -4.2943e+00 +2.5794e+00
16 0 +3.627206259e+01 +3.627206259e+01 -1.056179374e+02 -1.056179374e+02 +3.7354e-01 -1.1388e+00 -2.3601e+00 +2.3145e-01 +3.3671e+00 -2.9460e+00 +5.7420e-01 -3.4018e+00 -1.6149e-01 -2.7669e+00
26 0 +2.760933607e+01 +2.760933607e+01 -1.142806639e+02 -1.142806639e+02 -2.9665e+00 -2.4802e+00 +2.6434e+00 -4.7078e+00 +3.5306e+00 -4.9782e-01 +1.7842e+00 -4.2882e+00 -2.4849e+00 +2.7589e+00
30 0 +2.720361268e+01 +2.720361268e+01 -1.146863873e+02 -1.146863873e+02 +4.3813e+00 +2.3312e+00 +8.0707e-01 +2.2080e+00 +1.2088e+00 +4.9417e-01 +1.0837e-01 +1.8342e+00 -7.5939e-01 -4.9998e+00
53 0 +1.296781188e+01 +1.296781188e+01 -1.289221881e+02 -1.289221881e+02 +4.1307e+00 +2.9080e+00 +6.6191e-01 +2.2091e+00 +1.8137e+00 +4.7081e-01 +3.7682e-02 +2.0360e+00 -1.6719e+00 -5.0000e+00
144 0 +1.203112597e+01 +1.203112597e+01 -1.298588740e+02 -1.298588740e+02 +4.0858e+00 +3.7872e+00 +1.1568e+00 +2.1470e+00 +2.0367e+00 +4.6358e-01 -5.2117e-01 +2.0558e+00 -1.8283e+00 -5.0000e+00
171 0 +6.050963946e+00 +6.050963946e+00 -1.358390361e+02 -1.358390361e+02 +4.2138e+00 +3.6847e+00 +1.1356e+00 +2.1368e+00 +2.1419e+00 +6.2370e-01 -8.0601e-01 +1.7112e+00 -1.8578e+00 -5.0000e+00
208 0 +4.717395048e+00 +4.717395048e+00 -1.371726050e+02 -1.371726050e+02 +4.1678e+00 +3.5992e+00 +1.0624e+00 +2.1508e+00 +2.2319e+00 +6.3029e-01 -7.8666e-01 +1.5350e+00 -1.8588e+00 -5.0000e+00
263 0 +4.278298748e+00 +4.278298748e+00 -1.376117013e+02 -1.376117013e+02 +4.1662e+00 +3.5116e+00 +1.0628e+00 +2.1616e+00 +2.1320e+00 +6.4996e-01 -8.4821e-01 +1.5359e+00 -1.8590e+00 -5.0000e+00
264 0 +3.902647525e+00 +3.902647525e+00 -1.379873525e+02 -1.379873525e+02 +4.1508e+00 +3.5922e+00 +1.0372e+00 +2.1517e+00 +2.1512e+00 +6.2943e-01 -7.8424e-01 +1.5711e+00 -1.8674e+00 -5.0000e+00
265 0 +3.843251817e+00 +3.843251817e+00 -1.380467482e+02 -1.380467482e+02 +4.1814e+00 +3.5786e+00 +1.0790e+00 +2.1466e+00 +2.1825e+00 +6.3832e-01 -7.8751e-01 +1.5277e+00 -1.8589e+00 -5.0000e+00
267 0 +2.964046297e+00 +2.964046297e+00 -1.389259537e+02 -1.389259537e+02 +4.1713e+00 +3.5529e+00 +1.0338e+00 +2.1394e+00 +2.2145e+00 +6.3417e-01 -7.7703e-01 +1.4803e+00 -1.8567e+00 -5.0000e+00
315 0 +2.821529516e+00 +2.821529516e+00 -1.390684705e+02 -1.390684705e+02 +4.1705e+00 +3.5591e+00 +1.0418e+00 +2.1437e+00 +2.1634e+00 +6.3267e-01 -8.1748e-01 +1.5085e+00 -1.8566e+00 -5.0000e+00
330 0 +2.730235809e+00 +2.730235809e+00 -1.391597642e+02 -1.391597642e+02 +4.1802e+00 +3.5580e+00 +1.0234e+00 +2.1395e+00 +2.2039e+00 +6.2687e-01 -7.8074e-01 +1.4360e+00 -1.8556e+00 -5.0000e+00
369 0 +2.587436401e+00 +2.587436401e+00 -1.393025636e+02 -1.393025636e+02 +4.1782e+00 +3.5567e+00 +1.0231e+00 +2.1396e+00 +2.1877e+00 +6.2663e-01 -7.8117e-01 +1.4360e+00 -1.8558e+00 -5.0000e+00
387 0 +2.509927815e+00 +2.509927815e+00 -1.393800722e+02 -1.393800722e+02 +4.1761e+00 +3.5573e+00 +1.0339e+00 +2.1408e+00 +2.2059e+00 +6.3701e-01 -7.8024e-01 +1.4459e+00 -1.8568e+00 -5.0000e+00
417 0 +2.398962038e+00 +2.398962038e+00 -1.394910380e+02 -1.394910380e+02 +4.1751e+00 +3.5623e+00 +1.0271e+00 +2.1409e+00 +2.1969e+00 +6.4074e-01 -7.9109e-01 +1.4456e+00 -1.8555e+00 -5.0000e+00
426 0 +2.373402959e+00 +2.373402959e+00 -1.395165970e+02 -1.395165970e+02 +4.1748e+00 +3.5527e+00 +1.0342e+00 +2.1394e+00 +2.2059e+00 +6.4644e-01 -7.8018e-01 +1.4287e+00 -1.8573e+00 -5.0000e+00
429 0 +2.321211709e+00 +2.321211709e+00 -1.395687883e+02 -1.395687883e+02 +4.1777e+00 +3.5623e+00 +1.0325e+00 +2.1418e+00 +2.1975e+00 +6.4112e-01 -7.7835e-01 +1.4505e+00 -1.8568e+00 -5.0000e+00
452 0 +2.260564616e+00 +2.260564616e+00 -1.396294354e+02 -1.396294354e+02 +4.1806e+00 +3.5674e+00 +1.0379e+00 +2.1362e+00 +2.2052e+00 +6.3948e-01 -7.8856e-01 +1.4554e+00 -1.8570e+00 -5.0000e+00
458 0 +2.091306351e+00 +2.091306351e+00 -1.397986936e+02 -1.397986936e+02 +4.1761e+00 +3.5622e+00 +1.0372e+00 +2.1408e+00 +2.2063e+00 +6.6097e-01 -7.7501e-01 +1.4464e+00 -1.8557e+00 -5.0000e+00
506 0 +2.060214629e+00 +2.060214629e+00 -1.398297854e+02 -1.398297854e+02 +4.1752e+00 +3.5655e+00 +1.0392e+00 +2.1407e+00 +2.2055e+00 +6.6172e-01 -7.7945e-01 +1.4462e+00 -1.8566e+00 -5.0000e+00
547 0 +2.031854914e+00 +2.031854914e+00 -1.398581451e+02 -1.398581451e+02 +4.1756e+00 +3.5662e+00 +1.0390e+00 +2.1406e+00 +2.2054e+00 +6.6020e-01 -7.8055e-01 +1.4453e+00 -1.8570e+00 -5.0000e+00
554 0 +1.971443122e+00 +1.971443122e+00 -1.399185569e+02 -1.399185569e+02 +4.1764e+00 +3.5661e+00 +1.0379e+00 +2.1407e+00 +2.2058e+00 +6.6018e-01 -7.8156e-01 +1.4474e+00 -1.8564e+00 -5.0000e+00
637 0 +1.936190979e+00 +1.936190979e+00 -1.399538090e+02 -1.399538090e+02 +4.1768e+00 +3.5666e+00 +1.0377e+00 +2.1406e+00 +2.2058e+00 +6.6029e-01 -7.8203e-01 +1.4468e+00 -1.8567e+00 -5.0000e+00
833 0 +1.903583025e+00 +1.903583025e+00 -1.399864170e+02 -1.399864170e+02 +4.1768e+00 +3.5666e+00 +1.0377e+00 +2.1407e+00 +2.2057e+00 +6.6027e-01 -7.8222e-01 +1.4466e+00 -1.8566e+00 -5.0000e+00
% f evaluations | g evaluations | best noise-free fitness - Fopt | noise-free fitness - Fopt (1.095700000000e+02) | measured fitness | best measured fitness | x1 | x2...
1 0 +6.496766675e+01 +6.496766675e+01 +1.745376668e+02 +1.745376668e+02 +2.4734e+00 +2.1806e+00 -3.5164e+00 +4.3051e+00 -3.0944e+00 -2.8847e+00 +4.3998e+00 -2.1688e+00 +3.7719e+00 -2.3626e-01
3 0 +4.467382923e+01 +4.467382923e+01 +1.542438292e+02 +1.542438292e+02 +4.1372e+00 -4.9473e+00 +1.6869e+00 +9.8283e-01 +1.5797e+00 -6.6629e-01 -1.9252e+00 -2.7280e+00 -4.7558e+00 +4.1754e+00
6 0 +4.343195354e+01 +4.343195354e+01 +1.530019535e+02 +1.530019535e+02 +4.6300e+00 +1.4643e+00 -3.5373e+00 +2.7577e-01 -2.3603e+00 -3.2194e+00 +6.7307e-01 -7.3118e-01 +4.1171e+00 -4.5340e+00
23 0 +2.577071453e+01 +2.577071453e+01 +1.353407145e+02 +1.353407145e+02 +4.5599e+00 +1.1514e+00 -9.4257e-01 -4.9335e+00 +3.1513e-01 -2.0260e+00 -4.5362e-01 -1.0715e+00 +1.8909e+00 -2.2436e+00
113 0 +1.811277300e+01 +1.811277300e+01 +1.276827730e+02 +1.276827730e+02 +4.1325e+00 +1.2100e+00 -6.6743e-01 -4.9357e+00 +1.3466e-01 -1.7954e+00 -9.7840e-02 -1.3240e+00 +1.8935e+00 -2.0901e+00
170 0 +1.353087963e+01 +1.353087963e+01 +1.231008796e+02 +1.231008796e+02 +4.2103e+00 +1.2348e+00 -8.4393e-01 -4.9387e+00 +1.3524e-01 -1.7493e+00 -4.5404e-01 -1.3004e+00 +1.8935e+00 -2.0462e+00
261 0 +1.332408668e+01 +1.332408668e+01 +1.228940867e+02 +1.228940867e+02 +4.2036e+00 +1.2301e+00 -8.5374e-01 -4.9398e+00 +1.3633e-01 -1.7694e+00 -4.3628e-01 -1.3000e+00 +1.8933e+00 -2.0410e+00
277 0 +1.244438212e+01 +1.244438212e+01 +1.220143821e+02 +1.220143821e+02 +4.1972e+00 +1.2367e+00 -8.4724e-01 -4.9344e+00 +1.3333e-01 -1.7546e+00 -4.6187e-01 -1.3333e+00 +1.8935e+00 -2.0217e+00
317 0 +1.200682567e+01 +1.200682567e+01 +1.215768257e+02 +1.215768257e+02 +4.1966e+00 +1.2375e+00 -8.4725e-01 -4.9342e+00 +1.3286e-01 -1.7540e+00 -4.6497e-01 -1.3406e+00 +1.8930e+00 -2.0243e+00
333 0 +1.125575338e+01 +1.125575338e+01 +1.208257534e+02 +1.208257534e+02 +4.1989e+00 +1.2339e+00 -8.4658e-01 -4.9348e+00 +1.3334e-01 -1.7421e+00 -4.6057e-01 -1.3521e+00 +1.8935e+00 -2.0181e+00
347 0 +1.115972008e+01 +1.115972008e+01 +1.207297201e+02 +1.207297201e+02 +4.1924e+00 +1.2424e+00 -8.5576e-01 -4.9335e+00 +1.3342e-01 -1.7575e+00 -4.3287e-01 -1.3567e+00 +1.8934e+00 -2.0173e+00
371 0 +1.076491439e+01 +1.076491439e+01 +1.203349144e+02 +1.203349144e+02 +4.1928e+00 +1.2469e+00 -8.6118e-01 -4.9335e+00 +1.3273e-01 -1.7579e+00 -4.5014e-01 -1.3829e+00 +1.8923e+00 -2.0156e+00
400 0 +1.066923434e+01 +1.066923434e+01 +1.202392343e+02 +1.202392343e+02 +4.1892e+00 +1.2406e+00 -8.5042e-01 -4.9337e+00 +1.3450e-01 -1.7579e+00 -4.5110e-01 -1.3859e+00 +1.8934e+00 -2.0172e+00
424 0 +1.040636881e+01 +1.040636881e+01 +1.199763688e+02 +1.199763688e+02 +4.1905e+00 +1.2390e+00 -8.5521e-01 -4.9337e+00 +1.3431e-01 -1.7577e+00 -4.3381e-01 -1.3878e+00 +1.8934e+00 -2.0174e+00
468 0 +1.021673472e+01 +1.021673472e+01 +1.197867347e+02 +1.197867347e+02 +4.1903e+00 +1.2385e+00 -8.6125e-01 -4.9337e+00 +1.3424e-01 -1.7578e+00 -4.3766e-01 -1.3865e+00 +1.8935e+00 -2.0175e+00
479 0 +9.920523536e+00 +9.920523536e+00 +1.194905235e+02 +1.194905235e+02 +4.1909e+00 +1.2376e+00 -8.6382e-01 -4.9337e+00 +1.3433e-01 -1.7577e+00 -4.3245e-01 -1.3890e+00 +1.8934e+00 -2.0174e+00
521 0 +9.749645269e+00 +9.749645269e+00 +1.193196453e+02 +1.193196453e+02 +4.1908e+00 +1.2377e+00 -8.6678e-01 -4.9337e+00 +1.3434e-01 -1.7577e+00 -4.3285e-01 -1.3911e+00 +1.8934e+00 -2.0174e+00
557 0 +9.510558484e+00 +9.510558484e+00 +1.190805585e+02 +1.190805585e+02 +4.1912e+00 +1.2388e+00 -8.6994e-01 -4.9337e+00 +1.3431e-01 -1.7577e+00 -4.3311e-01 -1.3890e+00 +1.8933e+00 -2.0174e+00
625 0 +9.320578605e+00 +9.320578605e+00 +1.188905786e+02 +1.188905786e+02 +4.1905e+00 +1.2387e+00 -8.7107e-01 -4.9337e+00 +1.3396e-01 -1.7579e+00 -4.3663e-01 -1.3897e+00 +1.8934e+00 -2.0174e+00
% f evaluations | g evaluations | best noise-free fitness - Fopt | noise-free fitness - Fopt (7.836000000000e+01) | measured fitness | best measured fitness | x1 | x2...
1 0 +8.192909011e+01 +8.192909011e+01 +1.602890901e+02 +1.602890901e+02 +2.2139e+00 -3.5859e+00 +4.2329e+00 +7.9553e-01 +3.3065e+00 +2.0666e+00 -1.7108e+00 -3.3356e+00 -4.8577e+00 -2.4138e+00
2 0 +3.402639678e+01 +3.402639678e+01 +1.123863968e+02 +1.123863968e+02 -9.3800e-02 -1.6435e-02 -4.7679e+00 +6.5308e-01 +1.5724e+00 -8.2193e-01 +7.5803e-01 -4.5029e+00 -1.5133e+00 -1.8346e+00
87 0 +1.964791430e+01 +1.964791430e+01 +9.800791430e+01 +9.800791430e+01 -1.1045e+00 -4.8783e-01 -5.0000e+00 +1.0718e+00 -1.6025e+00 -1.7679e+00 +3.3942e-01 -4.6904e+00 -2.1711e+00 -2.0759e+00
131 0 +1.732043902e+01 +1.732043902e+01 +9.568043902e+01 +9.568043902e+01 -6.8266e-01 -7.5157e-01 -4.5778e+00 +7.1369e-02 -1.5915e+00 -1.4315e+00 +3.4270e-01 -5.0000e+00 -1.8088e+00 -2.0681e+00
165 0 +1.478140567e+01 +1.478140567e+01 +9.314140567e+01 +9.314140567e+01 -2.9913e-01 -4.1778e-01 -4.3521e+00 +3.8320e-01 -1.9833e+00 -1.4954e+00 +4.0312e-01 -5.0000e+00 -1.7773e+00 -2.0491e+00
173 0 +1.442062832e+01 +1.442062832e+01 +9.278062832e+01 +9.278062832e+01 -7.3655e-01 -6.9465e-01 -4.3615e+00 -1.3242e-01 -1.5836e+00 -1.2854e+00 +3.7501e-01 -5.0000e+00 -1.8176e+00 -2.0253e+00
198 0 +1.329499549e+01 +1.329499549e+01 +9.165499549e+01 +9.165499549e+01 -1.1232e+00 -6.3728e-01 -4.3501e+00 +2.4667e-01 -1.7150e+00 -1.2981e+00 +5.5637e-01 -5.0000e+00 -1.8636e+00 -2.0127e+00
213 0 +1.110524962e+01 +1.110524962e+01 +8.946524962e+01 +8.946524962e+01 -1.1121e+00 -6.7712e-01 -4.3994e+00 +3.6911e-01 -1.8050e+00 -1.3221e+00 +9.4456e-01 -5.0000e+00 -1.8106e+00 -2.0126e+00
218 0 +1.003436339e+01 +1.003436339e+01 +8.839436339e+01 +8.839436339e+01 -9.1364e-01 -4.5355e-01 -4.1949e+00 +2.6099e-01 -1.7371e+00 -1.2840e+00 +6.6982e-01 -5.0000e+00 -1.8711e+00 -1.9883e+00
220 0 +5.265856269e+00 +5.265856269e+00 +8.362585627e+01 +8.362585627e+01 -1.1234e+00 -6.4166e-01 -4.1734e+00 +2.7544e-01 -1.7662e+00 -1.3211e+00 +7.2381e-01 -5.0000e+00 -1.8617e+00 -2.0157e+00
288 0 +4.640716082e+00 +4.640716082e+00 +8.300071608e+01 +8.300071608e+01 -1.1406e+00 -6.5577e-01 -4.1816e+00 +2.5432e-01 -1.7578e+00 -1.3192e+00 +8.4220e-01 -5.0000e+00 -1.8630e+00 -2.0024e+00
324 0 +4.230437772e+00 +4.230437772e+00 +8.259043777e+01 +8.259043777e+01 -1.1431e+00 -6.5404e-01 -4.1828e+00 +2.5199e-01 -1.7611e+00 -1.3186e+00 +8.9564e-01 -5.0000e+00 -1.8623e+00 -1.9992e+00
329 0 +3.841824359e+00 +3.841824359e+00 +8.220182436e+01 +8.220182436e+01 -1.1420e+00 -6.5024e-01 -4.1452e+00 +2.4845e-01 -1.7702e+00 -1.3200e+00 +8.4234e-01 -5.0000e+00 -1.8631e+00 -2.0095e+00
356 0 +3.768757199e+00 +3.768757199e+00 +8.212875720e+01 +8.212875720e+01 -1.1260e+00 -6.5069e-01 -4.1800e+00 +1.9632e-01 -1.7575e+00 -1.3442e+00 +8.3526e-01 -5.0000e+00 -1.8539e+00 -1.9965e+00
368 0 +3.476890352e+00 +3.476890352e+00 +8.183689035e+01 +8.183689035e+01 -1.1191e+00 -6.4011e-01 -4.1821e+00 +1.6603e-01 -1.7621e+00 -1.3442e+00 +8.1873e-01 -5.0000e+00 -1.8542e+00 -1.9993e+00
390 0 +3.199389465e+00 +3.199389465e+00 +8.155938947e+01 +8.155938947e+01 -1.1250e+00 -6.5229e-01 -4.1837e+00 +2.0775e-01 -1.7583e+00 -1.3349e+00 +8.4100e-01 -5.0000e+00 -1.8539e+00 -1.9785e+00
415 0 +3.005413841e+00 +3.005413841e+00 +8.136541384e+01 +8.136541384e+01 -1.1248e+00 -6.5237e-01 -4.1838e+00 +2.0709e-01 -1.7583e+00 -1.3420e+00 +8.4173e-01 -5.0000e+00 -1.8553e+00 -1.9758e+00
422 0 +2.949285913e+00 +2.949285913e+00 +8.130928591e+01 +8.130928591e+01 -1.1233e+00 -6.5196e-01 -4.1797e+00 +1.9860e-01 -1.7578e+00 -1.3431e+00 +8.4041e-01 -5.0000e+00 -1.8512e+00 -1.9782e+00
434 0 +2.816199768e+00 +2.816199768e+00 +8.117619977e+01 +8.117619977e+01 -1.1305e+00 -6.5217e-01 -4.1808e+00 +2.2038e-01 -1.7571e+00 -1.3243e+00 +8.4164e-01 -5.0000e+00 -1.8640e+00 -1.9681e+00
467 0 +2.472362730e+00 +2.472362730e+00 +8.083236273e+01 +8.083236273e+01 -1.1319e+00 -6.5217e-01 -4.1789e+00 +2.1877e-01 -1.7573e+00 -1.3331e+00 +8.4168e-01 -5.0000e+00 -1.8628e+00 -1.9651e+00
519 0 +2.430735501e+00 +2.430735501e+00 +8.079073550e+01 +8.079073550e+01 -1.1320e+00 -6.5217e-01 -4.1795e+00 +2.2065e-01 -1.7576e+00 -1.3314e+00 +8.4164e-01 -5.0000e+00 -1.8657e+00 -1.9635e+00
544 0 +2.397496681e+00 +2.397496681e+00 +8.075749668e+01 +8.075749668e+01 -1.1326e+00 -6.5204e-01 -4.1795e+00 +2.2423e-01 -1.7574e+00 -1.3289e+00 +8.4173e-01 -5.0000e+00 -1.8685e+00 -1.9629e+00
623 0 +2.342319252e+00 +2.342319252e+00 +8.070231925e+01 +8.070231925e+01 -1.1328e+00 -6.5216e-01 -4.1796e+00 +2.1718e-01 -1.7574e+00 -1.3301e+00 +8.4079e-01 -5.0000e+00 -1.8706e+00 -1.9627e+00
836 0 +2.289420576e+00 +2.289420576e+00 +8.064942058e+01 +8.064942058e+01 -1.1324e+00 -6.5217e-01 -4.1798e+00 +2.1716e-01 -1.7575e+00 -1.3306e+00 +8.4078e-01 -5.0000e+00 -1.8702e+00 -1.9623e+00
% f evaluations | g evaluations | best noise-free fitness - Fopt | noise-free fitness - Fopt (1.140900000000e+02) | measured fitness | best measured fitness | x1 | x2...
1 0 +6.070984173e+01 +6.070984173e+01 +1.747998417e+02 +1.747998417e+02 +6.0674e-01 +3.3305e+00 -4.7392e+00 +2.4721e+00 +4.9997e+00 +9.0448e-01 -4.0305e+00 -1.8693e+00 -4.2188e+00 -1.0641e+00
2 0 +5.470749217e+01 +5.470749217e+01 +1.687974922e+02 +1.687974922e+02 +2.5162e+00 +2.5048e+00 -9.9136e-01 -4.7457e+00 -3.0667e-01 +2.8509e+00 -3.4546e+00 +3.7218e+00 +6.6578e-01 +7.7801e-01
3 0 +4.400906554e+01 +4.400906554e+01 +1.580990655e+02 +1.580990655e+02 +6.9445e-01 -5.8343e-01 +3.7883e+00 +4.6612e+00 +7.8251e-01 +1.0518e-01 -4.1148e+00 -1.8672e+00 -2.7196e+00 +3.3355e+00
6 0 +2.184056340e+01 +2.184056340e+01 +1.359305634e+02 +1.359305634e+02 -3.7623e+00 -2.4323e+00 -1.8505e+00 -2.9013e+00 +1.1452e+00 -2.6022e+00 -2.2287e+00 -1.9594e-01 -1.8767e+00 -9.5895e-02
111 0 +2.039345983e+01 +2.039345983e+01 +1.344834598e+02 +1.344834598e+02 -4.0027e+00 -2.9828e+00 -1.8589e+00 -2.9446e+00 +8.6261e-01 -2.5951e+00 -2.2335e+00 -2.0388e-01 -1.8181e+00 -5.3575e-02
160 0 +1.394747448e+01 +1.394747448e+01 +1.280374745e+02 +1.280374745e+02 -3.9716e+00 -2.7998e+00 -1.8615e+00 -2.9379e+00 +8.1802e-01 -2.5943e+00 -2.2326e+00 -2.0307e-01 -1.8433e+00 -4.2386e-02
215 0 +1.335363551e+01 +1.335363551e+01 +1.274436355e+02 +1.274436355e+02 -3.9509e+00 -2.8026e+00 -1.8616e+00 -2.9365e+00 +8.3893e-01 -2.5944e+00 -2.2327e+00 -2.0318e-01 -1.8477e+00 -5.1368e-02
220 0 +1.316917386e+01 +1.316917386e+01 +1.272591739e+02 +1.272591739e+02 -3.9538e+00 -2.7325e+00 -1.8696e+00 -2.9375e+00 +8.9828e-01 -2.5971e+00 -2.2662e+00 -2.0324e-01 -1.8040e+00 +1.1350e-02
260 0 +1.227079904e+01 +1.227079904e+01 +1.263607990e+02 +1.263607990e+02 -3.9656e+00 -2.6800e+00 -1.8694e+00 -2.9428e+00 +8.3127e-01 -2.5970e+00 -2.2595e+00 -2.0315e-01 -1.8052e+00 +4.6405e-03
328 0 +1.200527183e+01 +1.200527183e+01 +1.260952718e+02 +1.260952718e+02 -3.9606e+00 -2.6666e+00 -1.8682e+00 -2.9416e+00 +8.4014e-01 -2.5970e+00 -2.2605e+00 -2.0259e-01 -1.8117e+00 +4.9939e-03
334 0 +1.159610780e+01 +1.159610780e+01 +1.256861078e+02 +1.256861078e+02 -3.9554e+00 -2.6735e+00 -1.8703e+00 -2.9402e+00 +8.4815e-01 -2.5974e+00 -2.2616e+00 -2.0298e-01 -1.8100e+00 -6.8301e-03
347 0 +1.070153947e+01 +1.070153947e+01 +1.247915395e+02 +1.247915395e+02 -3.8618e+00 -2.6839e+00 -1.8694e+00 -2.9428e+00 +8.2067e-01 -2.5974e+00 -2.2525e+00 -2.0311e-01 -1.8078e+00 -1.5312e-03
366 0 +9.725191779e+00 +9.725191779e+00 +1.238151918e+02 +1.238151918e+02 -3.8742e+00 -2.6729e+00 -1.8696e+00 -2.9428e+00 +8.2585e-01 -2.6073e+00 -2.2548e+00 -2.0302e-01 -1.8114e+00 -1.7060e-03
406 0 +9.501018795e+00 +9.501018795e+00 +1.235910188e+02 +1.235910188e+02 -3.8578e+00 -2.6724e+00 -1.8695e+00 -2.9425e+00 +8.4046e-01 -2.5977e+00 -2.2536e+00 -2.0338e-01 -1.8083e+00 -1.6910e-03
415 0 +9.223085887e+00 +9.223085887e+00 +1.233130859e+02 +1.233130859e+02 -3.8552e+00 -2.6735e+00 -1.8696e+00 -2.9429e+00 +8.5110e-01 -2.5975e+00 -2.2535e+00 -2.0382e-01 -1.8088e+00 -1.8754e-03
429 0 +9.029639768e+00 +9.029639768e+00 +1.231196398e+02 +1.231196398e+02 -3.8518e+00 -2.6721e+00 -1.8696e+00 -2.9428e+00 +8.4000e-01 -2.5977e+00 -2.2530e+00 -2.0308e-01 -1.8084e+00 -3.9882e-03
433 0 +8.882033643e+00 +8.882033643e+00 +1.229720336e+02 +1.229720336e+02 -3.8593e+00 -2.6807e+00 -1.8693e+00 -2.9425e+00 +8.4047e-01 -2.5971e+00 -2.2537e+00 -2.0343e-01 -1.8087e+00 -1.0756e-02
474 0 +8.287638495e+00 +8.287638495e+00 +1.223776385e+02 +1.223776385e+02 -3.8588e+00 -2.6735e+00 -1.8692e+00 -2.9425e+00 +8.4829e-01 -2.5970e+00 -2.2545e+00 -2.0349e-01 -1.8086e+00 -5.5076e-03
589 0 +8.078014014e+00 +8.078014014e+00 +1.221680140e+02 +1.221680140e+02 -3.8586e+00 -2.6781e+00 -1.8692e+00 -2.9425e+00 +8.5204e-01 -2.5970e+00 -2.2543e+00 -2.0346e-01 -1.8087e+00 -6.9532e-03
% f evaluations | g evaluations | best noise-free fitness - Fopt | noise-free fitness - Fopt (-5.445900000000e+02) | measured fitness | best measured fitness | x1 | x2...
1 0 +7.173100313e+01 +7.173100313e+01 -4.728589969e+02 -4.728589969e+02 -3.6621e+00 -1.4953e+00 -4.9750e-01 -9.1013e-01 -1.4202e+00 +3.5482e+00 -3.5071e+00 -1.2667e+00 +1.8290e+00 -2.7240e+00
2 0 +5.964055404e+01 +5.964055404e+01 -4.849494460e+02 -4.849494460e+02 +1.4443e+00 +3.3588e+00 +2.2568e+00 +6.5821e-01 +2.1641e+00 +6.5774e-01 +2.4714e+00 -1.6941e+00 -4.8970e+00 -2.6485e+00
4 0 +5.341604227e+01 +5.341604227e+01 -4.911739577e+02 -4.911739577e+02 -3.5096e+00 -3.2444e+00 +3.0024e-01 +4.1803e+00 -2.1485e+00 +4.5854e+00 +1.5882e+00 +3.3162e+00 -9.9808e-01 -3.2902e+00
9 0 +4.972580804e+01 +4.972580804e+01 -4.948641920e+02 -4.948641920e+02 -4.3832e+00 -3.7844e+00 +9.7818e-01 +4.0413e+00 +1.9009e+00 +3.1761e+00 -4.5190e+00 +2.0469e+00 +1.1561e+00 -3.9480e+00
32 0 +4.102625997e+01 +4.102625997e+01 -5.035637400e+02 -5.035637400e+02 -2.0338e+00 +4.1292e+00 +4.9282e+00 +2.2911e+00 -3.8724e-02 -6.6166e-01 -1.6431e+00 +1.2133e+00 -2.8169e+00 -4.3444e+00
44 0 +2.711868721e+01 +2.711868721e+01 -5.174713128e+02 -5.174713128e+02 -4.3046e+00 +1.1924e+00 +2.0938e+00 -2.1893e+00 -1.1076e+00 +4.2376e+00 -1.5960e-01 +6.5498e-01 -3.8815e+00 -3.3857e+00
105 0 +2.497652557e+01 +2.497652557e+01 -5.196134744e+02 -5.196134744e+02 -4.4396e+00 +1.1824e+00 +2.0232e+00 -2.3214e+00 -1.4131e-01 +4.0930e+00 -4.3441e-01 +6.3400e-01 -3.9660e+00 -4.4939e+00
123 0 +1.988960830e+01 +1.988960830e+01 -5.247003917e+02 -5.247003917e+02 -3.9976e+00 +9.9170e-01 +2.0757e+00 -2.1926e+00 -1.1818e+00 +3.4923e+00 -1.5687e-01 +5.4287e-01 -4.1304e+00 -3.3096e+00
161 0 +1.746387867e+01 +1.746387867e+01 -5.271261213e+02 -5.271261213e+02 -3.8911e+00 +1.0227e+00 +2.0872e+00 -2.2017e+00 -1.0284e+00 +3.6784e+00 -1.7449e-01 +4.7723e-01 -4.0887e+00 -3.3364e+00
168 0 +1.737123721e+01 +1.737123721e+01 -5.272187628e+02 -5.272187628e+02 -4.2881e+00 +1.0382e+00 +2.0483e+00 -2.1943e+00 -1.1399e+00 +3.9663e+00 -1.5572e-01 +3.0864e-01 -4.1153e+00 -3.4338e+00
189 0 +1.614568285e+01 +1.614568285e+01 -5.284443171e+02 -5.284443171e+02 -4.0841e+00 +9.5831e-01 +2.0724e+00 -2.1740e+00 -1.1205e+00 +3.3760e+00 -1.5099e-01 +5.4320e-01 -3.9240e+00 -3.2502e+00
207 0 +1.467280227e+01 +1.467280227e+01 -5.299171977e+02 -5.299171977e+02 -4.1607e+00 +9.6745e-01 +2.0127e+00 -2.1738e+00 -1.1437e+00 +3.3497e+00 -1.5280e-01 +5.4095e-01 -3.8215e+00 -3.2397e+00
232 0 +1.422471496e+01 +1.422471496e+01 -5.303652850e+02 -5.303652850e+02 -4.0901e+00 +8.5980e-01 +2.0714e+00 -2.1760e+00 -1.0632e+00 +3.4380e+00 -1.5567e-01 +5.3938e-01 -4.0099e+00 -3.2644e+00
267 0 +1.290079652e+01 +1.290079652e+01 -5.316892035e+02 -5.316892035e+02 -4.0904e+00 +8.4193e-01 +2.0714e+00 -2.1901e+00 -1.0432e+00 +3.4366e+00 -1.5960e-01 +5.2799e-01 -4.0171e+00 -3.2540e+00
312 0 +1.282563168e+01 +1.282563168e+01 -5.317643683e+02 -5.317643683e+02 -4.0917e+00 +8.4888e-01 +2.0712e+00 -2.1861e+00 -1.0496e+00 +3.4382e+00 -1.5631e-01 +5.3049e-01 -4.0179e+00 -3.2511e+00
318 0 +1.253317271e+01 +1.253317271e+01 -5.320568273e+02 -5.320568273e+02 -4.0788e+00 +8.3963e-01 +2.0713e+00 -2.1994e+00 -1.0447e+00 +3.4443e+00 -1.5710e-01 +5.2495e-01 -4.0102e+00 -3.2479e+00
357 0 +1.199401034e+01 +1.199401034e+01 -5.325959897e+02 -5.325959897e+02 -4.0744e+00 +8.4630e-01 +2.0714e+00 -2.1922e+00 -1.0333e+00 +3.4368e+00 -1.5905e-01 +5.3319e-01 -4.0103e+00 -3.2540e+00
370 0 +1.164924553e+01 +1.164924553e+01 -5.329407545e+02 -5.329407545e+02 -4.0719e+00 +8.4450e-01 +2.0714e+00 -2.1944e+00 -1.0248e+00 +3.4406e+00 -1.5899e-01 +5.3285e-01 -4.0103e+00 -3.2505e+00
419 0 +1.122155544e+01 +1.122155544e+01 -5.333684446e+02 -5.333684446e+02 -4.0699e+00 +8.5089e-01 +2.0710e+00 -2.1927e+00 -1.0329e+00 +3.4382e+00 -1.5870e-01 +5.2776e-01 -4.0074e+00 -3.2535e+00
468 0 +1.102731978e+01 +1.102731978e+01 -5.335626802e+02 -5.335626802e+02 -4.0719e+00 +8.5078e-01 +2.0710e+00 -2.1926e+00 -1.0348e+00 +3.4381e+00 -1.5878e-01 +5.2776e-01 -4.0076e+00 -3.2535e+00
526 0 +1.093433644e+01 +1.093433644e+01 -5.336556636e+02 -5.336556636e+02 -4.0708e+00 +8.5125e-01 +2.0711e+00 -2.1925e+00 -1.0346e+00 +3.4381e+00 -1.5879e-01 +5.2767e-01 -4.0076e+00 -3.2530e+00
