% f evaluations | g evaluations | best noise-free fitness - Fopt | noise-free fitness - Fopt (7.135000000000e+01) | measured fitness | best measured fitness | x1 | x2...
1 0 +2.944921880e+01 +2.944921880e+01 +1.007992188e+02 +1.007992188e+02 -1.5544e+00 +3.6580e+00 +3.8271e+00 +2.4750e+00 +3.0910e+00
19 0 +2.344020413e+01 +2.344020413e+01 +9.479020413e+01 +9.479020413e+01 -1.6416e+00 +3.1639e+00 +5.2057e-01 +4.0663e+00 +4.4820e+00
62 0 +1.467472628e+01 +1.467472628e+01 +8.602472628e+01 +8.602472628e+01 -2.8654e+00 +2.7891e+00 -1.0430e+00 +3.6095e+00 +1.2405e+00
111 0 +9.140641246e+00 +9.140641246e+00 +8.049064125e+01 +8.049064125e+01 -3.0071e+00 +2.8275e+00 -1.3533e+00 +2.7645e+00 +8.4792e-01
201 0 +8.010026527e+00 +8.010026527e+00 +7.936002653e+01 +7.936002653e+01 -3.0652e+00 +2.6956e+00 -1.2143e+00 +2.6708e+00 +8.4850e-01
234 0 +7.586650772e+00 +7.586650772e+00 +7.893665077e+01 +7.893665077e+01 -3.1602e+00 +2.7608e+00 -1.1656e+00 +2.6735e+00 +8.7850e-01
267 0 +7.062591827e+00 +7.062591827e+00 +7.841259183e+01 +7.841259183e+01 -3.1545e+00 +2.7360e+00 -1.1547e+00 +2.6735e+00 +8.9903e-01
312 0 +6.638303576e+00 +6.638303576e+00 +7.798830358e+01 +7.798830358e+01 -3.1567e+00 +2.7360e+00 -1.1626e+00 +2.6717e+00 +9.7883e-01
317 0 +6.457140124e+00 +6.457140124e+00 +7.780714012e+01 +7.780714012e+01 -3.1634e+00 +2.7321e+00 -1.1603e+00 +2.7033e+00 +8.9823e-01
367 0 +5.961133108e+00 +5.961133108e+00 +7.731113311e+01 +7.731113311e+01 -3.1663e+00 +2.7318e+00 -1.1541e+00 +2.7127e+00 +9.1460e-01
432 0 +5.816752759e+00 +5.816752759e+00 +7.716675276e+01 +7.716675276e+01 -3.1634e+00 +2.7315e+00 -1.1597e+00 +2.7061e+00 +9.0595e-01
446 0 +5.737635018e+00 +5.737635018e+00 +7.708763502e+01 +7.708763502e+01 -3.1634e+00 +2.7307e+00 -1.1585e+00 +2.7053e+00 +9.0447e-01
524 0 +5.588362054e+00 +5.588362054e+00 +7.693836205e+01 +7.693836205e+01 -3.1632e+00 +2.7307e+00 -1.1576e+00 +2.7034e+00 +9.0494e-01
589 0 +5.468187481e+00 +5.468187481e+00 +7.681818748e+01 +7.681818748e+01 -3.1632e+00 +2.7307e+00 -1.1573e+00 +2.7023e+00 +9.0499e-01
% f evaluations | g evaluations | best noise-free fitness - Fopt | noise-free fitness - Fopt (-3.552200000000e+02) | measured fitness | best measured fitness | x1 | x2...
1 0 +7.644914484e+01 +7.644914484e+01 -2.787708552e+02 -2.787708552e+02 +1.3224e-01 +2.9245e+00 +1.1813e+00 -4.2723e+00 -4.6713e+00
2 0 +4.002248310e+01 +4.002248310e+01 -3.151975169e+02 -3.151975169e+02 +2.7609e+00 +2.6613e+00 -1.2686e+00 -3.7831e+00 +1.3165e+00
8 0 +1.904684528e+01 +1.904684528e+01 -3.361731547e+02 -3.361731547e+02 +7.1948e-02 -3.9049e+00 -1.4240e+00 +4.5918e+00 +2.6808e+00
10 0 +1.107693200e+01 +1.107693200e+01 -3.441430680e+02 -3.441430680e+02 -4.9575e+00 -1.2117e+00 -4.3702e+00 -3.0970e+00 -3.2593e+00
121 0 +1.054018559e+01 +1.054018559e+01 -3.446798144e+02 -3.446798144e+02 -4.9634e+00 -1.1074e+00 -4.4307e+00 -2.9795e+00 -3.3532e+00
158 0 +1.016385510e+01 +1.016385510e+01 -3.450561449e+02 -3.450561449e+02 -4.9696e+00 -1.1175e+00 -4.3877e+00 -3.0016e+00 -3.2685e+00
160 0 +9.934091742e+00 +9.934091742e+00 -3.452859083e+02 -3.452859083e+02 -4.9937e+00 -1.0971e+00 -4.2542e+00 -2.9744e+00 -3.3557e+00
170 0 +8.729752928e+00 +8.729752928e+00 -3.464902471e+02 -3.464902471e+02 -4.9630e+00 -1.0812e+00 -4.3785e+00 -2.9888e+00 -3.3602e+00
176 0 +7.181889480e+00 +7.181889480e+00 -3.480381105e+02 -3.480381105e+02 -4.9613e+00 -1.0720e+00 -4.4193e+00 -2.9522e+00 -3.3689e+00
207 0 +6.061599436e+00 +6.061599436e+00 -3.491584006e+02 -3.491584006e+02 -4.9568e+00 -1.0833e+00 -4.4078e+00 -2.9508e+00 -3.3628e+00
274 0 +5.911301058e+00 +5.911301058e+00 -3.493086989e+02 -3.493086989e+02 -4.9580e+00 -1.0812e+00 -4.4070e+00 -2.9572e+00 -3.3608e+00
314 0 +5.880082541e+00 +5.880082541e+00 -3.493399175e+02 -3.493399175e+02 -4.9577e+00 -1.0874e+00 -4.4103e+00 -2.9573e+00 -3.3600e+00
332 0 +5.727544258e+00 +5.727544258e+00 -3.494924557e+02 -3.494924557e+02 -4.9563e+00 -1.0858e+00 -4.4093e+00 -2.9602e+00 -3.3571e+00
393 0 +5.592263387e+00 +5.592263387e+00 -3.496277366e+02 -3.496277366e+02 -4.9561e+00 -1.0879e+00 -4.4088e+00 -2.9603e+00 -3.3559e+00
421 0 +5.481410376e+00 +5.481410376e+00 -3.497385896e+02 -3.497385896e+02 -4.9561e+00 -1.0877e+00 -4.4085e+00 -2.9609e+00 -3.3559e+00
459 0 +5.348745099e+00 +5.348745099e+00 -3.498712549e+02 -3.498712549e+02 -4.9561e+00 -1.0885e+00 -4.4080e+00 -2.9603e+00 -3.3559e+00
645 0 +5.242520897e+00 +5.242520897e+00 -3.499774791e+02 -3.499774791e+02 -4.9562e+00 -1.0886e+00 -4.4073e+00 -2.9603e+00 -3.3560e+00
% f evaluations | g evaluations | best noise-free fitness - Fopt | noise-free fitness - Fopt (9.917000000000e+01) | measured fitness | best measured fitness | x1 | x2...
1 0 +1.142914880e+02 +1.142914880e+02 +2.134614880e+02 +2.134614880e+02 -4.2663e+00 -2.4159e+00 -3.9572e-01 -4.5649e+00 +3.1624e+00
2 0 +6.164577095e+01 +6.164577095e+01 +1.608157710e+02 +1.608157710e+02 -4.9301e+00 -4.8382e+00 +2.9870e+00 +2.2037e+00 -1.8278e+00
8 0 +1.624581490e+01 +1.624581490e+01 +1.154158149e+02 +1.154158149e+02 -6.2609e-02 -5.2791e-01 -1.5048e+00 -3.8630e-01 +1.5266e+00
115 0 +1.358145427e+01 +1.358145427e+01 +1.127514543e+02 +1.127514543e+02 +2.2730e-01 -6.8862e-01 -1.7917e+00 -4.3894e-01 +1.5508e+00
116 0 +1.089094930e+01 +1.089094930e+01 +1.100609493e+02 +1.100609493e+02 -3.0444e-01 -3.5134e-01 -1.4608e+00 +1.2578e-02 +1.5302e+00
119 0 +9.966140874e+00 +9.966140874e+00 +1.091361409e+02 +1.091361409e+02 -1.9389e-01 -5.2614e-01 -1.5754e+00 -4.5278e-01 +1.2122e+00
156 0 +6.624159868e+00 +6.624159868e+00 +1.057941599e+02 +1.057941599e+02 -2.3622e-01 -4.1722e-01 -1.5576e+00 -4.5478e-01 +1.0270e+00
229 0 +6.046789969e+00 +6.046789969e+00 +1.052167900e+02 +1.052167900e+02 -2.5132e-01 -4.4406e-01 -1.6977e+00 -4.5280e-01 +9.9596e-01
251 0 +5.954594700e+00 +5.954594700e+00 +1.051245947e+02 +1.051245947e+02 -2.4465e-01 -2.6701e-01 -1.3537e+00 -5.2247e-01 +1.0529e+00
270 0 +5.475166985e+00 +5.475166985e+00 +1.046451670e+02 +1.046451670e+02 -2.3969e-01 -2.4365e-01 -1.3396e+00 -5.4174e-01 +1.0264e+00
285 0 +4.418259091e+00 +4.418259091e+00 +1.035882591e+02 +1.035882591e+02 -2.4574e-01 -2.9194e-01 -1.3336e+00 -6.2302e-01 +9.8826e-01
312 0 +4.192921338e+00 +4.192921338e+00 +1.033629213e+02 +1.033629213e+02 -2.4704e-01 -2.7141e-01 -1.3686e+00 -6.2872e-01 +9.8434e-01
352 0 +2.937032375e+00 +2.937032375e+00 +1.021070324e+02 +1.021070324e+02 -2.4613e-01 -3.2946e-01 -1.3023e+00 -6.8488e-01 +9.4451e-01
395 0 +2.660003955e+00 +2.660003955e+00 +1.018300040e+02 +1.018300040e+02 -2.4625e-01 -3.5204e-01 -1.2917e+00 -6.8655e-01 +9.4762e-01
405 0 +2.559031557e+00 +2.559031557e+00 +1.017290316e+02 +1.017290316e+02 -2.4619e-01 -3.5275e-01 -1.3141e+00 -7.1624e-01 +9.4754e-01
417 0 +2.410708962e+00 +2.410708962e+00 +1.015807090e+02 +1.015807090e+02 -2.4612e-01 -3.5549e-01 -1.3079e+00 -7.1355e-01 +9.3853e-01
442 0 +1.838393471e+00 +1.838393471e+00 +1.010083935e+02 +1.010083935e+02 -2.4623e-01 -3.5268e-01 -1.3305e+00 -7.1424e-01 +9.4758e-01
496 0 +1.793770835e+00 +1.793770835e+00 +1.009637708e+02 +1.009637708e+02 -2.4604e-01 -3.5311e-01 -1.3304e+00 -7.1424e-01 +9.4742e-01
510 0 +1.768736166e+00 +1.768736166e+00 +1.009387362e+02 +1.009387362e+02 -2.4619e-01 -3.5417e-01 -1.3270e+00 -7.1429e-01 +9.4735e-01
549 0 +1.690037875e+00 +1.690037875e+00 +1.008600379e+02 +1.008600379e+02 -2.4618e-01 -3.5341e-01 -1.3280e+00 -7.1291e-01 +9.4733e-01
581 0 +1.623525978e+00 +1.623525978e+00 +1.007935260e+02 +1.007935260e+02 -2.4620e-01 -3.5331e-01 -1.3296e+00 -7.1314e-01 +9.4740e-01
627 0 +1.604626053e+00 +1.604626053e+00 +1.007746261e+02 +1.007746261e+02 -2.4620e-01 -3.5280e-01 -1.3309e+00 -7.1316e-01 +9.4745e-01
755 0 +1.581041089e+00 +1.581041089e+00 +1.007510411e+02 +1.007510411e+02 -2.4620e-01 -3.5323e-01 -1.3299e+00 -7.1335e-01 +9.4732e-01
% f evaluations | g evaluations | best noise-free fitness - Fopt | noise-free fitness - Fopt (-5.179100000000e+02) | measured fitness | best measured fitness | x1 | x2...
1 0 +8.418141489e+01 +8.418141489e+01 -4.337285851e+02 -4.337285851e+02 +3.8662e+00 +1.9771e+00 -4.7646e-01 -2.5673e+00 -1.5568e+00
2 0 +2.995012049e+01 +2.995012049e+01 -4.879598795e+02 -4.879598795e+02 +4.2368e+00 +3.5101e+00 +4.4886e+00 -3.1998e+00 -1.5377e+00
20 0 +1.110774016e+01 +1.110774016e+01 -5.068022598e+02 -5.068022598e+02 +2.7531e+00 +2.5754e+00 -6.2673e-01 +3.8429e+00 -2.9077e+00
108 0 +9.175075843e+00 +9.175075843e+00 -5.087349242e+02 -5.087349242e+02 +2.5215e+00 +2.2919e+00 -6.1647e-01 +3.8144e+00 -2.8309e+00
117 0 +6.751388988e+00 +6.751388988e+00 -5.111586110e+02 -5.111586110e+02 +2.7918e+00 +2.6978e+00 -6.2676e-01 +3.8429e+00 -2.7840e+00
151 0 +5.577274964e+00 +5.577274964e+00 -5.123327250e+02 -5.123327250e+02 +2.7499e+00 +2.7009e+00 -7.2621e-02 +2.7039e+00 -2.9015e+00
156 0 +5.006698158e+00 +5.006698158e+00 -5.129033018e+02 -5.129033018e+02 +2.8031e+00 +2.7834e+00 -1.1530e-02 +2.8369e+00 -2.9628e+00
209 0 +2.976705075e+00 +2.976705075e+00 -5.149332949e+02 -5.149332949e+02 +2.8105e+00 +2.7595e+00 -1.8397e-02 +2.8416e+00 -2.9895e+00
254 0 +2.828064564e+00 +2.828064564e+00 -5.150819354e+02 -5.150819354e+02 +2.8055e+00 +2.7759e+00 -2.5930e-02 +2.7716e+00 -2.9738e+00
265 0 +2.742469554e+00 +2.742469554e+00 -5.151675304e+02 -5.151675304e+02 +2.8181e+00 +2.7796e+00 -2.7970e-02 +2.7791e+00 -3.0182e+00
277 0 +1.982287050e+00 +1.982287050e+00 -5.159277129e+02 -5.159277129e+02 +2.8039e+00 +2.7503e+00 +9.1061e-04 +2.7806e+00 -2.9738e+00
323 0 +1.862336523e+00 +1.862336523e+00 -5.160476635e+02 -5.160476635e+02 +2.8007e+00 +2.7393e+00 +5.8914e-03 +2.7798e+00 -2.9740e+00
376 0 +1.780923517e+00 +1.780923517e+00 -5.161290765e+02 -5.161290765e+02 +2.8007e+00 +2.7359e+00 -1.7907e-03 +2.7933e+00 -2.9739e+00
384 0 +1.731549678e+00 +1.731549678e+00 -5.161784503e+02 -5.161784503e+02 +2.8036e+00 +2.7394e+00 +5.4187e-03 +2.7766e+00 -2.9757e+00
435 0 +1.682410314e+00 +1.682410314e+00 -5.162275897e+02 -5.162275897e+02 +2.8048e+00 +2.7396e+00 +5.4250e-03 +2.7763e+00 -2.9742e+00
476 0 +1.658496985e+00 +1.658496985e+00 -5.162515030e+02 -5.162515030e+02 +2.8037e+00 +2.7396e+00 +5.3974e-03 +2.7783e+00 -2.9756e+00
577 0 +1.612367675e+00 +1.612367675e+00 -5.162976323e+02 -5.162976323e+02 +2.8036e+00 +2.7395e+00 +4.9409e-03 +2.7788e+00 -2.9755e+00
932 0 +1.584656408e+00 +1.584656408e+00 -5.163253436e+02 -5.163253436e+02 +2.8036e+00 +2.7395e+00 +4.8615e-03 +2.7789e+00 -2.9756e+00
% f evaluations | g evaluations | best noise-free fitness - Fopt | noise-free fitness - Fopt (-5.721000000000e+01) | measured fitness | best measured fitness | x1 | x2...
1 0 +4.855044280e+01 +4.855044280e+01 -8.659557204e+00 -8.659557204e+00 +3.8871e+00 +3.1358e+00 -2.6040e+00 -3.3427e+00 -1.1534e-02
5 0 +1.970131535e+01 +1.970131535e+01 -3.750868465e+01 -3.750868465e+01 +4.8971e+00 -3.9444e-01 +1.3159e-01 -4.8778e+00 -2.3299e+00
92 0 +1.740264055e+01 +1.740264055e+01 -3.980735945e+01 -3.980735945e+01 +5.0000e+00 -2.9304e+00 +2.4138e+00 -4.0877e+00 -2.4417e+00
100 0 +1.703107078e+01 +1.703107078e+01 -4.017892922e+01 -4.017892922e+01 +4.9033e+00 -8.1318e-02 -1.0666e+00 -4.8729e+00 -7.7762e-01
109 0 +8.818482682e+00 +8.818482682e+00 -4.839151732e+01 -4.839151732e+01 +4.5293e+00 +2.7934e-01 -1.1507e+00 -4.8724e+00 -1.0069e+00
138 0 +7.295204532e+00 +7.295204532e+00 -4.991479547e+01 -4.991479547e+01 +4.9174e+00 -7.4798e-02 -1.2515e+00 -4.7970e+00 -7.0017e-01
156 0 +6.103791882e+00 +6.103791882e+00 -5.110620812e+01 -5.110620812e+01 +4.8605e+00 -7.3367e-02 -1.3820e+00 -4.7838e+00 -7.0430e-01
164 0 +5.618304278e+00 +5.618304278e+00 -5.159169572e+01 -5.159169572e+01 +4.8677e+00 -1.6910e-01 -1.6406e+00 -4.7539e+00 -6.5442e-01
199 0 +4.580623811e+00 +4.580623811e+00 -5.262937619e+01 -5.262937619e+01 +4.9174e+00 -2.3955e-01 -1.2352e+00 -5.0000e+00 -6.9664e-01
215 0 +3.624150247e+00 +3.624150247e+00 -5.358584975e+01 -5.358584975e+01 +4.9223e+00 -2.5180e-01 -1.5363e+00 -5.0000e+00 -6.9967e-01
259 0 +3.271650850e+00 +3.271650850e+00 -5.393834915e+01 -5.393834915e+01 +4.9256e+00 -2.3935e-01 -1.6138e+00 -5.0000e+00 -6.7739e-01
260 0 +3.193621939e+00 +3.193621939e+00 -5.401637806e+01 -5.401637806e+01 +4.9190e+00 -2.1082e-01 -1.7546e+00 -5.0000e+00 -7.0089e-01
311 0 +2.992965656e+00 +2.992965656e+00 -5.421703434e+01 -5.421703434e+01 +4.9198e+00 -2.2217e-01 -1.8859e+00 -5.0000e+00 -7.1084e-01
315 0 +2.937247523e+00 +2.937247523e+00 -5.427275248e+01 -5.427275248e+01 +4.9192e+00 -2.3357e-01 -1.7634e+00 -5.0000e+00 -8.0321e-01
364 0 +2.369165544e+00 +2.369165544e+00 -5.484083446e+01 -5.484083446e+01 +4.9193e+00 -2.3986e-01 -1.7647e+00 -5.0000e+00 -8.1432e-01
402 0 +2.276944211e+00 +2.276944211e+00 -5.493305579e+01 -5.493305579e+01 +4.9193e+00 -2.3509e-01 -1.7869e+00 -5.0000e+00 -8.1799e-01
411 0 +2.230085024e+00 +2.230085024e+00 -5.497991498e+01 -5.497991498e+01 +4.9192e+00 -2.3334e-01 -1.8222e+00 -5.0000e+00 -8.4005e-01
426 0 +1.739371034e+00 +1.739371034e+00 -5.547062897e+01 -5.547062897e+01 +4.9192e+00 -2.3634e-01 -1.8313e+00 -5.0000e+00 -8.3893e-01
503 0 +1.655614111e+00 +1.655614111e+00 -5.555438589e+01 -5.555438589e+01 +4.9191e+00 -2.3526e-01 -1.8249e+00 -5.0000e+00 -8.3223e-01
506 0 +1.577310493e+00 +1.577310493e+00 -5.563268951e+01 -5.563268951e+01 +4.9192e+00 -2.3373e-01 -1.8360e+00 -5.0000e+00 -8.4076e-01
598 0 +1.531398909e+00 +1.531398909e+00 -5.567860109e+01 -5.567860109e+01 +4.9192e+00 -2.3359e-01 -1.8347e+00 -5.0000e+00 -8.4076e-01
% f evaluations | g evaluations | best noise-free fitness - Fopt | noise-free fitness - Fopt (6.626000000000e+01) | measured fitness | best measured fitness | x1 | x2...
1 0 +7.052697559e+01 +7.052697559e+01 +1.367869756e+02 +1.367869756e+02 +4.8326e+00 -4.3799e+00 -5.4237e-01 -4.9837e+00 +9.9794e-01
2 0 +2.625960449e+01 +2.625960449e+01 +9.251960449e+01 +9.251960449e+01 +4.8400e+00 -2.3376e+00 +3.1665e+00 -3.4276e+00 -2.0409e-01
9 0 +2.455723575e+01 +2.455723575e+01 +9.081723575e+01 +9.081723575e+01 +4.3946e+00 -1.2774e+00 +2.8144e+00 +1.9598e+00 +4.9262e-01
68 0 +1.082795577e+01 +1.082795577e+01 +7.708795577e+01 +7.708795577e+01 +5.0000e+00 -1.2814e+00 +2.7762e+00 +2.3065e+00 -7.1167e-01
117 0 +7.613712024e+00 +7.613712024e+00 +7.387371202e+01 +7.387371202e+01 +4.8550e+00 -1.2870e+00 +3.1758e+00 +1.8140e+00 -3.2182e-01
138 0 +5.143827855e+00 +5.143827855e+00 +7.140382786e+01 +7.140382786e+01 +5.0000e+00 -1.2059e+00 +2.7737e+00 +2.3938e+00 -7.6149e-01
160 0 +5.078612355e+00 +5.078612355e+00 +7.133861236e+01 +7.133861236e+01 +5.0000e+00 -1.1819e+00 +2.7812e+00 +2.3932e+00 -7.9645e-01
165 0 +4.592998012e+00 +4.592998012e+00 +7.085299801e+01 +7.085299801e+01 +5.0000e+00 -1.1327e+00 +2.5578e+00 +2.3940e+00 -7.3502e-01
176 0 +3.024621270e+00 +3.024621270e+00 +6.928462127e+01 +6.928462127e+01 +5.0000e+00 -1.1511e+00 +2.7823e+00 +2.3726e+00 -6.1778e-01
184 0 +2.802162365e+00 +2.802162365e+00 +6.906216236e+01 +6.906216236e+01 +5.0000e+00 -1.0687e+00 +2.8663e+00 +2.4035e+00 -7.3142e-01
199 0 +1.942275673e+00 +1.942275673e+00 +6.820227567e+01 +6.820227567e+01 +5.0000e+00 -1.2031e+00 +2.8792e+00 +2.3883e+00 -7.5752e-01
209 0 +1.447709859e+00 +1.447709859e+00 +6.770770986e+01 +6.770770986e+01 +5.0000e+00 -1.2199e+00 +2.9340e+00 +2.3908e+00 -7.5718e-01
219 0 +1.200810700e+00 +1.200810700e+00 +6.746081070e+01 +6.746081070e+01 +5.0000e+00 -1.1758e+00 +2.8782e+00 +2.3908e+00 -7.5562e-01
253 0 +9.557975701e-01 +9.557975701e-01 +6.721579757e+01 +6.721579757e+01 +5.0000e+00 -1.1357e+00 +2.8874e+00 +2.3742e+00 -7.5274e-01
262 0 +6.010129185e-01 +6.010129185e-01 +6.686101292e+01 +6.686101292e+01 +5.0000e+00 -1.1648e+00 +2.8936e+00 +2.3764e+00 -7.0906e-01
268 0 +4.744435684e-01 +4.744435684e-01 +6.673444357e+01 +6.673444357e+01 +5.0000e+00 -1.1555e+00 +2.8947e+00 +2.3849e+00 -7.6090e-01
348 0 +4.457516747e-01 +4.457516747e-01 +6.670575167e+01 +6.670575167e+01 +5.0000e+00 -1.1584e+00 +2.8967e+00 +2.3851e+00 -7.5303e-01
417 0 +4.361807486e-01 +4.361807486e-01 +6.669618075e+01 +6.669618075e+01 +5.0000e+00 -1.1587e+00 +2.8981e+00 +2.3859e+00 -7.5368e-01
448 0 +4.253361381e-01 +4.253361381e-01 +6.668533614e+01 +6.668533614e+01 +5.0000e+00 -1.1588e+00 +2.8977e+00 +2.3853e+00 -7.5307e-01
521 0 +4.069799152e-01 +4.069799152e-01 +6.666697992e+01 +6.666697992e+01 +5.0000e+00 -1.1588e+00 +2.8982e+00 +2.3855e+00 -7.5356e-01
% f evaluations | g evaluations | best noise-free fitness - Fopt | noise-free fitness - Fopt (-1.386200000000e+02) | measured fitness | best measured fitness | x1 | x2...
1 0 +5.638629078e+01 +5.638629078e+01 -8.223370922e+01 -8.223370922e+01 -7.7165e-01 -1.0626e+00 -1.7908e+00 -3.8046e+00 -2.7041e-01
7 0 +4.448579628e+01 +4.448579628e+01 -9.413420372e+01 -9.413420372e+01 -8.9897e-01 +4.4515e+00 +9.8998e-01 +1.1457e+00 +4.1510e+00
10 0 +3.289276723e+01 +3.289276723e+01 -1.057272328e+02 -1.057272328e+02 -4.4653e+00 +2.4791e+00 +1.5537e-01 -3.6488e-01 -4.4168e+00
19 0 +3.186944830e+01 +3.186944830e+01 -1.067505517e+02 -1.067505517e+02 +2.6054e+00 +3.1165e+00 +3.6342e+00 +3.0405e+00 -2.9898e+00
37 0 +7.009553330e+00 +7.009553330e+00 -1.316104467e+02 -1.316104467e+02 +2.8886e+00 +3.3486e+00 -2.4446e+00 +2.9707e+00 -2.4953e+00
116 0 +5.393390643e+00 +5.393390643e+00 -1.332266094e+02 -1.332266094e+02 +2.6294e+00 +3.0556e+00 -2.2061e+00 +2.9189e+00 -2.3110e+00
136 0 +3.377668613e+00 +3.377668613e+00 -1.352423314e+02 -1.352423314e+02 +2.4407e+00 +3.2367e+00 -2.4387e+00 +2.9692e+00 -2.5790e+00
169 0 +2.433060661e+00 +2.433060661e+00 -1.361869393e+02 -1.361869393e+02 +2.7508e+00 +3.2745e+00 -2.4236e+00 +3.0144e+00 -2.5794e+00
174 0 +2.325351448e+00 +2.325351448e+00 -1.362946486e+02 -1.362946486e+02 +2.5100e+00 +3.1676e+00 -2.4367e+00 +2.9559e+00 -2.5934e+00
201 0 +2.212968448e+00 +2.212968448e+00 -1.364070316e+02 -1.364070316e+02 +2.6293e+00 +3.3415e+00 -2.4295e+00 +2.9693e+00 -2.6131e+00
209 0 +1.781664302e+00 +1.781664302e+00 -1.368383357e+02 -1.368383357e+02 +2.5718e+00 +3.4415e+00 -2.4584e+00 +2.9968e+00 -2.7366e+00
212 0 +1.202992639e+00 +1.202992639e+00 -1.374170074e+02 -1.374170074e+02 +2.5119e+00 +3.2494e+00 -2.4441e+00 +2.9710e+00 -2.6152e+00
313 0 +1.184396501e+00 +1.184396501e+00 -1.374356035e+02 -1.374356035e+02 +2.5098e+00 +3.2406e+00 -2.4441e+00 +2.9708e+00 -2.6099e+00
317 0 +1.147854281e+00 +1.147854281e+00 -1.374721457e+02 -1.374721457e+02 +2.5184e+00 +3.2455e+00 -2.4458e+00 +2.9726e+00 -2.6165e+00
378 0 +1.109397979e+00 +1.109397979e+00 -1.375106020e+02 -1.375106020e+02 +2.5166e+00 +3.2312e+00 -2.4427e+00 +2.9728e+00 -2.6167e+00
382 0 +1.029232435e+00 +1.029232435e+00 -1.375907676e+02 -1.375907676e+02 +2.5168e+00 +3.2438e+00 -2.4449e+00 +2.9741e+00 -2.6162e+00
469 0 +1.017946859e+00 +1.017946859e+00 -1.376020531e+02 -1.376020531e+02 +2.5168e+00 +3.2441e+00 -2.4449e+00 +2.9741e+00 -2.6162e+00
538 0 +9.951603485e-01 +9.951603485e-01 -1.376248397e+02 -1.376248397e+02 +2.5167e+00 +3.2439e+00 -2.4451e+00 +2.9742e+00 -2.6156e+00
1050 0 +9.772349407e-01 +9.772349407e-01 -1.376427651e+02 -1.376427651e+02 +2.5166e+00 +3.2442e+00 -2.4454e+00 +2.9741e+00 -2.6157e+00
% f evaluations | g evaluations | best noise-free fitness - Fopt | noise-free fitness - Fopt (7.313900000000e+02) | measured fitness | best measured fitness | x1 | x2...
1 0 +5.964623252e+01 +5.964623252e+01 +7.910362325e+02 +7.910362325e+02 -1.0352e+00 +3.1795e+00 +1.8434e+00 +5.8153e-01 -1.4815e+00
2 0 +5.187946815e+01 +5.187946815e+01 +7.832694681e+02 +7.832694681e+02 -2.5274e+00 +2.1582e+00 -2.1887e-01 +3.7197e+00 -3.0302e+00
5 0 +3.370247003e+01 +3.370247003e+01 +7.650924700e+02 +7.650924700e+02 +4.7894e+00 -7.3575e-01 +2.0342e+00 +4.9187e+00 -4.0259e-01
23 0 +9.734170678e+00 +9.734170678e+00 +7.411241707e+02 +7.411241707e+02 +4.3971e+00 +2.1687e+00 +7.1706e-01 -1.3407e+00 -1.3009e+00
182 0 +8.792913717e+00 +8.792913717e+00 +7.401829137e+02 +7.401829137e+02 +4.4058e+00 +2.1729e+00 +6.8020e-01 -1.3520e+00 -1.3008e+00
203 0 +8.154336680e+00 +8.154336680e+00 +7.395443367e+02 +7.395443367e+02 +4.3985e+00 +2.1719e+00 +6.2787e-01 -1.3466e+00 -1.3011e+00
234 0 +8.031744668e+00 +8.031744668e+00 +7.394217447e+02 +7.394217447e+02 +4.4014e+00 +2.1713e+00 +6.5503e-01 -1.3470e+00 -1.3009e+00
264 0 +7.829194895e+00 +7.829194895e+00 +7.392191949e+02 +7.392191949e+02 +4.4069e+00 +2.1723e+00 +6.7152e-01 -1.3465e+00 -1.3299e+00
276 0 +7.560086887e+00 +7.560086887e+00 +7.389500869e+02 +7.389500869e+02 +4.3979e+00 +2.1732e+00 +6.5896e-01 -1.3465e+00 -1.3234e+00
% f evaluations | g evaluations | best noise-free fitness - Fopt | noise-free fitness - Fopt (7.526000000000e+01) | measured fitness | best measured fitness | x1 | x2...
1 0 +8.507783157e+01 +8.507783157e+01 +1.603378316e+02 +1.603378316e+02 +4.6208e+00 -4.7845e+00 +4.8664e+00 -2.9470e+00 -2.1840e+00
2 0 +3.339554960e+01 +3.339554960e+01 +1.086555496e+02 +1.086555496e+02 -2.0032e+00 +2.4541e+00 -2.0709e+00 -6.4040e-01 -4.6578e+00
21 0 +3.029595076e+01 +3.029595076e+01 +1.055559508e+02 +1.055559508e+02 +4.4218e+00 +2.4717e+00 +4.0575e+00 -2.2825e+00 -4.0005e+00
22 0 +2.129749006e+01 +2.129749006e+01 +9.655749006e+01 +9.655749006e+01 +4.2765e+00 -4.6972e+00 -1.2474e-01 +3.8022e+00 +3.9061e+00
105 0 +1.434063242e+01 +1.434063242e+01 +8.960063242e+01 +8.960063242e+01 +4.1334e+00 -4.6601e+00 +5.0615e-01 +3.8320e+00 +4.2369e+00
109 0 +9.724317930e+00 +9.724317930e+00 +8.498431793e+01 +8.498431793e+01 +4.2699e+00 -4.4025e+00 +1.4102e-01 +3.5052e+00 +4.3510e+00
159 0 +8.330488221e+00 +8.330488221e+00 +8.359048822e+01 +8.359048822e+01 +4.4900e+00 -4.2145e+00 +2.7284e-01 +3.5436e+00 +4.2831e+00
200 0 +4.048462572e+00 +4.048462572e+00 +7.930846257e+01 +7.930846257e+01 +4.2697e+00 -4.3982e+00 +3.1324e-01 +3.4978e+00 +4.3231e+00
209 0 +3.829651615e+00 +3.829651615e+00 +7.908965162e+01 +7.908965162e+01 +4.2693e+00 -4.4104e+00 +3.5362e-01 +3.5420e+00 +4.3152e+00
228 0 +3.416152276e+00 +3.416152276e+00 +7.867615228e+01 +7.867615228e+01 +4.2693e+00 -4.3677e+00 +3.4179e-01 +3.5118e+00 +4.3080e+00
229 0 +3.138135614e+00 +3.138135614e+00 +7.839813561e+01 +7.839813561e+01 +4.2594e+00 -4.3153e+00 +2.9506e-01 +3.5477e+00 +4.2705e+00
269 0 +2.707196725e+00 +2.707196725e+00 +7.796719672e+01 +7.796719672e+01 +4.2595e+00 -4.3029e+00 +2.9054e-01 +3.5290e+00 +4.2461e+00
279 0 +1.634258584e+00 +1.634258584e+00 +7.689425858e+01 +7.689425858e+01 +4.2640e+00 -4.3046e+00 +3.2496e-01 +3.5373e+00 +4.2287e+00
313 0 +1.571689244e+00 +1.571689244e+00 +7.683168924e+01 +7.683168924e+01 +4.2693e+00 -4.3099e+00 +3.2367e-01 +3.5388e+00 +4.2198e+00
314 0 +1.517056579e+00 +1.517056579e+00 +7.677705658e+01 +7.677705658e+01 +4.2652e+00 -4.3357e+00 +3.3211e-01 +3.5374e+00 +4.1967e+00
316 0 +1.460823326e+00 +1.460823326e+00 +7.672082333e+01 +7.672082333e+01 +4.2700e+00 -4.3046e+00 +3.3929e-01 +3.5352e+00 +4.2410e+00
322 0 +1.358745695e+00 +1.358745695e+00 +7.661874569e+01 +7.661874569e+01 +4.2567e+00 -4.3123e+00 +3.3673e-01 +3.5471e+00 +4.2199e+00
369 0 +1.327754365e+00 +1.327754365e+00 +7.658775437e+01 +7.658775437e+01 +4.2616e+00 -4.3162e+00 +3.3853e-01 +3.5414e+00 +4.2197e+00
371 0 +1.103803542e+00 +1.103803542e+00 +7.636380354e+01 +7.636380354e+01 +4.2569e+00 -4.3053e+00 +3.4304e-01 +3.5544e+00 +4.2180e+00
438 0 +1.073949919e+00 +1.073949919e+00 +7.633394992e+01 +7.633394992e+01 +4.2569e+00 -4.3060e+00 +3.4521e-01 +3.5546e+00 +4.2176e+00
462 0 +1.045508439e+00 +1.045508439e+00 +7.630550844e+01 +7.630550844e+01 +4.2579e+00 -4.3059e+00 +3.4159e-01 +3.5513e+00 +4.2180e+00
632 0 +1.022572885e+00 +1.022572885e+00 +7.628257288e+01 +7.628257288e+01 +4.2573e+00 -4.3060e+00 +3.4172e-01 +3.5515e+00 +4.2179e+00
% f evaluations | g evaluations | best noise-free fitness - Fopt | noise-free fitness - Fopt (-4.913000000000e+01) | measured fitness | best measured fitness | x1 | x2...
1 0 +1.489628095e+02 +1.489628095e+02 +9.983280955e+01 +9.983280955e+01 +3.8747e-01 -4.7249e+00 -9.3740e-01 -9.0663e-01 +2.1510e+00
2 0 +1.467990694e+02 +1.467990694e+02 +9.766906939e+01 +9.766906939e+01 +9.2916e-01 +3.9326e-01 +4.3322e+00 +2.1338e+00 +2.4565e-01
3 0 +6.367156483e+01 +6.367156483e+01 +1.454156483e+01 +1.454156483e+01 -1.1982e+00 +1.8767e+00 +3.3105e-01 +2.0635e+00 -7.5387e-01
5 0 +6.168051142e+01 +6.168051142e+01 +1.255051142e+01 +1.255051142e+01 +2.5184e+00 -1.0331e+00 -2.4249e+00 +4.7574e+00 -4.7144e+00
9 0 +5.984590036e+01 +5.984590036e+01 +1.071590036e+01 +1.071590036e+01 -2.1821e+00 +2.3191e+00 +2.9506e+00 -3.1532e+00 +3.4544e+00
12 0 +2.056667185e+01 +2.056667185e+01 -2.856332815e+01 -2.856332815e+01 +5.8673e-01 +3.9890e+00 +1.3899e+00 +1.9946e+00 -2.8545e+00
27 0 +1.341863616e+01 +1.341863616e+01 -3.571136384e+01 -3.571136384e+01 -1.9503e+00 +2.9250e-01 +8.0334e-01 -1.3795e+00 -3.2162e-02
89 0 +8.680491377e+00 +8.680491377e+00 -4.044950862e+01 -4.044950862e+01 -9.8448e-01 +2.3591e-01 +3.1842e+00 -2.5508e+00 -2.5672e-01
125 0 +2.932150791e+00 +2.932150791e+00 -4.619784921e+01 -4.619784921e+01 -3.1033e-01 +2.2872e-01 +5.0000e+00 -3.1420e+00 -3.8173e-01
155 0 +2.780860556e+00 +2.780860556e+00 -4.634913944e+01 -4.634913944e+01 -3.4640e-01 +1.9919e-01 +5.0000e+00 -3.0610e+00 -4.0792e-01
162 0 +2.149873726e+00 +2.149873726e+00 -4.698012627e+01 -4.698012627e+01 -3.3822e-01 +3.0907e-01 +5.0000e+00 -3.0529e+00 -3.9782e-01
207 0 +1.821250009e+00 +1.821250009e+00 -4.730874999e+01 -4.730874999e+01 -3.3993e-01 +3.2836e-01 +5.0000e+00 -3.0543e+00 -3.9169e-01
212 0 +1.638164207e+00 +1.638164207e+00 -4.749183579e+01 -4.749183579e+01 -3.4317e-01 +3.4767e-01 +5.0000e+00 -2.8899e+00 -5.0273e-01
213 0 +1.549956649e+00 +1.549956649e+00 -4.758004335e+01 -4.758004335e+01 -3.4571e-01 +3.4607e-01 +5.0000e+00 -2.9853e+00 -4.0225e-01
232 0 +1.471679135e+00 +1.471679135e+00 -4.765832087e+01 -4.765832087e+01 -3.7103e-01 +3.0032e-01 +5.0000e+00 -3.0137e+00 -3.8998e-01
233 0 +1.134465434e+00 +1.134465434e+00 -4.799553457e+01 -4.799553457e+01 -4.0327e-01 +3.2058e-01 +5.0000e+00 -3.0722e+00 -3.9773e-01
253 0 +1.100541086e+00 +1.100541086e+00 -4.802945891e+01 -4.802945891e+01 -4.4567e-01 +2.8206e-01 +5.0000e+00 -3.0677e+00 -3.9625e-01
271 0 +9.679711063e-01 +9.679711063e-01 -4.816202889e+01 -4.816202889e+01 -4.7317e-01 +2.8591e-01 +5.0000e+00 -3.1073e+00 -3.9616e-01
292 0 +7.921786137e-01 +7.921786137e-01 -4.833782139e+01 -4.833782139e+01 -4.6490e-01 +3.0144e-01 +5.0000e+00 -3.0717e+00 -3.8410e-01
311 0 +7.352973726e-01 +7.352973726e-01 -4.839470263e+01 -4.839470263e+01 -4.6584e-01 +3.0119e-01 +5.0000e+00 -3.0722e+00 -3.7918e-01
312 0 +6.943064047e-01 +6.943064047e-01 -4.843569360e+01 -4.843569360e+01 -4.7514e-01 +3.1336e-01 +5.0000e+00 -3.0688e+00 -3.8370e-01
328 0 +5.761840190e-01 +5.761840190e-01 -4.855381598e+01 -4.855381598e+01 -4.6361e-01 +3.1606e-01 +5.0000e+00 -3.0724e+00 -3.8131e-01
330 0 +5.566999162e-01 +5.566999162e-01 -4.857330008e+01 -4.857330008e+01 -4.6480e-01 +3.1786e-01 +5.0000e+00 -3.0705e+00 -3.8395e-01
364 0 +5.241382115e-01 +5.241382115e-01 -4.860586179e+01 -4.860586179e+01 -4.6524e-01 +3.1653e-01 +5.0000e+00 -3.0698e+00 -3.8386e-01
422 0 +4.809549876e-01 +4.809549876e-01 -4.864904501e+01 -4.864904501e+01 -4.6898e-01 +3.2035e-01 +5.0000e+00 -3.0700e+00 -3.8434e-01
467 0 +4.391814276e-01 +4.391814276e-01 -4.869081857e+01 -4.869081857e+01 -4.7106e-01 +3.2024e-01 +5.0000e+00 -3.0701e+00 -3.8463e-01
469 0 +4.258675499e-01 +4.258675499e-01 -4.870413245e+01 -4.870413245e+01 -4.7147e-01 +3.2038e-01 +5.0000e+00 -3.0702e+00 -3.8440e-01
519 0 +4.168675235e-01 +4.168675235e-01 -4.871313248e+01 -4.871313248e+01 -4.7151e-01 +3.2032e-01 +5.0000e+00 -3.0701e+00 -3.8438e-01
1091 0 +4.073716845e-01 +4.073716845e-01 -4.872262832e+01 -4.872262832e+01 -4.7175e-01 +3.2043e-01 +5.0000e+00 -3.0702e+00 -3.8439e-01
% f evaluations | g evaluations | best noise-free fitness - Fopt | noise-free fitness - Fopt (-1.418900000000e+02) | measured fitness | best measured fitness | x1 | x2...
1 0 +1.182334492e+02 +1.182334492e+02 -2.365655083e+01 -2.365655083e+01 +2.5708e+00 -2.5338e+00 +2.3508e+00 +1.2326e+00 +4.6387e-01
2 0 +5.980140874e+01 +5.980140874e+01 -8.208859126e+01 -8.208859126e+01 -3.3935e+00 +3.3939e+00 +2.4587e+00 +2.8347e+00 -4.7962e+00
4 0 +3.790285176e+01 +3.790285176e+01 -1.039871482e+02 -1.039871482e+02 -9.4944e-01 +4.3965e+00 +2.4557e+00 -4.0041e-01 +3.7417e+00
5 0 +2.745011162e+01 +2.745011162e+01 -1.144398884e+02 -1.144398884e+02 -1.6247e+00 -1.2434e+00 +2.4173e+00 -2.2542e+00 -3.1286e+00
49 0 +2.141651650e+01 +2.141651650e+01 -1.204734835e+02 -1.204734835e+02 +4.3689e+00 +1.2834e+00 -1.9625e+00 +8.2645e-01 +3.9702e+00
68 0 +1.205494162e+01 +1.205494162e+01 -1.298350584e+02 -1.298350584e+02 +3.8257e+00 +1.3820e+00 -1.2424e+00 +3.0320e+00 +5.0000e+00
163 0 +1.145311439e+01 +1.145311439e+01 -1.304368856e+02 -1.304368856e+02 +3.8032e+00 +1.3395e+00 -1.2374e+00 +3.1396e+00 +5.0000e+00
188 0 +1.058686072e+01 +1.058686072e+01 -1.313031393e+02 -1.313031393e+02 +3.7592e+00 +1.3816e+00 -1.0093e+00 +3.1131e+00 +4.9999e+00
221 0 +8.941223243e+00 +8.941223243e+00 -1.329487768e+02 -1.329487768e+02 +3.7666e+00 +1.3307e+00 -1.1656e+00 +3.0868e+00 +4.9999e+00
260 0 +7.638379926e+00 +7.638379926e+00 -1.342516201e+02 -1.342516201e+02 +3.7737e+00 +1.3322e+00 -1.2100e+00 +3.1057e+00 +4.9998e+00
298 0 +6.957384684e+00 +6.957384684e+00 -1.349326153e+02 -1.349326153e+02 +3.7673e+00 +1.3413e+00 -1.2414e+00 +3.0964e+00 +4.9999e+00
312 0 +6.629102678e+00 +6.629102678e+00 -1.352608973e+02 -1.352608973e+02 +3.7669e+00 +1.3440e+00 -1.2446e+00 +3.0931e+00 +4.9999e+00
316 0 +6.094343363e+00 +6.094343363e+00 -1.357956566e+02 -1.357956566e+02 +3.7681e+00 +1.3411e+00 -1.2019e+00 +3.0839e+00 +4.9999e+00
371 0 +5.937997312e+00 +5.937997312e+00 -1.359520027e+02 -1.359520027e+02 +3.7686e+00 +1.3409e+00 -1.2043e+00 +3.0841e+00 +4.9999e+00
375 0 +5.865521276e+00 +5.865521276e+00 -1.360244787e+02 -1.360244787e+02 +3.7636e+00 +1.3446e+00 -1.2057e+00 +3.0831e+00 +4.9999e+00
398 0 +5.536501786e+00 +5.536501786e+00 -1.363534982e+02 -1.363534982e+02 +3.7675e+00 +1.3411e+00 -1.2134e+00 +3.0840e+00 +4.9999e+00
418 0 +5.300292788e+00 +5.300292788e+00 -1.365897072e+02 -1.365897072e+02 +3.7677e+00 +1.3479e+00 -1.2114e+00 +3.0840e+00 +4.9999e+00
476 0 +5.216423843e+00 +5.216423843e+00 -1.366735762e+02 -1.366735762e+02 +3.7678e+00 +1.3482e+00 -1.2092e+00 +3.0838e+00 +4.9999e+00
495 0 +4.851331522e+00 +4.851331522e+00 -1.370386685e+02 -1.370386685e+02 +3.7677e+00 +1.3545e+00 -1.2204e+00 +3.0840e+00 +4.9999e+00
520 0 +4.755963354e+00 +4.755963354e+00 -1.371340366e+02 -1.371340366e+02 +3.7677e+00 +1.3600e+00 -1.2196e+00 +3.0840e+00 +4.9999e+00
531 0 +4.403367675e+00 +4.403367675e+00 -1.374866323e+02 -1.374866323e+02 +3.7677e+00 +1.3581e+00 -1.2227e+00 +3.0840e+00 +4.9999e+00
624 0 +4.362421831e+00 +4.362421831e+00 -1.375275782e+02 -1.375275782e+02 +3.7677e+00 +1.3587e+00 -1.2228e+00 +3.0840e+00 +4.9999e+00
% f evaluations | g evaluations | best noise-free fitness - Fopt | noise-free fitness - Fopt (1.095700000000e+02) | measured fitness | best measured fitness | x1 | x2...
1 0 +4.420736484e+01 +4.420736484e+01 +1.537773648e+02 +1.537773648e+02 -1.8358e+00 +2.4390e+00 -4.3468e+00 +3.0928e+00 +3.4766e+00
6 0 +3.920374119e+01 +3.920374119e+01 +1.487737412e+02 +1.487737412e+02 -4.7269e+00 +1.1876e+00 +1.7100e-02 -2.8998e+00 -4.5430e+00
9 0 +3.284401416e+01 +3.284401416e+01 +1.424140142e+02 +1.424140142e+02 +2.8688e+00 +4.8915e+00 +4.6951e-01 -2.9904e-02 +3.9722e+00
37 0 +8.062110419e+00 +8.062110419e+00 +1.176321104e+02 +1.176321104e+02 -4.1164e+00 -4.1460e+00 +4.4463e+00 +2.9362e+00 -2.3830e+00
110 0 +5.304717163e+00 +5.304717163e+00 +1.148747172e+02 +1.148747172e+02 -4.1909e+00 -3.9895e+00 +4.4313e+00 +2.8513e+00 -2.2209e+00
113 0 +3.292117777e+00 +3.292117777e+00 +1.128621178e+02 +1.128621178e+02 -3.7491e+00 -4.2379e+00 +4.2829e+00 +2.8849e+00 -2.5722e+00
186 0 +2.008163085e+00 +2.008163085e+00 +1.115781631e+02 +1.115781631e+02 -4.0407e+00 -4.2459e+00 +4.2307e+00 +2.8461e+00 -2.4400e+00
240 0 +1.202431888e+00 +1.202431888e+00 +1.107724319e+02 +1.107724319e+02 -4.0868e+00 -4.2485e+00 +4.2321e+00 +2.8546e+00 -2.4118e+00
267 0 +7.182372841e-01 +7.182372841e-01 +1.102882373e+02 +1.102882373e+02 -4.0822e+00 -4.2488e+00 +4.2308e+00 +2.8060e+00 -2.4286e+00
313 0 +6.988381175e-01 +6.988381175e-01 +1.102688381e+02 +1.102688381e+02 -4.0826e+00 -4.2495e+00 +4.2304e+00 +2.7987e+00 -2.4254e+00
324 0 +6.309754701e-01 +6.309754701e-01 +1.102009755e+02 +1.102009755e+02 -4.0747e+00 -4.2485e+00 +4.2306e+00 +2.8054e+00 -2.4341e+00
363 0 +5.708751669e-01 +5.708751669e-01 +1.101408752e+02 +1.101408752e+02 -4.0740e+00 -4.2491e+00 +4.2306e+00 +2.8093e+00 -2.4339e+00
385 0 +5.121276701e-01 +5.121276701e-01 +1.100821277e+02 +1.100821277e+02 -4.0722e+00 -4.2485e+00 +4.2307e+00 +2.8065e+00 -2.4331e+00
573 0 +5.003451169e-01 +5.003451169e-01 +1.100703451e+02 +1.100703451e+02 -4.0720e+00 -4.2485e+00 +4.2306e+00 +2.8065e+00 -2.4332e+00
% f evaluations | g evaluations | best noise-free fitness - Fopt | noise-free fitness - Fopt (7.836000000000e+01) | measured fitness | best measured fitness | x1 | x2...
1 0 +9.777792339e+01 +9.777792339e+01 +1.761379234e+02 +1.761379234e+02 +4.1474e+00 -3.0030e+00 +4.1881e+00 +2.5453e+00 -4.7634e+00
2 0 +5.063684748e+01 +5.063684748e+01 +1.289968475e+02 +1.289968475e+02 -1.5317e+00 +3.2956e+00 -2.2759e+00 -1.7608e+00 -4.3854e+00
3 0 +3.286650109e+01 +3.286650109e+01 +1.112265011e+02 +1.112265011e+02 +4.8197e+00 -4.6285e+00 +4.3302e+00 -3.7190e+00 -2.7539e+00
13 0 +3.119504007e+01 +3.119504007e+01 +1.095550401e+02 +1.095550401e+02 -3.9014e+00 +1.5410e+00 -4.3003e+00 -3.5658e+00 -4.2538e+00
24 0 +2.344489931e+01 +2.344489931e+01 +1.018048993e+02 +1.018048993e+02 +1.6249e+00 -2.1254e+00 +2.8165e+00 +4.1537e+00 -1.3807e+00
60 0 +1.979108716e+01 +1.979108716e+01 +9.815108716e+01 +9.815108716e+01 +1.7090e+00 -2.8247e+00 +2.5528e+00 +4.2891e+00 -2.0425e+00
100 0 +1.666377772e+01 +1.666377772e+01 +9.502377772e+01 +9.502377772e+01 +2.1917e+00 -1.5344e+00 +2.2081e+00 +5.0000e+00 -1.0431e+00
105 0 +1.236840923e+01 +1.236840923e+01 +9.072840923e+01 +9.072840923e+01 +2.1072e+00 -1.4589e+00 +2.2464e+00 +5.0000e+00 -1.0341e+00
117 0 +9.107418132e+00 +9.107418132e+00 +8.746741813e+01 +8.746741813e+01 +2.4025e+00 -1.6192e+00 +2.1995e+00 +5.0000e+00 -1.0083e+00
160 0 +5.963296421e+00 +5.963296421e+00 +8.432329642e+01 +8.432329642e+01 +2.3076e+00 -1.9318e+00 +2.1776e+00 +5.0000e+00 -1.0062e+00
164 0 +2.801625530e+00 +2.801625530e+00 +8.116162553e+01 +8.116162553e+01 +2.3810e+00 -2.0524e+00 +2.2544e+00 +4.8673e+00 -7.7713e-01
207 0 +2.405436270e+00 +2.405436270e+00 +8.076543627e+01 +8.076543627e+01 +2.3081e+00 -2.0710e+00 +2.2369e+00 +4.8321e+00 -8.6331e-01
217 0 +1.216867792e+00 +1.216867792e+00 +7.957686779e+01 +7.957686779e+01 +2.3780e+00 -2.0504e+00 +2.2470e+00 +4.8724e+00 -8.5245e-01
264 0 +7.764658718e-01 +7.764658718e-01 +7.913646587e+01 +7.913646587e+01 +2.3786e+00 -2.0694e+00 +2.2418e+00 +4.8496e+00 -8.6238e-01
320 0 +7.031782649e-01 +7.031782649e-01 +7.906317826e+01 +7.906317826e+01 +2.3793e+00 -2.0682e+00 +2.2461e+00 +4.8497e+00 -8.6254e-01
371 0 +6.393837113e-01 +6.393837113e-01 +7.899938371e+01 +7.899938371e+01 +2.3783e+00 -2.0682e+00 +2.2468e+00 +4.8501e+00 -8.5532e-01
418 0 +6.225320494e-01 +6.225320494e-01 +7.898253205e+01 +7.898253205e+01 +2.3787e+00 -2.0693e+00 +2.2462e+00 +4.8486e+00 -8.5706e-01
425 0 +6.052063337e-01 +6.052063337e-01 +7.896520633e+01 +7.896520633e+01 +2.3789e+00 -2.0688e+00 +2.2458e+00 +4.8480e+00 -8.5698e-01
434 0 +5.800864323e-01 +5.800864323e-01 +7.894008643e+01 +7.894008643e+01 +2.3788e+00 -2.0684e+00 +2.2458e+00 +4.8486e+00 -8.5837e-01
472 0 +5.753353878e-01 +5.753353878e-01 +7.893533539e+01 +7.893533539e+01 +2.3789e+00 -2.0684e+00 +2.2457e+00 +4.8488e+00 -8.5784e-01
550 0 +5.621303696e-01 +5.621303696e-01 +7.892213037e+01 +7.892213037e+01 +2.3789e+00 -2.0684e+00 +2.2457e+00 +4.8486e+00 -8.5784e-01
% f evaluations | g evaluations | best noise-free fitness - Fopt | noise-free fitness - Fopt (1.140900000000e+02) | measured fitness | best measured fitness | x1 | x2...
1 0 +6.754314883e+01 +6.754314883e+01 +1.816331488e+02 +1.816331488e+02 +7.2226e-01 +1.7707e+00 -4.0549e+00 -4.8793e+00 +4.8953e+00
5 0 +5.007965530e+01 +5.007965530e+01 +1.641696553e+02 +1.641696553e+02 +4.0534e+00 +5.0997e-01 +3.2430e+00 +7.3484e-01 -9.1963e-01
7 0 +3.716158265e+01 +3.716158265e+01 +1.512515826e+02 +1.512515826e+02 -2.7800e+00 +2.8792e+00 +2.6915e-01 -1.2189e+00 +5.2250e-01
16 0 +2.876868902e+01 +2.876868902e+01 +1.428586890e+02 +1.428586890e+02 +2.2929e+00 +1.5800e+00 -2.0003e+00 +1.9712e+00 -1.1201e+00
32 0 +2.598550686e+01 +2.598550686e+01 +1.400755069e+02 +1.400755069e+02 +8.3222e-01 -8.2148e-01 -3.7292e+00 -3.3621e-01 +4.0745e+00
54 0 +2.558124205e+01 +2.558124205e+01 +1.396712421e+02 +1.396712421e+02 +1.2030e+00 -8.7736e-01 +9.1788e-01 -6.5284e-02 +4.3779e+00
58 0 +1.536384436e+01 +1.536384436e+01 +1.294538444e+02 +1.294538444e+02 +2.5527e+00 -1.4582e+00 -5.0000e+00 -2.8339e+00 +4.7912e+00
73 0 +1.119952973e+01 +1.119952973e+01 +1.252895297e+02 +1.252895297e+02 -6.3646e-01 -1.2474e+00 -1.5274e+00 -4.7042e-01 +5.0000e+00
143 0 +9.042385681e+00 +9.042385681e+00 +1.231323857e+02 +1.231323857e+02 -4.6382e-01 -5.6912e-01 -1.6371e+00 -5.3532e-01 +5.0000e+00
177 0 +7.498540108e+00 +7.498540108e+00 +1.215885401e+02 +1.215885401e+02 -4.6624e-01 -5.9001e-01 -1.6395e+00 -5.7032e-01 +5.0000e+00
188 0 +7.287764205e+00 +7.287764205e+00 +1.213777642e+02 +1.213777642e+02 -5.7042e-01 -1.4802e+00 -1.7245e+00 -5.3595e-01 +5.0000e+00
210 0 +6.143494974e+00 +6.143494974e+00 +1.202334950e+02 +1.202334950e+02 -5.8330e-01 -1.5448e+00 -1.7199e+00 -5.3796e-01 +4.9961e+00
287 0 +5.798150193e+00 +5.798150193e+00 +1.198881502e+02 +1.198881502e+02 -5.6686e-01 -1.4429e+00 -1.7199e+00 -5.3488e-01 +4.9969e+00
321 0 +5.424054280e+00 +5.424054280e+00 +1.195140543e+02 +1.195140543e+02 -5.6186e-01 -1.5084e+00 -1.7206e+00 -5.2297e-01 +4.9969e+00
357 0 +4.826039454e+00 +4.826039454e+00 +1.189160395e+02 +1.189160395e+02 -5.5030e-01 -1.4739e+00 -1.7203e+00 -5.3642e-01 +4.9962e+00
384 0 +4.306669796e+00 +4.306669796e+00 +1.183966698e+02 +1.183966698e+02 -5.5434e-01 -1.4457e+00 -1.7179e+00 -5.3599e-01 +4.9965e+00
535 0 +4.257167997e+00 +4.257167997e+00 +1.183471680e+02 +1.183471680e+02 -5.5472e-01 -1.4461e+00 -1.7178e+00 -5.3598e-01 +4.9965e+00
% f evaluations | g evaluations | best noise-free fitness - Fopt | noise-free fitness - Fopt (-5.445900000000e+02) | measured fitness | best measured fitness | x1 | x2...
1 0 +1.093053895e+02 +1.093053895e+02 -4.352846105e+02 -4.352846105e+02 +1.9265e+00 +4.1005e+00 -3.9840e+00 +4.3414e+00 +2.5829e+00
3 0 +4.707308204e+01 +4.707308204e+01 -4.975169180e+02 -4.975169180e+02 +4.2437e-01 -4.0763e+00 +3.7834e+00 -4.5969e-01 +2.9603e+00
17 0 +3.427950495e+01 +3.427950495e+01 -5.103104950e+02 -5.103104950e+02 +2.0156e+00 -3.6218e+00 -4.2917e-01 -4.8821e+00 -1.4074e+00
25 0 +2.760037624e+01 +2.760037624e+01 -5.169896238e+02 -5.169896238e+02 +3.6277e+00 -3.8887e+00 +3.0420e+00 +4.2474e+00 -3.2671e+00
64 0 +1.520421327e+01 +1.520421327e+01 -5.293857867e+02 -5.293857867e+02 +3.5844e+00 -3.8894e+00 +3.3658e+00 +3.4578e+00 -4.1121e+00
127 0 +1.125691960e+01 +1.125691960e+01 -5.333330804e+02 -5.333330804e+02 +3.6007e+00 -3.8893e+00 +3.0995e+00 +3.5527e+00 -4.0404e+00
147 0 +1.047263401e+01 +1.047263401e+01 -5.341173660e+02 -5.341173660e+02 +3.5337e+00 -3.6870e+00 +3.2963e+00 +3.4019e+00 -4.0317e+00
183 0 +9.823771686e+00 +9.823771686e+00 -5.347662283e+02 -5.347662283e+02 +3.6097e+00 -3.6870e+00 +3.2132e+00 +3.2181e+00 -4.0273e+00
192 0 +3.152517066e+00 +3.152517066e+00 -5.414374829e+02 -5.414374829e+02 +3.6313e+00 -3.3444e+00 +3.2582e+00 +3.2404e+00 -3.5218e+00
284 0 +3.041771525e+00 +3.041771525e+00 -5.415482285e+02 -5.415482285e+02 +3.6568e+00 -3.3467e+00 +3.2534e+00 +3.2603e+00 -3.5341e+00
288 0 +2.886003131e+00 +2.886003131e+00 -5.417039969e+02 -5.417039969e+02 +3.6207e+00 -3.3503e+00 +3.2616e+00 +3.2538e+00 -3.4948e+00
290 0 +2.694571389e+00 +2.694571389e+00 -5.418954286e+02 -5.418954286e+02 +3.6208e+00 -3.3473e+00 +3.2562e+00 +3.2314e+00 -3.5308e+00
318 0 +2.596893758e+00 +2.596893758e+00 -5.419931062e+02 -5.419931062e+02 +3.6011e+00 -3.3589e+00 +3.2462e+00 +3.2322e+00 -3.5298e+00
352 0 +2.341462488e+00 +2.341462488e+00 -5.422485375e+02 -5.422485375e+02 +3.6233e+00 -3.3563e+00 +3.2578e+00 +3.2421e+00 -3.5386e+00
384 0 +2.285106225e+00 +2.285106225e+00 -5.423048938e+02 -5.423048938e+02 +3.6256e+00 -3.3560e+00 +3.2582e+00 +3.2444e+00 -3.5386e+00
541 0 +2.236186228e+00 +2.236186228e+00 -5.423538138e+02 -5.423538138e+02 +3.6258e+00 -3.3560e+00 +3.2586e+00 +3.2443e+00 -3.5374e+00
