% f evaluations | g evaluations | best noise-free fitness - Fopt | noise-free fitness - Fopt (1.238300000000e+02) | measured fitness | best measured fitness | x1 | x2...
1 0 +1.262895752e+05 +1.262895752e+05 +1.264134052e+05 +1.264134052e+05 -4.9533e+00 +2.5594e+00
2 0 +3.502705957e+03 +3.502705957e+03 +3.626535957e+03 +3.626535957e+03 -4.1657e+00 -4.6292e+00
3 0 +5.254775202e+02 +5.254775202e+02 +6.493075202e+02 +6.493075202e+02 +1.5665e+00 -1.4826e+00
6 0 +1.985215095e+01 +1.985215095e+01 +1.436821510e+02 +1.436821510e+02 +1.3126e+00 +3.8891e+00
54 0 +4.567835731e+00 +4.567835731e+00 +1.283978357e+02 +1.283978357e+02 +1.4153e+00 +3.9562e+00
80 0 +2.453236065e+00 +2.453236065e+00 +1.262832361e+02 +1.262832361e+02 +1.4004e+00 +3.8968e+00
119 0 +1.426162028e+00 +1.426162028e+00 +1.252561620e+02 +1.252561620e+02 +1.5970e+00 +4.1798e+00
150 0 +1.214798828e+00 +1.214798828e+00 +1.250447988e+02 +1.250447988e+02 +1.4240e+00 +3.8951e+00
159 0 +1.162053330e+00 +1.162053330e+00 +1.249920533e+02 +1.249920533e+02 +1.4176e+00 +3.8760e+00
175 0 +1.117605298e+00 +1.117605298e+00 +1.249476053e+02 +1.249476053e+02 +1.3784e+00 +3.8027e+00
260 0 +1.093784648e+00 +1.093784648e+00 +1.249237846e+02 +1.249237846e+02 +1.3554e+00 +3.7608e+00
494 0 +1.070862376e+00 +1.070862376e+00 +1.249008624e+02 +1.249008624e+02 +1.3326e+00 +3.7177e+00
% f evaluations | g evaluations | best noise-free fitness - Fopt | noise-free fitness - Fopt (4.751000000000e+01) | measured fitness | best measured fitness | x1 | x2...
1 0 +2.105452101e+02 +2.105452101e+02 +2.580552101e+02 +2.580552101e+02 +4.4917e-01 -9.3862e-01
25 0 +6.678977812e+01 +6.678977812e+01 +1.142997781e+02 +1.142997781e+02 +1.4459e-01 +5.7957e-01
54 0 +1.683368881e+01 +1.683368881e+01 +6.434368881e+01 +6.434368881e+01 -5.4780e-02 +4.3374e-01
57 0 +1.277464920e+00 +1.277464920e+00 +4.878746492e+01 +4.878746492e+01 +2.3018e-02 +2.3241e-01
106 0 +3.445693363e-01 +3.445693363e-01 +4.785456934e+01 +4.785456934e+01 -1.9355e-03 +1.9857e-01
133 0 +2.930213907e-01 +2.930213907e-01 +4.780302139e+01 +4.780302139e+01 +4.2686e-02 +1.3606e-01
155 0 +1.812022010e-01 +1.812022010e-01 +4.769120220e+01 +4.769120220e+01 +4.1764e-02 +1.4779e-01
158 0 +1.584555726e-01 +1.584555726e-01 +4.766845557e+01 +4.766845557e+01 +4.3731e-02 +1.5101e-01
170 0 +1.321560741e-01 +1.321560741e-01 +4.764215607e+01 +4.764215607e+01 +4.3726e-02 +1.6075e-01
176 0 +8.665481490e-02 +8.665481490e-02 +4.759665481e+01 +4.759665481e+01 +1.5754e-01 +1.3498e-01
215 0 +7.969446533e-02 +7.969446533e-02 +4.758969447e+01 +4.758969447e+01 +1.8087e-01 +1.2958e-01
289 0 +7.886157990e-02 +7.886157990e-02 +4.758886158e+01 +4.758886158e+01 +1.9016e-01 +1.2830e-01
295 0 +7.620865024e-02 +7.620865024e-02 +4.758620865e+01 +4.758620865e+01 +1.8715e-01 +1.2534e-01
317 0 +7.438336289e-02 +7.438336289e-02 +4.758438336e+01 +4.758438336e+01 +1.9368e-01 +1.2477e-01
363 0 +7.393070455e-02 +7.393070455e-02 +4.758393070e+01 +4.758393070e+01 +1.9419e-01 +1.2344e-01
468 0 +7.231842207e-02 +7.231842207e-02 +4.758231842e+01 +4.758231842e+01 +2.0027e-01 +1.2294e-01
624 0 +7.078033447e-02 +7.078033447e-02 +4.758078033e+01 +4.758078033e+01 +2.0489e-01 +1.2145e-01
1666 0 +6.918206707e-02 +6.918206707e-02 +4.757918207e+01 +4.757918207e+01 +2.1006e-01 +1.1995e-01
% f evaluations | g evaluations | best noise-free fitness - Fopt | noise-free fitness - Fopt (5.534000000000e+01) | measured fitness | best measured fitness | x1 | x2...
1 0 +3.789470077e+04 +3.789470077e+04 +3.795004077e+04 +3.795004077e+04 -4.4904e+00 -2.4151e+00
3 0 +1.189131856e+04 +1.189131856e+04 +1.194665856e+04 +1.194665856e+04 +3.7731e+00 +1.9311e+00
5 0 +8.633370436e+03 +8.633370436e+03 +8.688710436e+03 +8.688710436e+03 +4.5007e+00 +9.7471e-01
8 0 +1.634517345e+03 +1.634517345e+03 +1.689857345e+03 +1.689857345e+03 -3.2661e+00 +1.8357e+00
9 0 +7.956052614e+02 +7.956052614e+02 +8.509452614e+02 +8.509452614e+02 +3.1869e+00 -6.4708e-01
12 0 +2.471632320e+02 +2.471632320e+02 +3.025032320e+02 +3.025032320e+02 -1.8462e+00 -5.3493e-01
13 0 +6.884077360e+01 +6.884077360e+01 +1.241807736e+02 +1.241807736e+02 -1.2894e+00 -4.3658e-01
29 0 +4.706812429e+01 +4.706812429e+01 +1.024081243e+02 +1.024081243e+02 -1.0253e+00 +2.7736e+00
52 0 +6.969337479e+00 +6.969337479e+00 +6.230933748e+01 +6.230933748e+01 -8.7798e-01 +2.9119e+00
75 0 +6.543591102e+00 +6.543591102e+00 +6.188359110e+01 +6.188359110e+01 -1.0235e+00 -2.7712e-01
108 0 +1.406758970e+00 +1.406758970e+00 +5.674675897e+01 +5.674675897e+01 -1.0227e+00 -1.2983e-01
130 0 +1.825039563e-01 +1.825039563e-01 +5.552250396e+01 +5.552250396e+01 -6.2544e-01 -2.2067e-01
157 0 +1.037653159e-01 +1.037653159e-01 +5.544376532e+01 +5.544376532e+01 -1.1824e+00 -1.5264e-01
164 0 +5.295918614e-02 +5.295918614e-02 +5.539295919e+01 +5.539295919e+01 -7.1037e-01 -1.8826e-01
208 0 +1.910753387e-02 +1.910753387e-02 +5.535910753e+01 +5.535910753e+01 -8.0315e-01 -1.8839e-01
223 0 +6.656000744e-03 +6.656000744e-03 +5.534665600e+01 +5.534665600e+01 -7.4704e-01 -1.9349e-01
224 0 +5.324879006e-04 +5.324879006e-04 +5.534053249e+01 +5.534053249e+01 -7.2512e-01 -1.9826e-01
226 0 +4.364084118e-04 +4.364084118e-04 +5.534043641e+01 +5.534043641e+01 -7.2232e-01 -1.9761e-01
276 0 +3.783449262e-04 +3.783449262e-04 +5.534037834e+01 +5.534037834e+01 -7.2184e-01 -1.9806e-01
335 0 +3.349492480e-04 +3.349492480e-04 +5.534033495e+01 +5.534033495e+01 -7.1658e-01 -1.9849e-01
365 0 +3.081734985e-04 +3.081734985e-04 +5.534030817e+01 +5.534030817e+01 -7.1614e-01 -1.9798e-01
366 0 +2.892578972e-04 +2.892578972e-04 +5.534028926e+01 +5.534028926e+01 -7.1659e-01 -1.9816e-01
386 0 +2.564410716e-04 +2.564410716e-04 +5.534025644e+01 +5.534025644e+01 -7.1271e-01 -1.9856e-01
396 0 +2.031691575e-04 +2.031691575e-04 +5.534020317e+01 +5.534020317e+01 -6.9395e-01 -1.9856e-01
416 0 +1.447190861e-04 +1.447190861e-04 +5.534014472e+01 +5.534014472e+01 -6.9893e-01 -1.9857e-01
417 0 +8.736640432e-05 +8.736640432e-05 +5.534008737e+01 +5.534008737e+01 -6.9175e-01 -1.9888e-01
453 0 +7.697319724e-05 +7.697319724e-05 +5.534007697e+01 +5.534007697e+01 -6.9800e-01 -1.9894e-01
469 0 +6.064959155e-05 +6.064959155e-05 +5.534006065e+01 +5.534006065e+01 -6.9354e-01 -1.9896e-01
497 0 +5.684864804e-05 +5.684864804e-05 +5.534005685e+01 +5.534005685e+01 -6.9498e-01 -1.9901e-01
522 0 +4.263125336e-05 +4.263125336e-05 +5.534004263e+01 +5.534004263e+01 -6.9094e-01 -1.9908e-01
575 0 +3.985857192e-05 +3.985857192e-05 +5.534003986e+01 +5.534003986e+01 -6.9028e-01 -1.9910e-01
576 0 +2.985939750e-05 +2.985939750e-05 +5.534002986e+01 +5.534002986e+01 -6.8945e-01 -1.9918e-01
624 0 +2.483801561e-05 +2.483801561e-05 +5.534002484e+01 +5.534002484e+01 -6.8945e-01 -1.9927e-01
669 0 +2.391049973e-05 +2.391049973e-05 +5.534002391e+01 +5.534002391e+01 -6.8928e-01 -1.9929e-01
685 0 +2.314171350e-05 +2.314171350e-05 +5.534002314e+01 +5.534002314e+01 -6.8910e-01 -1.9930e-01
690 0 +1.956767714e-05 +1.956767714e-05 +5.534001957e+01 +5.534001957e+01 -6.8735e-01 -1.9928e-01
720 0 +1.846292377e-05 +1.846292377e-05 +5.534001846e+01 +5.534001846e+01 -6.8736e-01 -1.9930e-01
729 0 +1.768545236e-05 +1.768545236e-05 +5.534001769e+01 +5.534001769e+01 -6.8673e-01 -1.9930e-01
746 0 +1.650903090e-05 +1.650903090e-05 +5.534001651e+01 +5.534001651e+01 -6.8681e-01 -1.9932e-01
775 0 +1.621315239e-05 +1.621315239e-05 +5.534001621e+01 +5.534001621e+01 -6.8725e-01 -1.9934e-01
783 0 +1.547780536e-05 +1.547780536e-05 +5.534001548e+01 +5.534001548e+01 -6.8711e-01 -1.9936e-01
787 0 +1.375358163e-05 +1.375358163e-05 +5.534001375e+01 +5.534001375e+01 -6.8644e-01 -1.9936e-01
832 0 +1.280752657e-05 +1.280752657e-05 +5.534001281e+01 +5.534001281e+01 -6.8577e-01 -1.9937e-01
865 0 +1.227686960e-05 +1.227686960e-05 +5.534001228e+01 +5.534001228e+01 -6.8589e-01 -1.9938e-01
887 0 +1.181850526e-05 +1.181850526e-05 +5.534001182e+01 +5.534001182e+01 -6.8572e-01 -1.9938e-01
892 0 +1.163861630e-05 +1.163861630e-05 +5.534001164e+01 +5.534001164e+01 -6.8545e-01 -1.9938e-01
902 0 +1.133017625e-05 +1.133017625e-05 +5.534001133e+01 +5.534001133e+01 -6.8583e-01 -1.9941e-01
942 0 +1.113154337e-05 +1.113154337e-05 +5.534001113e+01 +5.534001113e+01 -6.8579e-01 -1.9942e-01
960 0 +1.058553444e-05 +1.058553444e-05 +5.534001059e+01 +5.534001059e+01 -6.8556e-01 -1.9942e-01
987 0 +1.028822766e-05 +1.028822766e-05 +5.534001029e+01 +5.534001029e+01 -6.8541e-01 -1.9942e-01
1014 0 +1.004322576e-05 +1.004322576e-05 +5.534001004e+01 +5.534001004e+01 -6.8530e-01 -1.9942e-01
1022 0 +9.968246580e-06 +9.968246580e-06 +5.534000997e+01 +5.534000997e+01 -6.8534e-01 -1.9942e-01
1054 0 +9.759467495e-06 +9.759467495e-06 +5.534000976e+01 +5.534000976e+01 -6.8522e-01 -1.9942e-01
1063 0 +9.363386354e-06 +9.363386354e-06 +5.534000936e+01 +5.534000936e+01 -6.8496e-01 -1.9942e-01
1082 0 +8.754805748e-06 +8.754805748e-06 +5.534000875e+01 +5.534000875e+01 -6.8487e-01 -1.9944e-01
1093 0 +8.469087348e-06 +8.469087348e-06 +5.534000847e+01 +5.534000847e+01 -6.8467e-01 -1.9944e-01
1100 0 +7.931547515e-06 +7.931547515e-06 +5.534000793e+01 +5.534000793e+01 -6.8460e-01 -1.9946e-01
1150 0 +7.758147348e-06 +7.758147348e-06 +5.534000776e+01 +5.534000776e+01 -6.8456e-01 -1.9947e-01
1156 0 +7.374068140e-06 +7.374068140e-06 +5.534000737e+01 +5.534000737e+01 -6.8437e-01 -1.9946e-01
1195 0 +6.894080805e-06 +6.894080805e-06 +5.534000689e+01 +5.534000689e+01 -6.8377e-01 -1.9946e-01
1251 0 +6.721851655e-06 +6.721851655e-06 +5.534000672e+01 +5.534000672e+01 -6.8378e-01 -1.9946e-01
1253 0 +6.488237062e-06 +6.488237062e-06 +5.534000649e+01 +5.534000649e+01 -6.8367e-01 -1.9946e-01
1300 0 +6.445379604e-06 +6.445379604e-06 +5.534000645e+01 +5.534000645e+01 -6.8369e-01 -1.9947e-01
1324 0 +6.257708037e-06 +6.257708037e-06 +5.534000626e+01 +5.534000626e+01 -6.8357e-01 -1.9947e-01
1364 0 +6.103465999e-06 +6.103465999e-06 +5.534000610e+01 +5.534000610e+01 -6.8352e-01 -1.9947e-01
1403 0 +5.983753809e-06 +5.983753809e-06 +5.534000598e+01 +5.534000598e+01 -6.8354e-01 -1.9948e-01
1456 0 +5.808656269e-06 +5.808656269e-06 +5.534000581e+01 +5.534000581e+01 -6.8350e-01 -1.9948e-01
1508 0 +5.753434010e-06 +5.753434010e-06 +5.534000575e+01 +5.534000575e+01 -6.8351e-01 -1.9948e-01
1559 0 +5.594586661e-06 +5.594586661e-06 +5.534000559e+01 +5.534000559e+01 -6.8350e-01 -1.9949e-01
1626 0 +5.485528462e-06 +5.485528462e-06 +5.534000549e+01 +5.534000549e+01 -6.8351e-01 -1.9949e-01
1768 0 +5.369464276e-06 +5.369464276e-06 +5.534000537e+01 +5.534000537e+01 -6.8351e-01 -1.9951e-01
6769 0 +5.247899864e-06 +5.247899864e-06 +5.534000525e+01 +5.534000525e+01 -6.8345e-01 -1.9951e-01
7408 0 +5.122516562e-06 +5.122516562e-06 +5.534000512e+01 +5.534000512e+01 -6.8338e-01 -1.9951e-01
7747 0 +5.006837235e-06 +5.006837235e-06 +5.534000501e+01 +5.534000501e+01 -6.8332e-01 -1.9951e-01
8171 0 +4.891416332e-06 +4.891416332e-06 +5.534000489e+01 +5.534000489e+01 -6.8325e-01 -1.9951e-01
8379 0 +4.783676239e-06 +4.783676239e-06 +5.534000478e+01 +5.534000478e+01 -6.8318e-01 -1.9951e-01
8603 0 +4.669691393e-06 +4.669691393e-06 +5.534000467e+01 +5.534000467e+01 -6.8310e-01 -1.9951e-01
8790 0 +4.562351663e-06 +4.562351663e-06 +5.534000456e+01 +5.534000456e+01 -6.8302e-01 -1.9951e-01
8968 0 +4.461233281e-06 +4.461233281e-06 +5.534000446e+01 +5.534000446e+01 -6.8292e-01 -1.9951e-01
9159 0 +4.340570030e-06 +4.340570030e-06 +5.534000434e+01 +5.534000434e+01 -6.8279e-01 -1.9951e-01
9325 0 +4.261349972e-06 +4.261349972e-06 +5.534000426e+01 +5.534000426e+01 -6.8268e-01 -1.9951e-01
9570 0 +4.162043780e-06 +4.162043780e-06 +5.534000416e+01 +5.534000416e+01 -6.8242e-01 -1.9951e-01
% f evaluations | g evaluations | best noise-free fitness - Fopt | noise-free fitness - Fopt (-9.033000000000e+01) | measured fitness | best measured fitness | x1 | x2...
1 0 +7.063340987e+02 +7.063340987e+02 +6.160040987e+02 +6.160040987e+02 -4.8592e+00 -1.5341e+00
2 0 +3.768491753e+02 +3.768491753e+02 +2.865191753e+02 +2.865191753e+02 -1.4959e+00 -3.8653e-01
5 0 +2.719708749e+01 +2.719708749e+01 -6.313291251e+01 -6.313291251e+01 -1.1120e-01 -6.5510e-01
13 0 +2.650401006e+01 +2.650401006e+01 -6.382598994e+01 -6.382598994e+01 -7.2967e-01 -1.2009e+00
29 0 +1.965500474e+01 +1.965500474e+01 -7.067499526e+01 -7.067499526e+01 -1.7501e+00 -1.6034e+00
49 0 +1.271960651e+00 +1.271960651e+00 -8.905803935e+01 -8.905803935e+01 +2.8888e-01 -2.2148e-01
55 0 +6.775540956e-01 +6.775540956e-01 -8.965244590e+01 -8.965244590e+01 +4.1509e-01 -2.1583e-01
71 0 +2.386445517e-01 +2.386445517e-01 -9.009135545e+01 -9.009135545e+01 +2.3998e-01 -9.2720e-03
105 0 +1.549291645e-01 +1.549291645e-01 -9.017507084e+01 -9.017507084e+01 +1.1700e-01 +1.0824e-01
156 0 +1.459424552e-01 +1.459424552e-01 -9.018405754e+01 -9.018405754e+01 +1.0548e-01 +1.4295e-01
209 0 +1.334982490e-01 +1.334982490e-01 -9.019650175e+01 -9.019650175e+01 +1.0354e-01 +1.2680e-01
227 0 +1.255924657e-01 +1.255924657e-01 -9.020440753e+01 -9.020440753e+01 +9.8286e-02 +1.4201e-01
284 0 +1.222156905e-01 +1.222156905e-01 -9.020778431e+01 -9.020778431e+01 +9.5072e-02 +1.4256e-01
349 0 +1.071837995e-01 +1.071837995e-01 -9.022281620e+01 -9.022281620e+01 +6.6291e-02 +1.6617e-01
371 0 +1.034452293e-01 +1.034452293e-01 -9.022655477e+01 -9.022655477e+01 +6.0807e-02 +1.7535e-01
373 0 +1.012896268e-01 +1.012896268e-01 -9.022871037e+01 -9.022871037e+01 +5.6069e-02 +1.7647e-01
416 0 +9.927183345e-02 +9.927183345e-02 -9.023072817e+01 -9.023072817e+01 +4.9658e-02 +1.8088e-01
469 0 +9.641145917e-02 +9.641145917e-02 -9.023358854e+01 -9.023358854e+01 +4.6699e-02 +1.8540e-01
575 0 +9.458090106e-02 +9.458090106e-02 -9.023541910e+01 -9.023541910e+01 +4.2259e-02 +1.8886e-01
712 0 +9.322016719e-02 +9.322016719e-02 -9.023677983e+01 -9.023677983e+01 +4.0810e-02 +1.9179e-01
% f evaluations | g evaluations | best noise-free fitness - Fopt | noise-free fitness - Fopt (6.561000000000e+01) | measured fitness | best measured fitness | x1 | x2...
1 0 +3.626109654e+03 +3.626109654e+03 +3.691719654e+03 +3.691719654e+03 +4.8672e+00 -4.5934e+00
3 0 +1.474080367e+03 +1.474080367e+03 +1.539690367e+03 +1.539690367e+03 +1.6617e+00 -3.3632e+00
5 0 +6.178829755e+02 +6.178829755e+02 +6.834929755e+02 +6.834929755e+02 +1.8613e+00 +1.0271e+00
9 0 +5.116199352e+02 +5.116199352e+02 +5.772299352e+02 +5.772299352e+02 +3.1861e+00 -1.9258e+00
12 0 +1.031851968e+02 +1.031851968e+02 +1.687951968e+02 +1.687951968e+02 +5.2648e-01 -4.2639e-01
36 0 +3.398873431e+01 +3.398873431e+01 +9.959873431e+01 +9.959873431e+01 -6.8756e-01 -3.6435e+00
62 0 +1.123521884e+01 +1.123521884e+01 +7.684521884e+01 +7.684521884e+01 -9.0300e-01 -3.5074e+00
82 0 +2.311530224e+00 +2.311530224e+00 +6.792153022e+01 +6.792153022e+01 -8.3942e-01 -3.2807e+00
113 0 +1.222598194e+00 +1.222598194e+00 +6.683259819e+01 +6.683259819e+01 -7.8801e-01 -3.2434e+00
114 0 +8.843045401e-01 +8.843045401e-01 +6.649430454e+01 +6.649430454e+01 -8.1841e-01 -3.3310e+00
133 0 +7.460248114e-01 +7.460248114e-01 +6.635602481e+01 +6.635602481e+01 -8.0019e-01 -3.1722e+00
165 0 +7.405264088e-01 +7.405264088e-01 +6.635052641e+01 +6.635052641e+01 -7.9570e-01 -3.1474e+00
191 0 +6.580858282e-01 +6.580858282e-01 +6.626808583e+01 +6.626808583e+01 -7.8294e-01 -2.9734e+00
217 0 +6.352518870e-01 +6.352518870e-01 +6.624525189e+01 +6.624525189e+01 -7.7752e-01 -2.9183e+00
261 0 +6.278840176e-01 +6.278840176e-01 +6.623788402e+01 +6.623788402e+01 -7.7699e-01 -2.9035e+00
312 0 +6.017358631e-01 +6.017358631e-01 +6.621173586e+01 +6.621173586e+01 -7.7230e-01 -2.8293e+00
364 0 +5.886080011e-01 +5.886080011e-01 +6.619860800e+01 +6.619860800e+01 -7.6843e-01 -2.8107e+00
377 0 +5.685951766e-01 +5.685951766e-01 +6.617859518e+01 +6.617859518e+01 -7.6287e-01 -2.7599e+00
386 0 +5.558527392e-01 +5.558527392e-01 +6.616585274e+01 +6.616585274e+01 -7.6186e-01 -2.7285e+00
458 0 +5.459216018e-01 +5.459216018e-01 +6.615592160e+01 +6.615592160e+01 -7.5959e-01 -2.6963e+00
529 0 +5.359321192e-01 +5.359321192e-01 +6.614593212e+01 +6.614593212e+01 -7.5553e-01 -2.6818e+00
574 0 +5.239785464e-01 +5.239785464e-01 +6.613397855e+01 +6.613397855e+01 -7.5430e-01 -2.6465e+00
648 0 +5.118976171e-01 +5.118976171e-01 +6.612189762e+01 +6.612189762e+01 -7.5103e-01 -2.6227e+00
886 0 +5.005551911e-01 +5.005551911e-01 +6.611055519e+01 +6.611055519e+01 -7.4839e-01 -2.5901e+00
% f evaluations | g evaluations | best noise-free fitness - Fopt | noise-free fitness - Fopt (9.348200000000e+02) | measured fitness | best measured fitness | x1 | x2...
1 0 +4.506445005e+01 +4.506445005e+01 +9.798844501e+02 +9.798844501e+02 -1.7929e+00 -1.7411e+00
5 0 +9.697147849e+00 +9.697147849e+00 +9.445171478e+02 +9.445171478e+02 +2.7109e+00 -4.3766e+00
18 0 +2.819807687e+00 +2.819807687e+00 +9.376398077e+02 +9.376398077e+02 -3.4751e-01 +5.3041e-01
54 0 +2.227045560e+00 +2.227045560e+00 +9.370470456e+02 +9.370470456e+02 +2.5351e-01 +1.0513e-01
61 0 +2.110375881e+00 +2.110375881e+00 +9.369303759e+02 +9.369303759e+02 -3.7085e-01 +2.8136e-01
70 0 +1.039702594e+00 +1.039702594e+00 +9.358597026e+02 +9.358597026e+02 -1.9368e-01 +4.0520e-01
106 0 +9.138740191e-01 +9.138740191e-01 +9.357338740e+02 +9.357338740e+02 -5.3613e-01 +3.9973e-01
109 0 +5.055155843e-01 +5.055155843e-01 +9.353255156e+02 +9.353255156e+02 -2.8253e-01 +3.6744e-01
127 0 +4.235278820e-01 +4.235278820e-01 +9.352435279e+02 +9.352435279e+02 -8.3743e-03 +2.5814e-01
164 0 +2.386429939e-01 +2.386429939e-01 +9.350586430e+02 +9.350586430e+02 -3.1855e-02 +2.3470e-01
300 0 +2.317095831e-01 +2.317095831e-01 +9.350517096e+02 +9.350517096e+02 -2.2811e-02 +2.2747e-01
322 0 +2.284800895e-01 +2.284800895e-01 +9.350484801e+02 +9.350484801e+02 -2.0168e-02 +2.2850e-01
416 0 +2.229953555e-01 +2.229953555e-01 +9.350429954e+02 +9.350429954e+02 -1.3353e-02 +2.2387e-01
501 0 +2.177402509e-01 +2.177402509e-01 +9.350377403e+02 +9.350377403e+02 -3.4540e-03 +2.2053e-01
676 0 +2.129996263e-01 +2.129996263e-01 +9.350329996e+02 +9.350329996e+02 +7.1022e-04 +2.1596e-01
% f evaluations | g evaluations | best noise-free fitness - Fopt | noise-free fitness - Fopt (-6.371000000000e+01) | measured fitness | best measured fitness | x1 | x2...
1 0 +5.558386170e+02 +5.558386170e+02 +4.921286170e+02 +4.921286170e+02 +3.0973e+00 -1.9187e+00
3 0 +1.483953987e+02 +1.483953987e+02 +8.468539874e+01 +8.468539874e+01 -1.2817e+00 -2.9114e+00
7 0 +5.062507627e+01 +5.062507627e+01 -1.308492373e+01 -1.308492373e+01 -6.2637e-01 -3.7517e+00
17 0 +4.014310414e+01 +4.014310414e+01 -2.356689586e+01 -2.356689586e+01 +1.1836e+00 -9.8695e-01
35 0 +6.080138866e+00 +6.080138866e+00 -5.762986113e+01 -5.762986113e+01 +2.9337e+00 -2.6235e+00
39 0 +5.206665732e+00 +5.206665732e+00 -5.850333427e+01 -5.850333427e+01 -1.1100e+00 -1.7572e+00
72 0 +3.627825681e+00 +3.627825681e+00 -6.008217432e+01 -6.008217432e+01 -9.7396e-01 +1.1519e-01
105 0 +2.608520162e+00 +2.608520162e+00 -6.110147984e+01 -6.110147984e+01 -9.7278e-01 +3.4329e-02
109 0 +2.035254758e+00 +2.035254758e+00 -6.167474524e+01 -6.167474524e+01 -9.7398e-01 -1.1542e-01
113 0 +1.112723210e+00 +1.112723210e+00 -6.259727679e+01 -6.259727679e+01 -6.9622e-01 +1.9409e-01
131 0 +8.826015215e-01 +8.826015215e-01 -6.282739848e+01 -6.282739848e+01 -5.3845e-01 +2.3928e-01
156 0 +7.507278261e-01 +7.507278261e-01 -6.295927217e+01 -6.295927217e+01 -5.3667e-01 +2.6688e-01
157 0 +5.405935356e-01 +5.405935356e-01 -6.316940646e+01 -6.316940646e+01 -3.9961e-01 +2.8120e-01
212 0 +4.965289508e-01 +4.965289508e-01 -6.321347105e+01 -6.321347105e+01 -3.5910e-01 +2.7451e-01
219 0 +4.593786838e-01 +4.593786838e-01 -6.325062132e+01 -6.325062132e+01 -3.3085e-01 +2.7380e-01
224 0 +3.818476576e-01 +3.818476576e-01 -6.332815234e+01 -6.332815234e+01 -2.6190e-01 +2.6919e-01
269 0 +3.660338410e-01 +3.660338410e-01 -6.334396616e+01 -6.334396616e+01 -2.3055e-01 +2.5123e-01
272 0 +3.603441392e-01 +3.603441392e-01 -6.334965586e+01 -6.334965586e+01 -2.0742e-01 +2.6892e-01
277 0 +3.531091032e-01 +3.531091032e-01 -6.335689090e+01 -6.335689090e+01 -2.3181e-01 +2.6347e-01
293 0 +3.412483258e-01 +3.412483258e-01 -6.336875167e+01 -6.336875167e+01 -1.6987e-01 +2.6099e-01
311 0 +3.343375418e-01 +3.343375418e-01 -6.337566246e+01 -6.337566246e+01 -2.1229e-01 +2.5733e-01
312 0 +3.269541220e-01 +3.269541220e-01 -6.338304588e+01 -6.338304588e+01 -1.7715e-01 +2.5884e-01
317 0 +3.084239291e-01 +3.084239291e-01 -6.340157607e+01 -6.340157607e+01 -1.7607e-01 +2.4065e-01
338 0 +2.997778575e-01 +2.997778575e-01 -6.341022214e+01 -6.341022214e+01 -1.6830e-01 +2.4923e-01
366 0 +2.943441741e-01 +2.943441741e-01 -6.341565583e+01 -6.341565583e+01 -1.6608e-01 +2.4523e-01
389 0 +2.866729809e-01 +2.866729809e-01 -6.342332702e+01 -6.342332702e+01 -1.5328e-01 +2.4421e-01
416 0 +2.785178513e-01 +2.785178513e-01 -6.343148215e+01 -6.343148215e+01 -1.4148e-01 +2.4129e-01
467 0 +2.677159649e-01 +2.677159649e-01 -6.344228404e+01 -6.344228404e+01 -1.2908e-01 +2.3660e-01
527 0 +2.614636066e-01 +2.614636066e-01 -6.344853639e+01 -6.344853639e+01 -1.1570e-01 +2.3413e-01
572 0 +2.565198058e-01 +2.565198058e-01 -6.345348019e+01 -6.345348019e+01 -1.1342e-01 +2.3176e-01
615 0 +2.511717856e-01 +2.511717856e-01 -6.345882821e+01 -6.345882821e+01 -1.1028e-01 +2.2844e-01
756 0 +2.447811452e-01 +2.447811452e-01 -6.346521885e+01 -6.346521885e+01 -1.0192e-01 +2.2530e-01
1247 0 +2.398594804e-01 +2.398594804e-01 -6.347014052e+01 -6.347014052e+01 -9.4786e-02 +2.2306e-01
% f evaluations | g evaluations | best noise-free fitness - Fopt | noise-free fitness - Fopt (1.000000000000e+03) | measured fitness | best measured fitness | x1 | x2...
1 0 +1.042214551e+05 +1.042214551e+05 +1.052214551e+05 +1.052214551e+05 -3.6017e+00 +4.1638e+00
2 0 +1.201111551e+03 +1.201111551e+03 +2.201111551e+03 +2.201111551e+03 -1.8186e+00 -3.1532e+00
4 0 +4.158598869e+00 +4.158598869e+00 +1.004158599e+03 +1.004158599e+03 -3.2812e+00 -3.1513e+00
103 0 +2.065842832e+00 +2.065842832e+00 +1.002065843e+03 +1.002065843e+03 -3.2813e+00 -3.1209e+00
104 0 +1.420790474e+00 +1.420790474e+00 +1.001420790e+03 +1.001420790e+03 -3.3331e+00 -3.1513e+00
144 0 +1.379918208e+00 +1.379918208e+00 +1.001379918e+03 +1.001379918e+03 -3.2888e+00 -3.1042e+00
317 0 +1.348270331e+00 +1.348270331e+00 +1.001348270e+03 +1.001348270e+03 -3.2707e+00 -3.0766e+00
% f evaluations | g evaluations | best noise-free fitness - Fopt | noise-free fitness - Fopt (3.197000000000e+01) | measured fitness | best measured fitness | x1 | x2...
1 0 +1.244553562e+02 +1.244553562e+02 +1.564253562e+02 +1.564253562e+02 -9.4429e-01 -8.3928e-02
4 0 +2.087048131e+01 +2.087048131e+01 +5.284048131e+01 +5.284048131e+01 +1.6141e-01 +6.3634e-01
44 0 +3.660155309e+00 +3.660155309e+00 +3.563015531e+01 +3.563015531e+01 -1.8752e-01 +3.9855e-01
51 0 +3.309501774e+00 +3.309501774e+00 +3.527950177e+01 +3.527950177e+01 -9.6248e-02 +7.7252e-01
54 0 +2.112274266e+00 +2.112274266e+00 +3.408227427e+01 +3.408227427e+01 -1.9282e-01 +2.1832e-01
67 0 +1.112604858e+00 +1.112604858e+00 +3.308260486e+01 +3.308260486e+01 -3.6687e-01 +1.9064e-01
98 0 +8.943468173e-01 +8.943468173e-01 +3.286434682e+01 +3.286434682e+01 -1.8654e-01 +9.4765e-02
106 0 +1.912328334e-01 +1.912328334e-01 +3.216123283e+01 +3.216123283e+01 -1.8953e-01 -8.3513e-03
159 0 +1.903904552e-01 +1.903904552e-01 +3.216039046e+01 +3.216039046e+01 -1.9159e-01 -7.5849e-03
190 0 +1.860871992e-01 +1.860871992e-01 +3.215608720e+01 +3.215608720e+01 -1.8510e-01 -1.5810e-02
230 0 +1.737595310e-01 +1.737595310e-01 +3.214375953e+01 +3.214375953e+01 -1.7766e-01 -3.2112e-02
287 0 +1.638604933e-01 +1.638604933e-01 +3.213386049e+01 +3.213386049e+01 -1.6653e-01 -6.0575e-02
312 0 +1.585339041e-01 +1.585339041e-01 +3.212853390e+01 +3.212853390e+01 -1.5653e-01 -7.8481e-02
314 0 +1.568535025e-01 +1.568535025e-01 +3.212685350e+01 +3.212685350e+01 -1.6201e-01 -6.1343e-02
375 0 +1.545248121e-01 +1.545248121e-01 +3.212452481e+01 +3.212452481e+01 -1.5861e-01 -6.3182e-02
487 0 +1.510491300e-01 +1.510491300e-01 +3.212104913e+01 +3.212104913e+01 -1.5203e-01 -6.9776e-02
571 0 +1.473326344e-01 +1.473326344e-01 +3.211733263e+01 +3.211733263e+01 -1.5121e-01 -7.6430e-02
2549 0 +1.445415728e-01 +1.445415728e-01 +3.211454157e+01 +3.211454157e+01 -1.4797e-01 -8.1367e-02
% f evaluations | g evaluations | best noise-free fitness - Fopt | noise-free fitness - Fopt (5.819000000000e+01) | measured fitness | best measured fitness | x1 | x2...
1 0 +4.112869967e+03 +4.112869967e+03 +4.171059967e+03 +4.171059967e+03 -3.1148e+00 +2.3388e+00
2 0 +1.880146904e+03 +1.880146904e+03 +1.938336904e+03 +1.938336904e+03 +3.8104e+00 +6.4933e-01
7 0 +4.126183355e+02 +4.126183355e+02 +4.708083355e+02 +4.708083355e+02 +4.4184e-01 +2.2695e+00
9 0 +1.271436041e+02 +1.271436041e+02 +1.853336041e+02 +1.853336041e+02 +2.7950e+00 -1.4634e+00
11 0 +2.217843710e+01 +2.217843710e+01 +8.036843710e+01 +8.036843710e+01 +1.2925e-01 +9.8131e-01
23 0 +9.978660441e+00 +9.978660441e+00 +6.816866044e+01 +6.816866044e+01 +3.5132e+00 +2.6658e+00
50 0 +1.551067243e+00 +1.551067243e+00 +5.974106724e+01 +5.974106724e+01 +2.9083e-02 -1.3447e-01
89 0 +1.355788348e+00 +1.355788348e+00 +5.954578835e+01 +5.954578835e+01 -3.0175e-01 -6.3984e-02
97 0 +2.375535637e-01 +2.375535637e-01 +5.842755356e+01 +5.842755356e+01 +5.7198e-02 -2.6470e-01
111 0 +1.492351539e-01 +1.492351539e-01 +5.833923515e+01 +5.833923515e+01 -1.9729e-02 -2.0539e-01
177 0 +1.282423069e-01 +1.282423069e-01 +5.831824231e+01 +5.831824231e+01 -5.4707e-02 -1.5743e-01
183 0 +8.285003007e-02 +8.285003007e-02 +5.827285003e+01 +5.827285003e+01 +1.8164e-02 -2.1613e-01
223 0 +8.092652655e-02 +8.092652655e-02 +5.827092653e+01 +5.827092653e+01 +2.1838e-02 -2.1479e-01
227 0 +7.172359072e-02 +7.172359072e-02 +5.826172359e+01 +5.826172359e+01 +5.3103e-02 -2.3907e-01
264 0 +6.945404075e-02 +6.945404075e-02 +5.825945404e+01 +5.825945404e+01 +5.1977e-02 -2.3528e-01
272 0 +6.638431105e-02 +6.638431105e-02 +5.825638431e+01 +5.825638431e+01 +6.8139e-02 -2.4163e-01
308 0 +6.476580995e-02 +6.476580995e-02 +5.825476581e+01 +5.825476581e+01 +6.6294e-02 -2.4456e-01
313 0 +6.329999559e-02 +6.329999559e-02 +5.825330000e+01 +5.825330000e+01 +7.1782e-02 -2.4555e-01
329 0 +6.274910747e-02 +6.274910747e-02 +5.825274911e+01 +5.825274911e+01 +7.3016e-02 -2.4653e-01
416 0 +6.101488310e-02 +6.101488310e-02 +5.825101488e+01 +5.825101488e+01 +7.7344e-02 -2.5017e-01
620 0 +6.025468316e-02 +6.025468316e-02 +5.825025468e+01 +5.825025468e+01 +8.0036e-02 -2.5131e-01
% f evaluations | g evaluations | best noise-free fitness - Fopt | noise-free fitness - Fopt (-4.840000000000e+00) | measured fitness | best measured fitness | x1 | x2...
1 0 +1.182136085e+03 +1.182136085e+03 +1.177296085e+03 +1.177296085e+03 -4.0819e-01 +1.8682e+00
2 0 +3.322693472e+01 +3.322693472e+01 +2.838693472e+01 +2.838693472e+01 +1.8666e+00 -8.8419e-01
13 0 +9.817543211e+00 +9.817543211e+00 +4.977543211e+00 +4.977543211e+00 +2.8595e+00 -3.7467e-01
54 0 +4.049707753e-01 +4.049707753e-01 -4.435029225e+00 -4.435029225e+00 +8.3502e-01 +2.1146e+00
171 0 +3.416938446e-01 +3.416938446e-01 -4.498306155e+00 -4.498306155e+00 +7.9608e-01 +2.0488e+00
210 0 +3.295504243e-01 +3.295504243e-01 -4.510449576e+00 -4.510449576e+00 +7.8239e-01 +2.0266e+00
222 0 +3.171730125e-01 +3.171730125e-01 -4.522826988e+00 -4.522826988e+00 +8.1063e-01 +2.0622e+00
248 0 +3.148886168e-01 +3.148886168e-01 -4.525111383e+00 -4.525111383e+00 +8.0740e-01 +2.0556e+00
347 0 +3.046564071e-01 +3.046564071e-01 -4.535343593e+00 -4.535343593e+00 +7.9052e-01 +2.0308e+00
367 0 +3.008768554e-01 +3.008768554e-01 -4.539123145e+00 -4.539123145e+00 +7.8024e-01 +2.0165e+00
573 0 +2.950506838e-01 +2.950506838e-01 -4.544949316e+00 -4.544949316e+00 +7.7561e-01 +2.0069e+00
% f evaluations | g evaluations | best noise-free fitness - Fopt | noise-free fitness - Fopt (-6.337000000000e+01) | measured fitness | best measured fitness | x1 | x2...
1 0 +6.357846115e+03 +6.357846115e+03 +6.294476115e+03 +6.294476115e+03 +4.7237e+00 +5.9261e-02
3 0 +1.454769799e+03 +1.454769799e+03 +1.391399799e+03 +1.391399799e+03 -3.6362e+00 -1.5855e+00
8 0 +6.474387727e+00 +6.474387727e+00 -5.689561227e+01 -5.689561227e+01 +4.7863e-01 +1.7935e-01
17 0 +2.000709461e+00 +2.000709461e+00 -6.136929054e+01 -6.136929054e+01 +2.7914e-01 -2.7430e-02
66 0 +7.172902117e-01 +7.172902117e-01 -6.265270979e+01 -6.265270979e+01 -5.8185e-01 -9.4519e-01
112 0 +2.987653926e-01 +2.987653926e-01 -6.307123461e+01 -6.307123461e+01 -9.9518e-01 -1.2401e+00
150 0 +7.555388412e-02 +7.555388412e-02 -6.329444612e+01 -6.329444612e+01 -6.2467e-01 -9.5115e-01
165 0 +6.468572380e-02 +6.468572380e-02 -6.330531428e+01 -6.330531428e+01 -6.5117e-01 -9.5588e-01
176 0 +4.405033377e-02 +4.405033377e-02 -6.332594967e+01 -6.332594967e+01 -6.3176e-01 -9.5184e-01
178 0 +4.314812296e-02 +4.314812296e-02 -6.332685188e+01 -6.332685188e+01 -5.9725e-01 -9.2201e-01
201 0 +4.066590860e-02 +4.066590860e-02 -6.332933409e+01 -6.332933409e+01 -5.9792e-01 -9.1026e-01
228 0 +2.701975658e-02 +2.701975658e-02 -6.334298024e+01 -6.334298024e+01 -5.8083e-01 -9.0267e-01
239 0 +2.635743614e-02 +2.635743614e-02 -6.334364256e+01 -6.334364256e+01 -5.8556e-01 -9.0541e-01
269 0 +2.613520849e-02 +2.613520849e-02 -6.334386479e+01 -6.334386479e+01 -5.8421e-01 -9.0420e-01
316 0 +2.503935346e-02 +2.503935346e-02 -6.334496065e+01 -6.334496065e+01 -5.7510e-01 -8.9400e-01
431 0 +2.449660749e-02 +2.449660749e-02 -6.334550339e+01 -6.334550339e+01 -5.7428e-01 -8.9523e-01
% f evaluations | g evaluations | best noise-free fitness - Fopt | noise-free fitness - Fopt (2.750000000000e+00) | measured fitness | best measured fitness | x1 | x2...
1 0 +3.271766800e+02 +3.271766800e+02 +3.299266800e+02 +3.299266800e+02 -1.1116e-01 -1.7434e+00
2 0 +6.446805922e+01 +6.446805922e+01 +6.721805922e+01 +6.721805922e+01 +3.4455e-01 +7.2627e-01
11 0 +1.012072519e+01 +1.012072519e+01 +1.287072519e+01 +1.287072519e+01 +6.1617e-01 -8.0397e-01
52 0 +1.118704346e+00 +1.118704346e+00 +3.868704346e+00 +3.868704346e+00 +5.2902e-01 -1.1263e+00
90 0 +7.300153226e-01 +7.300153226e-01 +3.480015323e+00 +3.480015323e+00 +4.3373e-01 -4.9559e-01
108 0 +2.502449935e-01 +2.502449935e-01 +3.000244993e+00 +3.000244993e+00 +4.2532e-01 -5.2122e-01
114 0 +2.028373597e-02 +2.028373597e-02 +2.770283736e+00 +2.770283736e+00 +4.0857e-01 -5.2193e-01
156 0 +5.364012284e-03 +5.364012284e-03 +2.755364012e+00 +2.755364012e+00 +3.9808e-01 -5.2059e-01
160 0 +3.126561554e-03 +3.126561554e-03 +2.753126562e+00 +2.753126562e+00 +3.9938e-01 -5.2186e-01
170 0 +5.415539988e-04 +5.415539988e-04 +2.750541554e+00 +2.750541554e+00 +4.0252e-01 -5.2309e-01
218 0 +5.082103414e-04 +5.082103414e-04 +2.750508210e+00 +2.750508210e+00 +4.0223e-01 -5.2359e-01
274 0 +4.947116332e-04 +4.947116332e-04 +2.750494712e+00 +2.750494712e+00 +4.0241e-01 -5.2403e-01
323 0 +4.800189835e-04 +4.800189835e-04 +2.750480019e+00 +2.750480019e+00 +4.0262e-01 -5.2447e-01
378 0 +4.747111078e-04 +4.747111078e-04 +2.750474711e+00 +2.750474711e+00 +4.0276e-01 -5.2462e-01
474 0 +4.660641185e-04 +4.660641185e-04 +2.750466064e+00 +2.750466064e+00 +4.0284e-01 -5.2510e-01
572 0 +4.564120710e-04 +4.564120710e-04 +2.750456412e+00 +2.750456412e+00 +4.0303e-01 -5.2550e-01
% f evaluations | g evaluations | best noise-free fitness - Fopt | noise-free fitness - Fopt (-4.681000000000e+01) | measured fitness | best measured fitness | x1 | x2...
1 0 +9.271665182e+04 +9.271665182e+04 +9.266984182e+04 +9.266984182e+04 -3.1616e+00 -4.7909e+00
2 0 +1.012717870e+01 +1.012717870e+01 -3.668282130e+01 -3.668282130e+01 -3.3337e+00 +3.1839e+00
65 0 +4.966823155e+00 +4.966823155e+00 -4.184317685e+01 -4.184317685e+01 -3.2198e+00 -7.8065e-01
106 0 +9.594402757e-01 +9.594402757e-01 -4.585055972e+01 -4.585055972e+01 -2.7814e+00 -8.0951e-01
181 0 +6.540266864e-01 +6.540266864e-01 -4.615597331e+01 -4.615597331e+01 -2.9180e+00 -8.0989e-01
230 0 +5.970467036e-01 +5.970467036e-01 -4.621295330e+01 -4.621295330e+01 -2.8177e+00 -7.9505e-01
270 0 +5.803202345e-01 +5.803202345e-01 -4.622967977e+01 -4.622967977e+01 -2.7835e+00 -7.9266e-01
337 0 +5.745946697e-01 +5.745946697e-01 -4.623540533e+01 -4.623540533e+01 -2.7581e+00 -7.8830e-01
375 0 +5.606717198e-01 +5.606717198e-01 -4.624932828e+01 -4.624932828e+01 -2.7337e+00 -7.8861e-01
426 0 +5.471739497e-01 +5.471739497e-01 -4.626282605e+01 -4.626282605e+01 -2.7034e+00 -7.8478e-01
471 0 +5.355748304e-01 +5.355748304e-01 -4.627442517e+01 -4.627442517e+01 -2.6752e+00 -7.8164e-01
541 0 +5.247513730e-01 +5.247513730e-01 -4.628524863e+01 -4.628524863e+01 -2.6421e+00 -7.7930e-01
727 0 +5.113937416e-01 +5.113937416e-01 -4.629860626e+01 -4.629860626e+01 -2.6128e+00 -7.7559e-01
1897 0 +5.011743937e-01 +5.011743937e-01 -4.630882561e+01 -4.630882561e+01 -2.5862e+00 -7.7281e-01
% f evaluations | g evaluations | best noise-free fitness - Fopt | noise-free fitness - Fopt (6.134000000000e+01) | measured fitness | best measured fitness | x1 | x2...
1 0 +6.957196448e+04 +6.957196448e+04 +6.963330448e+04 +6.963330448e+04 -4.7170e+00 +1.6558e+00
2 0 +8.799664562e+01 +8.799664562e+01 +1.493366456e+02 +1.493366456e+02 +3.3381e-01 -8.3775e-01
3 0 +2.387884387e+01 +2.387884387e+01 +8.521884387e+01 +8.521884387e+01 +2.7778e-01 -2.0193e-01
14 0 +1.568346411e+01 +1.568346411e+01 +7.702346411e+01 +7.702346411e+01 +1.0567e+00 -1.4082e+00
16 0 +1.185162308e+01 +1.185162308e+01 +7.319162308e+01 +7.319162308e+01 -3.1417e+00 -2.0309e+00
76 0 +3.458366877e+00 +3.458366877e+00 +6.479836688e+01 +6.479836688e+01 -2.6328e+00 -1.5525e+00
91 0 +2.654802601e+00 +2.654802601e+00 +6.399480260e+01 +6.399480260e+01 -4.7295e+00 -3.3409e+00
197 0 +2.627193391e+00 +2.627193391e+00 +6.396719339e+01 +6.396719339e+01 -4.7235e+00 -3.3356e+00
198 0 +2.214899749e+00 +2.214899749e+00 +6.355489975e+01 +6.355489975e+01 -4.8002e+00 -3.4211e+00
222 0 +2.173454970e+00 +2.173454970e+00 +6.351345497e+01 +6.351345497e+01 -4.8447e+00 -3.4711e+00
249 0 +2.122954120e+00 +2.122954120e+00 +6.346295412e+01 +6.346295412e+01 -4.7765e+00 -3.4081e+00
