% f evaluations | g evaluations | best noise-free fitness - Fopt | noise-free fitness - Fopt (3.590000000000e+01) | measured fitness | best measured fitness | x1 | x2...
1 0 +1.606702887e+03 +1.606702887e+03 +1.642602887e+03 +1.642602887e+03 +2.7635e+00 +6.3999e-01
3 0 +7.508142838e-01 +7.508142838e-01 +3.665081428e+01 +3.665081428e+01 +3.1294e+00 +9.2006e-01
153 0 +2.287444065e-01 +2.287444065e-01 +3.612874441e+01 +3.612874441e+01 +2.9618e+00 +7.4030e-01
680 0 +1.324462367e-01 +1.324462367e-01 +3.603244624e+01 +3.603244624e+01 +2.9130e+00 +8.5180e-01
% f evaluations | g evaluations | best noise-free fitness - Fopt | noise-free fitness - Fopt (3.137000000000e+01) | measured fitness | best measured fitness | x1 | x2...
1 0 +5.996336267e+01 +5.996336267e+01 +9.133336267e+01 +9.133336267e+01 +2.4282e+00 +4.6966e+00
2 0 +1.090380951e+01 +1.090380951e+01 +4.227380951e+01 +4.227380951e+01 +5.1171e-01 +3.8758e+00
37 0 +2.435591645e+00 +2.435591645e+00 +3.380559165e+01 +3.380559165e+01 +1.5593e-02 +2.9491e+00
77 0 +1.094452822e+00 +1.094452822e+00 +3.246445282e+01 +3.246445282e+01 -1.7269e-01 +2.7556e+00
183 0 +8.343710182e-01 +8.343710182e-01 +3.220437102e+01 +3.220437102e+01 -2.7017e-01 +2.7983e+00
425 0 +7.287686717e-01 +7.287686717e-01 +3.209876867e+01 +3.209876867e+01 -2.4310e-01 +2.6706e+00
428 0 +4.753967168e-01 +4.753967168e-01 +3.184539672e+01 +3.184539672e+01 -1.2453e-01 +2.2614e+00
686 0 +3.554731758e-01 +3.554731758e-01 +3.172547318e+01 +3.172547318e+01 -2.4685e-01 +2.4022e+00
% f evaluations | g evaluations | best noise-free fitness - Fopt | noise-free fitness - Fopt (-1.000000000000e+03) | measured fitness | best measured fitness | x1 | x2...
1 0 +1.221928270e+02 +1.221928270e+02 -8.778071730e+02 -8.778071730e+02 +4.7677e+00 -3.7801e+00
6 0 +9.111051709e+00 +9.111051709e+00 -9.908889483e+02 -9.908889483e+02 +9.6645e-01 -3.3632e+00
139 0 +4.163824301e+00 +4.163824301e+00 -9.958361757e+02 -9.958361757e+02 +6.1525e-01 -3.2123e+00
157 0 +2.503932656e+00 +2.503932656e+00 -9.974960673e+02 -9.974960673e+02 +2.4614e-01 -3.6380e+00
173 0 +2.920136641e-01 +2.920136641e-01 -9.997079863e+02 -9.997079863e+02 -1.9989e-02 -3.3447e+00
410 0 +2.254346473e-01 +2.254346473e-01 -9.997745654e+02 -9.997745654e+02 +2.5437e-02 -3.0789e+00
% f evaluations | g evaluations | best noise-free fitness - Fopt | noise-free fitness - Fopt (1.319200000000e+02) | measured fitness | best measured fitness | x1 | x2...
1 0 +1.870167611e+05 +1.870167611e+05 +1.871486811e+05 +1.871486811e+05 -2.7755e+00 +4.3576e+00
2 0 +1.473567352e+02 +1.473567352e+02 +2.792767352e+02 +2.792767352e+02 -3.5367e+00 -3.5231e+00
3 0 +1.113907280e+02 +1.113907280e+02 +2.433107280e+02 +2.433107280e+02 -3.6756e+00 -2.5727e+00
5 0 +7.625903228e+01 +7.625903228e+01 +2.081790323e+02 +2.081790323e+02 -4.9585e+00 -1.5054e+00
12 0 +2.329585472e+01 +2.329585472e+01 +1.552158547e+02 +1.552158547e+02 -2.7246e+00 -2.0559e-01
19 0 +2.361760938e+00 +2.361760938e+00 +1.342817609e+02 +1.342817609e+02 -2.6058e+00 +1.3494e+00
190 0 +1.697547634e+00 +1.697547634e+00 +1.336175476e+02 +1.336175476e+02 -3.2540e+00 +1.3512e+00
442 0 +1.293894880e+00 +1.293894880e+00 +1.332138949e+02 +1.332138949e+02 -3.9426e+00 +1.5405e+00
916 0 +8.414569350e-01 +8.414569350e-01 +1.327614569e+02 +1.327614569e+02 -3.3156e+00 +1.5302e+00
% f evaluations | g evaluations | best noise-free fitness - Fopt | noise-free fitness - Fopt (5.908400000000e+02) | measured fitness | best measured fitness | x1 | x2...
1 0 +1.776022930e+04 +1.776022930e+04 +1.835106930e+04 +1.835106930e+04 -7.2265e-01 +5.2173e-01
2 0 +3.710117267e+03 +3.710117267e+03 +4.300957267e+03 +4.300957267e+03 +2.0558e+00 -4.8893e+00
4 0 +1.077649572e+02 +1.077649572e+02 +6.986049572e+02 +6.986049572e+02 -3.9328e+00 -1.1276e+00
10 0 +4.667441090e+00 +4.667441090e+00 +5.955074411e+02 +5.955074411e+02 +7.2041e-01 -3.5478e+00
25 0 +1.672395165e+00 +1.672395165e+00 +5.925123952e+02 +5.925123952e+02 +8.0273e-01 -2.8311e+00
47 0 +1.338572763e+00 +1.338572763e+00 +5.921785728e+02 +5.921785728e+02 +1.1364e+00 -3.5196e+00
97 0 +8.422520061e-01 +8.422520061e-01 +5.916822520e+02 +5.916822520e+02 +1.2929e+00 -3.6873e+00
155 0 +7.093052434e-01 +7.093052434e-01 +5.915493052e+02 +5.915493052e+02 +1.1026e+00 -3.1567e+00
163 0 +1.839631227e-01 +1.839631227e-01 +5.910239631e+02 +5.910239631e+02 +1.3197e+00 -3.3618e+00
684 0 +8.016389611e-02 +8.016389611e-02 +5.909201639e+02 +5.909201639e+02 +1.3267e+00 -3.2369e+00
% f evaluations | g evaluations | best noise-free fitness - Fopt | noise-free fitness - Fopt (6.749000000000e+01) | measured fitness | best measured fitness | x1 | x2...
1 0 +2.140283614e+05 +2.140283614e+05 +2.140958514e+05 +2.140958514e+05 +4.5370e+00 -4.3650e+00
2 0 +1.625243303e+04 +1.625243303e+04 +1.631992303e+04 +1.631992303e+04 +2.8103e-01 -2.3639e+00
5 0 +1.230261761e+04 +1.230261761e+04 +1.237010761e+04 +1.237010761e+04 -1.9700e-01 -4.0914e+00
12 0 +1.286193050e+01 +1.286193050e+01 +8.035193050e+01 +8.035193050e+01 -2.7601e+00 -3.8818e+00
20 0 +7.053671496e+00 +7.053671496e+00 +7.454367150e+01 +7.454367150e+01 -3.1609e+00 -2.8695e+00
35 0 +4.666462040e+00 +4.666462040e+00 +7.215646204e+01 +7.215646204e+01 -2.6466e+00 -2.4176e+00
154 0 +4.457232479e+00 +4.457232479e+00 +7.194723248e+01 +7.194723248e+01 -1.6994e+00 -2.4153e+00
172 0 +4.267680001e+00 +4.267680001e+00 +7.175768000e+01 +7.175768000e+01 -2.5255e+00 -2.4438e+00
174 0 +3.488556529e+00 +3.488556529e+00 +7.097855653e+01 +7.097855653e+01 -2.3529e+00 -2.2586e+00
415 0 +3.063004770e+00 +3.063004770e+00 +7.055300477e+01 +7.055300477e+01 -2.0544e+00 -2.2854e+00
419 0 +2.716542091e+00 +2.716542091e+00 +7.020654209e+01 +7.020654209e+01 -2.0641e+00 -2.1847e+00
446 0 +2.684581670e+00 +2.684581670e+00 +7.017458167e+01 +7.017458167e+01 -2.0798e+00 -2.1646e+00
455 0 +1.368259424e+00 +1.368259424e+00 +6.885825942e+01 +6.885825942e+01 -1.6439e+00 -1.7708e+00
% f evaluations | g evaluations | best noise-free fitness - Fopt | noise-free fitness - Fopt (3.085000000000e+01) | measured fitness | best measured fitness | x1 | x2...
1 0 +1.949618072e+01 +1.949618072e+01 +5.034618072e+01 +5.034618072e+01 +1.4009e+00 -2.4309e+00
38 0 +6.319393663e+00 +6.319393663e+00 +3.716939366e+01 +3.716939366e+01 +2.1058e+00 -2.9185e+00
169 0 +3.080786783e+00 +3.080786783e+00 +3.393078678e+01 +3.393078678e+01 +2.3215e+00 -3.5253e+00
173 0 +7.600456975e-01 +7.600456975e-01 +3.161004570e+01 +3.161004570e+01 +2.7585e+00 -3.0047e+00
% f evaluations | g evaluations | best noise-free fitness - Fopt | noise-free fitness - Fopt (-1.255000000000e+01) | measured fitness | best measured fitness | x1 | x2...
1 0 +2.936297968e+00 +2.936297968e+00 -9.613702032e+00 -9.613702032e+00 +2.8208e+00 +2.2995e+00
107 0 +1.120277298e+00 +1.120277298e+00 -1.142972270e+01 -1.142972270e+01 +3.2597e+00 +1.7384e+00
415 0 +5.270263323e-01 +5.270263323e-01 -1.202297367e+01 -1.202297367e+01 +3.2749e+00 +2.0435e+00
430 0 +1.731870807e-01 +1.731870807e-01 -1.237681292e+01 -1.237681292e+01 +3.2536e+00 +2.5378e+00
932 0 +1.125715870e-02 +1.125715870e-02 -1.253874284e+01 -1.253874284e+01 +3.3662e+00 +2.4762e+00
% f evaluations | g evaluations | best noise-free fitness - Fopt | noise-free fitness - Fopt (5.383900000000e+02) | measured fitness | best measured fitness | x1 | x2...
1 0 +5.769173649e+01 +5.769173649e+01 +5.960817365e+02 +5.960817365e+02 -2.4807e+00 -1.0958e-01
2 0 +1.280518583e+01 +1.280518583e+01 +5.511951858e+02 +5.511951858e+02 +1.0375e+00 +1.8729e+00
17 0 +1.129474088e+01 +1.129474088e+01 +5.496847409e+02 +5.496847409e+02 +1.7687e+00 +2.5437e+00
35 0 +4.365393618e+00 +4.365393618e+00 +5.427553936e+02 +5.427553936e+02 +3.4063e+00 +3.6588e+00
42 0 +3.068205134e+00 +3.068205134e+00 +5.414582051e+02 +5.414582051e+02 +2.2075e+00 +2.0270e+00
141 0 +1.206297948e+00 +1.206297948e+00 +5.395962979e+02 +5.395962979e+02 +2.8615e+00 +2.5196e+00
411 0 +6.431196600e-01 +6.431196600e-01 +5.390331197e+02 +5.390331197e+02 +2.9081e+00 +2.3284e+00
414 0 +3.966227009e-01 +3.966227009e-01 +5.387866227e+02 +5.387866227e+02 +3.0704e+00 +2.5295e+00
813 0 +2.997692620e-01 +2.997692620e-01 +5.386897693e+02 +5.386897693e+02 +3.2951e+00 +2.7817e+00
1171 0 +2.566228357e-01 +2.566228357e-01 +5.386466228e+02 +5.386466228e+02 +3.2730e+00 +2.7369e+00
1172 0 +5.387906767e-02 +5.387906767e-02 +5.384438791e+02 +5.384438791e+02 +3.3782e+00 +2.7272e+00
1176 0 +2.440712363e-02 +2.440712363e-02 +5.384144071e+02 +5.384144071e+02 +3.4367e+00 +2.7545e+00
% f evaluations | g evaluations | best noise-free fitness - Fopt | noise-free fitness - Fopt (-1.055600000000e+02) | measured fitness | best measured fitness | x1 | x2...
1 0 +4.712448042e+04 +4.712448042e+04 +4.701892042e+04 +4.701892042e+04 +2.5718e+00 -3.3862e+00
8 0 +3.421118948e+04 +3.421118948e+04 +3.410562948e+04 +3.410562948e+04 -6.2913e-01 -9.8596e-01
12 0 +6.840538598e+03 +6.840538598e+03 +6.734978598e+03 +6.734978598e+03 +1.8385e-01 -2.8553e+00
16 0 +4.274317371e+03 +4.274317371e+03 +4.168757371e+03 +4.168757371e+03 -2.2780e+00 -4.5703e+00
34 0 +3.165074317e-01 +3.165074317e-01 -1.052434926e+02 -1.052434926e+02 +1.4904e+00 -4.1886e+00
189 0 +1.468051338e-01 +1.468051338e-01 -1.054131949e+02 -1.054131949e+02 +1.4704e+00 -4.0126e+00
436 0 +9.716308731e-02 +9.716308731e-02 -1.054628369e+02 -1.054628369e+02 +1.3991e+00 -3.9410e+00
% f evaluations | g evaluations | best noise-free fitness - Fopt | noise-free fitness - Fopt (9.803000000000e+01) | measured fitness | best measured fitness | x1 | x2...
1 0 +1.990492206e+05 +1.990492206e+05 +1.991472506e+05 +1.991472506e+05 +4.7140e+00 +1.0478e+00
2 0 +5.083146688e+04 +5.083146688e+04 +5.092949688e+04 +5.092949688e+04 +1.2280e+00 +2.2475e+00
11 0 +7.301012924e+01 +7.301012924e+01 +1.710401292e+02 +1.710401292e+02 -4.6151e+00 -5.3712e-02
13 0 +2.439602186e+01 +2.439602186e+01 +1.224260219e+02 +1.224260219e+02 -3.7405e+00 -1.4644e+00
22 0 +2.115242002e+01 +2.115242002e+01 +1.191824200e+02 +1.191824200e+02 -4.9078e+00 -4.5625e+00
32 0 +1.492674252e+01 +1.492674252e+01 +1.129567425e+02 +1.129567425e+02 -2.7451e+00 -1.0505e+00
87 0 +4.001411377e-01 +4.001411377e-01 +9.843014114e+01 +9.843014114e+01 -1.4079e+00 -1.6956e+00
160 0 +1.980943102e-01 +1.980943102e-01 +9.822809431e+01 +9.822809431e+01 -1.2396e+00 -1.4952e+00
702 0 +1.524012345e-01 +1.524012345e-01 +9.818240123e+01 +9.818240123e+01 -1.2101e+00 -1.5001e+00
1458 0 +8.054174286e-02 +8.054174286e-02 +9.811054174e+01 +9.811054174e+01 -1.1363e+00 -1.4656e+00
% f evaluations | g evaluations | best noise-free fitness - Fopt | noise-free fitness - Fopt (1.000000000000e+03) | measured fitness | best measured fitness | x1 | x2...
1 0 +4.477144316e+04 +4.477144316e+04 +4.577144316e+04 +4.577144316e+04 +1.6897e+00 -2.3558e+00
2 0 +6.125899192e+02 +6.125899192e+02 +1.612589919e+03 +1.612589919e+03 +5.6547e-01 -1.1785e+00
5 0 +5.997076377e+01 +5.997076377e+01 +1.059970764e+03 +1.059970764e+03 +1.4831e+00 +2.6163e+00
6 0 +7.157491362e+00 +7.157491362e+00 +1.007157491e+03 +1.007157491e+03 -7.6380e-01 -1.1995e-01
53 0 +2.522400950e+00 +2.522400950e+00 +1.002522401e+03 +1.002522401e+03 -1.7662e+00 -7.1756e-01
129 0 +2.224804263e+00 +2.224804263e+00 +1.002224804e+03 +1.002224804e+03 -1.4806e+00 -9.0803e-01
198 0 +1.619929811e+00 +1.619929811e+00 +1.001619930e+03 +1.001619930e+03 -1.7740e+00 -8.8177e-01
410 0 +1.369398572e+00 +1.369398572e+00 +1.001369399e+03 +1.001369399e+03 -1.9483e+00 -9.3511e-01
411 0 +5.403405446e-01 +5.403405446e-01 +1.000540341e+03 +1.000540341e+03 -2.2169e+00 -1.2163e+00
% f evaluations | g evaluations | best noise-free fitness - Fopt | noise-free fitness - Fopt (1.490000000000e+00) | measured fitness | best measured fitness | x1 | x2...
1 0 +2.809378875e+04 +2.809378875e+04 +2.809527875e+04 +2.809527875e+04 +4.1879e+00 +7.8817e-01
9 0 +1.099744518e+04 +1.099744518e+04 +1.099893518e+04 +1.099893518e+04 +1.9453e+00 -2.1510e+00
25 0 +9.808420808e+03 +9.808420808e+03 +9.809910808e+03 +9.809910808e+03 +1.0558e+00 -3.2788e+00
38 0 +8.573383004e+03 +8.573383004e+03 +8.574873004e+03 +8.574873004e+03 +4.0029e+00 -3.2980e-01
39 0 +3.594267648e+01 +3.594267648e+01 +3.743267648e+01 +3.743267648e+01 +1.9444e+00 -4.2141e+00
40 0 +8.981967280e+00 +8.981967280e+00 +1.047196728e+01 +1.047196728e+01 +3.5334e+00 -4.6738e+00
51 0 +3.452169314e+00 +3.452169314e+00 +4.942169314e+00 +4.942169314e+00 +3.9664e+00 -3.7861e+00
103 0 +2.519121223e+00 +2.519121223e+00 +4.009121223e+00 +4.009121223e+00 +4.0870e+00 -3.4690e+00
411 0 +1.879903287e+00 +1.879903287e+00 +3.369903287e+00 +3.369903287e+00 +4.0545e+00 -3.2379e+00
421 0 +1.381890190e+00 +1.381890190e+00 +2.871890190e+00 +2.871890190e+00 +3.9896e+00 -3.0304e+00
445 0 +1.276995228e+00 +1.276995228e+00 +2.766995228e+00 +2.766995228e+00 +3.9780e+00 -2.9047e+00
451 0 +6.354047685e-01 +6.354047685e-01 +2.125404769e+00 +2.125404769e+00 +3.9329e+00 -2.5434e+00
% f evaluations | g evaluations | best noise-free fitness - Fopt | noise-free fitness - Fopt (5.963500000000e+02) | measured fitness | best measured fitness | x1 | x2...
1 0 +4.956842775e+01 +4.956842775e+01 +6.459184278e+02 +6.459184278e+02 -3.3004e-01 -2.8538e+00
2 0 +3.532458528e+01 +3.532458528e+01 +6.316745853e+02 +6.316745853e+02 +3.1178e-01 -2.1716e+00
7 0 +2.967027605e+01 +2.967027605e+01 +6.260202761e+02 +6.260202761e+02 -1.1861e+00 -2.2095e+00
18 0 +2.662010998e+00 +2.662010998e+00 +5.990120110e+02 +5.990120110e+02 -2.9993e+00 -6.8566e-01
153 0 +7.533457541e-01 +7.533457541e-01 +5.971033458e+02 +5.971033458e+02 -3.4788e+00 -4.3651e-01
697 0 +2.726960622e-01 +2.726960622e-01 +5.966226961e+02 +5.966226961e+02 -3.6733e+00 -3.0845e-01
% f evaluations | g evaluations | best noise-free fitness - Fopt | noise-free fitness - Fopt (-1.189700000000e+02) | measured fitness | best measured fitness | x1 | x2...
1 0 +1.297315636e+01 +1.297315636e+01 -1.059968436e+02 -1.059968436e+02 -2.0896e+00 +2.2969e+00
4 0 +1.091481664e+01 +1.091481664e+01 -1.080551834e+02 -1.080551834e+02 -3.6477e+00 +2.5055e+00
48 0 +7.280058714e-01 +7.280058714e-01 -1.182419941e+02 -1.182419941e+02 -1.8356e+00 +3.5531e+00
165 0 +5.828759702e-01 +5.828759702e-01 -1.183871240e+02 -1.183871240e+02 -1.2363e+00 +3.6089e+00
409 0 +5.623149210e-01 +5.623149210e-01 -1.184076851e+02 -1.184076851e+02 -1.1651e+00 +3.6260e+00
455 0 +4.854129859e-01 +4.854129859e-01 -1.184845870e+02 -1.184845870e+02 -1.7603e+00 +3.6188e+00
678 0 +2.917695613e-01 +2.917695613e-01 -1.186782304e+02 -1.186782304e+02 -1.5918e+00 +3.6736e+00
1455 0 +1.745494979e-01 +1.745494979e-01 -1.187954505e+02 -1.187954505e+02 -1.1680e+00 +3.7326e+00
