% f evaluations | g evaluations | best noise-free fitness - Fopt | noise-free fitness - Fopt (-5.494000000000e+01) | measured fitness | best measured fitness | x1 | x2...
1 0 +1.486798053e+07 +1.486798053e+07 +1.486792559e+07 +1.486792559e+07 +2.5069e+00 +1.4223e+00 +3.6140e+00 -3.9654e+00 +2.6666e+00
2 0 +6.573804838e+06 +6.573804838e+06 +6.573749898e+06 +6.573749898e+06 +3.4935e+00 +1.0700e+00 -1.7301e+00 -4.4366e-01 +3.3987e+00
5 0 +5.144475375e+04 +5.144475375e+04 +5.138981375e+04 +5.138981375e+04 -2.0996e+00 -3.0855e-02 -4.7333e+00 +3.7684e+00 -2.7733e+00
68 0 +3.077588651e+04 +3.077588651e+04 +3.072094651e+04 +3.072094651e+04 -2.1516e+00 +1.1846e-01 -4.7756e+00 +3.6094e+00 -2.9021e+00
95 0 +1.271768661e+04 +1.271768661e+04 +1.266274661e+04 +1.266274661e+04 -2.5960e+00 -4.1305e-01 -5.0000e+00 +3.9734e+00 -3.0607e+00
107 0 +1.040789944e+04 +1.040789944e+04 +1.035295944e+04 +1.035295944e+04 -2.7095e+00 -6.4524e-01 -5.0000e+00 +4.0829e+00 -3.0848e+00
162 0 +1.002531144e+04 +1.002531144e+04 +9.970371445e+03 +9.970371445e+03 -2.7392e+00 -7.0073e-01 -5.0000e+00 +4.0493e+00 -3.1062e+00
170 0 +9.331406240e+03 +9.331406240e+03 +9.276466240e+03 +9.276466240e+03 -2.7298e+00 -8.6033e-01 -5.0000e+00 +4.0710e+00 -3.0910e+00
182 0 +9.076575723e+03 +9.076575723e+03 +9.021635723e+03 +9.021635723e+03 -2.7110e+00 -7.7064e-01 -4.9743e+00 +4.1253e+00 -2.9694e+00
201 0 +7.313771781e+03 +7.313771781e+03 +7.258831781e+03 +7.258831781e+03 -2.8213e+00 -1.0838e+00 -5.0000e+00 +4.1199e+00 -3.0179e+00
207 0 +7.168809735e+03 +7.168809735e+03 +7.113869735e+03 +7.113869735e+03 -2.8434e+00 -1.1263e+00 -5.0000e+00 +4.1277e+00 -2.9928e+00
270 0 +6.946516530e+03 +6.946516530e+03 +6.891576530e+03 +6.891576530e+03 -2.8951e+00 -1.2295e+00 -5.0000e+00 +4.1622e+00 -3.0363e+00
312 0 +6.880941663e+03 +6.880941663e+03 +6.826001663e+03 +6.826001663e+03 -2.9090e+00 -1.2586e+00 -5.0000e+00 +4.1625e+00 -3.0380e+00
341 0 +6.582643628e+03 +6.582643628e+03 +6.527703628e+03 +6.527703628e+03 -2.8927e+00 -1.2166e+00 -5.0000e+00 +4.2476e+00 -3.0387e+00
369 0 +6.441223440e+03 +6.441223440e+03 +6.386283440e+03 +6.386283440e+03 -2.8956e+00 -1.2205e+00 -5.0000e+00 +4.2909e+00 -3.0308e+00
514 0 +6.308695601e+03 +6.308695601e+03 +6.253755601e+03 +6.253755601e+03 -2.8995e+00 -1.2301e+00 -5.0000e+00 +4.2884e+00 -3.0196e+00
682 0 +6.159444405e+03 +6.159444405e+03 +6.104504405e+03 +6.104504405e+03 -2.8994e+00 -1.2514e+00 -5.0000e+00 +4.2880e+00 -2.9921e+00
1345 0 +6.025491132e+03 +6.025491132e+03 +5.970551132e+03 +5.970551132e+03 -2.8995e+00 -1.2819e+00 -5.0000e+00 +4.2876e+00 -2.9689e+00
% f evaluations | g evaluations | best noise-free fitness - Fopt | noise-free fitness - Fopt (5.913000000000e+01) | measured fitness | best measured fitness | x1 | x2...
1 0 +2.625852700e+06 +2.625852700e+06 +2.625911830e+06 +2.625911830e+06 +4.5492e+00 +2.1744e+00 +2.8367e-01 -6.9802e-02 +2.4104e+00
2 0 +8.420293556e+05 +8.420293556e+05 +8.420884856e+05 +8.420884856e+05 -6.5528e-01 -2.1173e+00 +6.6828e-01 +1.9018e+00 -4.2449e+00
15 0 +2.932132215e+05 +2.932132215e+05 +2.932723515e+05 +2.932723515e+05 -3.8390e+00 +4.3858e+00 -3.6487e-01 -4.7492e+00 -4.4977e+00
21 0 +6.137131705e+04 +6.137131705e+04 +6.143044705e+04 +6.143044705e+04 -5.9679e-01 +1.6098e+00 +1.0424e+00 -3.5195e+00 -4.9029e+00
69 0 +5.040580020e+04 +5.040580020e+04 +5.046493020e+04 +5.046493020e+04 +1.7580e+00 -1.5785e-01 +5.8924e-01 -3.6171e+00 -5.0000e+00
70 0 +3.708094828e+04 +3.708094828e+04 +3.714007828e+04 +3.714007828e+04 -3.1909e-01 +1.4809e+00 -4.2867e-01 -3.4572e+00 -5.0000e+00
78 0 +2.965160156e+04 +2.965160156e+04 +2.971073156e+04 +2.971073156e+04 -1.5539e+00 +1.5552e+00 +1.3300e+00 -3.2191e+00 -5.0000e+00
80 0 +7.471557099e+03 +7.471557099e+03 +7.530687099e+03 +7.530687099e+03 -5.9599e-01 +9.9599e-01 +8.4940e-01 -2.9965e+00 -5.0000e+00
104 0 +2.133750316e+03 +2.133750316e+03 +2.192880316e+03 +2.192880316e+03 -5.7319e-01 +9.2198e-01 +7.2095e-01 -2.9866e+00 -5.0000e+00
167 0 +1.318646590e+03 +1.318646590e+03 +1.377776590e+03 +1.377776590e+03 -8.9133e-01 +1.0330e+00 +6.4506e-01 -2.9604e+00 -5.0000e+00
221 0 +9.343338257e+02 +9.343338257e+02 +9.934638257e+02 +9.934638257e+02 -7.5387e-01 +1.0484e+00 +6.2736e-01 -3.0012e+00 -5.0000e+00
225 0 +8.667917869e+02 +8.667917869e+02 +9.259217869e+02 +9.259217869e+02 -9.6980e-01 +1.0156e+00 +5.8589e-01 -2.7695e+00 -5.0000e+00
229 0 +7.504237167e+02 +7.504237167e+02 +8.095537167e+02 +8.095537167e+02 -1.0481e+00 +1.0963e+00 +7.7989e-01 -2.9401e+00 -5.0000e+00
246 0 +6.911715790e+02 +6.911715790e+02 +7.503015790e+02 +7.503015790e+02 -1.1079e+00 +1.1815e+00 +6.5724e-01 -2.9505e+00 -5.0000e+00
265 0 +6.329352848e+02 +6.329352848e+02 +6.920652848e+02 +6.920652848e+02 -1.1215e+00 +1.1702e+00 +6.6164e-01 -2.9499e+00 -5.0000e+00
311 0 +6.216897377e+02 +6.216897377e+02 +6.808197377e+02 +6.808197377e+02 -1.1326e+00 +1.1714e+00 +6.6456e-01 -2.9476e+00 -5.0000e+00
354 0 +6.028877247e+02 +6.028877247e+02 +6.620177247e+02 +6.620177247e+02 -1.0822e+00 +1.1488e+00 +6.8860e-01 -2.9499e+00 -5.0000e+00
365 0 +5.776996148e+02 +5.776996148e+02 +6.368296148e+02 +6.368296148e+02 -1.0956e+00 +1.1528e+00 +6.8933e-01 -2.9505e+00 -5.0000e+00
405 0 +5.692194332e+02 +5.692194332e+02 +6.283494332e+02 +6.283494332e+02 -1.0831e+00 +1.1379e+00 +7.0660e-01 -2.9500e+00 -5.0000e+00
435 0 +5.568280140e+02 +5.568280140e+02 +6.159580140e+02 +6.159580140e+02 -1.0883e+00 +1.1378e+00 +7.1234e-01 -2.9499e+00 -5.0000e+00
498 0 +5.426047385e+02 +5.426047385e+02 +6.017347385e+02 +6.017347385e+02 -1.0967e+00 +1.1378e+00 +7.1619e-01 -2.9482e+00 -5.0000e+00
535 0 +5.348621094e+02 +5.348621094e+02 +5.939921094e+02 +5.939921094e+02 -1.0989e+00 +1.1378e+00 +7.2132e-01 -2.9482e+00 -5.0000e+00
681 0 +5.241880855e+02 +5.241880855e+02 +5.833180855e+02 +5.833180855e+02 -1.1048e+00 +1.1362e+00 +7.2859e-01 -2.9481e+00 -5.0000e+00
1143 0 +5.128587313e+02 +5.128587313e+02 +5.719887313e+02 +5.719887313e+02 -1.1109e+00 +1.1381e+00 +7.3348e-01 -2.9482e+00 -5.0000e+00
% f evaluations | g evaluations | best noise-free fitness - Fopt | noise-free fitness - Fopt (-4.915300000000e+02) | measured fitness | best measured fitness | x1 | x2...
1 0 +9.639910633e+06 +9.639910633e+06 +9.639419103e+06 +9.639419103e+06 +4.7059e+00 +4.8111e+00 +4.5220e+00 -2.9282e+00 +4.6291e+00
2 0 +6.927017988e+06 +6.927017988e+06 +6.926526458e+06 +6.926526458e+06 +1.6996e+00 -1.3212e+00 -2.1169e-02 +2.1468e+00 -4.5044e+00
4 0 +5.638780603e+06 +5.638780603e+06 +5.638289073e+06 +5.638289073e+06 +2.0971e+00 +2.2859e+00 +4.8323e+00 +3.3205e+00 -4.9351e+00
6 0 +8.157276330e+04 +8.157276330e+04 +8.108123330e+04 +8.108123330e+04 +5.5869e-01 -3.3077e-01 -3.0181e+00 -2.7073e-01 +2.8082e-01
14 0 +3.453282573e+04 +3.453282573e+04 +3.404129573e+04 +3.404129573e+04 -1.0204e+00 -2.8022e+00 +1.3107e+00 -3.0566e+00 +1.3357e+00
117 0 +3.178353507e+04 +3.178353507e+04 +3.129200507e+04 +3.129200507e+04 -9.6274e-01 -2.8054e+00 +1.2456e+00 -3.1546e+00 +1.4951e+00
132 0 +2.935156965e+04 +2.935156965e+04 +2.886003965e+04 +2.886003965e+04 -7.1760e-01 -1.8368e+00 +8.9256e-01 -3.0248e+00 +1.3003e+00
189 0 +2.624610501e+04 +2.624610501e+04 +2.575457501e+04 +2.575457501e+04 -6.3144e-01 -1.7901e+00 +7.7168e-01 -2.7872e+00 +1.2212e+00
210 0 +2.355470800e+04 +2.355470800e+04 +2.306317800e+04 +2.306317800e+04 -6.9506e-01 -1.8090e+00 +8.4420e-01 -2.7269e+00 +1.0929e+00
261 0 +2.331462656e+04 +2.331462656e+04 +2.282309656e+04 +2.282309656e+04 -7.2512e-01 -1.9305e+00 +7.9511e-01 -2.7044e+00 +1.0802e+00
267 0 +2.286324059e+04 +2.286324059e+04 +2.237171059e+04 +2.237171059e+04 -6.6920e-01 -1.7521e+00 +6.5152e-01 -2.6948e+00 +1.0665e+00
363 0 +2.233089063e+04 +2.233089063e+04 +2.183936063e+04 +2.183936063e+04 -7.1636e-01 -1.8063e+00 +8.3633e-01 -2.6852e+00 +8.9239e-01
565 0 +2.182181038e+04 +2.182181038e+04 +2.133028038e+04 +2.133028038e+04 -7.3283e-01 -1.8056e+00 +7.7247e-01 -2.6850e+00 +8.3633e-01
675 0 +2.130715967e+04 +2.130715967e+04 +2.081562967e+04 +2.081562967e+04 -7.2779e-01 -1.8062e+00 +6.8871e-01 -2.6850e+00 +8.4048e-01
779 0 +2.079903156e+04 +2.079903156e+04 +2.030750156e+04 +2.030750156e+04 -7.2704e-01 -1.8063e+00 +5.8693e-01 -2.6850e+00 +8.3655e-01
885 0 +2.041412040e+04 +2.041412040e+04 +1.992259040e+04 +1.992259040e+04 -7.2709e-01 -1.8063e+00 +5.1639e-01 -2.6850e+00 +8.1953e-01
1094 0 +1.995162958e+04 +1.995162958e+04 +1.946009958e+04 +1.946009958e+04 -7.2704e-01 -1.8062e+00 +4.7872e-01 -2.6850e+00 +7.8132e-01
4373 0 +1.949466938e+04 +1.949466938e+04 +1.900313938e+04 +1.900313938e+04 -7.2704e-01 -1.8062e+00 +4.4235e-01 -2.6850e+00 +7.2069e-01
6503 0 +1.905085328e+04 +1.905085328e+04 +1.855932328e+04 +1.855932328e+04 -7.2704e-01 -1.8062e+00 +3.6144e-01 -2.6850e+00 +7.2069e-01
8112 0 +1.862026236e+04 +1.862026236e+04 +1.812873236e+04 +1.812873236e+04 -7.2704e-01 -1.8062e+00 +2.5357e-01 -2.6850e+00 +7.2069e-01
% f evaluations | g evaluations | best noise-free fitness - Fopt | noise-free fitness - Fopt (-1.702000000000e+02) | measured fitness | best measured fitness | x1 | x2...
1 0 +5.195018185e+06 +5.195018185e+06 +5.194847985e+06 +5.194847985e+06 +2.4321e+00 +4.4525e+00 -4.6688e+00 -3.1824e+00 +3.5674e+00
4 0 +3.849251519e+04 +3.849251519e+04 +3.832231519e+04 +3.832231519e+04 -2.8508e+00 -1.1516e+00 -1.3692e+00 +4.6911e+00 +9.4451e-01
53 0 +1.345525369e+04 +1.345525369e+04 +1.328505369e+04 +1.328505369e+04 -3.4608e+00 -1.9402e-01 -1.3798e+00 +5.0000e+00 +1.1017e+00
103 0 +1.271881576e+04 +1.271881576e+04 +1.254861576e+04 +1.254861576e+04 -3.4199e+00 -2.7684e-01 -1.2602e+00 +5.0000e+00 +1.0731e+00
106 0 +5.872076363e+03 +5.872076363e+03 +5.701876363e+03 +5.701876363e+03 -3.3892e+00 -6.2685e-01 -1.3698e+00 +5.0000e+00 +1.0393e+00
114 0 +2.096832824e+02 +2.096832824e+02 +3.948328239e+01 +3.948328239e+01 -2.2253e+00 -6.2508e-01 -9.2870e-01 +4.9470e+00 +1.2038e+00
202 0 +1.500475990e+02 +1.500475990e+02 -2.015240105e+01 -2.015240105e+01 -2.4881e+00 -4.9712e-01 -1.0801e+00 +4.9133e+00 +1.1372e+00
218 0 +1.267129925e+02 +1.267129925e+02 -4.348700749e+01 -4.348700749e+01 -2.5631e+00 -5.4441e-01 -1.1413e+00 +4.8990e+00 +1.1219e+00
284 0 +1.143046089e+02 +1.143046089e+02 -5.589539107e+01 -5.589539107e+01 -2.5412e+00 -5.3155e-01 -1.1359e+00 +4.8979e+00 +1.1118e+00
290 0 +1.000016731e+02 +1.000016731e+02 -7.019832688e+01 -7.019832688e+01 -2.5497e+00 -6.2264e-01 -1.1413e+00 +4.9006e+00 +1.1275e+00
298 0 +8.150945972e+01 +8.150945972e+01 -8.869054028e+01 -8.869054028e+01 -2.5589e+00 -5.4377e-01 -1.1751e+00 +4.8774e+00 +1.1181e+00
318 0 +7.614519701e+01 +7.614519701e+01 -9.405480299e+01 -9.405480299e+01 -2.5625e+00 -5.4348e-01 -1.1837e+00 +4.8726e+00 +1.1139e+00
335 0 +7.406931647e+01 +7.406931647e+01 -9.613068353e+01 -9.613068353e+01 -2.5565e+00 -5.6040e-01 -1.1807e+00 +4.8701e+00 +1.1202e+00
490 0 +7.240453846e+01 +7.240453846e+01 -9.779546154e+01 -9.779546154e+01 -2.5590e+00 -5.8327e-01 -1.1808e+00 +4.8729e+00 +1.1200e+00
% f evaluations | g evaluations | best noise-free fitness - Fopt | noise-free fitness - Fopt (-4.697500000000e+02) | measured fitness | best measured fitness | x1 | x2...
1 0 +2.369142237e+07 +2.369142237e+07 +2.369095262e+07 +2.369095262e+07 -5.7998e-01 -3.3067e+00 -3.5982e+00 +2.9574e+00 -4.6729e-01
2 0 +1.157119875e+07 +1.157119875e+07 +1.157072900e+07 +1.157072900e+07 -2.3529e+00 +6.5551e-01 +3.3322e+00 -1.8618e+00 +3.3457e-01
3 0 +2.089918569e+06 +2.089918569e+06 +2.089448819e+06 +2.089448819e+06 +4.7863e+00 +3.7839e+00 +1.0883e+00 -7.6884e-01 -5.3248e-01
4 0 +9.549797202e+05 +9.549797202e+05 +9.545099702e+05 +9.545099702e+05 +8.5580e-01 -2.4216e+00 +6.6404e-01 +7.5057e-01 +3.8027e+00
19 0 +2.458457033e+05 +2.458457033e+05 +2.453759533e+05 +2.453759533e+05 +4.9257e+00 +2.0782e+00 +3.5482e+00 -3.1054e-02 -3.5846e+00
26 0 +1.318023103e+05 +1.318023103e+05 +1.313325603e+05 +1.313325603e+05 +4.8116e+00 -4.4255e+00 +2.0509e-01 -2.8084e+00 -2.3433e+00
54 0 +1.266589308e+05 +1.266589308e+05 +1.261891808e+05 +1.261891808e+05 +4.5866e+00 -4.8897e+00 +8.4879e-02 -1.3725e+00 -1.4893e+00
61 0 +8.167639953e+04 +8.167639953e+04 +8.120664953e+04 +8.120664953e+04 +4.3380e+00 -4.4382e+00 +2.7947e-03 -3.0193e+00 +6.8655e-01
67 0 +5.173442278e+04 +5.173442278e+04 +5.126467278e+04 +5.126467278e+04 +4.8409e+00 -4.8913e+00 +5.3068e-01 -2.9134e+00 -1.9100e+00
94 0 +4.589822664e+04 +4.589822664e+04 +4.542847664e+04 +4.542847664e+04 +5.0000e+00 -5.0000e+00 +8.8020e-02 -2.0285e+00 -2.6628e+00
134 0 +3.440872507e+04 +3.440872507e+04 +3.393897507e+04 +3.393897507e+04 +4.5770e+00 -4.9941e+00 +4.8131e-01 -1.9202e+00 -2.9957e+00
156 0 +2.660778772e+04 +2.660778772e+04 +2.613803772e+04 +2.613803772e+04 +4.4487e+00 -5.0000e+00 +6.8036e-01 -1.9638e+00 -3.1063e+00
163 0 +2.588344730e+04 +2.588344730e+04 +2.541369730e+04 +2.541369730e+04 +4.6272e+00 -4.9916e+00 +6.2971e-01 -2.0492e+00 -2.9995e+00
171 0 +2.525452752e+04 +2.525452752e+04 +2.478477752e+04 +2.478477752e+04 +4.5282e+00 -4.9954e+00 +6.6857e-01 -2.2999e+00 -2.6678e+00
172 0 +2.499712563e+04 +2.499712563e+04 +2.452737563e+04 +2.452737563e+04 +4.4543e+00 -4.9865e+00 +7.1275e-01 -1.9110e+00 -3.2002e+00
179 0 +2.359827033e+04 +2.359827033e+04 +2.312852033e+04 +2.312852033e+04 +4.7504e+00 -4.8081e+00 +6.2635e-01 -1.9442e+00 -3.2866e+00
187 0 +2.343033867e+04 +2.343033867e+04 +2.296058867e+04 +2.296058867e+04 +4.3195e+00 -4.9910e+00 +7.8355e-01 -1.9306e+00 -2.9406e+00
189 0 +2.054715713e+04 +2.054715713e+04 +2.007740713e+04 +2.007740713e+04 +4.4493e+00 -4.9936e+00 +8.0497e-01 -1.9183e+00 -3.3304e+00
208 0 +2.015671516e+04 +2.015671516e+04 +1.968696516e+04 +1.968696516e+04 +4.4489e+00 -4.9932e+00 +8.4456e-01 -1.9009e+00 -3.5063e+00
211 0 +1.970820523e+04 +1.970820523e+04 +1.923845523e+04 +1.923845523e+04 +4.4737e+00 -4.9935e+00 +8.3905e-01 -1.9186e+00 -3.3315e+00
224 0 +1.880712037e+04 +1.880712037e+04 +1.833737037e+04 +1.833737037e+04 +4.4486e+00 -4.9988e+00 +8.6952e-01 -1.9185e+00 -3.3911e+00
273 0 +1.763378020e+04 +1.763378020e+04 +1.716403020e+04 +1.716403020e+04 +4.4130e+00 -5.0000e+00 +9.3937e-01 -1.9252e+00 -3.4598e+00
366 0 +1.714968279e+04 +1.714968279e+04 +1.667993279e+04 +1.667993279e+04 +4.3999e+00 -4.9998e+00 +9.5363e-01 -1.9179e+00 -3.5378e+00
450 0 +1.695928248e+04 +1.695928248e+04 +1.648953248e+04 +1.648953248e+04 +4.4025e+00 -4.9999e+00 +9.6695e-01 -1.9165e+00 -3.5558e+00
3848 0 +1.659585233e+04 +1.659585233e+04 +1.612610233e+04 +1.612610233e+04 +4.4004e+00 -4.9999e+00 +9.9076e-01 -1.9174e+00 -3.6383e+00
% f evaluations | g evaluations | best noise-free fitness - Fopt | noise-free fitness - Fopt (-5.191000000000e+01) | measured fitness | best measured fitness | x1 | x2...
1 0 +5.102851710e+05 +5.102851710e+05 +5.102332610e+05 +5.102332610e+05 -2.1764e+00 +1.3789e+00 -2.1740e+00 -4.2301e+00 +1.8079e+00
15 0 +3.401851009e+04 +3.401851009e+04 +3.396660009e+04 +3.396660009e+04 +3.8221e+00 +2.4935e+00 -1.1245e+00 +4.1873e+00 +3.0024e+00
56 0 +2.967751734e+04 +2.967751734e+04 +2.962560734e+04 +2.962560734e+04 +2.4778e+00 +2.1113e+00 -1.3836e+00 +4.9226e+00 +2.5811e+00
67 0 +2.324122293e+04 +2.324122293e+04 +2.318931293e+04 +2.318931293e+04 +2.7287e+00 +2.5475e+00 -1.5879e+00 +3.6767e+00 +2.7035e+00
110 0 +1.770071253e+04 +1.770071253e+04 +1.764880253e+04 +1.764880253e+04 +2.7212e+00 +2.8352e+00 -1.4334e+00 +3.5212e+00 +2.5135e+00
118 0 +4.472554273e+03 +4.472554273e+03 +4.420644273e+03 +4.420644273e+03 +1.5197e+00 +2.5424e+00 -1.3597e+00 +3.8068e+00 +1.9488e+00
159 0 +1.593214549e+03 +1.593214549e+03 +1.541304549e+03 +1.541304549e+03 +2.1106e+00 +2.5259e+00 -1.3214e+00 +3.7878e+00 +1.9705e+00
174 0 +6.636361210e+02 +6.636361210e+02 +6.117261210e+02 +6.117261210e+02 +1.7932e+00 +2.5722e+00 -1.3943e+00 +3.9367e+00 +1.9560e+00
192 0 +4.190663022e+02 +4.190663022e+02 +3.671563022e+02 +3.671563022e+02 +1.6387e+00 +2.6539e+00 -1.4116e+00 +3.9122e+00 +1.9372e+00
270 0 +4.033293470e+02 +4.033293470e+02 +3.514193470e+02 +3.514193470e+02 +1.6353e+00 +2.6521e+00 -1.4119e+00 +3.9177e+00 +1.9484e+00
312 0 +3.943471873e+02 +3.943471873e+02 +3.424371873e+02 +3.424371873e+02 +1.6371e+00 +2.6527e+00 -1.4130e+00 +3.9311e+00 +1.9486e+00
315 0 +3.716348725e+02 +3.716348725e+02 +3.197248725e+02 +3.197248725e+02 +1.6341e+00 +2.6383e+00 -1.4156e+00 +3.9363e+00 +1.9580e+00
353 0 +3.681210069e+02 +3.681210069e+02 +3.162110069e+02 +3.162110069e+02 +1.6529e+00 +2.6343e+00 -1.4117e+00 +3.9192e+00 +1.9612e+00
364 0 +3.555276648e+02 +3.555276648e+02 +3.036176648e+02 +3.036176648e+02 +1.6408e+00 +2.6263e+00 -1.4105e+00 +3.9219e+00 +1.9589e+00
380 0 +3.532019500e+02 +3.532019500e+02 +3.012919500e+02 +3.012919500e+02 +1.6513e+00 +2.6250e+00 -1.4100e+00 +3.9175e+00 +1.9547e+00
384 0 +3.348527078e+02 +3.348527078e+02 +2.829427078e+02 +2.829427078e+02 +1.6448e+00 +2.6084e+00 -1.4117e+00 +3.9194e+00 +1.9607e+00
423 0 +3.297036204e+02 +3.297036204e+02 +2.777936204e+02 +2.777936204e+02 +1.6514e+00 +2.6049e+00 -1.4099e+00 +3.9194e+00 +1.9605e+00
438 0 +3.205093102e+02 +3.205093102e+02 +2.685993102e+02 +2.685993102e+02 +1.6548e+00 +2.5931e+00 -1.4078e+00 +3.9188e+00 +1.9627e+00
522 0 +3.140992673e+02 +3.140992673e+02 +2.621892673e+02 +2.621892673e+02 +1.6646e+00 +2.5860e+00 -1.4018e+00 +3.9192e+00 +1.9629e+00
555 0 +3.087279377e+02 +3.087279377e+02 +2.568179377e+02 +2.568179377e+02 +1.6694e+00 +2.5859e+00 -1.4024e+00 +3.9193e+00 +1.9627e+00
735 0 +3.018038934e+02 +3.018038934e+02 +2.498938934e+02 +2.498938934e+02 +1.6825e+00 +2.5834e+00 -1.4008e+00 +3.9191e+00 +1.9627e+00
% f evaluations | g evaluations | best noise-free fitness - Fopt | noise-free fitness - Fopt (4.808000000000e+01) | measured fitness | best measured fitness | x1 | x2...
1 0 +6.320462704e+07 +6.320462704e+07 +6.320467512e+07 +6.320467512e+07 +4.1923e+00 -4.5776e+00 +3.9232e+00 -2.4787e+00 +4.9980e+00
2 0 +1.614587021e+07 +1.614587021e+07 +1.614591829e+07 +1.614591829e+07 -1.5643e+00 +4.3624e+00 +4.3641e+00 +1.5512e+00 -1.4559e+00
3 0 +1.114487991e+07 +1.114487991e+07 +1.114492799e+07 +1.114492799e+07 +1.6233e+00 -2.0984e+00 +9.9112e-01 -4.4495e-01 -2.4555e+00
4 0 +3.301721664e+06 +3.301721664e+06 +3.301769744e+06 +3.301769744e+06 +4.0449e+00 -2.7818e+00 -3.1028e+00 +2.9518e+00 +1.7871e+00
5 0 +3.052947104e+05 +3.052947104e+05 +3.053427904e+05 +3.053427904e+05 +4.9407e+00 +3.6433e+00 -4.9361e+00 -5.9179e-02 -2.5209e+00
7 0 +1.707744317e+05 +1.707744317e+05 +1.708225117e+05 +1.708225117e+05 -1.7843e+00 -3.2712e+00 -7.3553e-01 -6.5484e-01 +1.7517e+00
65 0 +1.143867579e+05 +1.143867579e+05 +1.144348379e+05 +1.144348379e+05 -1.6884e+00 -3.4180e+00 -8.2491e-01 -1.1711e+00 +2.5183e+00
83 0 +9.122389597e+04 +9.122389597e+04 +9.127197597e+04 +9.127197597e+04 -2.2340e+00 -6.4932e-01 -4.9799e-01 -2.0843e+00 +4.5327e-01
88 0 +2.274856052e+04 +2.274856052e+04 +2.279664052e+04 +2.279664052e+04 -1.9746e+00 -1.6881e+00 -7.1952e-01 -1.8872e+00 +1.9872e+00
114 0 +1.871062635e+04 +1.871062635e+04 +1.875870635e+04 +1.875870635e+04 -1.9712e+00 -2.7232e+00 -8.0904e-01 -2.0235e+00 +2.4628e+00
118 0 +1.478229558e+04 +1.478229558e+04 +1.483037558e+04 +1.483037558e+04 -2.0915e+00 -1.0296e+00 -7.2877e-01 -1.9311e+00 +2.0125e+00
123 0 +8.425982991e+03 +8.425982991e+03 +8.474062991e+03 +8.474062991e+03 -2.0723e+00 -1.1273e+00 -7.7096e-01 -1.8567e+00 +2.4935e+00
135 0 +5.694487481e+03 +5.694487481e+03 +5.742567481e+03 +5.742567481e+03 -1.9956e+00 -1.6154e+00 -8.0846e-01 -1.9164e+00 +2.9714e+00
162 0 +5.308320718e+03 +5.308320718e+03 +5.356400718e+03 +5.356400718e+03 -2.0542e+00 -1.6218e+00 -8.0487e-01 -1.9265e+00 +3.0941e+00
178 0 +4.934459616e+03 +4.934459616e+03 +4.982539616e+03 +4.982539616e+03 -2.1174e+00 -1.7821e+00 -7.2249e-01 -1.9131e+00 +2.8863e+00
185 0 +3.580239007e+03 +3.580239007e+03 +3.628319007e+03 +3.628319007e+03 -2.0390e+00 -1.8984e+00 -8.0304e-01 -1.9889e+00 +2.8777e+00
223 0 +3.403854844e+03 +3.403854844e+03 +3.451934844e+03 +3.451934844e+03 -2.0477e+00 -2.0293e+00 -7.9188e-01 -1.9448e+00 +3.0642e+00
251 0 +3.032098340e+03 +3.032098340e+03 +3.080178340e+03 +3.080178340e+03 -2.0734e+00 -2.2674e+00 -8.0064e-01 -1.9898e+00 +3.2883e+00
260 0 +2.962901108e+03 +2.962901108e+03 +3.010981108e+03 +3.010981108e+03 -2.0943e+00 -1.9742e+00 -8.0208e-01 -1.9928e+00 +3.1949e+00
261 0 +2.312334052e+03 +2.312334052e+03 +2.360414052e+03 +2.360414052e+03 -2.0876e+00 -2.2816e+00 -8.0246e-01 -1.9966e+00 +3.2419e+00
284 0 +2.239052943e+03 +2.239052943e+03 +2.287132943e+03 +2.287132943e+03 -2.0706e+00 -2.1774e+00 -8.1759e-01 -2.0007e+00 +3.1103e+00
325 0 +2.170506563e+03 +2.170506563e+03 +2.218586563e+03 +2.218586563e+03 -2.0686e+00 -2.1876e+00 -8.2343e-01 -2.0006e+00 +3.1595e+00
418 0 +2.135137146e+03 +2.135137146e+03 +2.183217146e+03 +2.183217146e+03 -2.0701e+00 -2.2338e+00 -8.2538e-01 -2.0017e+00 +3.1622e+00
677 0 +2.088992461e+03 +2.088992461e+03 +2.137072461e+03 +2.137072461e+03 -2.0705e+00 -2.2924e+00 -8.2866e-01 -1.9997e+00 +3.2144e+00
% f evaluations | g evaluations | best noise-free fitness - Fopt | noise-free fitness - Fopt (3.058000000000e+01) | measured fitness | best measured fitness | x1 | x2...
1 0 +1.871319277e+07 +1.871319277e+07 +1.871322335e+07 +1.871322335e+07 +3.7855e+00 -1.4040e+00 -2.4722e+00 +1.4632e+00 -1.3381e-01
4 0 +1.427429455e+07 +1.427429455e+07 +1.427432513e+07 +1.427432513e+07 +3.9535e+00 +8.3693e-01 +3.6182e+00 +2.0161e+00 -2.6671e+00
5 0 +8.667010038e+05 +8.667010038e+05 +8.667315838e+05 +8.667315838e+05 -2.0581e+00 -1.2400e+00 +3.4177e+00 +2.6593e+00 -3.2793e+00
9 0 +2.268915597e+05 +2.268915597e+05 +2.269221397e+05 +2.269221397e+05 -7.1127e-01 -7.0641e-01 +3.4488e+00 +5.8416e-01 -3.1771e-01
55 0 +1.319056592e+05 +1.319056592e+05 +1.319362392e+05 +1.319362392e+05 -1.3461e-01 -6.0516e-01 +3.4390e+00 -3.9251e-01 +7.6998e-01
56 0 +5.930537174e+04 +5.930537174e+04 +5.933595174e+04 +5.933595174e+04 -6.8404e-01 +2.5422e-01 +4.0874e+00 -8.5096e-01 +1.7902e+00
103 0 +5.659923824e+04 +5.659923824e+04 +5.662981824e+04 +5.662981824e+04 -9.2182e-01 +5.1225e-01 +4.5121e+00 -8.3440e-01 +7.9166e-01
105 0 +5.376704852e+04 +5.376704852e+04 +5.379762852e+04 +5.379762852e+04 -6.8588e-01 +6.1239e-01 +4.0979e+00 -6.8270e-01 +3.0535e+00
112 0 +3.082052130e+04 +3.082052130e+04 +3.085110130e+04 +3.085110130e+04 -6.7793e-01 +1.1560e-01 +3.4643e+00 -1.4825e+00 +1.3176e+00
116 0 +2.750239350e+04 +2.750239350e+04 +2.753297350e+04 +2.753297350e+04 -6.9171e-01 +7.0652e-01 +4.0589e+00 -4.6808e-01 +1.8245e+00
158 0 +9.562154906e+03 +9.562154906e+03 +9.592734906e+03 +9.592734906e+03 -6.9117e-01 +4.7632e-01 +4.0988e+00 -4.7163e-01 +1.8559e+00
162 0 +8.072177417e+03 +8.072177417e+03 +8.102757417e+03 +8.102757417e+03 -7.0255e-01 +6.3088e-01 +3.9598e+00 -7.3119e-01 +2.0111e+00
180 0 +6.872947426e+03 +6.872947426e+03 +6.903527426e+03 +6.903527426e+03 -7.0413e-01 +7.1065e-01 +4.1067e+00 -6.9792e-01 +2.0381e+00
182 0 +6.233042824e+03 +6.233042824e+03 +6.263622824e+03 +6.263622824e+03 -7.0691e-01 +5.8613e-01 +4.0948e+00 -3.3548e-01 +1.8942e+00
212 0 +6.024691385e+03 +6.024691385e+03 +6.055271385e+03 +6.055271385e+03 -7.0791e-01 +5.8557e-01 +4.0796e+00 -3.7745e-01 +1.9076e+00
216 0 +5.795152262e+03 +5.795152262e+03 +5.825732262e+03 +5.825732262e+03 -7.0524e-01 +5.8643e-01 +4.0761e+00 -4.8693e-01 +1.8924e+00
220 0 +5.546448379e+03 +5.546448379e+03 +5.577028379e+03 +5.577028379e+03 -6.9968e-01 +5.2304e-01 +4.0650e+00 -3.5196e-01 +1.9283e+00
224 0 +5.479069019e+03 +5.479069019e+03 +5.509649019e+03 +5.509649019e+03 -7.1408e-01 +5.2388e-01 +4.0616e+00 -3.5791e-01 +1.9674e+00
235 0 +4.820670739e+03 +4.820670739e+03 +4.851250739e+03 +4.851250739e+03 -7.5316e-01 +5.8714e-01 +4.0905e+00 -1.9288e-01 +2.0105e+00
240 0 +4.388805729e+03 +4.388805729e+03 +4.419385729e+03 +4.419385729e+03 -7.1000e-01 +6.0197e-01 +4.1092e+00 -2.9015e-01 +2.1004e+00
248 0 +3.801416441e+03 +3.801416441e+03 +3.831996441e+03 +3.831996441e+03 -9.5976e-01 +7.0966e-01 +4.0628e+00 -5.2828e-01 +1.9575e+00
262 0 +3.620115694e+03 +3.620115694e+03 +3.650695694e+03 +3.650695694e+03 -9.4627e-01 +7.3175e-01 +4.0696e+00 -5.2748e-01 +1.9899e+00
367 0 +3.465876840e+03 +3.465876840e+03 +3.496456840e+03 +3.496456840e+03 -8.2290e-01 +6.9843e-01 +4.0822e+00 -8.6325e-01 +2.0167e+00
429 0 +3.351495963e+03 +3.351495963e+03 +3.382075963e+03 +3.382075963e+03 -7.9593e-01 +6.9828e-01 +4.0819e+00 -9.3406e-01 +2.0165e+00
442 0 +3.242828051e+03 +3.242828051e+03 +3.273408051e+03 +3.273408051e+03 -8.2572e-01 +7.0760e-01 +4.0822e+00 -9.8556e-01 +2.0168e+00
467 0 +3.026707833e+03 +3.026707833e+03 +3.057287833e+03 +3.057287833e+03 -8.1489e-01 +7.0738e-01 +4.0829e+00 -1.0727e+00 +2.0167e+00
521 0 +3.001181124e+03 +3.001181124e+03 +3.031761124e+03 +3.031761124e+03 -8.1676e-01 +7.0738e-01 +4.0824e+00 -1.1040e+00 +2.0167e+00
530 0 +2.910558957e+03 +2.910558957e+03 +2.941138957e+03 +2.941138957e+03 -8.1337e-01 +7.0793e-01 +4.0828e+00 -1.1417e+00 +2.0166e+00
557 0 +2.883255756e+03 +2.883255756e+03 +2.913835756e+03 +2.913835756e+03 -8.0675e-01 +7.0795e-01 +4.0827e+00 -1.1116e+00 +2.0168e+00
574 0 +2.815438938e+03 +2.815438938e+03 +2.846018938e+03 +2.846018938e+03 -8.0534e-01 +7.0839e-01 +4.0826e+00 -1.1435e+00 +2.0167e+00
618 0 +2.702055848e+03 +2.702055848e+03 +2.732635848e+03 +2.732635848e+03 -7.9804e-01 +7.0828e-01 +4.0823e+00 -1.1821e+00 +2.0168e+00
628 0 +2.663363936e+03 +2.663363936e+03 +2.693943936e+03 +2.693943936e+03 -7.9620e-01 +7.0836e-01 +4.0822e+00 -1.2072e+00 +2.0168e+00
675 0 +2.619586176e+03 +2.619586176e+03 +2.650166176e+03 +2.650166176e+03 -7.9021e-01 +7.0855e-01 +4.0824e+00 -1.2003e+00 +2.0168e+00
736 0 +2.557106708e+03 +2.557106708e+03 +2.587686708e+03 +2.587686708e+03 -7.8627e-01 +7.0852e-01 +4.0824e+00 -1.2322e+00 +2.0168e+00
1667 0 +2.511814636e+03 +2.511814636e+03 +2.542394636e+03 +2.542394636e+03 -7.8320e-01 +7.0851e-01 +4.0824e+00 -1.2661e+00 +2.0168e+00
3493 0 +2.453520776e+03 +2.453520776e+03 +2.484100776e+03 +2.484100776e+03 -7.7472e-01 +7.0851e-01 +4.0824e+00 -1.2661e+00 +2.0168e+00
% f evaluations | g evaluations | best noise-free fitness - Fopt | noise-free fitness - Fopt (1.000000000000e+03) | measured fitness | best measured fitness | x1 | x2...
1 0 +2.089320431e+07 +2.089320431e+07 +2.089420431e+07 +2.089420431e+07 -2.0060e+00 -1.0159e+00 +4.1784e+00 +8.5824e-01 -1.9891e+00
2 0 +1.579701279e+07 +1.579701279e+07 +1.579801279e+07 +1.579801279e+07 +7.9902e-01 -5.1947e-02 -4.9831e+00 -2.5044e+00 +4.9759e+00
3 0 +1.033307759e+06 +1.033307759e+06 +1.034307759e+06 +1.034307759e+06 +1.8038e+00 +3.2039e+00 -4.9114e+00 +1.1389e+00 +1.7029e+00
4 0 +7.882394389e+04 +7.882394389e+04 +7.982394389e+04 +7.982394389e+04 -3.6358e+00 +8.2260e-01 -3.1010e+00 -3.1499e-01 -2.2231e+00
48 0 +4.770374601e+04 +4.770374601e+04 +4.870374601e+04 +4.870374601e+04 +3.1541e+00 +2.5128e-01 -1.7681e+00 +3.1360e-01 -4.2711e+00
69 0 +4.511715556e+04 +4.511715556e+04 +4.611715556e+04 +4.611715556e+04 +3.3074e+00 +1.9976e-01 -1.6268e+00 +4.3100e-01 -4.3327e+00
77 0 +4.048633600e+04 +4.048633600e+04 +4.148633600e+04 +4.148633600e+04 +2.8990e+00 +1.8194e-01 -1.3187e+00 +1.8455e-01 -3.0378e+00
108 0 +3.893774735e+04 +3.893774735e+04 +3.993774735e+04 +3.993774735e+04 +2.8786e+00 +1.7383e-01 -1.6746e+00 +2.0721e-01 -2.9863e+00
114 0 +3.564346301e+04 +3.564346301e+04 +3.664346301e+04 +3.664346301e+04 +2.9817e+00 +1.1952e-01 -1.1260e+00 -8.4745e-02 -3.8838e+00
128 0 +2.909046145e+04 +2.909046145e+04 +3.009046145e+04 +3.009046145e+04 +2.6786e+00 +1.4714e-01 -1.4947e+00 +1.7228e-01 -2.7517e+00
141 0 +2.756497889e+04 +2.756497889e+04 +2.856497889e+04 +2.856497889e+04 +2.8889e+00 -2.0607e-01 -1.3046e+00 +2.0002e-01 -2.8701e+00
164 0 +2.718364149e+04 +2.718364149e+04 +2.818364149e+04 +2.818364149e+04 +2.7674e+00 -4.0274e-01 -1.3439e+00 +3.2829e-01 -2.7701e+00
200 0 +2.559178838e+04 +2.559178838e+04 +2.659178838e+04 +2.659178838e+04 +2.6812e+00 -2.8163e-01 -1.4252e+00 +2.7345e-01 -2.8199e+00
232 0 +2.496772861e+04 +2.496772861e+04 +2.596772861e+04 +2.596772861e+04 +2.5522e+00 -2.6635e-01 -1.4347e+00 +2.6536e-01 -2.8247e+00
241 0 +2.443676051e+04 +2.443676051e+04 +2.543676051e+04 +2.543676051e+04 +2.4659e+00 -3.2925e-01 -1.4437e+00 +2.6991e-01 -2.8508e+00
277 0 +2.397501498e+04 +2.397501498e+04 +2.497501498e+04 +2.497501498e+04 +2.4513e+00 -3.1753e-01 -1.5204e+00 +2.9253e-01 -2.8342e+00
374 0 +2.336235449e+04 +2.336235449e+04 +2.436235449e+04 +2.436235449e+04 +2.3216e+00 -3.5451e-01 -1.5200e+00 +2.9266e-01 -2.8275e+00
420 0 +2.284613714e+04 +2.284613714e+04 +2.384613714e+04 +2.384613714e+04 +2.2169e+00 -3.5064e-01 -1.5170e+00 +2.4839e-01 -2.8322e+00
524 0 +2.237430327e+04 +2.237430327e+04 +2.337430327e+04 +2.337430327e+04 +2.0624e+00 -3.5247e-01 -1.5223e+00 +2.1092e-01 -2.8413e+00
838 0 +2.187495837e+04 +2.187495837e+04 +2.287495837e+04 +2.287495837e+04 +1.9339e+00 -3.5194e-01 -1.5220e+00 +1.6442e-01 -2.8415e+00
% f evaluations | g evaluations | best noise-free fitness - Fopt | noise-free fitness - Fopt (-4.236000000000e+01) | measured fitness | best measured fitness | x1 | x2...
1 0 +4.750769601e+06 +4.750769601e+06 +4.750727241e+06 +4.750727241e+06 -1.7759e+00 +2.4051e+00 -1.7501e+00 -4.2554e-01 +3.8141e+00
3 0 +3.356197529e+06 +3.356197529e+06 +3.356155169e+06 +3.356155169e+06 +3.4674e+00 -3.3124e+00 +3.7168e+00 +1.0056e+00 -1.2211e+00
4 0 +3.505185922e+05 +3.505185922e+05 +3.504762322e+05 +3.504762322e+05 -4.0271e+00 -1.0644e-01 -1.9867e+00 -2.0965e+00 -2.6862e+00
15 0 +2.867811713e+05 +2.867811713e+05 +2.867388113e+05 +2.867388113e+05 +4.7007e+00 -1.1626e-01 -4.1902e+00 +1.5839e+00 -1.8098e+00
32 0 +1.429354542e+05 +1.429354542e+05 +1.428930942e+05 +1.428930942e+05 -2.1505e+00 -2.0815e+00 +2.5333e+00 +9.7380e-01 -3.5797e+00
52 0 +9.162932950e+04 +9.162932950e+04 +9.158696950e+04 +9.158696950e+04 -9.9939e-01 -1.7913e+00 -9.2652e-01 +2.7574e-01 -5.0000e+00
54 0 +8.223209650e+04 +8.223209650e+04 +8.218973650e+04 +8.218973650e+04 -1.1036e+00 -2.2131e+00 +1.3040e+00 +1.2373e+00 -4.0847e+00
84 0 +8.301542616e+03 +8.301542616e+03 +8.259182616e+03 +8.259182616e+03 -2.0415e+00 -2.0695e+00 +2.7491e+00 +8.4288e-01 -4.0292e+00
152 0 +7.725860729e+03 +7.725860729e+03 +7.683500729e+03 +7.683500729e+03 -2.6370e+00 -2.0685e+00 +2.9357e+00 +5.2294e-01 -3.9967e+00
165 0 +5.635205122e+03 +5.635205122e+03 +5.592845122e+03 +5.592845122e+03 -3.0263e+00 -2.0716e+00 +3.0046e+00 +1.8690e-01 -4.0117e+00
215 0 +5.616964651e+03 +5.616964651e+03 +5.574604651e+03 +5.574604651e+03 -3.1317e+00 -1.9814e+00 +2.9396e+00 +1.2118e-01 -3.9928e+00
220 0 +5.358829084e+03 +5.358829084e+03 +5.316469084e+03 +5.316469084e+03 -3.0264e+00 -2.0717e+00 +3.0065e+00 +2.1869e-01 -4.0105e+00
225 0 +5.151422682e+03 +5.151422682e+03 +5.109062682e+03 +5.109062682e+03 -3.0355e+00 -2.0758e+00 +3.0720e+00 +2.4836e-01 -4.0119e+00
260 0 +5.126809315e+03 +5.126809315e+03 +5.084449315e+03 +5.084449315e+03 -3.0543e+00 -2.0696e+00 +3.0787e+00 +2.3958e-01 -4.0030e+00
331 0 +4.893956138e+03 +4.893956138e+03 +4.851596138e+03 +4.851596138e+03 -3.0402e+00 -2.1254e+00 +3.0860e+00 +2.3212e-01 -4.0263e+00
369 0 +4.762063267e+03 +4.762063267e+03 +4.719703267e+03 +4.719703267e+03 -3.0379e+00 -2.1337e+00 +3.0889e+00 +2.2786e-01 -3.9876e+00
408 0 +4.641149029e+03 +4.641149029e+03 +4.598789029e+03 +4.598789029e+03 -3.0375e+00 -2.1243e+00 +3.1179e+00 +2.2727e-01 -3.9914e+00
422 0 +4.533404145e+03 +4.533404145e+03 +4.491044145e+03 +4.491044145e+03 -3.0374e+00 -2.1407e+00 +3.1336e+00 +2.2722e-01 -3.9920e+00
503 0 +4.448153416e+03 +4.448153416e+03 +4.405793416e+03 +4.405793416e+03 -3.0374e+00 -2.1499e+00 +3.1385e+00 +2.3429e-01 -3.9883e+00
727 0 +4.361011403e+03 +4.361011403e+03 +4.318651403e+03 +4.318651403e+03 -3.0373e+00 -2.1558e+00 +3.1620e+00 +2.3429e-01 -3.9873e+00
5840 0 +4.265352519e+03 +4.265352519e+03 +4.222992519e+03 +4.222992519e+03 -3.0373e+00 -2.1911e+00 +3.1633e+00 +2.3432e-01 -3.9872e+00
% f evaluations | g evaluations | best noise-free fitness - Fopt | noise-free fitness - Fopt (-7.187000000000e+01) | measured fitness | best measured fitness | x1 | x2...
1 0 +6.675432597e+06 +6.675432597e+06 +6.675360727e+06 +6.675360727e+06 +2.9687e-01 -2.5355e+00 -2.6021e-01 -4.2202e+00 -1.3240e+00
3 0 +3.345566174e+06 +3.345566174e+06 +3.345494304e+06 +3.345494304e+06 -1.5555e+00 +3.3649e+00 +2.7780e+00 +9.8622e-01 -1.1683e+00
9 0 +2.971886094e+06 +2.971886094e+06 +2.971814224e+06 +2.971814224e+06 +1.8020e+00 -1.2012e+00 -2.1932e+00 +3.4988e+00 +2.4788e+00
12 0 +7.082721993e+05 +7.082721993e+05 +7.082003293e+05 +7.082003293e+05 +3.8288e+00 -3.4763e+00 +1.4898e+00 -2.5120e+00 -7.4230e-01
13 0 +2.409648064e+05 +2.409648064e+05 +2.408929364e+05 +2.408929364e+05 -4.8954e+00 +4.4370e+00 -1.0570e+00 +1.2796e+00 -5.0569e-01
26 0 +3.916202904e+04 +3.916202904e+04 +3.909015904e+04 +3.909015904e+04 -9.9070e-02 -3.6106e+00 +1.1881e+00 -3.0998e+00 -3.8972e+00
60 0 +2.547693465e+04 +2.547693465e+04 +2.540506465e+04 +2.540506465e+04 +3.6101e-01 -3.2606e+00 +9.9698e-01 -3.2761e+00 -3.9055e+00
100 0 +1.747974981e+04 +1.747974981e+04 +1.740787981e+04 +1.740787981e+04 -6.4838e-01 -3.6358e+00 +1.6527e+00 -3.7048e+00 -5.0000e+00
109 0 +1.515199232e+04 +1.515199232e+04 +1.508012232e+04 +1.508012232e+04 -6.7533e-01 -3.6389e+00 +1.4230e+00 -3.6055e+00 -5.0000e+00
118 0 +1.080923283e+04 +1.080923283e+04 +1.073736283e+04 +1.073736283e+04 -4.6875e-01 -2.9370e+00 +1.4820e+00 -3.4188e+00 -4.6402e+00
155 0 +9.242102889e+03 +9.242102889e+03 +9.170232889e+03 +9.170232889e+03 -5.1443e-01 -3.1891e+00 +1.4556e+00 -3.2862e+00 -4.3942e+00
159 0 +8.435164762e+03 +8.435164762e+03 +8.363294762e+03 +8.363294762e+03 -5.0049e-01 -3.0245e+00 +1.5283e+00 -3.4016e+00 -4.5997e+00
173 0 +7.827974043e+03 +7.827974043e+03 +7.756104043e+03 +7.756104043e+03 -4.7437e-01 -3.0248e+00 +1.5552e+00 -3.3876e+00 -4.5514e+00
212 0 +7.638788444e+03 +7.638788444e+03 +7.566918444e+03 +7.566918444e+03 -4.8540e-01 -3.0255e+00 +1.5204e+00 -3.4146e+00 -4.5618e+00
213 0 +7.332752449e+03 +7.332752449e+03 +7.260882449e+03 +7.260882449e+03 -4.4535e-01 -2.9875e+00 +1.5591e+00 -3.3765e+00 -4.4807e+00
268 0 +7.112301352e+03 +7.112301352e+03 +7.040431352e+03 +7.040431352e+03 -4.5556e-01 -2.9410e+00 +1.5597e+00 -3.3743e+00 -4.4861e+00
291 0 +6.987066863e+03 +6.987066863e+03 +6.915196863e+03 +6.915196863e+03 -4.2899e-01 -2.8558e+00 +1.5338e+00 -3.3796e+00 -4.4904e+00
296 0 +6.018416148e+03 +6.018416148e+03 +5.946546148e+03 +5.946546148e+03 -4.4368e-01 -2.5461e+00 +1.5597e+00 -3.3935e+00 -4.4444e+00
342 0 +5.701197210e+03 +5.701197210e+03 +5.629327210e+03 +5.629327210e+03 -4.4782e-01 -2.3733e+00 +1.5634e+00 -3.3891e+00 -4.4174e+00
375 0 +5.590273121e+03 +5.590273121e+03 +5.518403121e+03 +5.518403121e+03 -4.4594e-01 -2.3655e+00 +1.5586e+00 -3.3889e+00 -4.4078e+00
390 0 +5.494297127e+03 +5.494297127e+03 +5.422427127e+03 +5.422427127e+03 -4.4052e-01 -2.3198e+00 +1.5751e+00 -3.3964e+00 -4.3795e+00
432 0 +5.356954820e+03 +5.356954820e+03 +5.285084820e+03 +5.285084820e+03 -4.4757e-01 -2.3131e+00 +1.5630e+00 -3.3785e+00 -4.3863e+00
476 0 +5.243507122e+03 +5.243507122e+03 +5.171637122e+03 +5.171637122e+03 -4.4652e-01 -2.2478e+00 +1.5624e+00 -3.3810e+00 -4.3723e+00
727 0 +5.125855321e+03 +5.125855321e+03 +5.053985321e+03 +5.053985321e+03 -4.4673e-01 -2.2089e+00 +1.5630e+00 -3.3778e+00 -4.3585e+00
% f evaluations | g evaluations | best noise-free fitness - Fopt | noise-free fitness - Fopt (-1.650000000000e+01) | measured fitness | best measured fitness | x1 | x2...
1 0 +3.849503543e+05 +3.849503543e+05 +3.849338543e+05 +3.849338543e+05 +2.7576e+00 +3.0494e+00 +2.7190e+00 -4.2481e-01 -4.9023e+00
50 0 +7.317546990e+04 +7.317546990e+04 +7.315896990e+04 +7.315896990e+04 +6.3126e-01 +3.7287e+00 +3.0523e+00 -7.5695e-01 -1.0731e+00
74 0 +1.196109888e+04 +1.196109888e+04 +1.194459888e+04 +1.194459888e+04 +9.5721e-02 +4.2082e+00 +5.0000e+00 -8.7505e-01 -1.6181e+00
114 0 +1.044625003e+04 +1.044625003e+04 +1.042975003e+04 +1.042975003e+04 -5.6053e-03 +4.4117e+00 +5.0000e+00 -8.8629e-01 -1.1799e+00
124 0 +7.324667022e+03 +7.324667022e+03 +7.308167022e+03 +7.308167022e+03 -4.5564e-02 +5.0000e+00 +4.2826e+00 -8.9657e-01 -1.9422e+00
136 0 +3.981228632e+03 +3.981228632e+03 +3.964728632e+03 +3.964728632e+03 +2.1682e-01 +4.2277e+00 +4.1536e+00 -2.4281e-01 -2.5078e+00
151 0 +3.651558298e+03 +3.651558298e+03 +3.635058298e+03 +3.635058298e+03 +3.8789e-01 +4.0285e+00 +4.3474e+00 -8.6730e-01 -1.3275e+00
159 0 +2.773458590e+03 +2.773458590e+03 +2.756958590e+03 +2.756958590e+03 +2.4892e-01 +4.2031e+00 +4.3438e+00 -8.4669e-01 -1.3303e+00
183 0 +2.701812224e+03 +2.701812224e+03 +2.685312224e+03 +2.685312224e+03 +3.1786e-01 +4.0009e+00 +4.6024e+00 -8.2671e-01 -1.3581e+00
241 0 +2.646397202e+03 +2.646397202e+03 +2.629897202e+03 +2.629897202e+03 +3.3918e-01 +4.0009e+00 +4.6041e+00 -8.3948e-01 -1.3722e+00
265 0 +2.464718904e+03 +2.464718904e+03 +2.448218904e+03 +2.448218904e+03 +3.4293e-01 +4.0042e+00 +4.6033e+00 -8.4631e-01 -1.4323e+00
327 0 +2.429624967e+03 +2.429624967e+03 +2.413124967e+03 +2.413124967e+03 +3.3808e-01 +4.0074e+00 +4.6107e+00 -8.1978e-01 -1.5063e+00
370 0 +2.381800832e+03 +2.381800832e+03 +2.365300832e+03 +2.365300832e+03 +3.4545e-01 +4.0134e+00 +4.6176e+00 -8.3237e-01 -1.5141e+00
522 0 +2.340335819e+03 +2.340335819e+03 +2.323835819e+03 +2.323835819e+03 +3.5263e-01 +4.0166e+00 +4.6173e+00 -8.3231e-01 -1.5543e+00
% f evaluations | g evaluations | best noise-free fitness - Fopt | noise-free fitness - Fopt (1.000000000000e+03) | measured fitness | best measured fitness | x1 | x2...
1 0 +7.769324536e+05 +7.769324536e+05 +7.779324536e+05 +7.779324536e+05 -2.0183e+00 -1.5724e-01 +2.7873e+00 -2.0188e+00 -3.9661e-01
4 0 +3.457714282e+05 +3.457714282e+05 +3.467714282e+05 +3.467714282e+05 -1.9137e+00 +7.9307e-01 -7.2320e-01 -2.5771e+00 -3.2073e-01
15 0 +1.588262111e+05 +1.588262111e+05 +1.598262111e+05 +1.598262111e+05 +1.5214e+00 -1.5537e+00 +1.3694e+00 -4.3562e+00 -6.7708e-03
43 0 +6.657281842e+04 +6.657281842e+04 +6.757281842e+04 +6.757281842e+04 +2.8864e+00 -2.0710e+00 +4.9935e-01 -4.5247e+00 +1.8418e+00
52 0 +3.110243539e+04 +3.110243539e+04 +3.210243539e+04 +3.210243539e+04 +3.0753e+00 -2.1813e+00 +1.6347e-01 -4.9282e+00 +1.4414e+00
80 0 +2.981310914e+04 +2.981310914e+04 +3.081310914e+04 +3.081310914e+04 +2.8930e+00 -1.4093e+00 +5.5943e-01 -4.5251e+00 +1.7589e+00
114 0 +2.809584115e+04 +2.809584115e+04 +2.909584115e+04 +2.909584115e+04 +2.8332e+00 -1.3403e+00 +5.1409e-01 -4.5413e+00 +1.4199e+00
124 0 +2.620954508e+04 +2.620954508e+04 +2.720954508e+04 +2.720954508e+04 +2.8489e+00 -1.4170e+00 +5.3790e-01 -4.5058e+00 +1.2640e+00
159 0 +2.544355057e+04 +2.544355057e+04 +2.644355057e+04 +2.644355057e+04 +2.8218e+00 -1.3013e+00 +5.4084e-01 -4.4959e+00 +1.3720e+00
178 0 +2.458713531e+04 +2.458713531e+04 +2.558713531e+04 +2.558713531e+04 +2.8388e+00 -1.2782e+00 +3.2752e-01 -4.5078e+00 +1.4174e+00
208 0 +2.431320665e+04 +2.431320665e+04 +2.531320665e+04 +2.531320665e+04 +2.8442e+00 -1.3545e+00 +3.1962e-01 -4.4910e+00 +1.4918e+00
218 0 +2.361382888e+04 +2.361382888e+04 +2.461382888e+04 +2.461382888e+04 +2.8405e+00 -1.3158e+00 +2.7371e-01 -4.4986e+00 +1.4232e+00
251 0 +2.337190634e+04 +2.337190634e+04 +2.437190634e+04 +2.437190634e+04 +2.8339e+00 -1.2677e+00 +1.6380e-01 -4.5150e+00 +1.3461e+00
274 0 +2.234705861e+04 +2.234705861e+04 +2.334705861e+04 +2.334705861e+04 +2.8502e+00 -1.2676e+00 +2.5873e-02 -4.5166e+00 +1.2737e+00
317 0 +2.181731979e+04 +2.181731979e+04 +2.281731979e+04 +2.281731979e+04 +2.8618e+00 -1.2594e+00 -1.0883e-01 -4.5192e+00 +1.2157e+00
341 0 +2.098756342e+04 +2.098756342e+04 +2.198756342e+04 +2.198756342e+04 +2.8502e+00 -1.2676e+00 -2.2923e-01 -4.5257e+00 +1.2605e+00
363 0 +2.078134033e+04 +2.078134033e+04 +2.178134033e+04 +2.178134033e+04 +2.8512e+00 -1.2679e+00 -2.9833e-01 -4.5196e+00 +1.2565e+00
365 0 +2.024829372e+04 +2.024829372e+04 +2.124829372e+04 +2.124829372e+04 +2.8476e+00 -1.2663e+00 -3.8898e-01 -4.5256e+00 +1.2560e+00
403 0 +1.993125836e+04 +1.993125836e+04 +2.093125836e+04 +2.093125836e+04 +2.8449e+00 -1.2655e+00 -4.7157e-01 -4.5235e+00 +1.2627e+00
415 0 +1.937854898e+04 +1.937854898e+04 +2.037854898e+04 +2.037854898e+04 +2.8407e+00 -1.2650e+00 -5.8611e-01 -4.5265e+00 +1.2664e+00
529 0 +1.897550752e+04 +1.897550752e+04 +1.997550752e+04 +1.997550752e+04 +2.8428e+00 -1.2624e+00 -7.7687e-01 -4.5273e+00 +1.2674e+00
571 0 +1.858564106e+04 +1.858564106e+04 +1.958564106e+04 +1.958564106e+04 +2.8390e+00 -1.2624e+00 -7.9178e-01 -4.5318e+00 +1.2661e+00
688 0 +1.817350648e+04 +1.817350648e+04 +1.917350648e+04 +1.917350648e+04 +2.8387e+00 -1.2622e+00 -7.8955e-01 -4.5421e+00 +1.2661e+00
2555 0 +1.778165155e+04 +1.778165155e+04 +1.878165155e+04 +1.878165155e+04 +2.8387e+00 -1.2623e+00 -8.0886e-01 -4.5608e+00 +1.2661e+00
5616 0 +1.737319603e+04 +1.737319603e+04 +1.837319603e+04 +1.837319603e+04 +2.8387e+00 -1.2623e+00 -8.9042e-01 -4.5608e+00 +1.2661e+00
6716 0 +1.698124359e+04 +1.698124359e+04 +1.798124359e+04 +1.798124359e+04 +2.8387e+00 -1.2623e+00 -9.8540e-01 -4.5608e+00 +1.2661e+00
9123 0 +1.659546538e+04 +1.659546538e+04 +1.759546538e+04 +1.759546538e+04 +2.8387e+00 -1.2623e+00 -1.0966e+00 -4.5608e+00 +1.2661e+00
% f evaluations | g evaluations | best noise-free fitness - Fopt | noise-free fitness - Fopt (-1.000000000000e+03) | measured fitness | best measured fitness | x1 | x2...
1 0 +3.025343786e+07 +3.025343786e+07 +3.025243786e+07 +3.025243786e+07 -2.2771e+00 -2.5242e+00 +4.5200e+00 -4.1685e+00 -2.9925e+00
2 0 +3.966669463e+06 +3.966669463e+06 +3.965669463e+06 +3.965669463e+06 -3.4364e+00 -4.6629e+00 -3.5866e+00 -2.3092e+00 -2.0287e+00
4 0 +3.115362458e+06 +3.115362458e+06 +3.114362458e+06 +3.114362458e+06 -4.1164e+00 -1.0528e+00 +2.2969e+00 -3.4828e+00 +3.6791e-01
5 0 +7.331510347e+05 +7.331510347e+05 +7.321510347e+05 +7.321510347e+05 -4.4019e+00 -6.8896e-01 +2.0293e+00 -4.7990e+00 +3.5644e+00
8 0 +5.611116449e+05 +5.611116449e+05 +5.601116449e+05 +5.601116449e+05 +3.7939e-01 -5.2713e-01 +2.5694e+00 -8.7564e-01 +3.4676e+00
13 0 +2.561899991e+04 +2.561899991e+04 +2.461899991e+04 +2.461899991e+04 +4.5572e-01 -4.6826e+00 +1.6150e+00 -2.5270e+00 +4.9101e+00
52 0 +1.820761183e+04 +1.820761183e+04 +1.720761183e+04 +1.720761183e+04 -6.6598e-01 -4.6981e+00 +1.2169e-01 -2.5092e+00 +3.8635e+00
110 0 +1.477431162e+04 +1.477431162e+04 +1.377431162e+04 +1.377431162e+04 -2.9962e-01 -4.6244e+00 +1.3350e-01 -2.7875e+00 +3.7812e+00
131 0 +1.230251570e+04 +1.230251570e+04 +1.130251570e+04 +1.130251570e+04 -8.3990e-02 -4.7026e+00 -4.3631e-01 -2.6365e+00 +3.1054e+00
140 0 +9.962569715e+03 +9.962569715e+03 +8.962569715e+03 +8.962569715e+03 -5.7783e-01 -4.1840e+00 +5.1585e-03 -2.6148e+00 +3.1470e+00
156 0 +8.030720050e+03 +8.030720050e+03 +7.030720050e+03 +7.030720050e+03 -5.2866e-01 -4.0817e+00 +7.4444e-03 -2.6552e+00 +3.1884e+00
168 0 +5.789949050e+03 +5.789949050e+03 +4.789949050e+03 +4.789949050e+03 -5.5428e-01 -4.3008e+00 -9.1939e-02 -2.3874e+00 +3.2930e+00
270 0 +5.641600005e+03 +5.641600005e+03 +4.641600005e+03 +4.641600005e+03 -4.2020e-01 -4.5868e+00 -1.3494e-01 -2.6175e+00 +3.4270e+00
311 0 +5.456215446e+03 +5.456215446e+03 +4.456215446e+03 +4.456215446e+03 -3.9160e-01 -4.5563e+00 -1.4264e-01 -2.5821e+00 +3.4053e+00
372 0 +5.302375648e+03 +5.302375648e+03 +4.302375648e+03 +4.302375648e+03 -3.5999e-01 -4.5754e+00 -1.4879e-01 -2.5807e+00 +3.4020e+00
423 0 +5.215002329e+03 +5.215002329e+03 +4.215002329e+03 +4.215002329e+03 -3.2832e-01 -4.5749e+00 -1.5147e-01 -2.5829e+00 +3.4014e+00
636 0 +5.126537029e+03 +5.126537029e+03 +4.126537029e+03 +4.126537029e+03 -2.6218e-01 -4.5795e+00 -1.5140e-01 -2.5814e+00 +3.4010e+00
% f evaluations | g evaluations | best noise-free fitness - Fopt | noise-free fitness - Fopt (-1.527400000000e+02) | measured fitness | best measured fitness | x1 | x2...
1 0 +1.072175815e+07 +1.072175815e+07 +1.072160541e+07 +1.072160541e+07 +1.8109e-01 -3.2931e+00 +4.8603e+00 -1.3730e-02 -2.8580e-01
2 0 +4.184538986e+06 +4.184538986e+06 +4.184386246e+06 +4.184386246e+06 +1.3753e+00 -2.3274e+00 -3.6999e+00 -3.5642e+00 -2.5681e+00
4 0 +1.132295877e+05 +1.132295877e+05 +1.130768477e+05 +1.130768477e+05 +2.5298e+00 +1.4255e+00 -8.2537e-01 -1.6918e+00 +4.3131e+00
75 0 +9.649262769e+04 +9.649262769e+04 +9.633988769e+04 +9.633988769e+04 +3.3871e+00 +1.9399e+00 -1.8004e+00 -2.3725e+00 +4.1306e+00
110 0 +7.235804038e+04 +7.235804038e+04 +7.220530038e+04 +7.220530038e+04 +3.4483e+00 +2.1283e+00 -1.5132e+00 -2.3761e+00 +3.9582e+00
122 0 +7.038445588e+04 +7.038445588e+04 +7.023171588e+04 +7.023171588e+04 +3.6707e+00 +1.9422e+00 -1.8785e+00 -2.5555e+00 +3.8901e+00
157 0 +6.579991862e+04 +6.579991862e+04 +6.564717862e+04 +6.564717862e+04 +3.9110e+00 +1.2066e+00 -1.9376e+00 -2.5567e+00 +3.8769e+00
165 0 +6.203571042e+04 +6.203571042e+04 +6.188297042e+04 +6.188297042e+04 +3.6760e+00 +1.1981e+00 -2.4881e+00 -2.4436e+00 +4.0690e+00
210 0 +5.716060579e+04 +5.716060579e+04 +5.700786579e+04 +5.700786579e+04 +3.4353e+00 +1.1902e+00 -2.3324e+00 -2.3467e+00 +3.9679e+00
240 0 +5.313930042e+04 +5.313930042e+04 +5.298656042e+04 +5.298656042e+04 +3.6688e+00 +5.8972e-01 -2.7812e+00 -2.3248e+00 +4.0695e+00
267 0 +4.945265844e+04 +4.945265844e+04 +4.929991844e+04 +4.929991844e+04 +3.6690e+00 +4.0360e-01 -3.0782e+00 -2.3307e+00 +4.0680e+00
325 0 +4.775672824e+04 +4.775672824e+04 +4.760398824e+04 +4.760398824e+04 +3.6687e+00 +3.7465e-01 -3.2276e+00 -2.3539e+00 +4.0684e+00
332 0 +4.632232954e+04 +4.632232954e+04 +4.616958954e+04 +4.616958954e+04 +3.6719e+00 +1.2112e-01 -3.3667e+00 -2.3334e+00 +4.0739e+00
368 0 +4.341583432e+04 +4.341583432e+04 +4.326309432e+04 +4.326309432e+04 +3.6716e+00 -5.7115e-02 -3.6583e+00 -2.3312e+00 +4.0730e+00
418 0 +4.204250863e+04 +4.204250863e+04 +4.188976863e+04 +4.188976863e+04 +3.6722e+00 -9.9788e-02 -3.8598e+00 -2.3304e+00 +4.0731e+00
451 0 +4.123058348e+04 +4.123058348e+04 +4.107784348e+04 +4.107784348e+04 +3.6716e+00 -3.4665e-01 -3.9049e+00 -2.3295e+00 +4.0732e+00
478 0 +3.974455994e+04 +3.974455994e+04 +3.959181994e+04 +3.959181994e+04 +3.6716e+00 -3.2359e-01 -4.2755e+00 -2.3295e+00 +4.0732e+00
479 0 +3.866100499e+04 +3.866100499e+04 +3.850826499e+04 +3.850826499e+04 +3.6715e+00 -5.6372e-01 -4.2074e+00 -2.3288e+00 +4.0731e+00
524 0 +3.786083158e+04 +3.786083158e+04 +3.770809158e+04 +3.770809158e+04 +3.6715e+00 -6.6405e-01 -4.3069e+00 -2.3288e+00 +4.0731e+00
571 0 +3.597335968e+04 +3.597335968e+04 +3.582061968e+04 +3.582061968e+04 +3.6718e+00 -8.4237e-01 -4.5657e+00 -2.3294e+00 +4.0731e+00
617 0 +3.546315179e+04 +3.546315179e+04 +3.531041179e+04 +3.531041179e+04 +3.6715e+00 -9.0358e-01 -4.6363e+00 -2.3300e+00 +4.0731e+00
626 0 +3.465443494e+04 +3.465443494e+04 +3.450169494e+04 +3.450169494e+04 +3.6714e+00 -9.2377e-01 -4.8283e+00 -2.3294e+00 +4.0730e+00
713 0 +3.350889495e+04 +3.350889495e+04 +3.335615495e+04 +3.335615495e+04 +3.6715e+00 -1.0783e+00 -5.0000e+00 -2.3301e+00 +4.0729e+00
782 0 +3.311161115e+04 +3.311161115e+04 +3.295887115e+04 +3.295887115e+04 +3.6715e+00 -1.1906e+00 -5.0000e+00 -2.3302e+00 +4.0729e+00
