% f evaluations | g evaluations | best noise-free fitness - Fopt | noise-free fitness - Fopt (7.948000000000e+01) | measured fitness | best measured fitness | x1 | x2...
1 0 +2.706578504e+02 +2.706578504e+02 +3.501378504e+02 +3.501378504e+02 -2.7780e+00 +1.1492e+00 -2.3728e+00 -1.5222e+00 -4.9858e+00 -2.8046e+00 -2.4702e+00 +2.1525e+00 +8.3066e-01 -1.4496e+00 +4.0438e+00 +9.0251e-01 -2.9689e+00 -3.8993e+00 +8.6647e-01 -3.9506e+00 +1.4489e+00 -2.0353e+00 -1.2895e+00 -4.8552e+00
3 0 +2.142938876e+02 +2.142938876e+02 +2.937738876e+02 +2.937738876e+02 +9.9463e-01 +1.4023e+00 +8.8621e-01 +3.6376e-01 -2.9384e+00 +1.5694e+00 -9.4818e-02 +4.3617e+00 -2.5331e+00 -1.5444e+00 -1.7556e+00 -2.0808e+00 -5.7213e-01 -2.1086e+00 +2.3875e+00 -9.0754e-02 +3.0688e+00 +4.8252e+00 -4.7581e+00 +3.2618e+00
7 0 +2.015602889e+02 +2.015602889e+02 +2.810402889e+02 +2.810402889e+02 -4.5984e-01 +2.9688e+00 -1.6853e+00 +4.6466e+00 -3.0587e+00 -4.7303e+00 -8.5203e-02 +4.9496e+00 -1.0432e+00 -2.0757e+00 -2.7430e+00 -4.2196e+00 +3.2289e+00 -1.6131e+00 +2.4603e+00 -3.3103e+00 +8.8924e-01 -2.3394e-01 -2.3579e+00 +1.7216e+00
9 0 +1.806656181e+02 +1.806656181e+02 +2.601456181e+02 +2.601456181e+02 +9.5734e-01 +1.0111e+00 -2.8358e+00 +4.6903e+00 +4.5872e+00 -5.2149e-01 +3.3924e-01 -4.0007e+00 -2.6564e+00 -3.9642e+00 -1.1303e+00 +1.6479e+00 -2.4902e+00 -1.9868e-01 +6.5466e-01 -3.5772e+00 -1.9740e+00 -1.1203e+00 -3.6228e-01 +2.0350e+00
16 0 +1.746474175e+02 +1.746474175e+02 +2.541274175e+02 +2.541274175e+02 +1.9597e+00 +4.1866e+00 +3.3534e+00 +9.2503e-01 -1.4488e+00 -2.8643e+00 -4.7718e+00 -2.2689e+00 -2.1629e+00 -2.0033e+00 +1.7284e+00 +1.2378e+00 -2.8615e+00 -5.3097e-01 -1.1812e+00 +1.1657e+00 -2.0395e+00 -1.9632e+00 +8.0545e-01 +2.0810e+00
21 0 +1.121581053e+02 +1.121581053e+02 +1.916381053e+02 +1.916381053e+02 +1.6735e+00 -2.4517e+00 -1.0832e-01 +2.1915e-01 -3.2568e+00 -1.5691e+00 -4.2547e+00 +2.0175e+00 +2.0273e+00 -2.7069e+00 -2.4140e+00 -9.4503e-01 +3.8151e+00 +2.5932e+00 -4.9044e-01 +3.3046e+00 -4.7016e-01 -9.2711e-01 +1.2783e+00 -2.3143e+00
37 0 +7.266379869e+01 +7.266379869e+01 +1.521437987e+02 +1.521437987e+02 +3.6180e+00 -2.3814e+00 -2.8790e+00 +1.4363e+00 -2.1848e+00 -6.1702e-01 +1.1591e+00 -3.1290e+00 -3.4395e+00 -5.4471e-01 -4.8646e+00 -3.6939e-01 +1.7759e+00 -4.2360e-01 +2.8138e+00 +3.6319e+00 -1.6456e+00 +6.3182e-02 +3.5222e+00 +3.3013e+00
58 0 +6.298681640e+01 +6.298681640e+01 +1.424668164e+02 +1.424668164e+02 +1.6031e-01 -3.2439e-01 -3.7347e+00 +2.5842e+00 -2.3441e+00 +4.3084e-01 +1.2791e+00 -2.9149e+00 -3.6014e+00 -1.0152e+00 -5.0000e+00 -1.7614e-01 +1.6337e+00 +5.2568e-01 +1.8510e+00 +1.5763e+00 -4.3827e-02 -3.6817e-02 +4.8059e+00 +2.1327e+00
69 0 +6.070212135e+01 +6.070212135e+01 +1.401821213e+02 +1.401821213e+02 +1.1027e+00 -2.8427e+00 -3.1262e+00 +9.4009e-01 -3.7225e+00 +7.0067e-02 +7.5476e-01 -3.0898e+00 -4.0775e+00 -2.2811e+00 -5.0000e+00 -2.4788e-01 +2.4572e+00 +2.8877e-01 +5.0000e+00 +2.2239e+00 -1.8188e+00 -2.1839e-01 +4.3862e+00 +1.0758e+00
105 0 +5.504495152e+01 +5.504495152e+01 +1.345249515e+02 +1.345249515e+02 -1.4070e+00 -2.5123e+00 -2.8663e+00 +8.0318e-01 -4.3866e+00 +4.3943e-02 +1.0404e+00 -2.0558e+00 -3.9175e+00 -2.8519e+00 -4.3132e+00 -1.9774e-01 +3.0036e+00 -4.1158e-02 +3.7051e+00 +2.0822e+00 -1.7694e+00 -6.7801e-01 +4.7827e+00 +2.6324e+00
122 0 +5.490729441e+01 +5.490729441e+01 +1.343872944e+02 +1.343872944e+02 +6.3940e-01 -3.2152e+00 -3.0768e+00 +7.4999e-01 -2.6270e+00 +2.3296e-01 +1.1928e+00 -3.2482e+00 -3.2533e+00 -2.8993e+00 -5.0000e+00 +2.2362e-01 +3.1677e+00 +4.6588e-01 +5.0000e+00 +2.3064e+00 -7.6504e-01 -2.0737e-01 +3.7862e+00 +8.8354e-01
146 0 +5.181812743e+01 +5.181812743e+01 +1.312981274e+02 +1.312981274e+02 +1.1819e+00 -2.2781e+00 -3.1337e+00 +1.0229e+00 -4.1742e+00 +7.5740e-01 +5.9163e-01 -2.1330e+00 -4.2318e+00 -2.7702e+00 -5.0000e+00 +1.2785e+00 +1.9429e+00 -1.5040e-01 +4.1512e+00 +3.2425e+00 -1.7608e+00 -2.1373e-01 +5.0000e+00 -4.3828e-02
155 0 +4.944782907e+01 +4.944782907e+01 +1.289278291e+02 +1.289278291e+02 +1.1730e+00 -2.1674e+00 -3.0976e+00 +1.0061e+00 -4.1325e+00 +9.7182e-01 +6.1396e-01 -1.4407e+00 -4.3377e+00 -2.8111e+00 -4.8166e+00 -8.5104e-02 +2.0274e+00 -1.3988e-01 +4.0625e+00 +3.0369e+00 -1.7570e+00 -2.1405e-01 +4.7077e+00 +1.4709e+00
160 0 +4.812418949e+01 +4.812418949e+01 +1.276041895e+02 +1.276041895e+02 +1.2001e+00 -2.2890e+00 -3.1154e+00 +9.9188e-01 -3.4955e+00 +5.8062e-01 +6.2252e-01 -1.8265e+00 -4.1513e+00 -2.9051e+00 -5.0000e+00 +1.9083e+00 +2.1152e+00 -8.3201e-01 +4.0817e+00 +3.1730e+00 -1.8427e+00 -2.1091e-01 +4.9279e+00 +1.5634e-01
173 0 +4.750310880e+01 +4.750310880e+01 +1.269831088e+02 +1.269831088e+02 +1.1893e+00 -1.7968e+00 -3.1379e+00 +1.0098e+00 -3.9712e+00 +8.4894e-01 +5.3646e-01 -1.6342e+00 -4.2410e+00 -2.7981e+00 -5.0000e+00 +1.7487e+00 +2.0823e+00 -9.9488e-02 +4.5898e+00 +3.1556e+00 -1.7661e+00 -2.1028e-01 +5.0000e+00 +6.0270e-01
179 0 +4.467911767e+01 +4.467911767e+01 +1.241591177e+02 +1.241591177e+02 +1.5228e+00 -2.2107e+00 -3.0852e+00 +9.3633e-01 -3.2552e+00 +9.3389e-01 +6.5310e-01 -1.6105e+00 -4.2264e+00 -2.7595e+00 -5.0000e+00 +1.4491e+00 +1.8499e+00 -1.2232e-01 +4.2254e+00 +3.1795e+00 -1.7312e+00 -5.6218e-01 +4.8322e+00 +1.1325e-02
208 0 +4.253460770e+01 +4.253460770e+01 +1.220146077e+02 +1.220146077e+02 +1.5220e+00 -2.2153e+00 -3.0833e+00 +7.5799e-01 -3.2899e+00 +9.7953e-01 +6.7273e-01 -1.5152e+00 -4.2269e+00 -2.7615e+00 -5.0000e+00 +1.6623e+00 +1.9011e+00 -2.1672e-01 +4.3451e+00 +2.9912e+00 -1.7112e+00 -7.7820e-01 +4.8699e+00 +4.7355e-01
243 0 +4.052940959e+01 +4.052940959e+01 +1.200094096e+02 +1.200094096e+02 +1.4348e+00 -2.3831e+00 -3.0546e+00 +1.0192e+00 -2.6479e+00 +9.4764e-01 +6.5263e-01 -1.0115e+00 -4.2252e+00 -2.7714e+00 -5.0000e+00 +1.7645e+00 +1.7641e+00 -1.3688e-01 +3.7091e+00 +3.1611e+00 -1.8052e+00 -6.6177e-01 +4.7691e+00 +2.2838e-01
277 0 +3.971009261e+01 +3.971009261e+01 +1.191900926e+02 +1.191900926e+02 +1.4320e+00 -2.4915e+00 -3.0365e+00 +1.0210e+00 -2.7306e+00 +9.3696e-01 +6.5136e-01 -6.8120e-01 -4.2228e+00 -2.7713e+00 -5.0000e+00 +1.7311e+00 +1.7671e+00 -1.1320e-01 +3.7617e+00 +3.1599e+00 -1.8444e+00 -6.7767e-01 +4.7729e+00 +4.3152e-01
280 0 +3.873060112e+01 +3.873060112e+01 +1.182106011e+02 +1.182106011e+02 +1.4289e+00 -1.9489e+00 -3.0416e+00 +9.9995e-01 -2.7504e+00 +9.2901e-01 +6.2891e-01 -8.9782e-01 -4.2246e+00 -2.7758e+00 -5.0000e+00 +1.7777e+00 +1.7455e+00 -1.4070e-01 +3.5758e+00 +3.1387e+00 -1.8485e+00 -6.8334e-01 +4.7774e+00 +5.2916e-01
337 0 +3.788529740e+01 +3.788529740e+01 +1.173652974e+02 +1.173652974e+02 +1.4140e+00 -1.9194e+00 -3.0256e+00 +9.9735e-01 -2.8232e+00 +9.1992e-01 +6.3772e-01 -5.7651e-01 -4.2021e+00 -2.7501e+00 -5.0000e+00 +1.9761e+00 +1.7560e+00 -1.3984e-01 +3.6055e+00 +3.1475e+00 -1.8583e+00 -7.0917e-01 +4.7915e+00 +5.0420e-01
415 0 +3.714187617e+01 +3.714187617e+01 +1.166218762e+02 +1.166218762e+02 +1.4197e+00 -1.9297e+00 -3.0292e+00 +9.9983e-01 -2.7866e+00 +9.1990e-01 +6.3939e-01 -3.1841e-01 -4.2191e+00 -2.7547e+00 -5.0000e+00 +1.9134e+00 +1.7529e+00 -1.4109e-01 +3.6239e+00 +3.1530e+00 -1.8440e+00 -7.4489e-01 +4.8016e+00 +7.4003e-01
577 0 +3.615317515e+01 +3.615317515e+01 +1.156331751e+02 +1.156331751e+02 +1.4185e+00 -1.9128e+00 -3.0403e+00 +9.9766e-01 -2.7953e+00 +9.1946e-01 +6.4339e-01 -3.6293e-01 -4.1991e+00 -2.7485e+00 -5.0000e+00 +1.9179e+00 +1.7558e+00 -1.4080e-01 +3.6284e+00 +3.1431e+00 -1.8475e+00 -9.1301e-01 +4.8003e+00 +6.8323e-01
684 0 +3.548086765e+01 +3.548086765e+01 +1.149608677e+02 +1.149608677e+02 +1.4183e+00 -1.9116e+00 -3.0421e+00 +9.9829e-01 -2.7952e+00 +9.1953e-01 +6.4289e-01 -3.6226e-01 -4.2012e+00 -2.7485e+00 -5.0000e+00 +1.9226e+00 +1.7551e+00 -1.4082e-01 +3.6284e+00 +3.1431e+00 -1.8493e+00 -1.0294e+00 +4.7997e+00 +6.8296e-01
792 0 +3.461134233e+01 +3.461134233e+01 +1.140913423e+02 +1.140913423e+02 +1.4183e+00 -1.9116e+00 -3.0419e+00 +9.9827e-01 -2.7934e+00 +9.1948e-01 +6.4294e-01 -3.6224e-01 -4.2013e+00 -2.7486e+00 -5.0000e+00 +1.9220e+00 +1.7551e+00 -1.4082e-01 +3.6284e+00 +3.1431e+00 -1.8493e+00 -1.1838e+00 +4.7998e+00 +6.8177e-01
888 0 +3.332729316e+01 +3.332729316e+01 +1.128072932e+02 +1.128072932e+02 +1.4183e+00 -1.9115e+00 -3.0421e+00 +9.9830e-01 -2.7940e+00 +9.1948e-01 +6.4295e-01 -3.6222e-01 -4.2013e+00 -2.7485e+00 -5.0000e+00 +1.9219e+00 +1.7550e+00 -1.4082e-01 +3.6284e+00 +3.1431e+00 -1.8493e+00 -1.4289e+00 +4.7998e+00 +6.8175e-01
943 0 +3.306242328e+01 +3.306242328e+01 +1.125424233e+02 +1.125424233e+02 +1.4183e+00 -1.9115e+00 -3.0421e+00 +9.9830e-01 -2.7940e+00 +9.1948e-01 +6.4296e-01 -3.6221e-01 -4.2013e+00 -2.7485e+00 -5.0000e+00 +1.9219e+00 +1.7550e+00 -1.4082e-01 +3.6284e+00 +3.1431e+00 -1.8493e+00 -1.4825e+00 +4.7998e+00 +6.8175e-01
995 0 +3.234276057e+01 +3.234276057e+01 +1.118227606e+02 +1.118227606e+02 +1.4183e+00 -1.9115e+00 -3.0421e+00 +9.9830e-01 -2.7940e+00 +9.1949e-01 +6.4294e-01 -3.6222e-01 -4.2013e+00 -2.7485e+00 -5.0000e+00 +1.9220e+00 +1.7550e+00 -1.4082e-01 +3.6284e+00 +3.1431e+00 -1.8493e+00 -1.6343e+00 +4.7998e+00 +6.8175e-01
1040 0 +3.142153563e+01 +3.142153563e+01 +1.109015356e+02 +1.109015356e+02 +1.4183e+00 -1.9115e+00 -3.0421e+00 +9.9830e-01 -2.7940e+00 +9.1948e-01 +6.4294e-01 -3.6222e-01 -4.2013e+00 -2.7485e+00 -5.0000e+00 +1.9220e+00 +1.7550e+00 -1.4082e-01 +3.6284e+00 +3.1431e+00 -1.8493e+00 -1.8448e+00 +4.7998e+00 +6.8175e-01
1072 0 +3.072803199e+01 +3.072803199e+01 +1.102080320e+02 +1.102080320e+02 +1.4183e+00 -1.9115e+00 -3.0421e+00 +9.9830e-01 -2.7940e+00 +9.1948e-01 +6.4294e-01 -3.6222e-01 -4.2013e+00 -2.7485e+00 -5.0000e+00 +1.9220e+00 +1.7550e+00 -1.4082e-01 +3.6284e+00 +3.1431e+00 -1.8493e+00 -2.0185e+00 +4.7998e+00 +6.8175e-01
1095 0 +2.993218513e+01 +2.993218513e+01 +1.094121851e+02 +1.094121851e+02 +1.4183e+00 -1.9115e+00 -3.0422e+00 +9.9830e-01 -2.7940e+00 +9.1948e-01 +6.4294e-01 -3.6222e-01 -4.2013e+00 -2.7485e+00 -5.0000e+00 +1.9220e+00 +1.7550e+00 -1.4082e-01 +3.6284e+00 +3.1431e+00 -1.8493e+00 -2.2397e+00 +4.7998e+00 +6.8175e-01
1158 0 +2.912115458e+01 +2.912115458e+01 +1.086011546e+02 +1.086011546e+02 +1.4183e+00 -1.9115e+00 -3.0422e+00 +9.9830e-01 -2.7940e+00 +9.1948e-01 +6.4294e-01 -3.6222e-01 -4.2013e+00 -2.7485e+00 -5.0000e+00 +1.9220e+00 +1.7550e+00 -1.4082e-01 +3.6284e+00 +3.1431e+00 -1.8493e+00 -2.5000e+00 +4.7998e+00 +6.8175e-01
1195 0 +2.878478079e+01 +2.878478079e+01 +1.082647808e+02 +1.082647808e+02 +1.4183e+00 -1.9115e+00 -3.0422e+00 +9.9830e-01 -2.7940e+00 +9.1948e-01 +6.4294e-01 -3.6222e-01 -4.2013e+00 -2.7485e+00 -5.0000e+00 +1.9220e+00 +1.7550e+00 -1.4082e-01 +3.6284e+00 +3.1431e+00 -1.8493e+00 -2.6230e+00 +4.7998e+00 +6.8175e-01
1247 0 +2.790888902e+01 +2.790888902e+01 +1.073888890e+02 +1.073888890e+02 +1.4183e+00 -1.9115e+00 -3.0422e+00 +9.9830e-01 -2.7940e+00 +9.1948e-01 +6.4294e-01 -3.6222e-01 -4.2013e+00 -2.7485e+00 -5.0000e+00 +1.9220e+00 +1.7550e+00 -1.4082e-01 +3.6284e+00 +3.1431e+00 -1.8493e+00 -3.0186e+00 +4.7998e+00 +6.8175e-01
1300 0 +2.749242686e+01 +2.749242686e+01 +1.069724269e+02 +1.069724269e+02 +1.4183e+00 -1.9115e+00 -3.0422e+00 +9.9830e-01 -2.7940e+00 +9.1948e-01 +6.4294e-01 -3.6222e-01 -4.2013e+00 -2.7485e+00 -5.0000e+00 +1.9220e+00 +1.7550e+00 -1.4082e-01 +3.6284e+00 +3.1431e+00 -1.8493e+00 -3.2872e+00 +4.7998e+00 +6.8175e-01
10351 0 +2.690978268e+01 +2.690978268e+01 +1.063897827e+02 +1.063897827e+02 +1.4183e+00 -1.9115e+00 -3.0047e+00 +9.9830e-01 -2.7940e+00 +9.1948e-01 +6.4294e-01 -3.6222e-01 -4.2013e+00 -2.7485e+00 -5.0000e+00 +1.9220e+00 +1.7550e+00 -1.4082e-01 +3.6284e+00 +3.1431e+00 -1.8493e+00 -3.9281e+00 +4.7998e+00 +6.8175e-01
11392 0 +2.624056873e+01 +2.624056873e+01 +1.057205687e+02 +1.057205687e+02 +1.4183e+00 -1.9115e+00 -2.8530e+00 +9.9830e-01 -2.7940e+00 +9.1948e-01 +6.4294e-01 -3.6222e-01 -4.2013e+00 -2.7485e+00 -5.0000e+00 +1.9220e+00 +1.7550e+00 -1.4082e-01 +3.6284e+00 +3.1431e+00 -1.8493e+00 -3.9281e+00 +4.7998e+00 +6.8175e-01
11761 0 +2.569459125e+01 +2.569459125e+01 +1.051745913e+02 +1.051745913e+02 +1.4183e+00 -1.9115e+00 -2.7206e+00 +9.9830e-01 -2.7940e+00 +9.1948e-01 +6.4294e-01 -3.6222e-01 -4.2013e+00 -2.7485e+00 -5.0000e+00 +1.9220e+00 +1.7550e+00 -1.4082e-01 +3.6284e+00 +3.1431e+00 -1.8493e+00 -3.9281e+00 +4.7998e+00 +6.8175e-01
12141 0 +2.511509363e+01 +2.511509363e+01 +1.045950936e+02 +1.045950936e+02 +1.4183e+00 -1.9115e+00 -2.5698e+00 +9.9830e-01 -2.7940e+00 +9.1948e-01 +6.4294e-01 -3.6222e-01 -4.2013e+00 -2.7485e+00 -5.0000e+00 +1.9220e+00 +1.7550e+00 -1.4082e-01 +3.6284e+00 +3.1431e+00 -1.8493e+00 -3.9281e+00 +4.7998e+00 +6.8175e-01
12289 0 +2.453114633e+01 +2.453114633e+01 +1.040111463e+02 +1.040111463e+02 +1.4183e+00 -1.9115e+00 -2.4042e+00 +9.9830e-01 -2.7940e+00 +9.1948e-01 +6.4294e-01 -3.6222e-01 -4.2013e+00 -2.7485e+00 -5.0000e+00 +1.9220e+00 +1.7550e+00 -1.4082e-01 +3.6284e+00 +3.1431e+00 -1.8493e+00 -3.9281e+00 +4.7998e+00 +6.8175e-01
12428 0 +2.397318998e+01 +2.397318998e+01 +1.034531900e+02 +1.034531900e+02 +1.4183e+00 -1.9115e+00 -2.2291e+00 +9.9830e-01 -2.7940e+00 +9.1948e-01 +6.4294e-01 -3.6222e-01 -4.2013e+00 -2.7485e+00 -5.0000e+00 +1.9220e+00 +1.7550e+00 -1.4082e-01 +3.6284e+00 +3.1431e+00 -1.8493e+00 -3.9281e+00 +4.7998e+00 +6.8175e-01
12546 0 +2.334409560e+01 +2.334409560e+01 +1.028240956e+02 +1.028240956e+02 +1.4183e+00 -1.9115e+00 -2.0031e+00 +9.9830e-01 -2.7940e+00 +9.1948e-01 +6.4294e-01 -3.6222e-01 -4.2013e+00 -2.7485e+00 -5.0000e+00 +1.9220e+00 +1.7550e+00 -1.4082e-01 +3.6284e+00 +3.1431e+00 -1.8493e+00 -3.9281e+00 +4.7998e+00 +6.8175e-01
12660 0 +2.288355247e+01 +2.288355247e+01 +1.023635525e+02 +1.023635525e+02 +1.4183e+00 -1.9115e+00 -1.8082e+00 +9.9830e-01 -2.7940e+00 +9.1948e-01 +6.4294e-01 -3.6222e-01 -4.2013e+00 -2.7485e+00 -5.0000e+00 +1.9220e+00 +1.7550e+00 -1.4082e-01 +3.6284e+00 +3.1431e+00 -1.8493e+00 -3.9281e+00 +4.7998e+00 +6.8175e-01
12815 0 +2.238492565e+01 +2.238492565e+01 +1.018649257e+02 +1.018649257e+02 +1.4183e+00 -1.9115e+00 -1.5468e+00 +9.9830e-01 -2.7940e+00 +9.1948e-01 +6.4294e-01 -3.6222e-01 -4.2013e+00 -2.7485e+00 -5.0000e+00 +1.9220e+00 +1.7550e+00 -1.4082e-01 +3.6284e+00 +3.1431e+00 -1.8493e+00 -3.9281e+00 +4.7998e+00 +6.8175e-01
13002 0 +2.186460395e+01 +2.186460395e+01 +1.013446040e+02 +1.013446040e+02 +1.4183e+00 -1.9115e+00 -1.1198e+00 +9.9830e-01 -2.7940e+00 +9.1948e-01 +6.4294e-01 -3.6222e-01 -4.2013e+00 -2.7485e+00 -5.0000e+00 +1.9220e+00 +1.7550e+00 -1.4082e-01 +3.6284e+00 +3.1431e+00 -1.8493e+00 -3.9281e+00 +4.7998e+00 +6.8175e-01
