% f evaluations | g evaluations | best noise-free fitness - Fopt | noise-free fitness - Fopt (-4.620900000000e+02) | measured fitness | best measured fitness | x1 | x2...
1 0 +7.813013641e+02 +7.813013641e+02 +3.192113641e+02 +3.192113641e+02 +4.8925e+00 +1.4609e-01
2 0 +5.040006257e+01 +5.040006257e+01 -4.116899374e+02 -4.116899374e+02 -3.0519e+00 +1.1221e+00
3 0 +4.942963200e+01 +4.942963200e+01 -4.126603680e+02 -4.126603680e+02 -2.6126e-01 +3.2032e+00
15 0 +3.783977555e+01 +3.783977555e+01 -4.242502244e+02 -4.242502244e+02 +6.6177e-01 +1.0586e+00
16 0 +2.862937747e+01 +2.862937747e+01 -4.334606225e+02 -4.334606225e+02 +1.5593e+00 +3.4578e+00
30 0 +2.165736840e+01 +2.165736840e+01 -4.404326316e+02 -4.404326316e+02 +2.3608e+00 +1.9009e+00
51 0 +6.733187002e+00 +6.733187002e+00 -4.553568130e+02 -4.553568130e+02 +2.1707e+00 +1.9867e+00
54 0 +2.771508140e+00 +2.771508140e+00 -4.593184919e+02 -4.593184919e+02 +1.3345e+00 +2.5878e+00
156 0 +2.340050582e+00 +2.340050582e+00 -4.597499494e+02 -4.597499494e+02 +1.3149e+00 +2.6047e+00
173 0 +2.033452566e+00 +2.033452566e+00 -4.600565474e+02 -4.600565474e+02 +1.3445e+00 +2.6011e+00
229 0 +1.994049933e+00 +1.994049933e+00 -4.600959501e+02 -4.600959501e+02 +1.3439e+00 +2.6070e+00
% f evaluations | g evaluations | best noise-free fitness - Fopt | noise-free fitness - Fopt (7.766000000000e+01) | measured fitness | best measured fitness | x1 | x2...
1 0 +3.835668465e+01 +3.835668465e+01 +1.160166847e+02 +1.160166847e+02 -1.7495e+00 -7.4834e-01
19 0 +3.517381236e+01 +3.517381236e+01 +1.128338124e+02 +1.128338124e+02 +1.6538e+00 -1.2936e+00
29 0 +2.385050222e+01 +2.385050222e+01 +1.015105022e+02 +1.015105022e+02 +1.4466e+00 -1.3188e+00
51 0 +1.506939721e+01 +1.506939721e+01 +9.272939721e+01 +9.272939721e+01 +4.4794e-01 -1.0907e+00
73 0 +1.321297830e+01 +1.321297830e+01 +9.087297830e+01 +9.087297830e+01 +2.3532e+00 -6.3014e-01
77 0 +1.110332476e+01 +1.110332476e+01 +8.876332476e+01 +8.876332476e+01 +1.3052e+00 -9.2136e-01
80 0 +6.394512738e+00 +6.394512738e+00 +8.405451274e+01 +8.405451274e+01 +5.8859e-01 -8.6977e-01
126 0 +4.369053053e+00 +4.369053053e+00 +8.202905305e+01 +8.202905305e+01 +4.9756e-01 -8.6333e-01
155 0 +4.292663716e+00 +4.292663716e+00 +8.195266372e+01 +8.195266372e+01 +4.8729e-01 -8.4842e-01
174 0 +4.243431554e+00 +4.243431554e+00 +8.190343155e+01 +8.190343155e+01 +3.9554e-01 -8.6021e-01
183 0 +4.132900048e+00 +4.132900048e+00 +8.179290005e+01 +8.179290005e+01 +4.7998e-01 -8.5880e-01
216 0 +4.067790791e+00 +4.067790791e+00 +8.172779079e+01 +8.172779079e+01 +4.7141e-01 -8.5775e-01
315 0 +3.980985740e+00 +3.980985740e+00 +8.164098574e+01 +8.164098574e+01 +4.4187e-01 -8.5523e-01
% f evaluations | g evaluations | best noise-free fitness - Fopt | noise-free fitness - Fopt (1.156800000000e+02) | measured fitness | best measured fitness | x1 | x2...
1 0 +2.748676297e+02 +2.748676297e+02 +3.905476297e+02 +3.905476297e+02 +7.5687e-01 +3.9243e+00
3 0 +1.831572485e+01 +1.831572485e+01 +1.339957249e+02 +1.339957249e+02 -1.8483e+00 -6.9524e-01
16 0 +7.641774191e+00 +7.641774191e+00 +1.233217742e+02 +1.233217742e+02 +2.1887e+00 -3.7710e-01
81 0 +7.074109032e+00 +7.074109032e+00 +1.227541090e+02 +1.227541090e+02 +2.1296e+00 -4.2948e-01
84 0 +3.792501171e+00 +3.792501171e+00 +1.194725012e+02 +1.194725012e+02 +1.2040e+00 -1.0181e+00
133 0 +3.492534958e+00 +3.492534958e+00 +1.191725350e+02 +1.191725350e+02 +1.1206e+00 -1.0060e+00
161 0 +2.093168974e+00 +2.093168974e+00 +1.177731690e+02 +1.177731690e+02 +1.1705e+00 -1.0066e+00
178 0 +1.770545741e+00 +1.770545741e+00 +1.174505457e+02 +1.174505457e+02 +1.2088e+00 -9.9871e-01
192 0 +1.399609950e+00 +1.399609950e+00 +1.170796099e+02 +1.170796099e+02 +1.1538e+00 -9.9012e-01
213 0 +1.171926781e+00 +1.171926781e+00 +1.168519268e+02 +1.168519268e+02 +1.1617e+00 -9.8102e-01
228 0 +1.088554121e+00 +1.088554121e+00 +1.167685541e+02 +1.167685541e+02 +1.1919e+00 -9.8805e-01
234 0 +1.054688529e+00 +1.054688529e+00 +1.167346885e+02 +1.167346885e+02 +1.1815e+00 -9.8837e-01
276 0 +1.040196218e+00 +1.040196218e+00 +1.167201962e+02 +1.167201962e+02 +1.1787e+00 -9.8735e-01
291 0 +9.968381233e-01 +9.968381233e-01 +1.166768381e+02 +1.166768381e+02 +1.1833e+00 -9.8400e-01
% f evaluations | g evaluations | best noise-free fitness - Fopt | noise-free fitness - Fopt (-3.710000000000e+00) | measured fitness | best measured fitness | x1 | x2...
1 0 +6.111989599e+01 +6.111989599e+01 +5.740989599e+01 +5.740989599e+01 -2.8748e+00 -3.2956e+00
4 0 +4.820963692e+01 +4.820963692e+01 +4.449963692e+01 +4.449963692e+01 -1.4348e+00 -1.8988e+00
6 0 +2.817275799e+01 +2.817275799e+01 +2.446275799e+01 +2.446275799e+01 +9.2606e-01 -1.8418e+00
39 0 +9.062553490e+00 +9.062553490e+00 +5.352553490e+00 +5.352553490e+00 +1.3677e+00 -2.3205e+00
84 0 +8.179814685e+00 +8.179814685e+00 +4.469814685e+00 +4.469814685e+00 +1.3469e+00 -2.6104e+00
114 0 +7.646870484e+00 +7.646870484e+00 +3.936870484e+00 +3.936870484e+00 +2.0011e+00 -2.6104e+00
140 0 +5.404622752e+00 +5.404622752e+00 +1.694622752e+00 +1.694622752e+00 +1.2856e+00 -2.2976e+00
189 0 +4.845332591e+00 +4.845332591e+00 +1.135332591e+00 +1.135332591e+00 +1.2561e+00 -2.2996e+00
208 0 +4.629430574e+00 +4.629430574e+00 +9.194305737e-01 +9.194305737e-01 +1.2414e+00 -2.3010e+00
209 0 +4.424842233e+00 +4.424842233e+00 +7.148422333e-01 +7.148422333e-01 +1.2314e+00 -2.2940e+00
284 0 +4.301140790e+00 +4.301140790e+00 +5.911407898e-01 +5.911407898e-01 +1.2210e+00 -2.2935e+00
301 0 +4.185213377e+00 +4.185213377e+00 +4.752133770e-01 +4.752133770e-01 +1.2088e+00 -2.2932e+00
314 0 +4.152165565e+00 +4.152165565e+00 +4.421655655e-01 +4.421655655e-01 +1.2046e+00 -2.2931e+00
320 0 +4.073148216e+00 +4.073148216e+00 +3.631482158e-01 +3.631482158e-01 +1.1930e+00 -2.2930e+00
388 0 +3.980448165e+00 +3.980448165e+00 +2.704481652e-01 +2.704481652e-01 +1.1656e+00 -2.2948e+00
% f evaluations | g evaluations | best noise-free fitness - Fopt | noise-free fitness - Fopt (1.321800000000e+02) | measured fitness | best measured fitness | x1 | x2...
1 0 +1.740479640e+02 +1.740479640e+02 +3.062279640e+02 +3.062279640e+02 -3.6402e+00 -2.0406e+00
3 0 +7.413266745e+01 +7.413266745e+01 +2.063126674e+02 +2.063126674e+02 -9.8425e-01 +3.0411e+00
5 0 +4.422415518e+01 +4.422415518e+01 +1.764041552e+02 +1.764041552e+02 -1.2483e+00 +9.4162e-01
15 0 +3.716340959e+01 +3.716340959e+01 +1.693434096e+02 +1.693434096e+02 +1.0697e+00 +4.9134e-01
29 0 +3.315621696e+01 +3.315621696e+01 +1.653362170e+02 +1.653362170e+02 -1.2021e+00 +2.0374e+00
53 0 +3.142927461e+01 +3.142927461e+01 +1.636092746e+02 +1.636092746e+02 -1.1442e+00 +1.4471e+00
58 0 +2.673842564e+01 +2.673842564e+01 +1.589184256e+02 +1.589184256e+02 -8.8029e-02 +1.7314e+00
65 0 +1.707820821e+01 +1.707820821e+01 +1.492582082e+02 +1.492582082e+02 -2.0203e-01 +1.7794e+00
138 0 +1.607972347e+01 +1.607972347e+01 +1.482597235e+02 +1.482597235e+02 -2.0096e-01 +1.4911e+00
% f evaluations | g evaluations | best noise-free fitness - Fopt | noise-free fitness - Fopt (-3.930000000000e+01) | measured fitness | best measured fitness | x1 | x2...
1 0 +7.578142486e+01 +7.578142486e+01 +3.648142486e+01 +3.648142486e+01 +3.1111e+00 -2.4676e+00
2 0 +7.431077875e+01 +7.431077875e+01 +3.501077875e+01 +3.501077875e+01 -3.2130e+00 -2.1025e+00
4 0 +2.160753033e+01 +2.160753033e+01 -1.769246967e+01 -1.769246967e+01 +7.0809e-01 -1.7931e+00
8 0 +1.733078140e+01 +1.733078140e+01 -2.196921860e+01 -2.196921860e+01 +6.2939e-01 -5.3503e-01
30 0 +2.779786252e+00 +2.779786252e+00 -3.652021375e+01 -3.652021375e+01 +2.4609e+00 -1.2602e+00
106 0 +1.409815373e+00 +1.409815373e+00 -3.789018463e+01 -3.789018463e+01 +2.4447e+00 -1.2224e+00
121 0 +1.250729416e+00 +1.250729416e+00 -3.804927058e+01 -3.804927058e+01 +2.4620e+00 -1.2439e+00
144 0 +3.665033532e-02 +3.665033532e-02 -3.926334966e+01 -3.926334966e+01 +2.5270e+00 -1.2332e+00
197 0 +3.512318556e-02 +3.512318556e-02 -3.926487681e+01 -3.926487681e+01 +2.5325e+00 -1.2335e+00
210 0 +9.871405332e-03 +9.871405332e-03 -3.929012859e+01 -3.929012859e+01 +2.5336e+00 -1.2319e+00
269 0 +1.090355380e-05 +1.090355380e-05 -3.929998910e+01 -3.929998910e+01 +2.5334e+00 -1.2296e+00
376 0 +6.454150423e-06 +6.454150423e-06 -3.929999355e+01 -3.929999355e+01 +2.5334e+00 -1.2296e+00
382 0 +3.092783636e-06 +3.092783636e-06 -3.929999691e+01 -3.929999691e+01 +2.5336e+00 -1.2296e+00
423 0 +1.850889447e-06 +1.850889447e-06 -3.929999815e+01 -3.929999815e+01 +2.5336e+00 -1.2296e+00
436 0 +5.780961558e-07 +5.780961558e-07 -3.929999942e+01 -3.929999942e+01 +2.5336e+00 -1.2296e+00
437 0 +5.656666033e-07 +5.656666033e-07 -3.929999943e+01 -3.929999943e+01 +2.5336e+00 -1.2296e+00
469 0 +7.195619389e-08 +7.195619389e-08 -3.929999993e+01 -3.929999993e+01 +2.5336e+00 -1.2296e+00
516 0 +2.564131307e-08 +2.564131307e-08 -3.929999997e+01 -3.929999997e+01 +2.5336e+00 -1.2296e+00
521 0 +1.256098869e-08 +1.256098869e-08 -3.929999999e+01 -3.929999999e+01 +2.5336e+00 -1.2296e+00
566 0 +6.634707006e-09 +6.634707006e-09 -3.929999999e+01 -3.929999999e+01 +2.5336e+00 -1.2296e+00
1018 0 +0.000000000e+00 +0.000000000e+00 -3.930000000e+01 -3.930000000e+01 +2.5336e+00 -1.2296e+00
% f evaluations | g evaluations | best noise-free fitness - Fopt | noise-free fitness - Fopt (4.296000000000e+01) | measured fitness | best measured fitness | x1 | x2...
1 0 +8.245765381e+02 +8.245765381e+02 +8.675365381e+02 +8.675365381e+02 +4.0715e+00 +4.7179e+00
2 0 +5.681612852e+01 +5.681612852e+01 +9.977612852e+01 +9.977612852e+01 +2.1593e+00 +1.6718e+00
13 0 +3.414990215e+01 +3.414990215e+01 +7.710990215e+01 +7.710990215e+01 -1.6754e+00 +2.5482e+00
54 0 +2.162243879e+01 +2.162243879e+01 +6.458243879e+01 +6.458243879e+01 -7.8689e-01 +2.3523e+00
76 0 +1.368470606e+01 +1.368470606e+01 +5.664470606e+01 +5.664470606e+01 -6.6341e-01 +2.1056e+00
106 0 +1.231010775e+01 +1.231010775e+01 +5.527010775e+01 +5.527010775e+01 -6.8641e-01 +2.0757e+00
110 0 +1.031758785e+01 +1.031758785e+01 +5.327758785e+01 +5.327758785e+01 -3.9839e-01 +1.6744e+00
124 0 +5.544221959e+00 +5.544221959e+00 +4.850422196e+01 +4.850422196e+01 -4.6468e-01 +2.0601e+00
164 0 +4.464082677e+00 +4.464082677e+00 +4.742408268e+01 +4.742408268e+01 +5.5863e-01 +2.0795e+00
224 0 +2.597823632e+00 +2.597823632e+00 +4.555782363e+01 +4.555782363e+01 +1.5211e+00 +2.0525e+00
252 0 +2.496705134e+00 +2.496705134e+00 +4.545670513e+01 +4.545670513e+01 +5.1211e-01 +2.0597e+00
261 0 +2.077037370e+00 +2.077037370e+00 +4.503703737e+01 +4.503703737e+01 +5.1627e-01 +2.0492e+00
300 0 +2.038217294e+00 +2.038217294e+00 +4.499821729e+01 +4.499821729e+01 +5.1159e-01 +2.0469e+00
400 0 +1.994404796e+00 +1.994404796e+00 +4.495440480e+01 +4.495440480e+01 +5.1956e-01 +2.0428e+00
% f evaluations | g evaluations | best noise-free fitness - Fopt | noise-free fitness - Fopt (2.842200000000e+02) | measured fitness | best measured fitness | x1 | x2...
1 0 +2.656002723e+02 +2.656002723e+02 +5.498202723e+02 +5.498202723e+02 +2.9439e+00 +3.9865e+00
3 0 +4.649734978e+01 +4.649734978e+01 +3.307173498e+02 +3.307173498e+02 -6.6424e-01 +1.4841e+00
19 0 +1.208853860e+01 +1.208853860e+01 +2.963085386e+02 +2.963085386e+02 +1.0356e-01 +3.1964e-02
66 0 +7.547192589e+00 +7.547192589e+00 +2.917671926e+02 +2.917671926e+02 +3.0752e-01 -2.4177e-01
115 0 +4.641176462e+00 +4.641176462e+00 +2.888611765e+02 +2.888611765e+02 +1.7156e-01 -2.0030e-01
162 0 +4.087525732e+00 +4.087525732e+00 +2.883075257e+02 +2.883075257e+02 +1.6444e-01 -2.2408e-01
212 0 +4.024437883e+00 +4.024437883e+00 +2.882444379e+02 +2.882444379e+02 +1.6539e-01 -2.1854e-01
327 0 +3.980592726e+00 +3.980592726e+00 +2.882005927e+02 +2.882005927e+02 +1.4604e-01 -2.1882e-01
% f evaluations | g evaluations | best noise-free fitness - Fopt | noise-free fitness - Fopt (-3.217000000000e+01) | measured fitness | best measured fitness | x1 | x2...
1 0 +5.166126049e+02 +5.166126049e+02 +4.844426049e+02 +4.844426049e+02 +2.9964e+00 -3.5020e+00
2 0 +1.997388194e+02 +1.997388194e+02 +1.675688194e+02 +1.675688194e+02 -2.2103e+00 -2.1825e+00
4 0 +4.493108970e+01 +4.493108970e+01 +1.276108970e+01 +1.276108970e+01 -1.7077e+00 +3.4737e+00
7 0 +2.593918805e+01 +2.593918805e+01 -6.230811952e+00 -6.230811952e+00 -5.8489e-01 +1.4066e+00
54 0 +2.512235170e+01 +2.512235170e+01 -7.047648302e+00 -7.047648302e+00 -8.2527e-01 +8.6743e-01
56 0 +1.948795332e+01 +1.948795332e+01 -1.268204668e+01 -1.268204668e+01 -1.6134e+00 +1.4769e+00
60 0 +1.904690050e+01 +1.904690050e+01 -1.312309950e+01 -1.312309950e+01 -6.0455e-01 +1.6378e+00
61 0 +1.378955963e+01 +1.378955963e+01 -1.838044037e+01 -1.838044037e+01 -4.1063e-01 +2.1003e+00
74 0 +9.674065652e+00 +9.674065652e+00 -2.249593435e+01 -2.249593435e+01 +5.3518e-01 +1.2083e+00
129 0 +4.333924075e+00 +4.333924075e+00 -2.783607592e+01 -2.783607592e+01 +5.2768e-01 +1.8300e+00
149 0 +1.731501895e+00 +1.731501895e+00 -3.043849811e+01 -3.043849811e+01 +1.3516e+00 +1.8440e+00
199 0 +6.174302576e-01 +6.174302576e-01 -3.155256974e+01 -3.155256974e+01 +1.3959e+00 +1.8471e+00
211 0 +3.769426308e-01 +3.769426308e-01 -3.179305737e+01 -3.179305737e+01 +1.4080e+00 +1.8587e+00
215 0 +2.659709575e-01 +2.659709575e-01 -3.190402904e+01 -3.190402904e+01 +1.4122e+00 +1.8524e+00
261 0 +5.217892370e-02 +5.217892370e-02 -3.211782108e+01 -3.211782108e+01 +1.4316e+00 +1.8525e+00
317 0 +1.334044430e-02 +1.334044430e-02 -3.215665956e+01 -3.215665956e+01 +1.4410e+00 +1.8525e+00
331 0 +6.476348413e-03 +6.476348413e-03 -3.216352365e+01 -3.216352365e+01 +1.4438e+00 +1.8528e+00
336 0 +4.009531938e-03 +4.009531938e-03 -3.216599047e+01 -3.216599047e+01 +1.4423e+00 +1.8544e+00
376 0 +2.238382754e-03 +2.238382754e-03 -3.216776162e+01 -3.216776162e+01 +1.4432e+00 +1.8543e+00
384 0 +2.172939763e-03 +2.172939763e-03 -3.216782706e+01 -3.216782706e+01 +1.4433e+00 +1.8542e+00
389 0 +1.670047029e-03 +1.670047029e-03 -3.216832995e+01 -3.216832995e+01 +1.4437e+00 +1.8548e+00
400 0 +1.267233681e-03 +1.267233681e-03 -3.216873277e+01 -3.216873277e+01 +1.4444e+00 +1.8539e+00
417 0 +1.697500387e-04 +1.697500387e-04 -3.216983025e+01 -3.216983025e+01 +1.4457e+00 +1.8546e+00
456 0 +1.498198329e-04 +1.498198329e-04 -3.216985018e+01 -3.216985018e+01 +1.4459e+00 +1.8542e+00
469 0 +6.880747375e-05 +6.880747375e-05 -3.216993119e+01 -3.216993119e+01 +1.4460e+00 +1.8543e+00
506 0 +5.337070645e-05 +5.337070645e-05 -3.216994663e+01 -3.216994663e+01 +1.4459e+00 +1.8544e+00
525 0 +3.193773389e-05 +3.193773389e-05 -3.216996806e+01 -3.216996806e+01 +1.4464e+00 +1.8543e+00
526 0 +2.162072443e-05 +2.162072443e-05 -3.216997838e+01 -3.216997838e+01 +1.4461e+00 +1.8544e+00
534 0 +2.099145071e-05 +2.099145071e-05 -3.216997901e+01 -3.216997901e+01 +1.4462e+00 +1.8545e+00
535 0 +2.022733221e-05 +2.022733221e-05 -3.216997977e+01 -3.216997977e+01 +1.4461e+00 +1.8545e+00
538 0 +1.278103756e-05 +1.278103756e-05 -3.216998722e+01 -3.216998722e+01 +1.4461e+00 +1.8544e+00
548 0 +3.569121745e-07 +3.569121745e-07 -3.216999964e+01 -3.216999964e+01 +1.4464e+00 +1.8544e+00
578 0 +1.007713379e-07 +1.007713379e-07 -3.216999990e+01 -3.216999990e+01 +1.4464e+00 +1.8544e+00
626 0 +1.338539590e-08 +1.338539590e-08 -3.216999999e+01 -3.216999999e+01 +1.4464e+00 +1.8544e+00
628 0 +1.257935622e-08 +1.257935622e-08 -3.216999999e+01 -3.216999999e+01 +1.4464e+00 +1.8544e+00
643 0 +3.224592149e-09 +3.224592149e-09 -3.217000000e+01 -3.217000000e+01 +1.4464e+00 +1.8544e+00
1054 0 +0.000000000e+00 +0.000000000e+00 -3.217000000e+01 -3.217000000e+01 +1.4464e+00 +1.8544e+00
% f evaluations | g evaluations | best noise-free fitness - Fopt | noise-free fitness - Fopt (-5.858000000000e+01) | measured fitness | best measured fitness | x1 | x2...
1 0 +5.431124184e+02 +5.431124184e+02 +4.845324184e+02 +4.845324184e+02 -2.8185e-01 +4.4453e+00
2 0 +4.766273234e+02 +4.766273234e+02 +4.180473234e+02 +4.180473234e+02 -3.6937e+00 +3.9324e+00
3 0 +1.320831998e+02 +1.320831998e+02 +7.350319983e+01 +7.350319983e+01 +1.2211e+00 +5.5514e-01
4 0 +6.174537054e+01 +6.174537054e+01 +3.165370537e+00 +3.165370537e+00 +1.1824e+00 -3.8053e+00
7 0 +2.139896351e+01 +2.139896351e+01 -3.718103649e+01 -3.718103649e+01 -2.5826e-01 -3.2165e+00
11 0 +1.893374217e+01 +1.893374217e+01 -3.964625783e+01 -3.964625783e+01 +1.6984e+00 -3.4270e+00
57 0 +1.704277731e+01 +1.704277731e+01 -4.153722269e+01 -4.153722269e+01 +2.7779e+00 -3.4929e+00
90 0 +1.536318135e+01 +1.536318135e+01 -4.321681865e+01 -4.321681865e+01 +2.4516e+00 -2.8887e+00
107 0 +1.192888735e+01 +1.192888735e+01 -4.665111265e+01 -4.665111265e+01 +2.5014e+00 -2.7444e+00
109 0 +1.214077163e+00 +1.214077163e+00 -5.736592284e+01 -5.736592284e+01 +2.5043e+00 -2.5068e+00
156 0 +6.864265800e-01 +6.864265800e-01 -5.789357342e+01 -5.789357342e+01 +2.5439e+00 -2.4967e+00
170 0 +5.404105045e-01 +5.404105045e-01 -5.803958950e+01 -5.803958950e+01 +2.5430e+00 -2.5122e+00
200 0 +6.628158285e-02 +6.628158285e-02 -5.851371842e+01 -5.851371842e+01 +2.5749e+00 -2.5041e+00
220 0 +1.283972757e-02 +1.283972757e-02 -5.856716027e+01 -5.856716027e+01 +2.5843e+00 -2.5089e+00
261 0 +5.668525399e-03 +5.668525399e-03 -5.857433147e+01 -5.857433147e+01 +2.5863e+00 -2.5082e+00
320 0 +3.846762999e-03 +3.846762999e-03 -5.857615324e+01 -5.857615324e+01 +2.5876e+00 -2.5083e+00
325 0 +2.706081680e-04 +2.706081680e-04 -5.857972939e+01 -5.857972939e+01 +2.5905e+00 -2.5073e+00
387 0 +1.426017892e-04 +1.426017892e-04 -5.857985740e+01 -5.857985740e+01 +2.5899e+00 -2.5074e+00
421 0 +8.002543268e-05 +8.002543268e-05 -5.857991997e+01 -5.857991997e+01 +2.5898e+00 -2.5072e+00
457 0 +2.153354610e-05 +2.153354610e-05 -5.857997847e+01 -5.857997847e+01 +2.5902e+00 -2.5073e+00
467 0 +1.620366196e-05 +1.620366196e-05 -5.857998380e+01 -5.857998380e+01 +2.5902e+00 -2.5073e+00
477 0 +9.851460334e-06 +9.851460334e-06 -5.857999015e+01 -5.857999015e+01 +2.5902e+00 -2.5072e+00
481 0 +3.359194423e-06 +3.359194423e-06 -5.857999664e+01 -5.857999664e+01 +2.5903e+00 -2.5072e+00
483 0 +1.086231521e-06 +1.086231521e-06 -5.857999891e+01 -5.857999891e+01 +2.5904e+00 -2.5072e+00
532 0 +7.197625891e-07 +7.197625891e-07 -5.857999928e+01 -5.857999928e+01 +2.5904e+00 -2.5072e+00
585 0 +3.976374714e-07 +3.976374714e-07 -5.857999960e+01 -5.857999960e+01 +2.5904e+00 -2.5072e+00
587 0 +9.789168587e-09 +9.789168587e-09 -5.857999999e+01 -5.857999999e+01 +2.5904e+00 -2.5072e+00
1024 0 +0.000000000e+00 +0.000000000e+00 -5.858000000e+01 -5.858000000e+01 +2.5904e+00 -2.5072e+00
% f evaluations | g evaluations | best noise-free fitness - Fopt | noise-free fitness - Fopt (-6.049200000000e+02) | measured fitness | best measured fitness | x1 | x2...
1 0 +2.955473401e+02 +2.955473401e+02 -3.093726599e+02 -3.093726599e+02 +8.0104e-01 +4.4133e+00
2 0 +1.781568374e+02 +1.781568374e+02 -4.267631626e+02 -4.267631626e+02 -3.2784e+00 -4.7304e+00
3 0 +3.338328393e+01 +3.338328393e+01 -5.715367161e+02 -5.715367161e+02 -2.9249e+00 -2.4146e-01
6 0 +3.038337024e+01 +3.038337024e+01 -5.745366298e+02 -5.745366298e+02 -2.7085e+00 -4.3642e-01
40 0 +1.162689568e+01 +1.162689568e+01 -5.932931043e+02 -5.932931043e+02 -7.0254e-01 -9.8347e-01
55 0 +8.012727010e+00 +8.012727010e+00 -5.969072730e+02 -5.969072730e+02 -2.7733e-02 -9.4907e-01
60 0 +4.601200338e+00 +4.601200338e+00 -6.003187997e+02 -6.003187997e+02 +8.4899e-01 -1.0154e+00
146 0 +1.742832554e+00 +1.742832554e+00 -6.031771674e+02 -6.031771674e+02 -3.5792e-02 -1.0252e+00
147 0 +4.404633078e-01 +4.404633078e-01 -6.044795367e+02 -6.044795367e+02 +9.5615e-01 -1.0111e+00
166 0 +4.041135174e-01 +4.041135174e-01 -6.045158865e+02 -6.045158865e+02 +9.5970e-01 -1.0092e+00
207 0 +1.231205106e-01 +1.231205106e-01 -6.047968795e+02 -6.047968795e+02 +9.8292e-01 -1.0088e+00
215 0 +1.023884913e-01 +1.023884913e-01 -6.048176115e+02 -6.048176115e+02 +9.8921e-01 -1.0083e+00
259 0 +9.114835637e-02 +9.114835637e-02 -6.048288516e+02 -6.048288516e+02 +9.9342e-01 -1.0084e+00
283 0 +5.340434683e-02 +5.340434683e-02 -6.048665957e+02 -6.048665957e+02 +9.8946e-01 -1.0111e+00
311 0 +2.464852745e-02 +2.464852745e-02 -6.048953515e+02 -6.048953515e+02 +9.9025e-01 -1.0124e+00
337 0 +2.414466403e-02 +2.414466403e-02 -6.048958553e+02 -6.048958553e+02 +9.9384e-01 -1.0119e+00
338 0 +2.059983237e-02 +2.059983237e-02 -6.048994002e+02 -6.048994002e+02 +9.9082e-01 -1.0131e+00
339 0 +1.889722649e-02 +1.889722649e-02 -6.049011028e+02 -6.049011028e+02 +9.9341e-01 -1.0125e+00
350 0 +1.789145718e-02 +1.789145718e-02 -6.049021085e+02 -6.049021085e+02 +9.8977e-01 -1.0135e+00
363 0 +1.664194597e-02 +1.664194597e-02 -6.049033581e+02 -6.049033581e+02 +9.8996e-01 -1.0136e+00
379 0 +1.593043604e-02 +1.593043604e-02 -6.049040696e+02 -6.049040696e+02 +9.8917e-01 -1.0144e+00
387 0 +1.234351599e-02 +1.234351599e-02 -6.049076565e+02 -6.049076565e+02 +9.8989e-01 -1.0155e+00
392 0 +7.465694076e-03 +7.465694076e-03 -6.049125343e+02 -6.049125343e+02 +9.9224e-01 -1.0150e+00
418 0 +7.219203060e-03 +7.219203060e-03 -6.049127808e+02 -6.049127808e+02 +9.9244e-01 -1.0149e+00
425 0 +6.050536975e-03 +6.050536975e-03 -6.049139495e+02 -6.049139495e+02 +9.9353e-01 -1.0157e+00
431 0 +5.071533610e-03 +5.071533610e-03 -6.049149285e+02 -6.049149285e+02 +9.9404e-01 -1.0147e+00
438 0 +4.436487507e-03 +4.436487507e-03 -6.049155635e+02 -6.049155635e+02 +9.9410e-01 -1.0153e+00
467 0 +3.162270247e-03 +3.162270247e-03 -6.049168377e+02 -6.049168377e+02 +9.9503e-01 -1.0157e+00
469 0 +2.070242999e-03 +2.070242999e-03 -6.049179298e+02 -6.049179298e+02 +9.9529e-01 -1.0154e+00
479 0 +6.614061767e-04 +6.614061767e-04 -6.049193386e+02 -6.049193386e+02 +9.9652e-01 -1.0152e+00
497 0 +2.381613714e-04 +2.381613714e-04 -6.049197618e+02 -6.049197618e+02 +9.9732e-01 -1.0153e+00
520 0 +9.938836274e-05 +9.938836274e-05 -6.049199006e+02 -6.049199006e+02 +9.9769e-01 -1.0152e+00
522 0 +9.143440082e-05 +9.143440082e-05 -6.049199086e+02 -6.049199086e+02 +9.9779e-01 -1.0153e+00
537 0 +5.312306916e-05 +5.312306916e-05 -6.049199469e+02 -6.049199469e+02 +9.9806e-01 -1.0153e+00
547 0 +3.435269457e-05 +3.435269457e-05 -6.049199656e+02 -6.049199656e+02 +9.9844e-01 -1.0152e+00
557 0 +1.376443640e-05 +1.376443640e-05 -6.049199862e+02 -6.049199862e+02 +9.9841e-01 -1.0153e+00
578 0 +1.255782490e-05 +1.255782490e-05 -6.049199874e+02 -6.049199874e+02 +9.9831e-01 -1.0153e+00
586 0 +7.105501481e-06 +7.105501481e-06 -6.049199929e+02 -6.049199929e+02 +9.9841e-01 -1.0153e+00
624 0 +1.997600748e-06 +1.997600748e-06 -6.049199980e+02 -6.049199980e+02 +9.9835e-01 -1.0152e+00
678 0 +1.441016479e-06 +1.441016479e-06 -6.049199986e+02 -6.049199986e+02 +9.9835e-01 -1.0152e+00
687 0 +1.358416512e-06 +1.358416512e-06 -6.049199986e+02 -6.049199986e+02 +9.9839e-01 -1.0152e+00
696 0 +1.044167789e-06 +1.044167789e-06 -6.049199990e+02 -6.049199990e+02 +9.9839e-01 -1.0152e+00
697 0 +4.600775583e-07 +4.600775583e-07 -6.049199995e+02 -6.049199995e+02 +9.9836e-01 -1.0152e+00
706 0 +2.977333224e-08 +2.977333224e-08 -6.049200000e+02 -6.049200000e+02 +9.9840e-01 -1.0152e+00
736 0 +1.640819391e-08 +1.640819391e-08 -6.049200000e+02 -6.049200000e+02 +9.9840e-01 -1.0152e+00
768 0 +5.485048860e-09 +5.485048860e-09 -6.049200000e+02 -6.049200000e+02 +9.9840e-01 -1.0152e+00
1052 0 +0.000000000e+00 +0.000000000e+00 -6.049200000e+02 -6.049200000e+02 +9.9840e-01 -1.0152e+00
% f evaluations | g evaluations | best noise-free fitness - Fopt | noise-free fitness - Fopt (1.337000000000e+02) | measured fitness | best measured fitness | x1 | x2...
1 0 +3.902839262e+02 +3.902839262e+02 +5.239839262e+02 +5.239839262e+02 +4.1443e+00 +4.5841e+00
2 0 +1.114324495e+02 +1.114324495e+02 +2.451324495e+02 +2.451324495e+02 -2.3865e+00 +3.7435e+00
3 0 +5.419106530e+01 +5.419106530e+01 +1.878910653e+02 +1.878910653e+02 -2.6742e+00 -1.5423e-01
4 0 +4.821642818e+01 +4.821642818e+01 +1.819164282e+02 +1.819164282e+02 +2.7643e+00 -3.3897e-01
18 0 +2.777011064e+01 +2.777011064e+01 +1.614701106e+02 +1.614701106e+02 +1.8365e+00 -8.7050e-03
54 0 +2.661929513e+01 +2.661929513e+01 +1.603192951e+02 +1.603192951e+02 +1.2378e+00 +9.4406e-03
55 0 +1.596690862e+01 +1.596690862e+01 +1.496669086e+02 +1.496669086e+02 +1.3899e+00 +1.9553e-01
73 0 +1.439281008e+01 +1.439281008e+01 +1.480928101e+02 +1.480928101e+02 +6.0243e-01 +8.6969e-01
85 0 +1.358787900e+01 +1.358787900e+01 +1.472878790e+02 +1.472878790e+02 +3.3169e-01 +1.3357e+00
94 0 +1.193418836e+01 +1.193418836e+01 +1.456341884e+02 +1.456341884e+02 +2.3560e+00 -1.2385e-02
110 0 +9.506920827e+00 +9.506920827e+00 +1.432069208e+02 +1.432069208e+02 +2.4765e+00 -1.7339e-02
132 0 +8.518857724e+00 +8.518857724e+00 +1.422188577e+02 +1.422188577e+02 +2.3437e+00 +2.9462e-01
159 0 +7.841394061e+00 +7.841394061e+00 +1.415413941e+02 +1.415413941e+02 +2.3390e+00 +2.6241e-01
173 0 +4.206452852e+00 +4.206452852e+00 +1.379064529e+02 +1.379064529e+02 +2.3466e+00 +9.3367e-01
187 0 +2.159461441e+00 +2.159461441e+00 +1.358594614e+02 +1.358594614e+02 +2.4200e+00 +6.2964e-01
208 0 +1.288370016e+00 +1.288370016e+00 +1.349883700e+02 +1.349883700e+02 +2.4490e+00 +6.5231e-01
243 0 +9.722030548e-01 +9.722030548e-01 +1.346722031e+02 +1.346722031e+02 +2.4023e+00 +9.6189e-01
276 0 +8.690020123e-01 +8.690020123e-01 +1.345690020e+02 +1.345690020e+02 +2.4096e+00 +9.6261e-01
312 0 +7.723759179e-01 +7.723759179e-01 +1.344723759e+02 +1.344723759e+02 +2.4098e+00 +9.4994e-01
325 0 +7.283667060e-01 +7.283667060e-01 +1.344283667e+02 +1.344283667e+02 +2.4127e+00 +9.5883e-01
336 0 +6.931339091e-01 +6.931339091e-01 +1.343931339e+02 +1.343931339e+02 +2.4155e+00 +9.5905e-01
342 0 +6.899123792e-01 +6.899123792e-01 +1.343899124e+02 +1.343899124e+02 +2.4128e+00 +9.5642e-01
364 0 +6.567104624e-01 +6.567104624e-01 +1.343567105e+02 +1.343567105e+02 +2.4157e+00 +9.5745e-01
375 0 +6.409195978e-01 +6.409195978e-01 +1.343409196e+02 +1.343409196e+02 +2.4158e+00 +9.5479e-01
391 0 +7.282251599e-02 +7.282251599e-02 +1.337728225e+02 +1.337728225e+02 +2.4577e+00 +9.5648e-01
416 0 +1.251578368e-02 +1.251578368e-02 +1.337125158e+02 +1.337125158e+02 +2.4735e+00 +9.5664e-01
420 0 +3.101815042e-03 +3.101815042e-03 +1.337031018e+02 +1.337031018e+02 +2.4733e+00 +9.5544e-01
468 0 +7.711319775e-04 +7.711319775e-04 +1.337007711e+02 +1.337007711e+02 +2.4732e+00 +9.5454e-01
476 0 +6.136609754e-04 +6.136609754e-04 +1.337006137e+02 +1.337006137e+02 +2.4738e+00 +9.5406e-01
479 0 +5.488727533e-04 +5.488727533e-04 +1.337005489e+02 +1.337005489e+02 +2.4747e+00 +9.5490e-01
511 0 +3.761746617e-04 +3.761746617e-04 +1.337003762e+02 +1.337003762e+02 +2.4738e+00 +9.5434e-01
527 0 +2.555990324e-04 +2.555990324e-04 +1.337002556e+02 +1.337002556e+02 +2.4741e+00 +9.5428e-01
532 0 +1.336934785e-04 +1.336934785e-04 +1.337001337e+02 +1.337001337e+02 +2.4746e+00 +9.5422e-01
535 0 +8.318179451e-05 +8.318179451e-05 +1.337000832e+02 +1.337000832e+02 +2.4750e+00 +9.5419e-01
558 0 +6.652827176e-05 +6.652827176e-05 +1.337000665e+02 +1.337000665e+02 +2.4748e+00 +9.5454e-01
572 0 +3.405790164e-05 +3.405790164e-05 +1.337000341e+02 +1.337000341e+02 +2.4752e+00 +9.5454e-01
583 0 +3.218905644e-05 +3.218905644e-05 +1.337000322e+02 +1.337000322e+02 +2.4750e+00 +9.5429e-01
595 0 +6.998853678e-06 +6.998853678e-06 +1.337000070e+02 +1.337000070e+02 +2.4750e+00 +9.5442e-01
625 0 +3.937669078e-06 +3.937669078e-06 +1.337000039e+02 +1.337000039e+02 +2.4752e+00 +9.5444e-01
629 0 +2.968743615e-06 +2.968743615e-06 +1.337000030e+02 +1.337000030e+02 +2.4751e+00 +9.5440e-01
640 0 +5.198654662e-08 +5.198654662e-08 +1.337000001e+02 +1.337000001e+02 +2.4752e+00 +9.5440e-01
696 0 +1.764709623e-08 +1.764709623e-08 +1.337000000e+02 +1.337000000e+02 +2.4752e+00 +9.5440e-01
732 0 +1.384904635e-08 +1.384904635e-08 +1.337000000e+02 +1.337000000e+02 +2.4752e+00 +9.5440e-01
733 0 +7.193506235e-09 +7.193506235e-09 +1.337000000e+02 +1.337000000e+02 +2.4752e+00 +9.5440e-01
1051 0 +0.000000000e+00 +0.000000000e+00 +1.337000000e+02 +1.337000000e+02 +2.4752e+00 +9.5440e-01
% f evaluations | g evaluations | best noise-free fitness - Fopt | noise-free fitness - Fopt (-2.098000000000e+01) | measured fitness | best measured fitness | x1 | x2...
1 0 +8.941804910e+01 +8.941804910e+01 +6.843804910e+01 +6.843804910e+01 -3.6392e+00 +6.0132e-01
3 0 +3.553868038e+01 +3.553868038e+01 +1.455868038e+01 +1.455868038e+01 -1.0343e+00 +4.5468e-01
21 0 +1.938747626e+01 +1.938747626e+01 -1.592523738e+00 -1.592523738e+00 +1.7818e+00 +1.8465e+00
72 0 +9.229784247e+00 +9.229784247e+00 -1.175021575e+01 -1.175021575e+01 +3.6516e-02 +1.5699e+00
112 0 +7.240679600e+00 +7.240679600e+00 -1.373932040e+01 -1.373932040e+01 +2.5239e-01 +1.6176e+00
152 0 +6.197632741e+00 +6.197632741e+00 -1.478236726e+01 -1.478236726e+01 +2.9436e-02 +1.5934e+00
172 0 +5.266338819e+00 +5.266338819e+00 -1.571366118e+01 -1.571366118e+01 +5.0286e-02 +1.6099e+00
235 0 +4.982125485e+00 +4.982125485e+00 -1.599787451e+01 -1.599787451e+01 +1.1041e-01 +1.6082e+00
% f evaluations | g evaluations | best noise-free fitness - Fopt | noise-free fitness - Fopt (1.353300000000e+02) | measured fitness | best measured fitness | x1 | x2...
1 0 +4.367744251e+01 +4.367744251e+01 +1.790074425e+02 +1.790074425e+02 -3.1166e+00 -9.7631e-01
4 0 +1.801386778e+01 +1.801386778e+01 +1.533438678e+02 +1.533438678e+02 -1.1571e+00 +2.7313e-01
55 0 +1.684140031e+01 +1.684140031e+01 +1.521714003e+02 +1.521714003e+02 -1.0895e+00 +3.8143e-01
63 0 +1.340359789e+01 +1.340359789e+01 +1.487335979e+02 +1.487335979e+02 -1.5821e+00 +2.8136e-01
87 0 +8.401394234e+00 +8.401394234e+00 +1.437313942e+02 +1.437313942e+02 -1.3136e+00 +2.9752e-01
110 0 +8.271345106e+00 +8.271345106e+00 +1.436013451e+02 +1.436013451e+02 -1.2397e+00 +3.4751e-01
137 0 +7.443975496e+00 +7.443975496e+00 +1.427739755e+02 +1.427739755e+02 -1.3211e+00 +3.6530e-01
152 0 +6.501792451e+00 +6.501792451e+00 +1.418317925e+02 +1.418317925e+02 -1.5329e+00 +3.2553e-01
156 0 +5.413604767e+00 +5.413604767e+00 +1.407436048e+02 +1.407436048e+02 -1.4767e+00 +3.2789e-01
157 0 +5.241189392e+00 +5.241189392e+00 +1.405711894e+02 +1.405711894e+02 -1.4040e+00 +3.4172e-01
162 0 +5.098372307e+00 +5.098372307e+00 +1.404283723e+02 +1.404283723e+02 -1.3888e+00 +3.2372e-01
213 0 +4.990852189e+00 +4.990852189e+00 +1.403208522e+02 +1.403208522e+02 -1.3997e+00 +3.3090e-01
290 0 +3.996989234e+00 +3.996989234e+00 +1.393269892e+02 +1.393269892e+02 -1.4228e+00 +2.2696e-02
779 0 +3.980912988e+00 +3.980912988e+00 +1.393109130e+02 +1.393109130e+02 -1.4143e+00 +2.4020e-02
% f evaluations | g evaluations | best noise-free fitness - Fopt | noise-free fitness - Fopt (4.066000000000e+01) | measured fitness | best measured fitness | x1 | x2...
1 0 +2.528818665e+02 +2.528818665e+02 +2.935418665e+02 +2.935418665e+02 -4.4977e+00 -3.1775e+00
2 0 +7.162086208e+01 +7.162086208e+01 +1.122808621e+02 +1.122808621e+02 -3.9583e+00 +1.7865e+00
6 0 +4.280608862e+01 +4.280608862e+01 +8.346608862e+01 +8.346608862e+01 +9.6315e-01 +3.1695e+00
38 0 +3.914997969e+01 +3.914997969e+01 +7.980997969e+01 +7.980997969e+01 +1.3332e+00 +2.8947e+00
48 0 +1.316943976e+01 +1.316943976e+01 +5.382943976e+01 +5.382943976e+01 +1.2435e+00 +5.1511e-01
63 0 +1.186680618e+01 +1.186680618e+01 +5.252680618e+01 +5.252680618e+01 +1.9186e+00 +5.5255e-01
87 0 +5.584648669e+00 +5.584648669e+00 +4.624464867e+01 +4.624464867e+01 +1.1166e+00 +9.5224e-01
126 0 +5.045211217e+00 +5.045211217e+00 +4.570521122e+01 +4.570521122e+01 +1.1085e+00 +9.4193e-01
183 0 +4.919436975e+00 +4.919436975e+00 +4.557943698e+01 +4.557943698e+01 +1.0356e+00 +1.2651e+00
218 0 +4.517621633e+00 +4.517621633e+00 +4.517762163e+01 +4.517762163e+01 +1.0361e+00 +1.2372e+00
240 0 +4.383428585e+00 +4.383428585e+00 +4.504342859e+01 +4.504342859e+01 +1.0337e+00 +1.2497e+00
254 0 +4.206196117e+00 +4.206196117e+00 +4.486619612e+01 +4.486619612e+01 +1.0489e+00 +1.2484e+00
278 0 +4.092235604e+00 +4.092235604e+00 +4.475223560e+01 +4.475223560e+01 +1.0631e+00 +1.2485e+00
316 0 +4.064854332e+00 +4.064854332e+00 +4.472485433e+01 +4.472485433e+01 +1.0672e+00 +1.2480e+00
370 0 +3.980974891e+00 +3.980974891e+00 +4.464097489e+01 +4.464097489e+01 +1.0942e+00 +1.2466e+00
