% f evaluations | g evaluations | best noise-free fitness - Fopt | noise-free fitness - Fopt (-5.465000000000e+02) | measured fitness | best measured fitness | x1 | x2...
1 0 +1.458639348e+03 +1.458639348e+03 +9.121393485e+02 +9.121393485e+02 -3.9761e+00 -1.9993e-01
2 0 +5.348342927e+02 +5.348342927e+02 -1.166570726e+01 -1.166570726e+01 -3.6226e+00 +1.7861e-01
3 0 +2.208328550e+01 +2.208328550e+01 -5.244167145e+02 -5.244167145e+02 -2.6924e+00 +1.5035e+00
29 0 +4.890791948e+00 +4.890791948e+00 -5.416092081e+02 -5.416092081e+02 +5.0962e-01 +1.4966e+00
39 0 +3.025556690e+00 +3.025556690e+00 -5.434744433e+02 -5.434744433e+02 -2.0328e-01 +1.4749e+00
40 0 +2.494612673e+00 +2.494612673e+00 -5.440053873e+02 -5.440053873e+02 +2.5255e+00 +2.8884e+00
60 0 +1.172794054e+00 +1.172794054e+00 -5.453272059e+02 -5.453272059e+02 +2.5245e+00 +3.2641e+00
210 0 +1.130582167e+00 +1.130582167e+00 -5.453694178e+02 -5.453694178e+02 +2.5105e+00 +3.2639e+00
315 0 +1.121777135e+00 +1.121777135e+00 -5.453782229e+02 -5.453782229e+02 +2.5119e+00 +3.2606e+00
