% f evaluations | g evaluations | best noise-free fitness - Fopt | noise-free fitness - Fopt (-4.620900000000e+02) | measured fitness | best measured fitness | x1 | x2...
1 0 +1.185047208e+02 +1.185047208e+02 -3.435852792e+02 -3.435852792e+02 -2.0918e-01 -4.8810e-01
6 0 +2.752207761e+01 +2.752207761e+01 -4.345679224e+02 -4.345679224e+02 -1.5564e+00 +1.3192e+00
47 0 +2.437666271e+01 +2.437666271e+01 -4.377133373e+02 -4.377133373e+02 +2.1899e+00 +3.4173e+00
57 0 +2.125696071e+01 +2.125696071e+01 -4.408330393e+02 -4.408330393e+02 +2.2561e+00 +3.4854e+00
63 0 +1.352025726e+01 +1.352025726e+01 -4.485697427e+02 -4.485697427e+02 +2.3655e+00 +2.6391e+00
147 0 +1.064929871e+01 +1.064929871e+01 -4.514407013e+02 -4.514407013e+02 +2.4244e+00 +1.6274e+00
208 0 +1.872280441e+00 +1.872280441e+00 -4.602177196e+02 -4.602177196e+02 +2.3051e+00 +2.5896e+00
413 0 +9.979747950e-01 +9.979747950e-01 -4.610920252e+02 -4.610920252e+02 +2.3405e+00 +2.6044e+00
% f evaluations | g evaluations | best noise-free fitness - Fopt | noise-free fitness - Fopt (7.766000000000e+01) | measured fitness | best measured fitness | x1 | x2...
1 0 +7.198348711e+01 +7.198348711e+01 +1.496434871e+02 +1.496434871e+02 +1.8265e-01 +1.1769e+00
3 0 +7.017233569e+01 +7.017233569e+01 +1.478323357e+02 +1.478323357e+02 -4.7503e+00 -1.4306e+00
4 0 +4.944794597e+01 +4.944794597e+01 +1.271079460e+02 +1.271079460e+02 +1.0970e+00 +2.2845e-01
25 0 +2.846039691e+01 +2.846039691e+01 +1.061203969e+02 +1.061203969e+02 -5.0764e-01 -1.0665e+00
30 0 +2.724973361e+01 +2.724973361e+01 +1.049097336e+02 +1.049097336e+02 -1.6608e+00 +1.0229e-01
56 0 +2.190524345e+01 +2.190524345e+01 +9.956524345e+01 +9.956524345e+01 +5.3197e-01 -1.2673e+00
59 0 +2.026092151e+01 +2.026092151e+01 +9.792092151e+01 +9.792092151e+01 +3.0512e-02 -8.8392e-01
65 0 +1.891902743e+01 +1.891902743e+01 +9.657902743e+01 +9.657902743e+01 -1.5539e+00 -5.1108e-01
409 0 +1.700273202e+01 +1.700273202e+01 +9.466273202e+01 +9.466273202e+01 -1.5496e+00 -5.4891e-01
441 0 +1.697431632e+01 +1.697431632e+01 +9.463431632e+01 +9.463431632e+01 -1.5529e+00 -5.5086e-01
487 0 +1.006877990e+01 +1.006877990e+01 +8.772877990e+01 +8.772877990e+01 -7.1290e-01 -8.4403e-01
829 0 +9.362239316e+00 +9.362239316e+00 +8.702223932e+01 +8.702223932e+01 -6.7284e-01 -8.4334e-01
1131 0 +9.244618314e+00 +9.244618314e+00 +8.690461831e+01 +8.690461831e+01 -6.6626e-01 -8.4465e-01
1185 0 +9.062122593e+00 +9.062122593e+00 +8.672212259e+01 +8.672212259e+01 -6.7483e-01 -8.5434e-01
% f evaluations | g evaluations | best noise-free fitness - Fopt | noise-free fitness - Fopt (1.156800000000e+02) | measured fitness | best measured fitness | x1 | x2...
1 0 +4.962813121e+01 +4.962813121e+01 +1.653081312e+02 +1.653081312e+02 -2.3529e+00 -1.7289e+00
9 0 +3.699788655e+01 +3.699788655e+01 +1.526778865e+02 +1.526778865e+02 +4.9143e-01 -2.3943e+00
16 0 +3.085504443e+01 +3.085504443e+01 +1.465350444e+02 +1.465350444e+02 -1.6378e+00 -1.5890e+00
65 0 +2.769646891e+01 +2.769646891e+01 +1.433764689e+02 +1.433764689e+02 +1.2256e+00 -2.3998e+00
97 0 +1.610456742e+01 +1.610456742e+01 +1.317845674e+02 +1.317845674e+02 -8.3168e-01 -1.2413e+00
147 0 +1.450878797e+01 +1.450878797e+01 +1.301887880e+02 +1.301887880e+02 -7.2000e-01 -9.6352e-01
419 0 +1.014072932e+01 +1.014072932e+01 +1.258207293e+02 +1.258207293e+02 -8.9303e-01 -6.7009e-01
467 0 +9.550911388e+00 +9.550911388e+00 +1.252309114e+02 +1.252309114e+02 -8.2598e-01 -9.7740e-01
765 0 +9.076392796e+00 +9.076392796e+00 +1.247563928e+02 +1.247563928e+02 -8.8768e-01 -9.8965e-01
% f evaluations | g evaluations | best noise-free fitness - Fopt | noise-free fitness - Fopt (-3.710000000000e+00) | measured fitness | best measured fitness | x1 | x2...
1 0 +3.707074617e+02 +3.707074617e+02 +3.669974617e+02 +3.669974617e+02 -2.5061e+00 +3.3583e+00
2 0 +9.992010192e+01 +9.992010192e+01 +9.621010192e+01 +9.621010192e+01 -3.0676e+00 -1.0638e-01
3 0 +1.551295279e+01 +1.551295279e+01 +1.180295279e+01 +1.180295279e+01 +2.9359e+00 -1.3209e+00
43 0 +9.670518768e+00 +9.670518768e+00 +5.960518768e+00 +5.960518768e+00 +1.4019e+00 -2.2780e+00
53 0 +9.020078246e+00 +9.020078246e+00 +5.310078246e+00 +5.310078246e+00 +3.1039e+00 -2.9147e+00
87 0 +7.565422758e+00 +7.565422758e+00 +3.855422758e+00 +3.855422758e+00 +1.2730e+00 -1.9572e+00
190 0 +6.921096004e+00 +6.921096004e+00 +3.211096004e+00 +3.211096004e+00 +2.9853e+00 -2.3336e+00
419 0 +5.326066796e+00 +5.326066796e+00 +1.616066796e+00 +1.616066796e+00 +3.0588e+00 -2.3440e+00
451 0 +4.187270072e+00 +4.187270072e+00 +4.772700716e-01 +4.772700716e-01 +3.0144e+00 -2.2586e+00
757 0 +2.940767809e+00 +2.940767809e+00 -7.692321911e-01 -7.692321911e-01 +3.0143e+00 -2.2740e+00
759 0 +1.529600113e+00 +1.529600113e+00 -2.180399887e+00 -2.180399887e+00 +3.0689e+00 -1.9896e+00
767 0 +1.241270622e+00 +1.241270622e+00 -2.468729378e+00 -2.468729378e+00 +3.0363e+00 -2.2879e+00
1121 0 +1.067435654e+00 +1.067435654e+00 -2.642564346e+00 -2.642564346e+00 +3.0391e+00 -2.2979e+00
1137 0 +9.968796257e-01 +9.968796257e-01 -2.713120374e+00 -2.713120374e+00 +3.0675e+00 -2.2801e+00
1169 0 +8.376925784e-01 +8.376925784e-01 -2.872307422e+00 -2.872307422e+00 +3.0515e+00 -2.3005e+00
1199 0 +7.511511688e-01 +7.511511688e-01 -2.958848831e+00 -2.958848831e+00 +3.0626e+00 -2.2871e+00
1459 0 +5.936168346e-01 +5.936168346e-01 -3.116383165e+00 -3.116383165e+00 +3.0742e+00 -2.2872e+00
1461 0 +4.966718802e-01 +4.966718802e-01 -3.213328120e+00 -3.213328120e+00 +3.0779e+00 -2.2881e+00
1467 0 +4.466785500e-01 +4.466785500e-01 -3.263321450e+00 -3.263321450e+00 +3.0842e+00 -2.2865e+00
1813 0 +3.762180469e-01 +3.762180469e-01 -3.333781953e+00 -3.333781953e+00 +3.0894e+00 -2.2859e+00
1815 0 +2.796008694e-01 +2.796008694e-01 -3.430399131e+00 -3.430399131e+00 +3.0950e+00 -2.2865e+00
1879 0 +2.370647552e-01 +2.370647552e-01 -3.472935245e+00 -3.472935245e+00 +3.0985e+00 -2.2868e+00
1903 0 +1.486345442e-01 +1.486345442e-01 -3.561365456e+00 -3.561365456e+00 +3.0985e+00 -2.2895e+00
2163 0 +1.296912687e-01 +1.296912687e-01 -3.580308731e+00 -3.580308731e+00 +3.0998e+00 -2.2905e+00
2173 0 +1.212242992e-01 +1.212242992e-01 -3.588775701e+00 -3.588775701e+00 +3.1023e+00 -2.2895e+00
2187 0 +1.105822306e-01 +1.105822306e-01 -3.599417769e+00 -3.599417769e+00 +3.1001e+00 -2.2913e+00
2229 0 +9.172409799e-02 +9.172409799e-02 -3.618275902e+00 -3.618275902e+00 +3.1000e+00 -2.2928e+00
2515 0 +8.491518719e-02 +8.491518719e-02 -3.625084813e+00 -3.625084813e+00 +3.0999e+00 -2.2935e+00
2525 0 +8.155219135e-02 +8.155219135e-02 -3.628447809e+00 -3.628447809e+00 +3.0999e+00 -2.2943e+00
2531 0 +7.823838318e-02 +7.823838318e-02 -3.631761617e+00 -3.631761617e+00 +3.1001e+00 -2.2949e+00
2533 0 +7.748474653e-02 +7.748474653e-02 -3.632515253e+00 -3.632515253e+00 +3.1008e+00 -2.2937e+00
2563 0 +7.057584010e-02 +7.057584010e-02 -3.639424160e+00 -3.639424160e+00 +3.1017e+00 -2.2940e+00
2869 0 +6.777565229e-02 +6.777565229e-02 -3.642224348e+00 -3.642224348e+00 +3.1022e+00 -2.2938e+00
2875 0 +6.741108928e-02 +6.741108928e-02 -3.642588911e+00 -3.642588911e+00 +3.1022e+00 -2.2939e+00
2905 0 +6.552810238e-02 +6.552810238e-02 -3.644471898e+00 -3.644471898e+00 +3.1025e+00 -2.2940e+00
2943 0 +6.340966315e-02 +6.340966315e-02 -3.646590337e+00 -3.646590337e+00 +3.1025e+00 -2.2945e+00
2955 0 +6.201420221e-02 +6.201420221e-02 -3.647985798e+00 -3.647985798e+00 +3.1030e+00 -2.2940e+00
3219 0 +6.050557426e-02 +6.050557426e-02 -3.649494426e+00 -3.649494426e+00 +3.1033e+00 -2.2940e+00
3225 0 +5.926700135e-02 +5.926700135e-02 -3.650732999e+00 -3.650732999e+00 +3.1035e+00 -2.2940e+00
3231 0 +5.485437538e-02 +5.485437538e-02 -3.655145625e+00 -3.655145625e+00 +3.1041e+00 -2.2941e+00
3571 0 +5.257318922e-02 +5.257318922e-02 -3.657426811e+00 -3.657426811e+00 +3.1045e+00 -2.2941e+00
3575 0 +5.114013749e-02 +5.114013749e-02 -3.658859863e+00 -3.658859863e+00 +3.1046e+00 -2.2942e+00
3587 0 +4.870957971e-02 +4.870957971e-02 -3.661290420e+00 -3.661290420e+00 +3.1051e+00 -2.2941e+00
3923 0 +4.575188006e-02 +4.575188006e-02 -3.664248120e+00 -3.664248120e+00 +3.1056e+00 -2.2941e+00
3925 0 +4.551433050e-02 +4.551433050e-02 -3.664485669e+00 -3.664485669e+00 +3.1056e+00 -2.2941e+00
4279 0 +4.343297908e-02 +4.343297908e-02 -3.666567021e+00 -3.666567021e+00 +3.1059e+00 -2.2941e+00
4363 0 +4.128264830e-02 +4.128264830e-02 -3.668717352e+00 -3.668717352e+00 +3.1063e+00 -2.2941e+00
4631 0 +3.940099543e-02 +3.940099543e-02 -3.670599005e+00 -3.670599005e+00 +3.1066e+00 -2.2941e+00
4657 0 +3.876673042e-02 +3.876673042e-02 -3.671233270e+00 -3.671233270e+00 +3.1067e+00 -2.2941e+00
4983 0 +3.715100650e-02 +3.715100650e-02 -3.672848993e+00 -3.672848993e+00 +3.1069e+00 -2.2941e+00
5037 0 +3.561364216e-02 +3.561364216e-02 -3.674386358e+00 -3.674386358e+00 +3.1072e+00 -2.2941e+00
5339 0 +3.543584439e-02 +3.543584439e-02 -3.674564156e+00 -3.674564156e+00 +3.1072e+00 -2.2941e+00
5343 0 +3.436721159e-02 +3.436721159e-02 -3.675632788e+00 -3.675632788e+00 +3.1074e+00 -2.2941e+00
5383 0 +3.377513472e-02 +3.377513472e-02 -3.676224865e+00 -3.676224865e+00 +3.1075e+00 -2.2941e+00
5693 0 +3.283932523e-02 +3.283932523e-02 -3.677160675e+00 -3.677160675e+00 +3.1076e+00 -2.2941e+00
6053 0 +3.230815033e-02 +3.230815033e-02 -3.677691850e+00 -3.677691850e+00 +3.1077e+00 -2.2941e+00
6459 0 +3.162132311e-02 +3.162132311e-02 -3.678378677e+00 -3.678378677e+00 +3.1078e+00 -2.2941e+00
8507 0 +3.090285956e-02 +3.090285956e-02 -3.679097140e+00 -3.679097140e+00 +3.1080e+00 -2.2941e+00
% f evaluations | g evaluations | best noise-free fitness - Fopt | noise-free fitness - Fopt (1.321800000000e+02) | measured fitness | best measured fitness | x1 | x2...
1 0 +1.439087090e+02 +1.439087090e+02 +2.760887090e+02 +2.760887090e+02 -3.2321e+00 +3.9700e+00
2 0 +8.677511504e+01 +8.677511504e+01 +2.189551150e+02 +2.189551150e+02 +3.3360e+00 -1.1642e+00
9 0 +7.963931557e+01 +7.963931557e+01 +2.118193156e+02 +2.118193156e+02 -1.9021e+00 +2.7265e+00
13 0 +2.246133369e+01 +2.246133369e+01 +1.546413337e+02 +1.546413337e+02 +3.5202e+00 +8.9344e-01
16 0 +6.155646726e+00 +6.155646726e+00 +1.383356467e+02 +1.383356467e+02 +1.7014e+00 +1.1762e+00
409 0 +5.583919456e+00 +5.583919456e+00 +1.377639195e+02 +1.377639195e+02 +1.7336e+00 +1.1770e+00
801 0 +5.435682503e+00 +5.435682503e+00 +1.376156825e+02 +1.376156825e+02 +1.7456e+00 +1.1777e+00
807 0 +5.080756500e+00 +5.080756500e+00 +1.372607565e+02 +1.372607565e+02 +1.7812e+00 +1.1690e+00
1117 0 +5.007388781e+00 +5.007388781e+00 +1.371873888e+02 +1.371873888e+02 +1.8022e+00 +1.1692e+00
% f evaluations | g evaluations | best noise-free fitness - Fopt | noise-free fitness - Fopt (-3.930000000000e+01) | measured fitness | best measured fitness | x1 | x2...
1 0 +1.023377024e+03 +1.023377024e+03 +9.840770244e+02 +9.840770244e+02 +4.8651e+00 +4.9067e+00
2 0 +4.867813522e+01 +4.867813522e+01 +9.378135218e+00 +9.378135218e+00 +2.2413e+00 -3.0444e+00
19 0 +2.213215782e+01 +2.213215782e+01 -1.716784218e+01 -1.716784218e+01 +9.9630e-01 -1.2767e+00
57 0 +9.909570427e+00 +9.909570427e+00 -2.939042957e+01 -2.939042957e+01 +2.6240e+00 -1.5966e+00
59 0 +9.578207525e+00 +9.578207525e+00 -2.972179247e+01 -2.972179247e+01 +1.5644e+00 -5.9994e-01
93 0 +6.534060944e+00 +6.534060944e+00 -3.276593906e+01 -3.276593906e+01 +4.2538e-01 -1.2190e+00
419 0 +4.041358161e+00 +4.041358161e+00 -3.525864184e+01 -3.525864184e+01 +1.6046e+00 -9.3676e-01
795 0 +2.174749502e+00 +2.174749502e+00 -3.712525050e+01 -3.712525050e+01 +2.5125e+00 -9.4543e-01
1163 0 +1.760840366e+00 +1.760840366e+00 -3.753915963e+01 -3.753915963e+01 +2.5002e+00 -9.3905e-01
1463 0 +1.568800751e+00 +1.568800751e+00 -3.773119925e+01 -3.773119925e+01 +2.5266e+00 -9.3964e-01
1487 0 +1.518844766e+00 +1.518844766e+00 -3.778115523e+01 -3.778115523e+01 +2.5098e+00 -9.3746e-01
1499 0 +1.384568659e+00 +1.384568659e+00 -3.791543134e+01 -3.791543134e+01 +2.5059e+00 -9.3425e-01
1539 0 +1.309287425e+00 +1.309287425e+00 -3.799071257e+01 -3.799071257e+01 +2.5049e+00 -9.3214e-01
1557 0 +1.229323274e+00 +1.229323274e+00 -3.807067673e+01 -3.807067673e+01 +2.5056e+00 -9.2992e-01
1813 0 +1.184853390e+00 +1.184853390e+00 -3.811514661e+01 -3.811514661e+01 +2.5058e+00 -9.2797e-01
1821 0 +1.172027867e+00 +1.172027867e+00 -3.812797213e+01 -3.812797213e+01 +2.5060e+00 -9.2728e-01
1839 0 +1.145974007e+00 +1.145974007e+00 -3.815402599e+01 -3.815402599e+01 +2.5066e+00 -9.2554e-01
1889 0 +1.084188941e+00 +1.084188941e+00 -3.821581106e+01 -3.821581106e+01 +2.5129e+00 -9.2555e-01
2179 0 +1.041677153e+00 +1.041677153e+00 -3.825832285e+01 -3.825832285e+01 +2.5191e+00 -9.2528e-01
2521 0 +1.019636738e+00 +1.019636738e+00 -3.828036326e+01 -3.828036326e+01 +2.5227e+00 -9.2512e-01
3575 0 +9.996105615e-01 +9.996105615e-01 -3.830038944e+01 -3.830038944e+01 +2.5292e+00 -9.2413e-01
% f evaluations | g evaluations | best noise-free fitness - Fopt | noise-free fitness - Fopt (4.296000000000e+01) | measured fitness | best measured fitness | x1 | x2...
1 0 +7.227441304e+02 +7.227441304e+02 +7.657041304e+02 +7.657041304e+02 +3.3986e+00 -4.7889e+00
2 0 +1.140096298e+01 +1.140096298e+01 +5.436096298e+01 +5.436096298e+01 +1.2979e+00 +1.4588e+00
16 0 +1.011351397e+00 +1.011351397e+00 +4.397135140e+01 +4.397135140e+01 +1.5032e+00 +2.0420e+00
837 0 +9.992644932e-01 +9.992644932e-01 +4.395926449e+01 +4.395926449e+01 +1.5087e+00 +2.0420e+00
% f evaluations | g evaluations | best noise-free fitness - Fopt | noise-free fitness - Fopt (2.842200000000e+02) | measured fitness | best measured fitness | x1 | x2...
1 0 +2.489562064e+02 +2.489562064e+02 +5.331762064e+02 +5.331762064e+02 +2.6659e+00 +4.2793e+00
4 0 +1.795625633e+01 +1.795625633e+01 +3.021762563e+02 +3.021762563e+02 +8.6096e-01 +9.0444e-02
37 0 +1.513078878e+01 +1.513078878e+01 +2.993507888e+02 +2.993507888e+02 +1.9206e+00 +7.5100e-01
134 0 +1.993553379e+00 +1.993553379e+00 +2.862135534e+02 +2.862135534e+02 +1.1520e+00 -2.2627e-01
769 0 +1.683409841e+00 +1.683409841e+00 +2.859034098e+02 +2.859034098e+02 +1.0648e+00 -2.2521e-01
775 0 +1.126096498e+00 +1.126096498e+00 +2.853460965e+02 +2.853460965e+02 +1.1120e+00 -2.2618e-01
795 0 +1.045045391e+00 +1.045045391e+00 +2.852650454e+02 +2.852650454e+02 +1.1072e+00 -2.2273e-01
1117 0 +9.992661923e-01 +9.992661923e-01 +2.852192662e+02 +2.852192662e+02 +1.1004e+00 -2.1874e-01
% f evaluations | g evaluations | best noise-free fitness - Fopt | noise-free fitness - Fopt (-3.217000000000e+01) | measured fitness | best measured fitness | x1 | x2...
1 0 +3.525978041e+02 +3.525978041e+02 +3.204278041e+02 +3.204278041e+02 -2.8161e+00 -3.9295e+00
3 0 +2.984971872e+02 +2.984971872e+02 +2.663271872e+02 +2.663271872e+02 +2.6500e-01 -3.5080e+00
4 0 +2.017463255e+02 +2.017463255e+02 +1.695763255e+02 +1.695763255e+02 +3.4499e-01 -2.5237e+00
5 0 +8.246650483e+01 +8.246650483e+01 +5.029650483e+01 +5.029650483e+01 -2.1033e+00 +2.1343e-01
10 0 +2.315771526e+01 +2.315771526e+01 -9.012284743e+00 -9.012284743e+00 +4.8637e-01 +2.3494e+00
57 0 +1.172299607e+01 +1.172299607e+01 -2.044700393e+01 -2.044700393e+01 +3.9409e-01 +9.0618e-01
113 0 +8.710737459e+00 +8.710737459e+00 -2.345926254e+01 -2.345926254e+01 +3.1665e-01 +1.5353e+00
425 0 +6.877638118e+00 +6.877638118e+00 -2.529236188e+01 -2.529236188e+01 +1.2611e+00 +1.8403e+00
449 0 +5.434354180e+00 +5.434354180e+00 -2.673564582e+01 -2.673564582e+01 +4.1931e-01 +1.1747e+00
453 0 +2.152517332e+00 +2.152517332e+00 -3.001748267e+01 -3.001748267e+01 +4.6641e-01 +1.5399e+00
785 0 +2.074342856e+00 +2.074342856e+00 -3.009565714e+01 -3.009565714e+01 +4.5722e-01 +1.5495e+00
1109 0 +2.031758543e+00 +2.031758543e+00 -3.013824146e+01 -3.013824146e+01 +4.6012e-01 +1.5440e+00
1459 0 +1.992043573e+00 +1.992043573e+00 -3.017795643e+01 -3.017795643e+01 +4.5185e-01 +1.5450e+00
% f evaluations | g evaluations | best noise-free fitness - Fopt | noise-free fitness - Fopt (-5.858000000000e+01) | measured fitness | best measured fitness | x1 | x2...
1 0 +5.019891132e+02 +5.019891132e+02 +4.434091132e+02 +4.434091132e+02 +1.9041e+00 +4.0920e+00
2 0 +1.488070398e+02 +1.488070398e+02 +9.022703982e+01 +9.022703982e+01 -3.5421e+00 +5.3594e-01
3 0 +8.672142118e+01 +8.672142118e+01 +2.814142118e+01 +2.814142118e+01 -2.7526e+00 -3.3773e-01
8 0 +5.823382238e+01 +5.823382238e+01 -3.461776245e-01 -3.461776245e-01 +2.4628e+00 -4.9902e-01
24 0 +4.255899168e+01 +4.255899168e+01 -1.602100832e+01 -1.602100832e+01 -1.7279e+00 -1.5494e+00
35 0 +2.905352831e+01 +2.905352831e+01 -2.952647169e+01 -2.952647169e+01 +3.7602e-01 -2.3732e+00
57 0 +1.666328937e+01 +1.666328937e+01 -4.191671063e+01 -4.191671063e+01 +2.8801e+00 -3.2431e+00
59 0 +7.250119357e+00 +7.250119357e+00 -5.132988064e+01 -5.132988064e+01 +1.7341e+00 -2.5142e+00
431 0 +2.709585125e-01 +2.709585125e-01 -5.830904149e+01 -5.830904149e+01 +2.5560e+00 -2.5095e+00
1109 0 +9.765614822e-02 +9.765614822e-02 -5.848234385e+01 -5.848234385e+01 +2.5703e+00 -2.5102e+00
1133 0 +6.343337503e-02 +6.343337503e-02 -5.851656662e+01 -5.851656662e+01 +2.5824e+00 -2.5021e+00
1139 0 +4.908291656e-02 +4.908291656e-02 -5.853091708e+01 -5.853091708e+01 +2.5780e+00 -2.5102e+00
1471 0 +2.595493621e-02 +2.595493621e-02 -5.855404506e+01 -5.855404506e+01 +2.5851e+00 -2.5103e+00
1473 0 +1.698619331e-02 +1.698619331e-02 -5.856301381e+01 -5.856301381e+01 +2.5872e+00 -2.5100e+00
1489 0 +1.527521481e-02 +1.527521481e-02 -5.856472479e+01 -5.856472479e+01 +2.5831e+00 -2.5090e+00
1549 0 +8.841470218e-03 +8.841470218e-03 -5.857115853e+01 -5.857115853e+01 +2.5900e+00 -2.5094e+00
1825 0 +7.120119172e-03 +7.120119172e-03 -5.857287988e+01 -5.857287988e+01 +2.5898e+00 -2.5092e+00
1839 0 +5.358600272e-03 +5.358600272e-03 -5.857464140e+01 -5.857464140e+01 +2.5905e+00 -2.5088e+00
2163 0 +5.144883427e-03 +5.144883427e-03 -5.857485512e+01 -5.857485512e+01 +2.5907e+00 -2.5086e+00
2165 0 +4.951460383e-03 +4.951460383e-03 -5.857504854e+01 -5.857504854e+01 +2.5906e+00 -2.5086e+00
2169 0 +3.797415019e-03 +3.797415019e-03 -5.857620258e+01 -5.857620258e+01 +2.5906e+00 -2.5085e+00
2187 0 +2.900080229e-03 +2.900080229e-03 -5.857709992e+01 -5.857709992e+01 +2.5905e+00 -2.5084e+00
2233 0 +2.720414609e-03 +2.720414609e-03 -5.857727959e+01 -5.857727959e+01 +2.5905e+00 -2.5084e+00
2515 0 +2.143139313e-03 +2.143139313e-03 -5.857785686e+01 -5.857785686e+01 +2.5904e+00 -2.5083e+00
2529 0 +1.347137754e-03 +1.347137754e-03 -5.857865286e+01 -5.857865286e+01 +2.5905e+00 -2.5080e+00
2869 0 +1.041902283e-03 +1.041902283e-03 -5.857895810e+01 -5.857895810e+01 +2.5902e+00 -2.5079e+00
2875 0 +9.985638050e-04 +9.985638050e-04 -5.857900144e+01 -5.857900144e+01 +2.5904e+00 -2.5079e+00
2903 0 +8.939467728e-04 +8.939467728e-04 -5.857910605e+01 -5.857910605e+01 +2.5904e+00 -2.5078e+00
3225 0 +8.647316379e-04 +8.647316379e-04 -5.857913527e+01 -5.857913527e+01 +2.5904e+00 -2.5078e+00
3229 0 +8.184456102e-04 +8.184456102e-04 -5.857918155e+01 -5.857918155e+01 +2.5905e+00 -2.5078e+00
3239 0 +7.536414875e-04 +7.536414875e-04 -5.857924636e+01 -5.857924636e+01 +2.5904e+00 -2.5078e+00
3251 0 +6.554516536e-04 +6.554516536e-04 -5.857934455e+01 -5.857934455e+01 +2.5904e+00 -2.5077e+00
3571 0 +6.250283374e-04 +6.250283374e-04 -5.857937497e+01 -5.857937497e+01 +2.5904e+00 -2.5077e+00
3599 0 +5.101912809e-04 +5.101912809e-04 -5.857948981e+01 -5.857948981e+01 +2.5904e+00 -2.5076e+00
3607 0 +4.454138417e-04 +4.454138417e-04 -5.857955459e+01 -5.857955459e+01 +2.5904e+00 -2.5076e+00
3639 0 +4.188028069e-04 +4.188028069e-04 -5.857958120e+01 -5.857958120e+01 +2.5904e+00 -2.5076e+00
3667 0 +4.121160428e-04 +4.121160428e-04 -5.857958788e+01 -5.857958788e+01 +2.5904e+00 -2.5076e+00
3923 0 +3.625844885e-04 +3.625844885e-04 -5.857963742e+01 -5.857963742e+01 +2.5904e+00 -2.5076e+00
3925 0 +2.971156751e-04 +2.971156751e-04 -5.857970288e+01 -5.857970288e+01 +2.5904e+00 -2.5075e+00
3953 0 +2.946154118e-04 +2.946154118e-04 -5.857970538e+01 -5.857970538e+01 +2.5905e+00 -2.5075e+00
4011 0 +2.865943786e-04 +2.865943786e-04 -5.857971341e+01 -5.857971341e+01 +2.5904e+00 -2.5075e+00
4283 0 +2.143576212e-04 +2.143576212e-04 -5.857978564e+01 -5.857978564e+01 +2.5904e+00 -2.5075e+00
4627 0 +1.863981347e-04 +1.863981347e-04 -5.857981360e+01 -5.857981360e+01 +2.5904e+00 -2.5075e+00
4629 0 +1.830908092e-04 +1.830908092e-04 -5.857981691e+01 -5.857981691e+01 +2.5904e+00 -2.5075e+00
4663 0 +1.795305980e-04 +1.795305980e-04 -5.857982047e+01 -5.857982047e+01 +2.5904e+00 -2.5075e+00
4979 0 +1.742330677e-04 +1.742330677e-04 -5.857982577e+01 -5.857982577e+01 +2.5904e+00 -2.5075e+00
5003 0 +1.722053717e-04 +1.722053717e-04 -5.857982779e+01 -5.857982779e+01 +2.5904e+00 -2.5075e+00
5005 0 +1.617186213e-04 +1.617186213e-04 -5.857983828e+01 -5.857983828e+01 +2.5904e+00 -2.5075e+00
5069 0 +1.581364509e-04 +1.581364509e-04 -5.857984186e+01 -5.857984186e+01 +2.5904e+00 -2.5075e+00
5351 0 +1.458652786e-04 +1.458652786e-04 -5.857985413e+01 -5.857985413e+01 +2.5904e+00 -2.5074e+00
5683 0 +1.440352422e-04 +1.440352422e-04 -5.857985596e+01 -5.857985596e+01 +2.5904e+00 -2.5074e+00
5685 0 +1.389060251e-04 +1.389060251e-04 -5.857986109e+01 -5.857986109e+01 +2.5904e+00 -2.5074e+00
5719 0 +1.377659520e-04 +1.377659520e-04 -5.857986223e+01 -5.857986223e+01 +2.5904e+00 -2.5074e+00
6035 0 +1.324576931e-04 +1.324576931e-04 -5.857986754e+01 -5.857986754e+01 +2.5904e+00 -2.5074e+00
6393 0 +1.304623908e-04 +1.304623908e-04 -5.857986954e+01 -5.857986954e+01 +2.5904e+00 -2.5074e+00
6419 0 +1.287018695e-04 +1.287018695e-04 -5.857987130e+01 -5.857987130e+01 +2.5904e+00 -2.5074e+00
7139 0 +1.257769452e-04 +1.257769452e-04 -5.857987422e+01 -5.857987422e+01 +2.5904e+00 -2.5074e+00
% f evaluations | g evaluations | best noise-free fitness - Fopt | noise-free fitness - Fopt (-6.049200000000e+02) | measured fitness | best measured fitness | x1 | x2...
1 0 +8.394708890e+02 +8.394708890e+02 +2.345508890e+02 +2.345508890e+02 +3.8221e+00 -1.5950e+00
2 0 +9.851136009e+01 +9.851136009e+01 -5.064086399e+02 -5.064086399e+02 -1.4657e+00 +1.2646e+00
7 0 +7.710216894e+01 +7.710216894e+01 -5.278178311e+02 -5.278178311e+02 +1.4088e+00 -3.1381e+00
9 0 +4.545606339e+01 +4.545606339e+01 -5.594639366e+02 -5.594639366e+02 +4.1697e-01 -2.4357e+00
10 0 +3.937971481e+01 +3.937971481e+01 -5.655402852e+02 -5.655402852e+02 -3.1810e+00 -5.7553e-01
15 0 +3.271426330e+01 +3.271426330e+01 -5.722057367e+02 -5.722057367e+02 -6.7344e-01 -1.8185e+00
19 0 +2.957253483e+01 +2.957253483e+01 -5.753474652e+02 -5.753474652e+02 +1.1386e+00 -1.9437e+00
43 0 +2.926059808e+01 +2.926059808e+01 -5.756594019e+02 -5.756594019e+02 +8.1924e-02 +6.6901e-01
60 0 +6.295126175e+00 +6.295126175e+00 -5.986248738e+02 -5.986248738e+02 -6.4466e-02 -6.6251e-01
429 0 +3.083157466e+00 +3.083157466e+00 -6.018368425e+02 -6.018368425e+02 -5.0259e-02 -7.0899e-01
775 0 +2.315867813e+00 +2.315867813e+00 -6.026041322e+02 -6.026041322e+02 -1.6300e-02 -6.9932e-01
793 0 +2.174152239e+00 +2.174152239e+00 -6.027458478e+02 -6.027458478e+02 -1.4569e-02 -7.0333e-01
1107 0 +2.084276417e+00 +2.084276417e+00 -6.028357236e+02 -6.028357236e+02 -1.2779e-02 -7.0769e-01
1135 0 +2.039695110e+00 +2.039695110e+00 -6.028803049e+02 -6.028803049e+02 -8.9864e-05 -7.1434e-01
1529 0 +1.993572879e+00 +1.993572879e+00 -6.029264271e+02 -6.029264271e+02 +2.1579e-03 -7.0824e-01
% f evaluations | g evaluations | best noise-free fitness - Fopt | noise-free fitness - Fopt (1.337000000000e+02) | measured fitness | best measured fitness | x1 | x2...
1 0 +1.670962111e+02 +1.670962111e+02 +3.007962111e+02 +3.007962111e+02 -1.9204e+00 -2.3994e+00
2 0 +8.955943364e+01 +8.955943364e+01 +2.232594336e+02 +2.232594336e+02 -4.8288e+00 +2.4296e+00
4 0 +6.434517257e+01 +6.434517257e+01 +1.980451726e+02 +1.980451726e+02 -2.2632e+00 -4.4284e-01
18 0 +5.730934769e+01 +5.730934769e+01 +1.910093477e+02 +1.910093477e+02 -2.8752e+00 +2.6512e+00
36 0 +4.341422590e+01 +4.341422590e+01 +1.771142259e+02 +1.771142259e+02 -1.2601e+00 +8.2901e-01
39 0 +3.300082692e+01 +3.300082692e+01 +1.667008269e+02 +1.667008269e+02 +2.2368e-01 +4.3781e-01
43 0 +2.156804487e+01 +2.156804487e+01 +1.552680449e+02 +1.552680449e+02 +4.7750e-01 +1.0725e+00
53 0 +1.288925657e+01 +1.288925657e+01 +1.465892566e+02 +1.465892566e+02 +1.6861e+00 +6.4634e-01
65 0 +1.169501108e+01 +1.169501108e+01 +1.453950111e+02 +1.453950111e+02 -6.4706e-01 +1.2441e+00
71 0 +6.720242534e+00 +6.720242534e+00 +1.404202425e+02 +1.404202425e+02 +4.6261e-01 +1.2921e+00
137 0 +4.676530990e+00 +4.676530990e+00 +1.383765310e+02 +1.383765310e+02 +5.6706e-01 +9.7020e-01
469 0 +4.516968348e+00 +4.516968348e+00 +1.382169683e+02 +1.382169683e+02 +4.9499e-01 +9.7031e-01
497 0 +4.175785855e+00 +4.175785855e+00 +1.378757859e+02 +1.378757859e+02 +5.6351e-01 +9.5291e-01
755 0 +4.145583016e+00 +4.145583016e+00 +1.378455830e+02 +1.378455830e+02 +5.2273e-01 +9.4467e-01
775 0 +3.766101741e+00 +3.766101741e+00 +1.374661017e+02 +1.374661017e+02 +1.4032e+00 +9.7123e-01
1131 0 +3.511886396e+00 +3.511886396e+00 +1.372118864e+02 +1.372118864e+02 +1.4025e+00 +9.6506e-01
1139 0 +1.458663706e+00 +1.458663706e+00 +1.351586637e+02 +1.351586637e+02 +1.4645e+00 +9.6815e-01
1179 0 +1.302067667e+00 +1.302067667e+00 +1.350020677e+02 +1.350020677e+02 +1.4658e+00 +9.6542e-01
1465 0 +1.285008832e+00 +1.285008832e+00 +1.349850088e+02 +1.349850088e+02 +1.4680e+00 +9.6552e-01
1473 0 +1.163781721e+00 +1.163781721e+00 +1.348637817e+02 +1.348637817e+02 +1.4666e+00 +9.6181e-01
1811 0 +1.121494488e+00 +1.121494488e+00 +1.348214945e+02 +1.348214945e+02 +1.4673e+00 +9.6082e-01
1845 0 +1.072391973e+00 +1.072391973e+00 +1.347723920e+02 +1.347723920e+02 +1.4722e+00 +9.6023e-01
2169 0 +1.053023208e+00 +1.053023208e+00 +1.347530232e+02 +1.347530232e+02 +1.4771e+00 +9.6000e-01
2213 0 +1.045830077e+00 +1.045830077e+00 +1.347458301e+02 +1.347458301e+02 +1.4793e+00 +9.5927e-01
3221 0 +1.020271705e+00 +1.020271705e+00 +1.347202717e+02 +1.347202717e+02 +1.4794e+00 +9.5800e-01
% f evaluations | g evaluations | best noise-free fitness - Fopt | noise-free fitness - Fopt (-2.098000000000e+01) | measured fitness | best measured fitness | x1 | x2...
1 0 +7.027343610e+01 +7.027343610e+01 +4.929343610e+01 +4.929343610e+01 -1.6966e+00 +3.9061e+00
4 0 +5.142459545e+01 +5.142459545e+01 +3.044459545e+01 +3.044459545e+01 -2.7978e+00 +1.4809e+00
10 0 +4.456225298e+01 +4.456225298e+01 +2.358225298e+01 +2.358225298e+01 -3.0555e-02 +5.2838e-02
17 0 +3.659337407e+01 +3.659337407e+01 +1.561337407e+01 +1.561337407e+01 +1.4788e+00 +3.0830e+00
19 0 +1.709287091e+01 +1.709287091e+01 -3.887129093e+00 -3.887129093e+00 +1.2801e+00 +2.5143e+00
53 0 +1.650535410e+01 +1.650535410e+01 -4.474645898e+00 -4.474645898e+00 +1.2071e+00 +2.3244e+00
69 0 +6.568196560e+00 +6.568196560e+00 -1.441180344e+01 -1.441180344e+01 +1.0095e-01 +2.2592e+00
145 0 +5.311582497e+00 +5.311582497e+00 -1.566841750e+01 -1.566841750e+01 +1.0847e+00 +2.2793e+00
403 0 +3.773158405e+00 +3.773158405e+00 -1.720684160e+01 -1.720684160e+01 +1.0875e+00 +2.2588e+00
435 0 +2.240895918e+00 +2.240895918e+00 -1.873910408e+01 -1.873910408e+01 +1.0684e+00 +2.2144e+00
491 0 +2.124540371e+00 +2.124540371e+00 -1.885545963e+01 -1.885545963e+01 +1.0758e+00 +2.2311e+00
767 0 +2.054400795e+00 +2.054400795e+00 -1.892559921e+01 -1.892559921e+01 +1.0744e+00 +2.2278e+00
775 0 +1.990810474e+00 +1.990810474e+00 -1.898918953e+01 -1.898918953e+01 +1.0623e+00 +2.2252e+00
% f evaluations | g evaluations | best noise-free fitness - Fopt | noise-free fitness - Fopt (1.353300000000e+02) | measured fitness | best measured fitness | x1 | x2...
1 0 +2.586345508e+02 +2.586345508e+02 +3.939645508e+02 +3.939645508e+02 -2.2155e+00 +4.8673e+00
2 0 +8.471608633e+01 +8.471608633e+01 +2.200460863e+02 +2.200460863e+02 -3.2257e+00 +2.2144e+00
3 0 +6.321675974e+01 +6.321675974e+01 +1.985467597e+02 +1.985467597e+02 -2.7194e+00 -1.8866e+00
5 0 +3.553332562e+01 +3.553332562e+01 +1.708633256e+02 +1.708633256e+02 -1.0260e-01 +5.4116e-01
29 0 +2.249607308e+01 +2.249607308e+01 +1.578260731e+02 +1.578260731e+02 +2.2379e-01 -3.4031e-01
52 0 +8.701151608e+00 +8.701151608e+00 +1.440311516e+02 +1.440311516e+02 -3.0382e-01 +3.3035e-01
59 0 +7.632317149e+00 +7.632317149e+00 +1.429623171e+02 +1.429623171e+02 +3.3665e-01 +2.7007e-02
89 0 +2.187600727e+00 +2.187600727e+00 +1.375176007e+02 +1.375176007e+02 -4.5235e-01 -2.9455e-01
419 0 +2.018269862e+00 +2.018269862e+00 +1.373482699e+02 +1.373482699e+02 -4.5985e-01 -2.8660e-01
1183 0 +1.991305711e+00 +1.991305711e+00 +1.373213057e+02 +1.373213057e+02 -4.5193e-01 -2.8515e-01
% f evaluations | g evaluations | best noise-free fitness - Fopt | noise-free fitness - Fopt (4.066000000000e+01) | measured fitness | best measured fitness | x1 | x2...
1 0 +4.235226879e+02 +4.235226879e+02 +4.641826879e+02 +4.641826879e+02 +4.5347e+00 -3.2377e+00
2 0 +1.480135673e+02 +1.480135673e+02 +1.886735673e+02 +1.886735673e+02 -4.8484e+00 -1.2700e+00
4 0 +1.854253157e+01 +1.854253157e+01 +5.920253157e+01 +5.920253157e+01 +1.1130e+00 +6.7167e-01
68 0 +5.636107958e+00 +5.636107958e+00 +4.629610796e+01 +4.629610796e+01 +1.0525e+00 +9.2391e-01
403 0 +5.382158515e+00 +5.382158515e+00 +4.604215852e+01 +4.604215852e+01 +1.1090e+00 +9.2510e-01
759 0 +5.217705155e+00 +5.217705155e+00 +4.587770515e+01 +4.587770515e+01 +1.1085e+00 +9.2800e-01
761 0 +4.984321639e+00 +4.984321639e+00 +4.564432164e+01 +4.564432164e+01 +1.0888e+00 +9.3857e-01
