% f evaluations | g evaluations | best noise-free fitness - Fopt | noise-free fitness - Fopt (-4.620900000000e+02) | measured fitness | best measured fitness | x1 | x2...
1 0 +2.701276468e+02 +2.701276468e+02 -1.919623532e+02 -1.919623532e+02 -4.6083e-01 -2.6983e+00
4 0 +9.289363845e+01 +9.289363845e+01 -3.691963616e+02 -3.691963616e+02 -2.6932e+00 -1.4420e-01
5 0 +4.398643848e+01 +4.398643848e+01 -4.181035615e+02 -4.181035615e+02 +1.3829e+00 +1.1190e+00
13 0 +3.487605599e+01 +3.487605599e+01 -4.272139440e+02 -4.272139440e+02 +2.5098e+00 +2.9724e+00
15 0 +2.250900559e+01 +2.250900559e+01 -4.395809944e+02 -4.395809944e+02 +1.6723e+00 +3.0106e+00
16 0 +9.198172852e+00 +9.198172852e+00 -4.528918271e+02 -4.528918271e+02 -4.1143e+00 +2.6225e+00
60 0 +5.970720836e+00 +5.970720836e+00 -4.561192792e+02 -4.561192792e+02 -3.3775e+00 +2.3504e+00
97 0 +5.782178516e+00 +5.782178516e+00 -4.563078215e+02 -4.563078215e+02 -4.2698e+00 +2.6285e+00
109 0 +4.377709161e+00 +4.377709161e+00 -4.577122908e+02 -4.577122908e+02 -4.3526e+00 +2.3071e+00
115 0 +1.529769000e+00 +1.529769000e+00 -4.605602310e+02 -4.605602310e+02 -2.3509e+00 +2.6331e+00
196 0 +1.069182562e+00 +1.069182562e+00 -4.610208174e+02 -4.610208174e+02 -2.3350e+00 +2.6722e+00
219 0 +1.027005700e+00 +1.027005700e+00 -4.610629943e+02 -4.610629943e+02 -2.3440e+00 +2.6684e+00
230 0 +1.004548524e+00 +1.004548524e+00 -4.610854515e+02 -4.610854515e+02 -2.3348e+00 +2.6634e+00
271 0 +9.980827611e-01 +9.980827611e-01 -4.610919172e+02 -4.610919172e+02 -2.3398e+00 +2.6633e+00
% f evaluations | g evaluations | best noise-free fitness - Fopt | noise-free fitness - Fopt (7.766000000000e+01) | measured fitness | best measured fitness | x1 | x2...
1 0 +6.389335115e+01 +6.389335115e+01 +1.415533512e+02 +1.415533512e+02 -3.6634e-01 -2.5795e+00
3 0 +2.819092217e+01 +2.819092217e+01 +1.058509222e+02 +1.058509222e+02 -1.8268e+00 -5.2243e-01
16 0 +2.798503353e+01 +2.798503353e+01 +1.056450335e+02 +1.056450335e+02 -2.5623e+00 -4.9402e-01
31 0 +2.641106758e+01 +2.641106758e+01 +1.040710676e+02 +1.040710676e+02 +1.3772e+00 +5.3040e-02
38 0 +1.535371907e+01 +1.535371907e+01 +9.301371907e+01 +9.301371907e+01 +4.4647e+00 -1.4740e+00
69 0 +1.329944291e+01 +1.329944291e+01 +9.095944291e+01 +9.095944291e+01 +4.5311e+00 -1.1544e+00
72 0 +9.090829196e+00 +9.090829196e+00 +8.675082920e+01 +8.675082920e+01 +4.4886e+00 -5.0755e-01
75 0 +2.350806033e+00 +2.350806033e+00 +8.001080603e+01 +8.001080603e+01 +3.4134e+00 -1.1732e+00
148 0 +2.016606464e+00 +2.016606464e+00 +7.967660646e+01 +7.967660646e+01 +3.4072e+00 -8.7798e-01
172 0 +1.226153339e+00 +1.226153339e+00 +7.888615334e+01 +7.888615334e+01 +3.4138e+00 -8.5497e-01
212 0 +1.038457090e+00 +1.038457090e+00 +7.869845709e+01 +7.869845709e+01 +3.4036e+00 -8.5619e-01
219 0 +1.015194817e+00 +1.015194817e+00 +7.867519482e+01 +7.867519482e+01 +3.3990e+00 -8.5303e-01
285 0 +9.995964975e-01 +9.995964975e-01 +7.865959650e+01 +7.865959650e+01 +3.3983e+00 -8.5603e-01
% f evaluations | g evaluations | best noise-free fitness - Fopt | noise-free fitness - Fopt (1.156800000000e+02) | measured fitness | best measured fitness | x1 | x2...
1 0 +2.464462755e+02 +2.464462755e+02 +3.621262755e+02 +3.621262755e+02 -2.5141e+00 +2.2794e+00
4 0 +5.799943578e+01 +5.799943578e+01 +1.736794358e+02 +1.736794358e+02 +2.9804e+00 -2.3690e+00
16 0 +2.229324136e+01 +2.229324136e+01 +1.379732414e+02 +1.379732414e+02 -3.9675e+00 -8.5349e-01
39 0 +1.694521474e+01 +1.694521474e+01 +1.326252147e+02 +1.326252147e+02 -1.9655e+00 -2.0901e-01
44 0 +1.573402689e+01 +1.573402689e+01 +1.314140269e+02 +1.314140269e+02 +7.9335e-01 -2.7921e-01
67 0 +1.445104098e+01 +1.445104098e+01 +1.301310410e+02 +1.301310410e+02 +7.3327e-01 -6.7921e-01
86 0 +1.370956237e+01 +1.370956237e+01 +1.293895624e+02 +1.293895624e+02 -1.1378e-01 -2.3560e-01
117 0 +9.121929270e+00 +9.121929270e+00 +1.248019293e+02 +1.248019293e+02 -1.3077e-01 -3.6083e-01
136 0 +8.104291167e+00 +8.104291167e+00 +1.237842912e+02 +1.237842912e+02 -1.8319e-01 -3.5049e-01
161 0 +5.838265764e+00 +5.838265764e+00 +1.215182658e+02 +1.215182658e+02 -1.7351e-01 -5.8510e-01
207 0 +5.470524990e+00 +5.470524990e+00 +1.211505250e+02 +1.211505250e+02 -1.7778e-01 -5.9311e-01
272 0 +5.087979080e+00 +5.087979080e+00 +1.207679791e+02 +1.207679791e+02 -1.7731e-01 -6.0785e-01
317 0 +5.011519371e+00 +5.011519371e+00 +1.206915194e+02 +1.206915194e+02 -1.7590e-01 -6.1416e-01
% f evaluations | g evaluations | best noise-free fitness - Fopt | noise-free fitness - Fopt (-3.710000000000e+00) | measured fitness | best measured fitness | x1 | x2...
1 0 +5.114457541e+02 +5.114457541e+02 +5.077357541e+02 +5.077357541e+02 +3.3077e+00 +1.7333e+00
2 0 +3.675711124e+01 +3.675711124e+01 +3.304711124e+01 +3.304711124e+01 +3.1352e+00 -3.5731e+00
5 0 +3.130597177e+01 +3.130597177e+01 +2.759597177e+01 +2.759597177e+01 +4.4982e+00 -2.9001e+00
30 0 +3.083650181e+01 +3.083650181e+01 +2.712650181e+01 +2.712650181e+01 +4.4068e+00 -3.0519e+00
35 0 +1.609166808e+01 +1.609166808e+01 +1.238166808e+01 +1.238166808e+01 +1.1813e+00 -1.4924e+00
55 0 +1.215914163e+01 +1.215914163e+01 +8.449141626e+00 +8.449141626e+00 +3.3776e+00 -1.9043e+00
105 0 +1.168532917e+01 +1.168532917e+01 +7.975329172e+00 +7.975329172e+00 +4.2482e+00 -1.9054e+00
112 0 +5.060509966e+00 +5.060509966e+00 +1.350509966e+00 +1.350509966e+00 +3.1857e+00 -1.9939e+00
115 0 +1.084024883e+00 +1.084024883e+00 -2.625975117e+00 -2.625975117e+00 +3.1294e+00 -1.9228e+00
201 0 +3.434948450e-01 +3.434948450e-01 -3.366505155e+00 -3.366505155e+00 +3.1608e+00 -2.2909e+00
216 0 +4.334072509e-02 +4.334072509e-02 -3.666659275e+00 -3.666659275e+00 +3.1331e+00 -2.2932e+00
267 0 +3.639584348e-03 +3.639584348e-03 -3.706360416e+00 -3.706360416e+00 +3.1216e+00 -2.2938e+00
320 0 +3.588401356e-03 +3.588401356e-03 -3.706411599e+00 -3.706411599e+00 +3.1217e+00 -2.2939e+00
338 0 +2.469143431e-03 +2.469143431e-03 -3.707530857e+00 -3.707530857e+00 +3.1173e+00 -2.2944e+00
357 0 +2.033674465e-03 +2.033674465e-03 -3.707966326e+00 -3.707966326e+00 +3.1195e+00 -2.2942e+00
358 0 +1.676030531e-03 +1.676030531e-03 -3.708323969e+00 -3.708323969e+00 +3.1171e+00 -2.2952e+00
367 0 +3.706698640e-04 +3.706698640e-04 -3.709629330e+00 -3.709629330e+00 +3.1201e+00 -2.2948e+00
391 0 +2.013251188e-04 +2.013251188e-04 -3.709798675e+00 -3.709798675e+00 +3.1208e+00 -2.2950e+00
394 0 +1.868775676e-04 +1.868775676e-04 -3.709813122e+00 -3.709813122e+00 +3.1190e+00 -2.2951e+00
412 0 +1.258307685e-04 +1.258307685e-04 -3.709874169e+00 -3.709874169e+00 +3.1194e+00 -2.2954e+00
418 0 +3.980953796e-05 +3.980953796e-05 -3.709960190e+00 -3.709960190e+00 +3.1196e+00 -2.2952e+00
455 0 +3.252971079e-05 +3.252971079e-05 -3.709967470e+00 -3.709967470e+00 +3.1201e+00 -2.2953e+00
461 0 +2.862704655e-05 +2.862704655e-05 -3.709971373e+00 -3.709971373e+00 +3.1201e+00 -2.2953e+00
471 0 +1.422301081e-05 +1.422301081e-05 -3.709985777e+00 -3.709985777e+00 +3.1200e+00 -2.2953e+00
480 0 +1.398874510e-05 +1.398874510e-05 -3.709986011e+00 -3.709986011e+00 +3.1201e+00 -2.2953e+00
490 0 +1.922537912e-06 +1.922537912e-06 -3.709998077e+00 -3.709998077e+00 +3.1200e+00 -2.2952e+00
523 0 +8.614718721e-07 +8.614718721e-07 -3.709999139e+00 -3.709999139e+00 +3.1200e+00 -2.2952e+00
528 0 +8.622826542e-08 +8.622826542e-08 -3.709999914e+00 -3.709999914e+00 +3.1200e+00 -2.2952e+00
627 0 +5.031285744e-08 +5.031285744e-08 -3.709999950e+00 -3.709999950e+00 +3.1200e+00 -2.2952e+00
645 0 +3.945999127e-08 +3.945999127e-08 -3.709999961e+00 -3.709999961e+00 +3.1200e+00 -2.2952e+00
661 0 +2.550904776e-08 +2.550904776e-08 -3.709999974e+00 -3.709999974e+00 +3.1200e+00 -2.2952e+00
669 0 +1.611950573e-08 +1.611950573e-08 -3.709999984e+00 -3.709999984e+00 +3.1200e+00 -2.2952e+00
676 0 +1.228070534e-09 +1.228070534e-09 -3.709999999e+00 -3.709999999e+00 +3.1200e+00 -2.2952e+00
999 0 +0.000000000e+00 +0.000000000e+00 -3.710000000e+00 -3.710000000e+00 +3.1200e+00 -2.2952e+00
% f evaluations | g evaluations | best noise-free fitness - Fopt | noise-free fitness - Fopt (1.321800000000e+02) | measured fitness | best measured fitness | x1 | x2...
1 0 +8.392562682e+01 +8.392562682e+01 +2.161056268e+02 +2.161056268e+02 +3.8778e+00 +1.0562e+00
2 0 +3.817988254e+01 +3.817988254e+01 +1.703598825e+02 +1.703598825e+02 -3.9233e+00 +1.1078e-01
5 0 +3.086616363e+01 +3.086616363e+01 +1.630461636e+02 +1.630461636e+02 +7.7486e-02 +1.9366e+00
27 0 +2.346765070e+01 +2.346765070e+01 +1.556476507e+02 +1.556476507e+02 -2.8798e+00 +1.0747e+00
28 0 +2.051039189e+01 +2.051039189e+01 +1.526903919e+02 +1.526903919e+02 -7.9034e-01 +1.9402e+00
52 0 +1.503341903e+01 +1.503341903e+01 +1.472134190e+02 +1.472134190e+02 -3.0617e+00 +1.8768e+00
79 0 +1.336921304e+01 +1.336921304e+01 +1.455492130e+02 +1.455492130e+02 -7.8105e-01 +2.1119e+00
82 0 +1.052237945e+01 +1.052237945e+01 +1.427023795e+02 +1.427023795e+02 -6.7583e-01 +1.8199e+00
130 0 +9.956018311e+00 +9.956018311e+00 +1.421360183e+02 +1.421360183e+02 -7.2613e-01 +1.8454e+00
% f evaluations | g evaluations | best noise-free fitness - Fopt | noise-free fitness - Fopt (-3.930000000000e+01) | measured fitness | best measured fitness | x1 | x2...
1 0 +4.063359086e+02 +4.063359086e+02 +3.670359086e+02 +3.670359086e+02 +1.0535e+00 +2.4988e+00
5 0 +1.407643644e+02 +1.407643644e+02 +1.014643644e+02 +1.014643644e+02 +3.4603e+00 -4.3805e+00
6 0 +7.302326115e+01 +7.302326115e+01 +3.372326115e+01 +3.372326115e+01 +3.7534e+00 -2.1578e+00
8 0 +4.365735266e+01 +4.365735266e+01 +4.357352660e+00 +4.357352660e+00 -2.9286e+00 +3.0054e-01
12 0 +3.075843220e+01 +3.075843220e+01 -8.541567796e+00 -8.541567796e+00 -3.3135e+00 -2.4365e+00
23 0 +2.920633936e+01 +2.920633936e+01 -1.009366064e+01 -1.009366064e+01 -2.3404e-01 -6.1494e-01
33 0 +2.106497561e+01 +2.106497561e+01 -1.823502439e+01 -1.823502439e+01 -1.1645e+00 -1.2469e+00
84 0 +7.591258156e+00 +7.591258156e+00 -3.170874184e+01 -3.170874184e+01 -2.5365e+00 -1.8609e+00
103 0 +5.073030533e+00 +5.073030533e+00 -3.422696947e+01 -3.422696947e+01 -2.6009e+00 -6.2241e-01
119 0 +4.964571907e+00 +4.964571907e+00 -3.433542809e+01 -3.433542809e+01 -2.5882e+00 -1.9333e+00
140 0 +4.118222051e+00 +4.118222051e+00 -3.518177795e+01 -3.518177795e+01 -2.5397e+00 -1.9072e+00
198 0 +1.835067443e+00 +1.835067443e+00 -3.746493256e+01 -3.746493256e+01 -2.4883e+00 -1.5517e+00
223 0 +1.566751576e+00 +1.566751576e+00 -3.773324842e+01 -3.773324842e+01 -2.4913e+00 -1.5302e+00
225 0 +1.323622626e+00 +1.323622626e+00 -3.797637737e+01 -3.797637737e+01 -2.5344e+00 -1.5507e+00
272 0 +1.036511626e+00 +1.036511626e+00 -3.826348837e+01 -3.826348837e+01 -2.5273e+00 -1.5431e+00
327 0 +1.006169071e+00 +1.006169071e+00 -3.829383093e+01 -3.829383093e+01 -2.5349e+00 -1.5415e+00
363 0 +9.950487488e-01 +9.950487488e-01 -3.830495125e+01 -3.830495125e+01 -2.5329e+00 -1.5394e+00
% f evaluations | g evaluations | best noise-free fitness - Fopt | noise-free fitness - Fopt (4.296000000000e+01) | measured fitness | best measured fitness | x1 | x2...
1 0 +9.323877956e+01 +9.323877956e+01 +1.361987796e+02 +1.361987796e+02 +4.1553e+00 +3.7149e+00
4 0 +2.778584902e+01 +2.778584902e+01 +7.074584902e+01 +7.074584902e+01 -8.6687e-02 +1.8388e+00
6 0 +1.029907095e+01 +1.029907095e+01 +5.325907095e+01 +5.325907095e+01 +3.5769e+00 +2.3743e+00
38 0 +7.793369614e+00 +7.793369614e+00 +5.075336961e+01 +5.075336961e+01 +5.5133e-01 +2.1741e+00
103 0 +3.052099826e+00 +3.052099826e+00 +4.601209983e+01 +4.601209983e+01 +5.1291e-01 +2.1384e+00
146 0 +2.576995365e+00 +2.576995365e+00 +4.553699536e+01 +4.553699536e+01 +5.4580e-01 +2.0777e+00
157 0 +2.151581712e+00 +2.151581712e+00 +4.511158171e+01 +4.511158171e+01 +5.2163e-01 +2.1143e+00
164 0 +2.126866829e+00 +2.126866829e+00 +4.508686683e+01 +4.508686683e+01 +5.3404e-01 +2.0929e+00
203 0 +2.020564597e+00 +2.020564597e+00 +4.498056460e+01 +4.498056460e+01 +5.2462e-01 +2.0953e+00
222 0 +1.991829988e+00 +1.991829988e+00 +4.495182999e+01 +4.495182999e+01 +5.1469e-01 +2.0966e+00
% f evaluations | g evaluations | best noise-free fitness - Fopt | noise-free fitness - Fopt (2.842200000000e+02) | measured fitness | best measured fitness | x1 | x2...
1 0 +1.121511510e+02 +1.121511510e+02 +3.963711510e+02 +3.963711510e+02 -2.2262e+00 -3.3322e+00
3 0 +7.349042970e+01 +7.349042970e+01 +3.577104297e+02 +3.577104297e+02 +4.0989e+00 -3.9066e-01
4 0 +3.475329609e+01 +3.475329609e+01 +3.189732961e+02 +3.189732961e+02 +2.9714e+00 +7.6463e-01
5 0 +1.311937469e+01 +1.311937469e+01 +2.973393747e+02 +2.973393747e+02 -1.1537e-01 +5.7180e-02
61 0 +7.534885427e+00 +7.534885427e+00 +2.917548854e+02 +2.917548854e+02 -1.4763e-01 +1.0089e-01
74 0 +6.795646969e+00 +6.795646969e+00 +2.910156470e+02 +2.910156470e+02 -1.0978e+00 -2.7756e-01
136 0 +6.178088727e+00 +6.178088727e+00 +2.903980887e+02 +2.903980887e+02 -1.2014e+00 -2.3070e-01
137 0 +4.349096564e+00 +4.349096564e+00 +2.885690966e+02 +2.885690966e+02 -1.0600e+00 +1.8379e-01
172 0 +3.604055885e+00 +3.604055885e+00 +2.878240559e+02 +2.878240559e+02 -1.1538e+00 +1.4391e-01
191 0 +2.141343143e+00 +2.141343143e+00 +2.863613431e+02 +2.863613431e+02 -1.0942e+00 +1.5617e-01
213 0 +2.003175760e+00 +2.003175760e+00 +2.862231758e+02 +2.862231758e+02 -1.1037e+00 +1.4737e-01
276 0 +1.990610227e+00 +1.990610227e+00 +2.862106102e+02 +2.862106102e+02 -1.1033e+00 +1.4172e-01
% f evaluations | g evaluations | best noise-free fitness - Fopt | noise-free fitness - Fopt (-3.217000000000e+01) | measured fitness | best measured fitness | x1 | x2...
1 0 +1.207303242e+02 +1.207303242e+02 +8.856032417e+01 +8.856032417e+01 +4.6314e+00 -1.4090e+00
2 0 +3.737812672e+01 +3.737812672e+01 +5.208126719e+00 +5.208126719e+00 +2.0215e-01 +1.3304e+00
4 0 +6.673206650e+00 +6.673206650e+00 -2.549679335e+01 -2.549679335e+01 -3.4182e-01 +1.8593e+00
48 0 +5.519743501e+00 +5.519743501e+00 -2.665025650e+01 -2.665025650e+01 +1.4647e+00 +2.5290e+00
93 0 +2.083763406e+00 +2.083763406e+00 -3.008623659e+01 -3.008623659e+01 +1.4722e+00 +1.5638e+00
118 0 +4.253535255e-02 +4.253535255e-02 -3.212746465e+01 -3.212746465e+01 +1.4324e+00 +1.8533e+00
210 0 +1.305094481e-02 +1.305094481e-02 -3.215694906e+01 -3.215694906e+01 +1.4376e+00 +1.8544e+00
221 0 +1.287397333e-02 +1.287397333e-02 -3.215712603e+01 -3.215712603e+01 +1.4389e+00 +1.8531e+00
262 0 +1.160929025e-02 +1.160929025e-02 -3.215839071e+01 -3.215839071e+01 +1.4382e+00 +1.8541e+00
269 0 +7.493290958e-03 +7.493290958e-03 -3.216250671e+01 -3.216250671e+01 +1.4418e+00 +1.8555e+00
274 0 +4.204097466e-03 +4.204097466e-03 -3.216579590e+01 -3.216579590e+01 +1.4436e+00 +1.8532e+00
317 0 +2.969651274e-03 +2.969651274e-03 -3.216703035e+01 -3.216703035e+01 +1.4450e+00 +1.8532e+00
319 0 +1.165793315e-03 +1.165793315e-03 -3.216883421e+01 -3.216883421e+01 +1.4447e+00 +1.8539e+00
322 0 +1.172886466e-04 +1.172886466e-04 -3.216988271e+01 -3.216988271e+01 +1.4469e+00 +1.8542e+00
383 0 +5.196926332e-05 +5.196926332e-05 -3.216994803e+01 -3.216994803e+01 +1.4468e+00 +1.8545e+00
398 0 +5.078983766e-05 +5.078983766e-05 -3.216994921e+01 -3.216994921e+01 +1.4460e+00 +1.8545e+00
399 0 +3.475143498e-05 +3.475143498e-05 -3.216996525e+01 -3.216996525e+01 +1.4465e+00 +1.8543e+00
419 0 +1.913760148e-05 +1.913760148e-05 -3.216998086e+01 -3.216998086e+01 +1.4466e+00 +1.8543e+00
427 0 +4.093163554e-06 +4.093163554e-06 -3.216999591e+01 -3.216999591e+01 +1.4465e+00 +1.8544e+00
473 0 +2.146710926e-06 +2.146710926e-06 -3.216999785e+01 -3.216999785e+01 +1.4464e+00 +1.8544e+00
501 0 +8.515600669e-07 +8.515600669e-07 -3.216999915e+01 -3.216999915e+01 +1.4464e+00 +1.8544e+00
519 0 +3.120898882e-07 +3.120898882e-07 -3.216999969e+01 -3.216999969e+01 +1.4464e+00 +1.8544e+00
530 0 +1.651558463e-07 +1.651558463e-07 -3.216999983e+01 -3.216999983e+01 +1.4464e+00 +1.8544e+00
533 0 +1.457859540e-07 +1.457859540e-07 -3.216999985e+01 -3.216999985e+01 +1.4464e+00 +1.8544e+00
564 0 +1.040034121e-07 +1.040034121e-07 -3.216999990e+01 -3.216999990e+01 +1.4464e+00 +1.8544e+00
572 0 +8.580977351e-08 +8.580977351e-08 -3.216999991e+01 -3.216999991e+01 +1.4464e+00 +1.8544e+00
579 0 +8.118821881e-08 +8.118821881e-08 -3.216999992e+01 -3.216999992e+01 +1.4464e+00 +1.8544e+00
581 0 +1.261764737e-08 +1.261764737e-08 -3.216999999e+01 -3.216999999e+01 +1.4464e+00 +1.8544e+00
582 0 +1.078317524e-08 +1.078317524e-08 -3.216999999e+01 -3.216999999e+01 +1.4464e+00 +1.8544e+00
623 0 +8.035875965e-09 +8.035875965e-09 -3.216999999e+01 -3.216999999e+01 +1.4464e+00 +1.8544e+00
930 0 +0.000000000e+00 +0.000000000e+00 -3.217000000e+01 -3.217000000e+01 +1.4464e+00 +1.8544e+00
% f evaluations | g evaluations | best noise-free fitness - Fopt | noise-free fitness - Fopt (-5.858000000000e+01) | measured fitness | best measured fitness | x1 | x2...
1 0 +1.926485434e+01 +1.926485434e+01 -3.931514566e+01 -3.931514566e+01 +1.4073e+00 -1.7761e+00
34 0 +1.298971630e+01 +1.298971630e+01 -4.559028370e+01 -4.559028370e+01 +4.4878e+00 -1.8755e+00
37 0 +7.277596104e+00 +7.277596104e+00 -5.130240390e+01 -5.130240390e+01 +7.7544e-01 -2.1714e+00
59 0 +6.846334526e+00 +6.846334526e+00 -5.173366547e+01 -5.173366547e+01 +7.7361e-01 -2.1532e+00
84 0 +6.732961704e+00 +6.732961704e+00 -5.184703830e+01 -5.184703830e+01 +5.2129e-01 -2.1729e+00
114 0 +6.144696900e+00 +6.144696900e+00 -5.243530310e+01 -5.243530310e+01 +7.2494e-01 -2.8291e+00
124 0 +5.389148389e+00 +5.389148389e+00 -5.319085161e+01 -5.319085161e+01 +6.1269e-01 -2.1209e+00
159 0 +5.186160753e+00 +5.186160753e+00 -5.339383925e+01 -5.339383925e+01 +6.2479e-01 -2.1272e+00
173 0 +5.047638582e+00 +5.047638582e+00 -5.353236142e+01 -5.353236142e+01 +6.0754e-01 -2.1459e+00
215 0 +4.977885102e+00 +4.977885102e+00 -5.360211490e+01 -5.360211490e+01 +6.3205e-01 -2.1441e+00
% f evaluations | g evaluations | best noise-free fitness - Fopt | noise-free fitness - Fopt (-6.049200000000e+02) | measured fitness | best measured fitness | x1 | x2...
1 0 +1.190146653e+03 +1.190146653e+03 +5.852266527e+02 +5.852266527e+02 +2.0158e+00 +4.1982e+00
2 0 +1.678914327e+02 +1.678914327e+02 -4.370285673e+02 -4.370285673e+02 +2.6706e+00 -4.5860e+00
3 0 +2.869121055e+01 +2.869121055e+01 -5.762287894e+02 -5.762287894e+02 +2.4510e+00 -6.5185e-01
9 0 +2.286045014e+01 +2.286045014e+01 -5.820595499e+02 -5.820595499e+02 -2.5481e+00 -3.3019e-01
18 0 +9.694306125e+00 +9.694306125e+00 -5.952256939e+02 -5.952256939e+02 -1.1443e+00 -7.2023e-01
53 0 +1.907057459e+00 +1.907057459e+00 -6.030129425e+02 -6.030129425e+02 -1.0015e+00 -6.8971e-01
111 0 +1.517898408e+00 +1.517898408e+00 -6.034021016e+02 -6.034021016e+02 -9.9386e-01 -6.8210e-01
115 0 +1.464008651e+00 +1.464008651e+00 -6.034559913e+02 -6.034559913e+02 -1.0109e+00 -6.8011e-01
161 0 +1.086669952e+00 +1.086669952e+00 -6.038333300e+02 -6.038333300e+02 -1.0190e+00 -6.5810e-01
210 0 +1.011519699e+00 +1.011519699e+00 -6.039084803e+02 -6.039084803e+02 -1.0080e+00 -6.5339e-01
227 0 +9.985372290e-01 +9.985372290e-01 -6.039214628e+02 -6.039214628e+02 -9.9872e-01 -6.5167e-01
% f evaluations | g evaluations | best noise-free fitness - Fopt | noise-free fitness - Fopt (1.337000000000e+02) | measured fitness | best measured fitness | x1 | x2...
1 0 +1.664386837e+02 +1.664386837e+02 +3.001386837e+02 +3.001386837e+02 -3.8562e+00 +3.3031e+00
2 0 +7.846612229e+01 +7.846612229e+01 +2.121661223e+02 +2.121661223e+02 -4.6130e+00 -6.3090e-02
3 0 +3.484769324e+01 +3.484769324e+01 +1.685476932e+02 +1.685476932e+02 +2.0605e+00 +3.8840e-01
4 0 +2.153371679e+01 +2.153371679e+01 +1.552337168e+02 +1.552337168e+02 +3.7845e+00 +1.2830e+00
13 0 +8.977102579e+00 +8.977102579e+00 +1.426771026e+02 +1.426771026e+02 +2.4862e+00 +1.4039e+00
42 0 +7.748619351e+00 +7.748619351e+00 +1.414486194e+02 +1.414486194e+02 +2.3024e+00 +6.2580e-01
54 0 +7.563468997e+00 +7.563468997e+00 +1.412634690e+02 +1.412634690e+02 +1.4405e+00 +8.9345e-01
69 0 +7.316384722e+00 +7.316384722e+00 +1.410163847e+02 +1.410163847e+02 +2.5938e+00 +2.8826e-01
93 0 +5.969776885e+00 +5.969776885e+00 +1.396697769e+02 +1.396697769e+02 +2.5399e+00 +2.3859e-01
107 0 +4.992705309e+00 +4.992705309e+00 +1.386927053e+02 +1.386927053e+02 +2.4652e+00 +2.9470e-01
115 0 +4.411304007e+00 +4.411304007e+00 +1.381113040e+02 +1.381113040e+02 +2.4884e+00 +2.5093e-01
160 0 +4.339276850e+00 +4.339276850e+00 +1.380392769e+02 +1.380392769e+02 +2.4918e+00 +2.5280e-01
179 0 +4.025190289e+00 +4.025190289e+00 +1.377251903e+02 +1.377251903e+02 +2.4831e+00 +2.7190e-01
192 0 +2.600590523e+00 +2.600590523e+00 +1.363005905e+02 +1.363005905e+02 +2.4795e+00 +9.1953e-01
211 0 +1.547620687e+00 +1.547620687e+00 +1.352476207e+02 +1.352476207e+02 +2.4816e+00 +9.2651e-01
219 0 +9.976278849e-01 +9.976278849e-01 +1.346976279e+02 +1.346976279e+02 +2.4741e+00 +6.4550e-01
225 0 +3.105822352e-01 +3.105822352e-01 +1.340105822e+02 +1.340105822e+02 +2.4837e+00 +9.6773e-01
259 0 +2.685777113e-02 +2.685777113e-02 +1.337268578e+02 +1.337268578e+02 +2.4849e+00 +9.5234e-01
291 0 +1.221610366e-02 +1.221610366e-02 +1.337122161e+02 +1.337122161e+02 +2.4821e+00 +9.5583e-01
311 0 +8.234211531e-03 +8.234211531e-03 +1.337082342e+02 +1.337082342e+02 +2.4816e+00 +9.5375e-01
350 0 +1.719779061e-03 +1.719779061e-03 +1.337017198e+02 +1.337017198e+02 +2.4751e+00 +9.5535e-01
400 0 +8.561789656e-04 +8.561789656e-04 +1.337008562e+02 +1.337008562e+02 +2.4731e+00 +9.5455e-01
406 0 +5.225085930e-04 +5.225085930e-04 +1.337005225e+02 +1.337005225e+02 +2.4737e+00 +9.5463e-01
415 0 +8.844752830e-05 +8.844752830e-05 +1.337000884e+02 +1.337000884e+02 +2.4758e+00 +9.5429e-01
468 0 +1.410875100e-05 +1.410875100e-05 +1.337000141e+02 +1.337000141e+02 +2.4749e+00 +9.5441e-01
527 0 +1.099806093e-05 +1.099806093e-05 +1.337000110e+02 +1.337000110e+02 +2.4753e+00 +9.5434e-01
535 0 +8.666017067e-06 +8.666017067e-06 +1.337000087e+02 +1.337000087e+02 +2.4753e+00 +9.5435e-01
536 0 +7.033846913e-06 +7.033846913e-06 +1.337000070e+02 +1.337000070e+02 +2.4752e+00 +9.5435e-01
552 0 +2.133560542e-06 +2.133560542e-06 +1.337000021e+02 +1.337000021e+02 +2.4751e+00 +9.5440e-01
586 0 +1.340100511e-06 +1.340100511e-06 +1.337000013e+02 +1.337000013e+02 +2.4751e+00 +9.5440e-01
587 0 +5.352243591e-07 +5.352243591e-07 +1.337000005e+02 +1.337000005e+02 +2.4752e+00 +9.5438e-01
594 0 +1.924969695e-07 +1.924969695e-07 +1.337000002e+02 +1.337000002e+02 +2.4752e+00 +9.5440e-01
595 0 +2.483989192e-08 +2.483989192e-08 +1.337000000e+02 +1.337000000e+02 +2.4752e+00 +9.5440e-01
623 0 +2.339874072e-08 +2.339874072e-08 +1.337000000e+02 +1.337000000e+02 +2.4752e+00 +9.5440e-01
639 0 +6.830049415e-09 +6.830049415e-09 +1.337000000e+02 +1.337000000e+02 +2.4752e+00 +9.5440e-01
937 0 +0.000000000e+00 +0.000000000e+00 +1.337000000e+02 +1.337000000e+02 +2.4752e+00 +9.5440e-01
% f evaluations | g evaluations | best noise-free fitness - Fopt | noise-free fitness - Fopt (-2.098000000000e+01) | measured fitness | best measured fitness | x1 | x2...
1 0 +1.473883428e+02 +1.473883428e+02 +1.264083428e+02 +1.264083428e+02 -2.9389e+00 -1.5822e+00
3 0 +1.390300417e+02 +1.390300417e+02 +1.180500417e+02 +1.180500417e+02 +4.4892e+00 -1.3590e+00
6 0 +5.316850776e+01 +5.316850776e+01 +3.218850776e+01 +3.218850776e+01 +2.2207e+00 +3.2611e-01
18 0 +8.162852132e+00 +8.162852132e+00 -1.281714787e+01 -1.281714787e+01 +1.0888e+00 +2.6476e+00
64 0 +4.575555240e+00 +4.575555240e+00 -1.640444476e+01 -1.640444476e+01 +1.1455e+00 +1.9448e+00
111 0 +4.517418377e+00 +4.517418377e+00 -1.646258162e+01 -1.646258162e+01 +1.1382e+00 +1.9532e+00
117 0 +4.117261974e+00 +4.117261974e+00 -1.686273803e+01 -1.686273803e+01 +9.9625e-01 +2.3042e+00
141 0 +2.667545542e+00 +2.667545542e+00 -1.831245446e+01 -1.831245446e+01 +1.1307e+00 +1.9177e+00
162 0 +2.190403750e+00 +2.190403750e+00 -1.878959625e+01 -1.878959625e+01 +1.1180e+00 +1.9128e+00
182 0 +2.098252922e+00 +2.098252922e+00 -1.888174708e+01 -1.888174708e+01 +1.1175e+00 +1.9178e+00
188 0 +1.830242378e+00 +1.830242378e+00 -1.914975762e+01 -1.914975762e+01 +1.0974e+00 +1.9352e+00
189 0 +1.797336400e+00 +1.797336400e+00 -1.918266360e+01 -1.918266360e+01 +1.1060e+00 +1.9111e+00
214 0 +1.597451021e+00 +1.597451021e+00 -1.938254898e+01 -1.938254898e+01 +1.0997e+00 +1.9117e+00
216 0 +1.396497122e+00 +1.396497122e+00 -1.958350288e+01 -1.958350288e+01 +1.0927e+00 +1.9132e+00
222 0 +1.001192921e+00 +1.001192921e+00 -1.997880708e+01 -1.997880708e+01 +1.0626e+00 +1.9174e+00
311 0 +9.963281609e-01 +9.963281609e-01 -1.998367184e+01 -1.998367184e+01 +1.0621e+00 +1.9187e+00
% f evaluations | g evaluations | best noise-free fitness - Fopt | noise-free fitness - Fopt (1.353300000000e+02) | measured fitness | best measured fitness | x1 | x2...
1 0 +3.333970256e+01 +3.333970256e+01 +1.686697026e+02 +1.686697026e+02 -1.6669e+00 +1.0410e+00
9 0 +2.832637447e+01 +2.832637447e+01 +1.636563745e+02 +1.636563745e+02 +8.8096e-01 +8.3210e-01
13 0 +2.332839137e+01 +2.332839137e+01 +1.586583914e+02 +1.586583914e+02 +2.2930e+00 -2.5512e-01
15 0 +1.643808426e+01 +1.643808426e+01 +1.517680843e+02 +1.517680843e+02 -1.2509e+00 -5.8682e-01
22 0 +9.938041410e+00 +9.938041410e+00 +1.452680414e+02 +1.452680414e+02 +1.4851e+00 +4.6462e-01
35 0 +9.590873002e+00 +9.590873002e+00 +1.449208730e+02 +1.449208730e+02 +5.8542e-01 +8.0005e-01
43 0 +8.306239907e+00 +8.306239907e+00 +1.436362399e+02 +1.436362399e+02 +2.6137e+00 +6.2545e-02
65 0 +6.441079315e+00 +6.441079315e+00 +1.417710793e+02 +1.417710793e+02 +2.5006e+00 +4.1170e-01
71 0 +5.871043174e+00 +5.871043174e+00 +1.412010432e+02 +1.412010432e+02 +2.6049e+00 +2.9506e-02
164 0 +4.844762752e+00 +4.844762752e+00 +1.401747628e+02 +1.401747628e+02 +2.5062e+00 +2.9643e-02
214 0 +4.633744516e+00 +4.633744516e+00 +1.399637445e+02 +1.399637445e+02 +2.5426e+00 +4.4562e-02
215 0 +4.059109205e+00 +4.059109205e+00 +1.393891092e+02 +1.393891092e+02 +2.5537e+00 +2.9000e-02
311 0 +3.980368831e+00 +3.980368831e+00 +1.393103688e+02 +1.393103688e+02 +2.5464e+00 +2.3642e-02
% f evaluations | g evaluations | best noise-free fitness - Fopt | noise-free fitness - Fopt (4.066000000000e+01) | measured fitness | best measured fitness | x1 | x2...
1 0 +1.209966698e+02 +1.209966698e+02 +1.616566698e+02 +1.616566698e+02 +1.8476e+00 +3.4861e+00
4 0 +1.128309475e+02 +1.128309475e+02 +1.534909475e+02 +1.534909475e+02 -2.7527e+00 -8.2107e-01
5 0 +9.591283711e+01 +9.591283711e+01 +1.365728371e+02 +1.365728371e+02 +4.7617e+00 -1.2491e+00
10 0 +3.351327953e+01 +3.351327953e+01 +7.417327953e+01 +7.417327953e+01 +4.5015e+00 +1.7103e+00
11 0 +2.508956926e+01 +2.508956926e+01 +6.574956926e+01 +6.574956926e+01 +4.2327e+00 +2.0347e+00
51 0 +1.441538080e+01 +1.441538080e+01 +5.507538080e+01 +5.507538080e+01 +5.0000e+00 +2.2240e+00
62 0 +1.319563320e+01 +1.319563320e+01 +5.385563320e+01 +5.385563320e+01 +5.0000e+00 +6.1763e-01
84 0 +1.250269976e+01 +1.250269976e+01 +5.316269976e+01 +5.316269976e+01 +3.0686e+00 +2.0527e+00
89 0 +6.636119054e+00 +6.636119054e+00 +4.729611905e+01 +4.729611905e+01 +5.0000e+00 +1.6284e+00
128 0 +5.627786720e+00 +5.627786720e+00 +4.628778672e+01 +4.628778672e+01 +5.0000e+00 +1.2586e+00
157 0 +5.415905655e+00 +5.415905655e+00 +4.607590566e+01 +4.607590566e+01 +5.0000e+00 +1.2462e+00
