% f evaluations | g evaluations | best noise-free fitness - Fopt | noise-free fitness - Fopt (-1.025500000000e+02) | measured fitness | best measured fitness | x1 | x2...
1 0 +8.274470048e+01 +8.274470048e+01 -1.980529952e+01 -1.980529952e+01 -4.3196e+00 +4.6717e+00 +4.8538e+00 -2.4029e+00 +3.9089e+00 +5.9649e-03 -4.9004e+00 +1.4102e+00 +4.6503e+00 -3.6753e+00 +1.1555e+00 +4.7066e-01 -4.5805e+00 -2.9272e+00 +2.1694e+00 +1.8040e+00 +4.0519e-01 -2.0930e+00 +1.9227e-01 -7.0860e-02
2 0 +6.547406213e+01 +6.547406213e+01 -3.707593787e+01 -3.707593787e+01 -5.3370e-01 +1.4341e+00 +2.5215e+00 +2.6827e+00 +4.1230e+00 +4.1905e+00 -7.9399e-01 +1.5591e-01 -2.1767e+00 +2.6846e+00 -6.8661e-01 +4.2462e+00 +4.9866e+00 +2.4103e+00 -2.7421e+00 -3.0352e-01 +4.8046e+00 -3.9434e+00 +3.8694e+00 +1.9410e-01
4 0 +6.279506097e+01 +6.279506097e+01 -3.975493903e+01 -3.975493903e+01 -7.8305e-01 +2.3610e+00 +3.2949e+00 +2.3354e+00 -5.4968e-01 +4.9298e-01 -4.6837e+00 -1.8317e-01 -1.8305e+00 +3.6729e+00 -2.7966e+00 +4.1143e+00 -2.4665e+00 +2.3788e+00 -4.6368e+00 -3.0559e+00 +3.3378e-01 -2.2166e+00 -2.1286e+00 -4.9029e+00
5 0 +5.026890012e+01 +5.026890012e+01 -5.228109988e+01 -5.228109988e+01 +3.2229e+00 +2.7698e+00 +2.4477e-01 -4.6955e+00 -3.1588e+00 -1.2604e+00 -2.4525e+00 -2.8711e+00 +4.0800e+00 -1.9677e+00 +1.7182e+00 +2.4214e+00 -3.5806e+00 -4.3584e+00 -4.8316e-01 -3.0717e+00 +4.9752e-01 -2.2094e+00 +3.6076e+00 +4.8115e+00
9 0 +3.425041914e+01 +3.425041914e+01 -6.829958086e+01 -6.829958086e+01 +1.8655e+00 +2.0673e-01 +8.2421e-01 -8.1151e-01 +9.1827e-01 +2.1578e+00 +2.1909e+00 +2.1718e+00 -1.9488e+00 +4.4451e+00 -8.3168e-01 -2.9098e+00 -4.9558e+00 -1.6741e+00 +4.7460e+00 -3.2567e+00 +2.6983e-01 -5.2204e-01 -2.5424e-01 +2.2065e+00
11 0 +2.091365596e+01 +2.091365596e+01 -8.163634404e+01 -8.163634404e+01 +1.9970e+00 -3.5124e+00 -2.8761e+00 +2.2625e+00 -2.4711e+00 +4.4569e+00 +6.6997e-01 +4.7174e-01 +6.5914e-01 -2.4068e+00 -4.9330e-01 +8.9471e-01 +1.8207e+00 -7.3161e-01 +7.0555e-03 -2.3474e+00 -2.7980e-01 +2.8958e+00 -2.2683e+00 -9.7904e-01
53 0 +1.975181184e+01 +1.975181184e+01 -8.279818816e+01 -8.279818816e+01 -1.0661e+00 +1.4190e+00 -1.5687e+00 +1.1880e+00 -2.5847e+00 +4.6757e+00 +3.1405e+00 +1.9444e+00 +1.2133e+00 -2.3991e+00 -9.0251e-01 -9.1973e-01 +1.5386e+00 +4.0121e-01 -5.5952e-01 -2.1009e+00 +2.6689e-01 +2.9247e+00 -2.4785e+00 -1.0491e+00
55 0 +1.900201847e+01 +1.900201847e+01 -8.354798153e+01 -8.354798153e+01 +2.1068e+00 -4.2405e+00 -1.7791e+00 -2.5078e+00 -2.5950e+00 +2.7700e+00 +9.6383e-01 +2.5851e-02 +1.5310e-01 -2.4347e+00 +1.0792e+00 +6.8728e-01 +2.1758e+00 +1.4362e+00 +3.1667e-01 -1.7822e+00 -3.4153e-01 +4.0666e+00 +2.9486e+00 -1.7481e+00
84 0 +1.498814378e+01 +1.498814378e+01 -8.756185622e+01 -8.756185622e+01 +6.9034e-01 -1.7361e+00 +5.0563e-01 +2.2180e+00 -1.9705e+00 +5.0000e+00 +1.4125e-01 -2.8714e-01 +1.3996e+00 -2.3578e+00 -2.1234e+00 +1.8858e+00 +1.6110e+00 -8.1751e-01 -1.0090e-01 -2.3761e+00 +4.1842e-01 +7.0097e-01 -1.6202e+00 +5.1110e-02
115 0 +1.431339093e+01 +1.431339093e+01 -8.823660907e+01 -8.823660907e+01 +5.1661e-01 -1.3306e+00 +7.5779e-02 +2.2221e+00 -1.9135e+00 +5.0000e+00 -9.9077e-02 -3.3169e-01 +1.4843e+00 -2.5401e+00 -1.4649e+00 +2.6203e+00 +1.7538e+00 -1.3403e+00 -9.4554e-02 -2.7112e+00 +3.0445e-01 +7.5058e-01 -1.6078e+00 +7.6727e-01
117 0 +1.343783237e+01 +1.343783237e+01 -8.911216763e+01 -8.911216763e+01 +1.1786e-01 -1.7060e+00 +8.2046e-01 +1.2920e+00 -2.0383e+00 +5.0000e+00 +8.9222e-02 -6.1626e-01 +1.4314e+00 -2.4172e+00 -2.3440e+00 +1.9460e+00 +1.5621e+00 -8.1541e-01 -5.7651e-02 -2.4075e+00 +5.3013e-01 +1.8161e+00 -2.5170e+00 +2.5943e-02
120 0 +1.277491960e+01 +1.277491960e+01 -8.977508040e+01 -8.977508040e+01 +1.0279e+00 -2.0979e+00 +2.3116e+00 +2.1906e+00 -2.9612e+00 +5.0000e+00 +1.7695e-02 -1.6332e+00 +7.9836e-01 -2.6432e+00 -1.9555e+00 +1.8326e+00 +1.7008e+00 -8.4705e-01 -1.5199e-01 -2.4979e+00 +1.0804e+00 +2.5416e-01 -1.5709e+00 +1.7035e-01
122 0 +1.115340951e+01 +1.115340951e+01 -9.139659049e+01 -9.139659049e+01 +1.2153e+00 -1.1425e+00 +1.1013e+00 +2.0720e+00 -1.7463e+00 +1.9072e+00 -5.1889e-01 +1.5937e-01 +1.1607e+00 -2.8086e+00 -1.6859e+00 +2.5477e+00 +1.2219e+00 -8.3341e-01 +5.3296e-01 -2.3560e+00 +5.1920e-01 +1.0290e+00 -1.2744e+00 -2.8613e-01
157 0 +9.272727167e+00 +9.272727167e+00 -9.327727283e+01 -9.327727283e+01 +3.3975e-01 -1.2296e+00 +1.2513e+00 +2.0722e+00 -2.2529e+00 +4.7002e-01 -1.1732e-03 -3.0651e-01 +1.1342e+00 -3.0454e+00 -1.6898e+00 +3.1576e+00 +1.2595e+00 -6.8460e-01 +6.6215e-01 -2.3291e+00 +5.7374e-01 +1.2122e+00 -1.2336e+00 -2.5078e-01
238 0 +8.859968070e+00 +8.859968070e+00 -9.369003193e+01 -9.369003193e+01 +8.4486e-01 -1.0635e+00 +9.3521e-01 +2.0585e+00 -1.6591e+00 +1.6547e+00 -6.1115e-02 +4.0590e-01 +1.4010e+00 -2.6628e+00 -1.5013e+00 +2.1203e+00 +1.2400e+00 -7.6152e-01 +1.3181e+00 -2.3961e+00 -6.9966e-01 +3.4568e-01 -1.0107e+00 +1.3135e+00
295 0 +8.422675089e+00 +8.422675089e+00 -9.412732491e+01 -9.412732491e+01 +9.1447e-01 -1.0635e+00 +9.4948e-01 +2.0636e+00 -1.6792e+00 +1.6764e+00 -1.1522e-01 +3.8819e-01 +1.4271e+00 -2.6332e+00 -1.5415e+00 +1.8661e+00 +1.1981e+00 -7.8102e-01 +1.7796e+00 -2.3960e+00 -8.9644e-01 +2.0328e-01 -1.0207e+00 +1.3173e+00
315 0 +7.277594804e+00 +7.277594804e+00 -9.527240520e+01 -9.527240520e+01 +7.6183e-01 -1.0461e+00 +8.7797e-01 +2.0614e+00 -1.6603e+00 +1.6492e+00 -1.0448e-01 +5.7021e-01 +1.4396e+00 -2.5951e+00 -1.5697e+00 +1.8664e+00 +1.1927e+00 -7.7643e-01 +1.4481e+00 -2.3961e+00 -7.7466e-01 +6.1380e-01 -1.5241e+00 +1.3119e+00
505 0 +6.480215594e+00 +6.480215594e+00 -9.606978441e+01 -9.606978441e+01 +7.6348e-01 -1.0474e+00 +8.8078e-01 +2.0613e+00 -1.6592e+00 +1.6492e+00 -1.0448e-01 +5.6741e-01 +1.4390e+00 -2.5962e+00 -1.5696e+00 +1.8660e+00 +1.1927e+00 -7.7647e-01 +1.4459e+00 -2.3961e+00 -7.7474e-01 +6.3079e-01 -1.5357e+00 +1.2801e+00
577 0 +6.444939364e+00 +6.444939364e+00 -9.610506064e+01 -9.610506064e+01 +7.6352e-01 -1.0473e+00 +8.8068e-01 +2.0613e+00 -1.6588e+00 +1.6492e+00 -1.0448e-01 +5.6949e-01 +1.4389e+00 -2.5962e+00 -1.5696e+00 +1.8657e+00 +1.1928e+00 -7.7647e-01 +1.4459e+00 -2.3961e+00 -7.7474e-01 +6.3070e-01 -1.5359e+00 +1.2797e+00
582 0 +6.208409888e+00 +6.208409888e+00 -9.634159011e+01 -9.634159011e+01 +7.6347e-01 -1.0474e+00 +8.8079e-01 +2.0613e+00 -1.6597e+00 +1.6491e+00 -1.0448e-01 +5.6750e-01 +1.4392e+00 -2.5957e+00 -1.5696e+00 +1.8655e+00 +1.1928e+00 -7.7648e-01 +1.4459e+00 -2.3962e+00 -7.7426e-01 +6.3050e-01 -1.5357e+00 +1.2802e+00
652 0 +5.931860377e+00 +5.931860377e+00 -9.661813962e+01 -9.661813962e+01 +7.6346e-01 -1.0473e+00 +8.8079e-01 +2.0611e+00 -1.6594e+00 +1.6491e+00 -1.0458e-01 +5.6750e-01 +1.4392e+00 -2.5958e+00 -1.5696e+00 +1.8654e+00 +1.1928e+00 -7.7648e-01 +1.4459e+00 -2.3963e+00 -7.7382e-01 +6.3029e-01 -1.5366e+00 +1.2798e+00
672 0 +5.884551986e+00 +5.884551986e+00 -9.666544801e+01 -9.666544801e+01 +7.6348e-01 -1.0474e+00 +8.8099e-01 +2.0613e+00 -1.6597e+00 +1.6491e+00 -1.0448e-01 +5.6715e-01 +1.4390e+00 -2.5960e+00 -1.5697e+00 +1.8652e+00 +1.1927e+00 -7.7648e-01 +1.4459e+00 -2.3963e+00 -7.7415e-01 +6.3046e-01 -1.5364e+00 +1.2802e+00
712 0 +5.571600656e+00 +5.571600656e+00 -9.697839934e+01 -9.697839934e+01 +7.6359e-01 -1.0474e+00 +8.8099e-01 +2.0613e+00 -1.6597e+00 +1.6491e+00 -1.0448e-01 +5.6731e-01 +1.4390e+00 -2.5958e+00 -1.5696e+00 +1.8650e+00 +1.1927e+00 -7.7648e-01 +1.4458e+00 -2.3962e+00 -7.7408e-01 +6.3007e-01 -1.5366e+00 +1.2802e+00
782 0 +5.475836870e+00 +5.475836870e+00 -9.707416313e+01 -9.707416313e+01 +7.6368e-01 -1.0474e+00 +8.8100e-01 +2.0613e+00 -1.6597e+00 +1.6491e+00 -1.0448e-01 +5.6741e-01 +1.4391e+00 -2.5959e+00 -1.5696e+00 +1.8649e+00 +1.1926e+00 -7.7648e-01 +1.4459e+00 -2.3962e+00 -7.7398e-01 +6.2992e-01 -1.5366e+00 +1.2802e+00
990 0 +5.369246149e+00 +5.369246149e+00 -9.718075385e+01 -9.718075385e+01 +7.6409e-01 -1.0474e+00 +8.8100e-01 +2.0613e+00 -1.6596e+00 +1.6491e+00 -1.0448e-01 +5.6737e-01 +1.4390e+00 -2.5956e+00 -1.5696e+00 +1.8649e+00 +1.1927e+00 -7.7648e-01 +1.4459e+00 -2.3963e+00 -7.7395e-01 +6.2995e-01 -1.5366e+00 +1.2802e+00
% f evaluations | g evaluations | best noise-free fitness - Fopt | noise-free fitness - Fopt (7.169000000000e+01) | measured fitness | best measured fitness | x1 | x2...
1 0 +4.962883091e+01 +4.962883091e+01 +1.213188309e+02 +1.213188309e+02 +5.2648e-01 -2.9642e+00 +4.4377e+00 -6.8714e-01 -2.3748e+00 +4.5726e+00 +4.5135e-01 +5.8332e-01 -4.2970e+00 +1.9760e+00 -3.3885e+00 -1.9285e+00 -2.2108e+00 -1.3957e+00 -3.5582e+00 -3.9705e+00 +1.0045e+00 +3.9577e+00 -2.8759e+00 +2.5448e+00
3 0 +2.612514963e+01 +2.612514963e+01 +9.781514963e+01 +9.781514963e+01 -4.6863e+00 -1.7902e+00 +4.5401e+00 -1.0022e+00 -1.9284e+00 +3.5539e+00 -7.7501e-01 -2.4008e+00 -4.3291e+00 -5.2854e-01 -1.1404e+00 -6.3392e-01 -1.2852e+00 +2.1285e+00 +1.5368e+00 +3.2749e+00 -1.2987e+00 +1.6974e+00 -6.6847e-01 -8.6889e-01
38 0 +2.208570667e+01 +2.208570667e+01 +9.377570667e+01 +9.377570667e+01 -7.9917e-01 +1.3762e+00 +2.0743e+00 +3.7593e+00 -3.3081e+00 +4.7099e+00 +7.6997e-01 +1.6092e+00 +2.8786e+00 +2.4180e+00 -1.7260e+00 +1.3818e+00 -2.5128e+00 +1.0192e+00 +7.8207e-02 +6.5689e-01 -9.9924e-01 +2.5267e+00 -3.4428e+00 +2.5014e+00
89 0 +2.107083843e+01 +2.107083843e+01 +9.276083843e+01 +9.276083843e+01 -1.4306e+00 +1.3805e+00 +1.5766e+00 +1.6737e+00 -3.3112e+00 +5.0000e+00 +1.1250e+00 +2.2888e+00 -2.4499e+00 +1.5492e+00 -1.4694e+00 +1.4545e+00 -1.8569e+00 -1.5948e+00 +4.1805e-03 -2.1737e-02 +8.9954e-01 +1.9782e+00 -3.9420e+00 +4.0332e+00
138 0 +1.970906681e+01 +1.970906681e+01 +9.139906681e+01 +9.139906681e+01 -1.5078e+00 +1.0969e+00 +1.6002e+00 +4.7793e-01 -3.2331e+00 +5.0000e+00 +1.5969e+00 +1.6207e+00 +2.8668e-01 +2.7168e+00 -1.2106e+00 +1.4147e+00 -1.8601e+00 -1.0918e+00 +1.0350e+00 -2.3352e+00 +1.3643e+00 +1.4984e+00 -3.9186e+00 +3.8068e+00
142 0 +1.600533637e+01 +1.600533637e+01 +8.769533637e+01 +8.769533637e+01 -2.4818e-02 +8.9739e-01 +1.4712e+00 +1.5429e+00 -3.2595e+00 +5.0000e+00 +3.8056e+00 +2.1301e+00 -7.2367e-01 +1.5978e+00 -1.6330e+00 +1.1366e+00 -1.9844e+00 -1.3625e+00 +3.2934e-01 +3.2952e-01 +6.1649e-01 +1.9683e+00 -3.2259e+00 +3.4658e+00
216 0 +1.580887080e+01 +1.580887080e+01 +8.749887080e+01 +8.749887080e+01 +5.2000e-02 +9.8342e-01 +1.3707e+00 +1.1433e+00 -3.2594e+00 +5.0000e+00 +3.2273e+00 +2.1416e+00 -8.3818e-01 +1.5869e+00 -1.6161e+00 +1.1334e+00 -2.1141e+00 -1.3826e+00 +3.3514e-01 +4.1187e-01 +2.7822e-01 +1.9934e+00 -3.2768e+00 +3.4452e+00
354 0 +1.524054843e+01 +1.524054843e+01 +8.693054843e+01 +8.693054843e+01 -1.6529e-02 +1.0369e+00 +1.3950e+00 +1.1805e+00 -3.2563e+00 +5.0000e+00 +2.7226e+00 +2.1554e+00 -8.4518e-01 +1.5873e+00 -1.4650e+00 +1.1430e+00 -2.0549e+00 -1.3813e+00 +3.4934e-01 +7.7917e-01 +2.9440e-01 +1.9842e+00 -3.2785e+00 +3.4555e+00
554 0 +1.508244141e+01 +1.508244141e+01 +8.677244141e+01 +8.677244141e+01 -7.8338e-03 +1.0362e+00 +1.3950e+00 +1.1805e+00 -3.2562e+00 +5.0000e+00 +2.7222e+00 +2.1552e+00 -8.4519e-01 +1.5866e+00 -1.4640e+00 +1.1428e+00 -2.0549e+00 -1.3811e+00 +3.4838e-01 +7.9250e-01 +2.9478e-01 +1.9843e+00 -3.2771e+00 +3.4551e+00
572 0 +1.349929359e+01 +1.349929359e+01 +8.518929359e+01 +8.518929359e+01 -7.8617e-03 +1.0363e+00 +1.3948e+00 +1.1805e+00 -3.2562e+00 +5.0000e+00 +2.7223e+00 +2.1552e+00 -8.4519e-01 +1.5865e+00 -1.4640e+00 +1.1428e+00 -2.0549e+00 -1.3811e+00 +3.4892e-01 +7.8895e-01 +2.9476e-01 +1.9843e+00 -3.2773e+00 +3.4552e+00
629 0 +1.290781936e+01 +1.290781936e+01 +8.459781936e+01 +8.459781936e+01 -8.2415e-03 +1.0363e+00 +1.3948e+00 +1.1805e+00 -3.2562e+00 +5.0000e+00 +2.7224e+00 +2.1552e+00 -8.4532e-01 +1.5865e+00 -1.4640e+00 +1.1428e+00 -2.0550e+00 -1.3812e+00 +3.4897e-01 +7.8858e-01 +2.9478e-01 +1.9843e+00 -3.2774e+00 +3.4554e+00
647 0 +1.257368051e+01 +1.257368051e+01 +8.426368051e+01 +8.426368051e+01 -7.9261e-03 +1.0363e+00 +1.3949e+00 +1.1803e+00 -3.2562e+00 +5.0000e+00 +2.7221e+00 +2.1553e+00 -8.4519e-01 +1.5864e+00 -1.4640e+00 +1.1429e+00 -2.0549e+00 -1.3811e+00 +3.4904e-01 +7.8187e-01 +2.9483e-01 +1.9843e+00 -3.2773e+00 +3.4552e+00
722 0 +1.227814577e+01 +1.227814577e+01 +8.396814577e+01 +8.396814577e+01 -7.9489e-03 +1.0363e+00 +1.3950e+00 +1.1803e+00 -3.2562e+00 +5.0000e+00 +2.7221e+00 +2.1553e+00 -8.4520e-01 +1.5864e+00 -1.4640e+00 +1.1429e+00 -2.0549e+00 -1.3811e+00 +3.4898e-01 +7.8137e-01 +2.9482e-01 +1.9843e+00 -3.2772e+00 +3.4552e+00
796 0 +1.194229813e+01 +1.194229813e+01 +8.363229813e+01 +8.363229813e+01 -7.9676e-03 +1.0358e+00 +1.3950e+00 +1.1803e+00 -3.2562e+00 +5.0000e+00 +2.7221e+00 +2.1553e+00 -8.4520e-01 +1.5864e+00 -1.4641e+00 +1.1429e+00 -2.0549e+00 -1.3811e+00 +3.4892e-01 +7.8123e-01 +2.9482e-01 +1.9843e+00 -3.2772e+00 +3.4552e+00
807 0 +1.169383733e+01 +1.169383733e+01 +8.338383733e+01 +8.338383733e+01 -7.8720e-03 +1.0359e+00 +1.3950e+00 +1.1804e+00 -3.2562e+00 +5.0000e+00 +2.7220e+00 +2.1553e+00 -8.4520e-01 +1.5864e+00 -1.4640e+00 +1.1429e+00 -2.0549e+00 -1.3811e+00 +3.4889e-01 +7.8135e-01 +2.9481e-01 +1.9843e+00 -3.2772e+00 +3.4552e+00
% f evaluations | g evaluations | best noise-free fitness - Fopt | noise-free fitness - Fopt (2.140100000000e+02) | measured fitness | best measured fitness | x1 | x2...
1 0 +5.882238575e+01 +5.882238575e+01 +2.728323858e+02 +2.728323858e+02 -2.0595e+00 +2.7074e+00 -2.3740e-01 +4.3968e+00 -4.5374e+00 -4.7405e+00 +1.5473e+00 +3.6603e-01 +9.8518e-01 +2.4343e+00 -2.9622e+00 -1.8904e+00 -3.3173e+00 +6.9814e-01 +2.2396e+00 -4.7665e+00 -2.6454e+00 +2.9429e+00 -1.0124e+00 +2.4726e+00
4 0 +4.774519503e+01 +4.774519503e+01 +2.617551950e+02 +2.617551950e+02 -2.7636e+00 -4.7276e+00 +2.6349e+00 +4.9821e+00 +1.5807e+00 -1.9881e+00 +3.4484e+00 -2.1753e+00 -1.0836e+00 -4.6162e+00 -9.7155e-01 +2.5364e-01 +1.4280e+00 +1.3313e+00 +4.5246e-01 -7.8524e-01 +5.7156e-01 -3.6348e+00 +2.2956e+00 +3.4817e-01
18 0 +2.178631607e+01 +2.178631607e+01 +2.357963161e+02 +2.357963161e+02 -1.4136e-01 -3.4999e+00 +5.5805e-01 -1.1634e+00 +6.8378e-01 -4.1318e+00 +3.3278e-01 -2.2502e+00 -1.8270e+00 -2.4566e+00 -3.1804e-01 +4.1719e+00 +3.9071e+00 -3.9035e+00 -2.1004e-01 -1.6338e+00 +2.8196e-01 -1.9799e+00 +1.3647e+00 -2.3871e+00
27 0 +2.102075671e+01 +2.102075671e+01 +2.350307567e+02 +2.350307567e+02 -2.9410e-01 -6.7329e-01 +2.2946e-01 +2.7242e-01 +3.7068e+00 -1.2970e+00 -7.9084e-01 +9.7843e-01 +1.0709e+00 +1.2090e+00 +3.6239e+00 -4.1511e+00 +3.4548e+00 +6.6637e-01 +3.3864e+00 -2.7973e+00 +1.6635e+00 -1.1323e+00 -2.0067e+00 -1.9846e+00
56 0 +1.913334565e+01 +1.913334565e+01 +2.331433456e+02 +2.331433456e+02 -2.8482e-01 -8.9890e-01 +1.2489e+00 +1.3578e+00 +3.0844e+00 -1.2764e+00 -1.2746e+00 +1.5518e+00 +4.3498e-01 +6.2089e-02 +2.3635e-01 -2.5013e+00 -8.3475e-01 +5.1108e-01 +3.4960e+00 -1.5154e+00 +1.2597e+00 +3.1438e-01 -3.7633e+00 -1.4770e+00
68 0 +1.346331758e+01 +1.346331758e+01 +2.274733176e+02 +2.274733176e+02 -3.3683e-01 -1.1509e-01 +1.0019e-01 -8.7456e-01 +2.7245e+00 -1.4370e+00 -9.1751e-01 +6.9537e-01 +2.7465e+00 +2.3968e+00 +2.4146e+00 +2.2774e+00 +3.4596e+00 -4.3166e-01 +1.4799e+00 -2.9149e+00 +2.2431e+00 -9.8419e-01 -1.7116e+00 -1.6309e+00
106 0 +1.302476280e+01 +1.302476280e+01 +2.270347628e+02 +2.270347628e+02 -1.1186e+00 +9.9571e-01 -5.2591e-01 -1.1329e-01 +2.7419e+00 -1.3337e+00 -7.3724e-01 +5.9073e-01 +1.6732e+00 +2.4879e+00 +2.6970e+00 +3.6516e-01 +3.1260e+00 -2.3503e-01 +7.8854e-01 -2.8545e+00 +2.2440e+00 -9.7466e-01 -2.5024e+00 -1.2317e+00
114 0 +1.221439002e+01 +1.221439002e+01 +2.262243900e+02 +2.262243900e+02 -2.8122e-01 -8.1762e-02 +2.1617e-01 -8.4339e-01 +1.8114e+00 -5.0396e-01 -1.2989e+00 +6.1134e-01 +2.3626e+00 +3.0779e+00 +2.2385e+00 +2.5797e+00 +3.5473e+00 -5.8825e-01 +1.2097e+00 -2.7655e+00 +2.1124e+00 -1.0268e+00 -1.5393e+00 -1.0961e+00
117 0 +9.326506540e+00 +9.326506540e+00 +2.233365065e+02 +2.233365065e+02 -5.8781e-01 -2.3694e-01 -2.4193e-01 -9.9593e-01 +2.8505e+00 -1.5647e+00 -8.8143e-01 +1.0305e+00 +2.8882e+00 -1.8970e+00 +2.7652e+00 +3.0450e+00 +2.9367e+00 -6.9107e-01 +2.6463e+00 -3.5475e+00 +2.5645e+00 -1.2378e+00 -1.7430e+00 -1.0851e+00
490 0 +9.026354294e+00 +9.026354294e+00 +2.230363543e+02 +2.230363543e+02 -5.8343e-01 -2.4008e-01 -2.5080e-01 -9.9589e-01 +2.8367e+00 -1.5459e+00 -8.7663e-01 +1.0041e+00 +2.8858e+00 -1.8570e+00 +2.7656e+00 +2.9917e+00 +2.7958e+00 -6.9126e-01 +2.6465e+00 -3.5319e+00 +2.5646e+00 -1.2544e+00 -1.7417e+00 -1.0862e+00
577 0 +8.903352832e+00 +8.903352832e+00 +2.229133528e+02 +2.229133528e+02 -5.8343e-01 -2.4009e-01 -2.5079e-01 -9.9589e-01 +2.8367e+00 -1.5459e+00 -8.7660e-01 +1.0041e+00 +2.8858e+00 -1.8570e+00 +2.7656e+00 +2.9917e+00 +2.7958e+00 -6.9126e-01 +2.6465e+00 -3.5319e+00 +2.5646e+00 -1.2544e+00 -1.7417e+00 -1.0862e+00
652 0 +8.690825335e+00 +8.690825335e+00 +2.227008253e+02 +2.227008253e+02 -5.8342e-01 -2.4009e-01 -2.5083e-01 -9.9578e-01 +2.8367e+00 -1.5459e+00 -8.7663e-01 +1.0042e+00 +2.8859e+00 -1.8570e+00 +2.7656e+00 +2.9917e+00 +2.7959e+00 -6.9130e-01 +2.6464e+00 -3.5319e+00 +2.5646e+00 -1.2544e+00 -1.7417e+00 -1.0862e+00
% f evaluations | g evaluations | best noise-free fitness - Fopt | noise-free fitness - Fopt (-5.848000000000e+01) | measured fitness | best measured fitness | x1 | x2...
1 0 +4.111943173e+01 +4.111943173e+01 -1.736056827e+01 -1.736056827e+01 -4.5199e+00 -4.6761e+00 +1.5755e+00 -2.6437e+00 -4.4444e+00 +1.9567e+00 -2.0138e+00 -3.8653e+00 -2.4325e+00 -7.3693e-01 +2.0789e+00 +2.0550e+00 -2.0795e-01 -4.2827e+00 -3.3580e+00 -1.7919e-01 -2.8243e-01 +3.6479e-01 -1.7518e+00 -3.4553e+00
2 0 +3.312152608e+01 +3.312152608e+01 -2.535847392e+01 -2.535847392e+01 +7.9674e-01 +4.8370e+00 +2.4498e+00 +2.7171e+00 +3.3745e+00 +3.2338e+00 -1.7517e+00 +3.0626e+00 +2.8310e+00 +2.3120e+00 -8.1661e-01 -1.5880e-01 -3.1169e+00 -1.3622e+00 -1.5165e+00 -8.3453e-01 +3.1070e+00 -1.0582e+00 -2.6575e-01 +4.4491e+00
8 0 +3.164979856e+01 +3.164979856e+01 -2.683020144e+01 -2.683020144e+01 +3.0668e+00 +2.2938e-01 +1.5177e+00 -6.9401e-01 -2.0021e+00 +1.2548e+00 +2.6198e+00 -8.2514e-01 +4.8555e+00 +7.1711e-01 -1.3030e+00 +1.2288e+00 +4.3887e+00 +1.8960e+00 +9.6744e-01 -2.5937e+00 -2.2732e+00 -1.8750e+00 +3.7599e+00 -1.7441e+00
15 0 +2.132464896e+01 +2.132464896e+01 -3.715535104e+01 -3.715535104e+01 +3.7552e-01 +3.4190e+00 -1.0000e+00 +3.1083e+00 -4.6651e+00 +2.3990e+00 -4.2316e+00 -1.1044e+00 +1.1512e+00 +2.5284e-01 +6.7010e-01 -3.1295e+00 -1.0815e+00 -1.0415e+00 +9.9139e-01 -2.2088e+00 -1.7091e+00 +2.8946e-02 -1.6592e+00 +4.0968e+00
62 0 +2.028534939e+01 +2.028534939e+01 -3.819465061e+01 -3.819465061e+01 +3.8234e-01 +2.2642e+00 -9.8704e-01 +3.7663e-01 -5.0000e+00 +2.2107e+00 -1.3720e+00 -1.7731e-01 +1.9320e+00 -6.7286e-02 +3.2317e-01 -2.7750e+00 -3.9226e-01 -1.1724e+00 +1.2100e+00 -3.8918e+00 -2.4477e+00 +7.7909e-02 -3.2293e+00 +5.0000e+00
70 0 +1.790908443e+01 +1.790908443e+01 -4.057091557e+01 -4.057091557e+01 +4.4454e-01 +3.5890e+00 -5.5704e-01 +3.0805e+00 -5.0000e+00 +3.9028e+00 +2.1084e+00 -2.0801e+00 -1.2265e+00 -2.1284e-01 +5.6871e-01 -3.4120e+00 -1.0197e+00 -3.3026e-01 +1.2051e+00 -4.4863e-01 -1.4371e+00 +2.3010e-01 -1.3949e+00 +4.1519e+00
75 0 +1.640608573e+01 +1.640608573e+01 -4.207391427e+01 -4.207391427e+01 -4.1306e-01 +5.0000e+00 +2.3946e-01 +7.0340e-01 +1.1152e+00 +4.7111e-01 -4.2607e+00 +1.4790e+00 +2.3406e+00 +1.5788e-02 -3.7231e-01 -4.5280e+00 -5.3775e-01 +4.1486e-01 +1.3199e+00 -1.5648e+00 -1.0161e+00 +8.7174e-01 +5.0578e-01 -4.5625e-01
120 0 +1.386919308e+01 +1.386919308e+01 -4.461080692e+01 -4.461080692e+01 -2.1328e-01 +5.0000e+00 +1.2810e-01 -6.1495e-02 +3.1529e+00 -2.3324e-01 -2.6178e+00 +1.5837e+00 +1.7182e+00 +5.1711e-02 -2.5372e-01 -4.6357e+00 -6.7126e-01 +1.1628e+00 +1.3185e+00 -1.3677e+00 -9.0178e-01 +1.5905e+00 +9.2499e-01 -8.6384e-01
138 0 +1.234149505e+01 +1.234149505e+01 -4.613850495e+01 -4.613850495e+01 -7.9917e-01 +3.3045e+00 +3.3179e-01 +4.0261e-01 -2.1935e+00 +4.1930e-01 -4.3427e+00 +2.4872e+00 +1.9435e+00 +1.7024e-01 -3.6922e-01 -4.0230e+00 -5.3424e-01 +1.1726e+00 +1.3603e+00 -2.0612e+00 -2.7026e-01 +1.5745e+00 +5.5534e-01 +4.7886e-01
165 0 +1.037154393e+01 +1.037154393e+01 -4.810845607e+01 -4.810845607e+01 -7.1234e-01 +3.4516e+00 +2.4761e-01 +5.1803e-01 -1.3499e+00 +7.7274e-01 -4.2872e+00 +2.4369e+00 +1.6361e+00 +3.9567e-01 -5.8232e-02 -3.4712e+00 -3.6862e-01 +9.5871e-01 +1.3808e+00 -1.8853e+00 -5.0326e-01 +1.9211e+00 +7.0359e-01 +6.4681e-01
241 0 +9.885938009e+00 +9.885938009e+00 -4.859406199e+01 -4.859406199e+01 -1.2422e+00 +3.3841e+00 +2.7076e-01 +5.1057e-01 +1.5149e-01 +8.2392e-01 -4.2872e+00 +2.3792e+00 +1.6440e+00 +4.0408e-01 -1.3845e-01 -3.7794e+00 -3.1425e-01 +7.6918e-01 +1.3744e+00 -1.7309e+00 +2.4594e-01 +1.2730e+00 +7.1898e-01 +8.1037e-01
260 0 +8.997593303e+00 +8.997593303e+00 -4.948240670e+01 -4.948240670e+01 -1.1444e+00 +3.3820e+00 +2.6933e-01 +5.1638e-01 -5.5643e-01 +9.1339e-01 -4.2867e+00 +2.3699e+00 +1.6435e+00 +4.1519e-01 -1.3817e-01 -3.7666e+00 -2.3079e-01 +6.2810e-01 +1.4050e+00 -1.8458e+00 +3.0487e-01 +1.2287e+00 +6.9239e-01 +9.5803e-01
477 0 +8.506986673e+00 +8.506986673e+00 -4.997301333e+01 -4.997301333e+01 -1.1444e+00 +3.3820e+00 +2.6936e-01 +5.1656e-01 -5.4293e-01 +9.1336e-01 -4.2867e+00 +2.3702e+00 +1.6435e+00 +4.1529e-01 -1.3802e-01 -3.7666e+00 -2.3334e-01 +6.2743e-01 +1.4048e+00 -1.8458e+00 +3.0132e-01 +1.2287e+00 +6.9242e-01 +9.5904e-01
548 0 +8.067942587e+00 +8.067942587e+00 -5.041205741e+01 -5.041205741e+01 -1.1444e+00 +3.3820e+00 +2.6997e-01 +5.1660e-01 -5.4489e-01 +9.1337e-01 -4.2867e+00 +2.3698e+00 +1.6434e+00 +4.1527e-01 -1.3800e-01 -3.7666e+00 -2.3148e-01 +6.2842e-01 +1.4048e+00 -1.8457e+00 +3.0074e-01 +1.2285e+00 +6.9241e-01 +9.5873e-01
601 0 +7.880060302e+00 +7.880060302e+00 -5.059993970e+01 -5.059993970e+01 -1.1444e+00 +3.3820e+00 +2.6960e-01 +5.1710e-01 -5.4601e-01 +9.1337e-01 -4.2867e+00 +2.3697e+00 +1.6434e+00 +4.1529e-01 -1.3802e-01 -3.7666e+00 -2.3199e-01 +6.2844e-01 +1.4046e+00 -1.8458e+00 +3.0038e-01 +1.2282e+00 +6.9240e-01 +9.5891e-01
640 0 +7.458284945e+00 +7.458284945e+00 -5.102171506e+01 -5.102171506e+01 -1.1444e+00 +3.3820e+00 +2.6944e-01 +5.1747e-01 -5.4626e-01 +9.1337e-01 -4.2867e+00 +2.3696e+00 +1.6434e+00 +4.1530e-01 -1.3801e-01 -3.7666e+00 -2.3197e-01 +6.2850e-01 +1.4045e+00 -1.8458e+00 +3.0026e-01 +1.2281e+00 +6.9240e-01 +9.5891e-01
685 0 +7.309042417e+00 +7.309042417e+00 -5.117095758e+01 -5.117095758e+01 -1.1444e+00 +3.3820e+00 +2.6962e-01 +5.1783e-01 -5.4625e-01 +9.1337e-01 -4.2867e+00 +2.3696e+00 +1.6434e+00 +4.1529e-01 -1.3801e-01 -3.7666e+00 -2.3183e-01 +6.2852e-01 +1.4045e+00 -1.8458e+00 +3.0029e-01 +1.2283e+00 +6.9240e-01 +9.5890e-01
732 0 +7.198250154e+00 +7.198250154e+00 -5.128174985e+01 -5.128174985e+01 -1.1444e+00 +3.3820e+00 +2.6959e-01 +5.1757e-01 -5.4625e-01 +9.1337e-01 -4.2868e+00 +2.3696e+00 +1.6434e+00 +4.1528e-01 -1.3801e-01 -3.7666e+00 -2.3187e-01 +6.2851e-01 +1.4045e+00 -1.8458e+00 +3.0026e-01 +1.2283e+00 +6.9240e-01 +9.5891e-01
884 0 +7.077105611e+00 +7.077105611e+00 -5.140289439e+01 -5.140289439e+01 -1.1444e+00 +3.3820e+00 +2.6953e-01 +5.1741e-01 -5.4624e-01 +9.1323e-01 -4.2868e+00 +2.3696e+00 +1.6434e+00 +4.1532e-01 -1.3801e-01 -3.7666e+00 -2.3173e-01 +6.2849e-01 +1.4045e+00 -1.8458e+00 +3.0049e-01 +1.2283e+00 +6.9239e-01 +9.5889e-01
15075 0 +6.917269323e+00 +6.917269323e+00 -5.156273068e+01 -5.156273068e+01 -1.1444e+00 +3.3820e+00 +2.6953e-01 +5.1742e-01 -5.4623e-01 +9.1312e-01 -4.2868e+00 +2.3696e+00 +1.6434e+00 +4.1515e-01 -1.3801e-01 -3.7666e+00 -2.3173e-01 +6.2850e-01 +1.4045e+00 -1.8458e+00 +3.0050e-01 +1.2283e+00 +6.9239e-01 +9.5889e-01
% f evaluations | g evaluations | best noise-free fitness - Fopt | noise-free fitness - Fopt (-6.130800000000e+02) | measured fitness | best measured fitness | x1 | x2...
1 0 +5.414489733e+01 +5.414489733e+01 -5.589351027e+02 -5.589351027e+02 -1.0808e+00 +3.3872e+00 -5.1124e-01 -4.0509e+00 -3.7917e+00 -7.0072e-01 -7.1241e-01 -4.8267e+00 +3.6292e+00 +2.8988e+00 -4.1732e-01 +1.8348e+00 +4.7416e+00 -5.8221e-01 +2.8980e+00 +4.7775e+00 -2.4385e+00 +3.4253e+00 -1.2490e+00 -2.9774e+00
3 0 +4.333373722e+01 +4.333373722e+01 -5.697462628e+02 -5.697462628e+02 +2.7342e+00 +8.2801e-01 -9.8399e-01 +3.6861e+00 +6.9169e-01 -3.8267e+00 -2.9779e+00 +3.0731e+00 -7.4758e-01 -3.5300e+00 -2.5946e-02 -1.8267e+00 +3.8881e+00 +2.4153e+00 -1.8065e+00 -2.2272e+00 -3.3656e-01 -4.1070e-01 +4.5557e+00 +3.6294e+00
5 0 +3.167572796e+01 +3.167572796e+01 -5.814042720e+02 -5.814042720e+02 -4.5802e+00 +2.0542e+00 +7.2705e-02 -1.7289e+00 +1.1317e+00 -4.5308e-01 +1.9178e+00 -5.1836e-01 +1.3351e+00 +4.2587e+00 +9.3399e-01 -1.6125e+00 -2.2608e+00 +8.1220e-01 +4.9362e+00 -1.9201e+00 +1.3902e+00 -5.3006e-01 -3.7200e+00 -1.2494e+00
16 0 +2.979318632e+01 +2.979318632e+01 -5.832868137e+02 -5.832868137e+02 -1.0657e+00 +3.1089e+00 +1.5083e+00 +3.1914e+00 -1.4894e+00 +3.6882e+00 -3.8618e+00 -4.7404e+00 +1.8545e-01 -1.7027e+00 +3.1252e+00 +1.6682e+00 +3.9399e+00 -1.1320e+00 +3.1677e+00 -3.8681e+00 +3.0821e+00 +3.1373e+00 +1.2217e+00 -2.1568e+00
51 0 +2.889879097e+01 +2.889879097e+01 -5.841812090e+02 -5.841812090e+02 -1.0649e+00 +3.1428e+00 +1.5132e+00 -1.0484e+00 -1.8490e+00 +5.0000e+00 -3.0979e+00 -4.7316e+00 -1.6229e+00 -2.5833e+00 +3.5631e+00 +1.6186e+00 +3.9243e+00 -1.2636e+00 +3.2755e+00 -5.0000e+00 +2.4320e+00 +2.9893e+00 +2.8314e-01 -2.1492e+00
52 0 +2.324460197e+01 +2.324460197e+01 -5.898353980e+02 -5.898353980e+02 +1.2776e+00 +1.7970e+00 +1.5002e+00 +2.8674e+00 -2.4491e+00 +3.5403e+00 -3.7773e+00 -5.0000e+00 -1.6424e+00 -1.8404e-01 +6.9077e-01 +5.5581e-01 +4.0180e+00 -7.2000e-02 +3.2188e+00 -3.9101e+00 +3.2231e+00 +3.4850e+00 -9.5692e-01 -2.5725e+00
111 0 +1.926353474e+01 +1.926353474e+01 -5.938164653e+02 -5.938164653e+02 +2.1578e+00 +8.3688e-01 +1.0848e+00 +2.8548e+00 -2.3903e+00 +4.2560e+00 -2.8833e+00 -4.1329e+00 -4.0051e-01 -2.2038e+00 +1.3478e+00 +1.6961e-01 +3.9785e+00 -1.2832e+00 +1.5833e+00 -3.8428e+00 +3.4538e+00 +3.4598e+00 -8.5866e-01 -2.5232e+00
114 0 +1.869946077e+01 +1.869946077e+01 -5.943805392e+02 -5.943805392e+02 +2.0923e+00 +1.5087e+00 +1.4596e+00 +2.3356e+00 -2.9730e+00 +3.5411e+00 -2.0991e+00 -5.0000e+00 -8.3471e-01 -5.8759e-01 +1.6873e+00 -3.2790e-01 +4.0336e+00 +1.6567e-01 +2.3667e+00 -3.9235e+00 +3.2027e+00 +3.3423e+00 +4.1038e-01 -2.2873e+00
156 0 +1.849743099e+01 +1.849743099e+01 -5.945825690e+02 -5.945825690e+02 +2.0990e+00 +1.6908e+00 +1.4433e+00 +2.5998e+00 -3.3010e+00 +3.5408e+00 -1.7873e+00 -5.0000e+00 -5.6391e-01 -3.7611e-01 +1.4851e+00 -1.5653e-01 +4.0339e+00 +2.1389e-01 +2.0907e+00 -3.9290e+00 +3.2044e+00 +3.3396e+00 +1.2323e+00 -2.1763e+00
157 0 +1.669053700e+01 +1.669053700e+01 -5.963894630e+02 -5.963894630e+02 +9.5259e-01 +8.9061e-01 +1.4626e+00 +2.5866e+00 -2.3032e+00 +3.3129e+00 -1.4766e+00 -5.0000e+00 -1.1270e+00 -7.8919e-01 +1.7956e+00 -7.2137e-01 +4.0206e+00 +1.6397e-01 +2.4577e+00 -3.9272e+00 +3.2183e+00 +3.5208e+00 -5.6943e-01 -2.4378e+00
162 0 +1.649532713e+01 +1.649532713e+01 -5.965846729e+02 -5.965846729e+02 -7.3981e-02 +1.7225e+00 +1.4602e+00 +2.3360e+00 -3.0621e+00 +3.5223e+00 -1.9004e+00 -5.0000e+00 -7.6453e-01 -4.0266e-01 +1.4113e+00 -9.7018e-01 +4.0348e+00 +3.5712e-01 +2.3548e+00 -3.7662e+00 +3.1407e+00 +3.4515e+00 +9.2272e-01 -2.2610e+00
188 0 +1.594197476e+01 +1.594197476e+01 -5.971380252e+02 -5.971380252e+02 +1.7145e+00 +9.5766e-01 +1.4528e+00 +2.3062e+00 -3.1651e+00 +3.5425e+00 -1.0931e+00 -5.0000e+00 -7.3785e-01 -8.4795e-02 +1.6922e+00 -3.9591e-01 +4.0469e+00 +3.5125e-01 +1.7018e+00 -3.7553e+00 +2.8387e+00 +3.3023e+00 -5.3871e-02 -2.1775e+00
199 0 +1.390656899e+01 +1.390656899e+01 -5.991734310e+02 -5.991734310e+02 +1.9301e+00 +1.5105e+00 +1.5361e+00 +2.2016e+00 -2.9408e+00 +3.1516e+00 -2.0997e+00 -5.0000e+00 -7.9839e-01 -1.2603e+00 +1.6736e+00 -5.3347e-01 +3.6706e+00 -7.0156e-02 +2.5186e+00 -3.9054e+00 +2.7679e+00 +3.3196e+00 +4.0662e-01 -2.2887e+00
213 0 +1.306477674e+01 +1.306477674e+01 -6.000152233e+02 -6.000152233e+02 +1.8215e+00 +1.5144e+00 +1.5357e+00 +1.9172e+00 -2.9681e+00 +3.1689e+00 -2.1312e+00 -5.0000e+00 -8.1034e-01 -1.2443e+00 +2.1002e+00 -5.3861e-01 +3.4340e+00 -1.4398e-02 +2.5287e+00 -4.0241e+00 +2.9885e+00 +3.3045e+00 +3.8514e-01 -2.3025e+00
219 0 +1.276261645e+01 +1.276261645e+01 -6.003173835e+02 -6.003173835e+02 +1.9694e+00 +1.5747e+00 +1.5828e+00 +2.2231e+00 -2.6548e+00 +3.0643e+00 -1.9313e+00 -5.0000e+00 -7.6346e-01 -1.6153e+00 +1.4852e+00 -4.6645e-01 +3.6935e+00 -6.7430e-02 +2.6936e+00 -3.8801e+00 +2.4404e+00 +3.3192e+00 +4.4486e-01 -2.2893e+00
292 0 +1.167305443e+01 +1.167305443e+01 -6.014069456e+02 -6.014069456e+02 +1.9703e+00 +1.5468e+00 +1.5813e+00 +2.2021e+00 -2.7049e+00 +2.9959e+00 -1.8871e+00 -5.0000e+00 -7.4976e-01 -2.1260e+00 +1.4779e+00 -4.6760e-01 +3.6049e+00 -7.6438e-02 +2.5053e+00 -3.9140e+00 +2.4251e+00 +3.3191e+00 +5.1000e-01 -2.3084e+00
378 0 +1.073012867e+01 +1.073012867e+01 -6.023498713e+02 -6.023498713e+02 +1.9687e+00 +1.5462e+00 +1.5808e+00 +2.2012e+00 -2.6756e+00 +2.9884e+00 -1.8898e+00 -5.0000e+00 -7.4920e-01 -2.1074e+00 +1.4797e+00 -4.6761e-01 +3.6369e+00 -8.6312e-02 +2.4819e+00 -3.9265e+00 +2.4120e+00 +3.3190e+00 +5.0523e-01 -2.3082e+00
424 0 +1.018117537e+01 +1.018117537e+01 -6.028988246e+02 -6.028988246e+02 +1.9705e+00 +1.5463e+00 +1.5810e+00 +2.2006e+00 -2.6730e+00 +2.9828e+00 -1.8900e+00 -5.0000e+00 -7.5007e-01 -2.1070e+00 +1.4790e+00 -4.6735e-01 +3.6341e+00 -8.9414e-02 +2.4894e+00 -3.9262e+00 +2.4142e+00 +3.3191e+00 +5.0240e-01 -2.3085e+00
546 0 +9.966318604e+00 +9.966318604e+00 -6.031136814e+02 -6.031136814e+02 +1.9707e+00 +1.5462e+00 +1.5810e+00 +2.2006e+00 -2.6727e+00 +2.9824e+00 -1.8900e+00 -5.0000e+00 -7.5023e-01 -2.1078e+00 +1.4789e+00 -4.6895e-01 +3.6336e+00 -9.0281e-02 +2.4893e+00 -3.9279e+00 +2.4140e+00 +3.3191e+00 +5.0231e-01 -2.3086e+00
574 0 +9.727743021e+00 +9.727743021e+00 -6.033522570e+02 -6.033522570e+02 +1.9712e+00 +1.5462e+00 +1.5809e+00 +2.2006e+00 -2.6726e+00 +2.9825e+00 -1.8900e+00 -5.0000e+00 -7.5021e-01 -2.1080e+00 +1.4787e+00 -4.6780e-01 +3.6336e+00 -9.0768e-02 +2.4893e+00 -3.9270e+00 +2.4140e+00 +3.3191e+00 +5.0228e-01 -2.3086e+00
643 0 +9.389101971e+00 +9.389101971e+00 -6.036908980e+02 -6.036908980e+02 +1.9711e+00 +1.5462e+00 +1.5810e+00 +2.2006e+00 -2.6726e+00 +2.9825e+00 -1.8900e+00 -5.0000e+00 -7.5025e-01 -2.1077e+00 +1.4787e+00 -4.6727e-01 +3.6335e+00 -9.0818e-02 +2.4893e+00 -3.9271e+00 +2.4140e+00 +3.3191e+00 +5.0230e-01 -2.3086e+00
648 0 +9.144376849e+00 +9.144376849e+00 -6.039356232e+02 -6.039356232e+02 +1.9709e+00 +1.5461e+00 +1.5809e+00 +2.2006e+00 -2.6726e+00 +2.9825e+00 -1.8899e+00 -5.0000e+00 -7.5017e-01 -2.1081e+00 +1.4787e+00 -4.6772e-01 +3.6337e+00 -9.0949e-02 +2.4893e+00 -3.9270e+00 +2.4139e+00 +3.3191e+00 +5.0230e-01 -2.3086e+00
684 0 +8.837686503e+00 +8.837686503e+00 -6.042423135e+02 -6.042423135e+02 +1.9709e+00 +1.5462e+00 +1.5809e+00 +2.2006e+00 -2.6726e+00 +2.9825e+00 -1.8900e+00 -5.0000e+00 -7.5020e-01 -2.1079e+00 +1.4787e+00 -4.6749e-01 +3.6336e+00 -9.0936e-02 +2.4893e+00 -3.9270e+00 +2.4139e+00 +3.3191e+00 +5.0230e-01 -2.3086e+00
727 0 +8.577108934e+00 +8.577108934e+00 -6.045028911e+02 -6.045028911e+02 +1.9709e+00 +1.5461e+00 +1.5809e+00 +2.2006e+00 -2.6726e+00 +2.9825e+00 -1.8899e+00 -5.0000e+00 -7.5015e-01 -2.1079e+00 +1.4788e+00 -4.6758e-01 +3.6336e+00 -9.1000e-02 +2.4893e+00 -3.9268e+00 +2.4139e+00 +3.3191e+00 +5.0230e-01 -2.3086e+00
781 0 +8.483355391e+00 +8.483355391e+00 -6.045966446e+02 -6.045966446e+02 +1.9709e+00 +1.5462e+00 +1.5809e+00 +2.2006e+00 -2.6726e+00 +2.9824e+00 -1.8899e+00 -5.0000e+00 -7.5014e-01 -2.1078e+00 +1.4787e+00 -4.6772e-01 +3.6336e+00 -9.0998e-02 +2.4893e+00 -3.9269e+00 +2.4139e+00 +3.3191e+00 +5.0229e-01 -2.3086e+00
923 0 +8.304463855e+00 +8.304463855e+00 -6.047755361e+02 -6.047755361e+02 +1.9710e+00 +1.5462e+00 +1.5809e+00 +2.2006e+00 -2.6726e+00 +2.9822e+00 -1.8899e+00 -5.0000e+00 -7.5014e-01 -2.1078e+00 +1.4788e+00 -4.6757e-01 +3.6334e+00 -9.0989e-02 +2.4893e+00 -3.9269e+00 +2.4139e+00 +3.3191e+00 +5.0231e-01 -2.3086e+00
% f evaluations | g evaluations | best noise-free fitness - Fopt | noise-free fitness - Fopt (6.189000000000e+01) | measured fitness | best measured fitness | x1 | x2...
1 0 +3.948783483e+01 +3.948783483e+01 +1.013778348e+02 +1.013778348e+02 -5.8187e-01 +3.6076e+00 +2.1083e+00 +3.9548e+00 -4.8917e+00 +2.0354e-01 +2.5415e+00 +8.3315e-01 +3.8876e+00 -3.2766e+00 -1.6145e+00 +4.5602e+00 +2.0876e+00 -9.2943e-01 +1.6409e+00 -3.5692e+00 -3.5724e+00 +2.8832e-01 -1.5096e+00 -1.4501e+00
7 0 +2.411718648e+01 +2.411718648e+01 +8.600718648e+01 +8.600718648e+01 -2.1332e+00 -4.0150e+00 +1.3066e+00 +8.0172e-01 +5.9013e-01 -2.7880e-01 -9.4208e-01 -3.3526e+00 +2.7963e+00 -7.0127e-01 +1.9021e+00 +1.8679e+00 -2.8890e+00 +1.5046e+00 +7.0707e-01 -9.3284e-01 -4.7465e+00 +3.5254e+00 +2.5652e+00 -1.3157e+00
40 0 +2.370026802e+01 +2.370026802e+01 +8.559026802e+01 +8.559026802e+01 -7.2578e-01 -4.3446e+00 +7.1757e-01 -1.5757e+00 +2.0062e-01 -8.0596e-01 +2.3241e+00 -1.4548e+00 +3.9297e+00 -1.6997e+00 +3.1839e+00 +6.9774e-01 -2.7150e+00 +3.2085e+00 -2.7510e+00 +6.7645e-01 +5.2243e-01 -3.3541e+00 +1.0420e+00 +8.4731e-01
62 0 +2.160191908e+01 +2.160191908e+01 +8.349191908e+01 +8.349191908e+01 +3.0174e-01 -1.8889e+00 +2.9872e-01 -1.9541e+00 +2.3487e-01 -5.6762e-01 +1.3530e+00 -1.3302e+00 +1.9758e+00 -1.5014e+00 +3.2108e+00 +3.9199e+00 -2.5325e+00 +2.7700e+00 -1.2537e+00 +5.1904e-01 +5.0994e-01 -8.1215e-01 +2.2129e+00 -1.2494e+00
66 0 +2.079833375e+01 +2.079833375e+01 +8.268833375e+01 +8.268833375e+01 -1.3172e+00 -2.9204e+00 +7.5559e-01 -3.6602e+00 +1.5051e+00 -5.0000e+00 +2.3591e+00 -2.7410e+00 +5.0000e+00 -1.8095e+00 -1.5561e-01 +2.9123e+00 -2.0859e+00 +1.5693e-01 +5.6691e-01 +6.9526e-01 -7.3548e-02 +5.1720e-01 +1.2578e-01 +8.6911e-01
82 0 +1.769535880e+01 +1.769535880e+01 +7.958535880e+01 +7.958535880e+01 -1.4640e+00 -1.9977e+00 +3.8646e-01 -1.2471e+00 +7.1724e-01 -3.7591e-01 +2.2870e+00 -2.5636e+00 -1.1861e+00 -1.8246e+00 +3.2574e+00 +1.0585e+00 -2.1456e+00 -1.8204e+00 -2.2321e+00 -6.9496e-01 -1.1392e+00 -4.9381e+00 +8.9969e-01 +1.0291e+00
104 0 +1.438954044e+01 +1.438954044e+01 +7.627954044e+01 +7.627954044e+01 -9.0997e-01 -3.2340e+00 +4.2429e-01 -1.1881e+00 -1.1634e-01 -1.3334e+00 +6.2296e-01 -2.5244e+00 -2.8813e-02 -1.6806e+00 +3.2383e+00 +1.0812e+00 -2.6711e+00 -1.2277e+00 -2.7305e+00 -1.0196e+00 -9.4456e-01 -5.0000e+00 +8.3041e-01 +1.1082e+00
128 0 +1.334515489e+01 +1.334515489e+01 +7.523515489e+01 +7.523515489e+01 -1.5989e+00 -1.9687e+00 +7.5017e-01 -1.6051e+00 +9.0703e-01 -5.9989e-01 +2.3017e+00 -2.1205e+00 +1.3618e+00 -2.0101e+00 +3.0252e+00 +1.5718e+00 -2.8386e+00 +5.8010e-01 -2.4113e+00 -5.6502e-01 -1.0902e+00 -4.9204e+00 +8.9077e-01 +1.0597e+00
191 0 +1.317990336e+01 +1.317990336e+01 +7.506990336e+01 +7.506990336e+01 -1.5850e+00 -1.9138e+00 +6.9841e-01 -1.7115e+00 +7.7579e-01 -4.8299e-01 +2.0972e+00 -2.4880e+00 +1.3399e+00 -1.9481e+00 +3.0806e+00 +1.4912e+00 -2.3224e+00 +1.1844e+00 -2.3271e+00 -5.7772e-01 -1.0703e+00 -4.9159e+00 +8.7351e-01 +1.0775e+00
350 0 +1.271290499e+01 +1.271290499e+01 +7.460290499e+01 +7.460290499e+01 -1.5850e+00 -1.8809e+00 +6.9862e-01 -1.7095e+00 +7.7530e-01 -4.8295e-01 +2.0970e+00 -2.4879e+00 +1.5009e+00 -1.9443e+00 +3.0816e+00 +1.4878e+00 -2.3150e+00 +1.1755e+00 -2.3107e+00 -5.6930e-01 -1.0692e+00 -4.9172e+00 +8.7308e-01 +1.0777e+00
489 0 +1.231908112e+01 +1.231908112e+01 +7.420908112e+01 +7.420908112e+01 -1.5851e+00 -1.8808e+00 +6.9863e-01 -1.7095e+00 +7.7524e-01 -4.8295e-01 +2.0969e+00 -2.4880e+00 +1.4792e+00 -1.9443e+00 +3.0816e+00 +1.4878e+00 -2.3150e+00 +1.1750e+00 -2.3125e+00 -5.6902e-01 -1.0692e+00 -4.9172e+00 +8.7308e-01 +1.0777e+00
580 0 +1.208730673e+01 +1.208730673e+01 +7.397730673e+01 +7.397730673e+01 -1.5851e+00 -1.8808e+00 +6.9862e-01 -1.7095e+00 +7.7525e-01 -4.8295e-01 +2.0969e+00 -2.4881e+00 +1.4800e+00 -1.9443e+00 +3.0816e+00 +1.4878e+00 -2.3150e+00 +1.1750e+00 -2.3124e+00 -5.6899e-01 -1.0692e+00 -4.9172e+00 +8.7308e-01 +1.0777e+00
619 0 +1.173082923e+01 +1.173082923e+01 +7.362082923e+01 +7.362082923e+01 -1.5852e+00 -1.8814e+00 +6.9863e-01 -1.7095e+00 +7.7524e-01 -4.8299e-01 +2.0969e+00 -2.4880e+00 +1.4791e+00 -1.9443e+00 +3.0816e+00 +1.4878e+00 -2.3150e+00 +1.1751e+00 -2.3124e+00 -5.6902e-01 -1.0692e+00 -4.9172e+00 +8.7308e-01 +1.0777e+00
624 0 +1.135791059e+01 +1.135791059e+01 +7.324791059e+01 +7.324791059e+01 -1.5851e+00 -1.8817e+00 +6.9863e-01 -1.7095e+00 +7.7524e-01 -4.8299e-01 +2.0969e+00 -2.4880e+00 +1.4789e+00 -1.9443e+00 +3.0816e+00 +1.4878e+00 -2.3150e+00 +1.1751e+00 -2.3125e+00 -5.6896e-01 -1.0692e+00 -4.9172e+00 +8.7308e-01 +1.0777e+00
644 0 +1.117865171e+01 +1.117865171e+01 +7.306865171e+01 +7.306865171e+01 -1.5852e+00 -1.8817e+00 +6.9863e-01 -1.7095e+00 +7.7524e-01 -4.8300e-01 +2.0969e+00 -2.4880e+00 +1.4789e+00 -1.9443e+00 +3.0816e+00 +1.4878e+00 -2.3151e+00 +1.1751e+00 -2.3124e+00 -5.6903e-01 -1.0692e+00 -4.9172e+00 +8.7308e-01 +1.0777e+00
666 0 +1.095998872e+01 +1.095998872e+01 +7.284998872e+01 +7.284998872e+01 -1.5853e+00 -1.8818e+00 +6.9862e-01 -1.7095e+00 +7.7524e-01 -4.8298e-01 +2.0969e+00 -2.4880e+00 +1.4786e+00 -1.9443e+00 +3.0816e+00 +1.4878e+00 -2.3150e+00 +1.1751e+00 -2.3124e+00 -5.6902e-01 -1.0692e+00 -4.9172e+00 +8.7308e-01 +1.0777e+00
% f evaluations | g evaluations | best noise-free fitness - Fopt | noise-free fitness - Fopt (-8.456000000000e+01) | measured fitness | best measured fitness | x1 | x2...
1 0 +3.152993776e+01 +3.152993776e+01 -5.303006224e+01 -5.303006224e+01 +2.4017e+00 -2.1637e+00 +3.7464e+00 +4.9015e+00 +3.0732e-01 -7.0441e-02 -4.8145e+00 +8.9051e-01 +1.8846e+00 -3.0688e+00 -2.9415e+00 -6.1964e-01 +4.9694e+00 -2.9547e+00 -5.0965e-01 -2.1109e+00 +1.0570e+00 +3.6030e+00 +2.9921e+00 +3.3061e+00
2 0 +3.102777923e+01 +3.102777923e+01 -5.353222077e+01 -5.353222077e+01 +4.4177e+00 -5.5212e-01 -1.4917e+00 -1.4142e+00 +1.1529e+00 -3.5691e+00 -4.4880e+00 +4.9868e+00 -1.7014e+00 +2.4865e+00 +3.0256e+00 +1.8839e+00 +2.0543e+00 +2.9025e-01 +6.4948e-01 -2.1086e+00 +1.4366e-01 -3.9691e+00 -6.9079e-01 -2.8725e+00
57 0 +1.940617311e+01 +1.940617311e+01 -6.515382689e+01 -6.515382689e+01 +3.2413e+00 +3.4554e-01 -8.9893e-01 -8.1233e-01 -1.0240e+00 -5.0000e+00 -4.3563e+00 +2.5861e+00 -2.3582e+00 +3.5649e+00 +1.8074e+00 -3.6936e-01 +2.9884e+00 +6.9269e-01 -2.0230e-01 -1.8991e+00 +5.1880e-01 +9.6833e-02 -6.9508e-01 -1.5578e+00
82 0 +1.806735388e+01 +1.806735388e+01 -6.649264612e+01 -6.649264612e+01 +2.9251e+00 -8.1751e-01 -1.3320e+00 -9.3242e-01 +9.4588e-01 -2.4525e+00 -4.4171e+00 +2.1687e+00 -4.8203e-01 +2.2482e+00 +3.6396e+00 +2.3074e+00 +2.1802e+00 -2.3862e-02 +7.2910e-02 -1.9830e+00 -5.3150e-01 -4.0088e+00 -1.2620e+00 +1.5905e+00
135 0 +1.765404027e+01 +1.765404027e+01 -6.690595973e+01 -6.690595973e+01 +2.8841e+00 -8.4855e-01 -1.3361e+00 -1.3358e+00 +1.0456e+00 -2.1346e+00 -4.6310e+00 +5.3924e-01 -3.9500e-01 +2.6670e+00 +3.6413e+00 +2.2942e+00 +2.2582e+00 -5.0668e-01 -5.9534e-01 -2.0008e+00 +6.4513e-02 -3.5309e+00 -2.1016e+00 +1.1167e+00
144 0 +1.573592118e+01 +1.573592118e+01 -6.882407882e+01 -6.882407882e+01 +3.0828e+00 -9.2298e-01 -7.7216e-01 -1.0410e+00 +6.3214e-01 -2.4865e+00 -3.2788e+00 +2.3479e+00 -5.9787e-01 +2.2761e+00 +3.4729e+00 +1.6148e+00 +1.8712e+00 -3.6084e-01 -5.4986e-02 -2.0295e+00 -4.4340e-01 -4.3017e+00 -1.0451e+00 +1.7746e+00
157 0 +1.470932952e+01 +1.470932952e+01 -6.985067048e+01 -6.985067048e+01 +2.3172e+00 -9.3695e-01 -5.9634e-01 -1.0244e+00 +9.2514e-01 -2.4870e+00 -3.4147e+00 +2.3159e+00 -5.9295e-01 +2.3811e+00 +3.4731e+00 +1.3389e+00 +1.7855e+00 -7.9631e-01 -3.2668e-02 -2.0138e+00 -4.4145e-01 -4.3431e+00 -1.0498e+00 +2.1254e+00
167 0 +1.390648096e+01 +1.390648096e+01 -7.065351904e+01 -7.065351904e+01 +3.0739e+00 -9.3967e-01 -8.7259e-01 -9.9514e-01 +5.7072e-01 -2.4501e+00 -2.0586e+00 +1.8570e+00 -5.3659e-01 +2.2611e+00 +3.6202e+00 +2.0787e+00 +1.9801e+00 -5.1705e-01 -2.6646e-01 -2.0239e+00 -4.6302e-01 -4.1106e+00 -8.4582e-01 +1.8993e+00
171 0 +1.181308598e+01 +1.181308598e+01 -7.274691402e+01 -7.274691402e+01 +3.1231e+00 -1.0010e+00 -6.4675e-01 -9.1264e-01 +7.5886e-01 -2.5325e+00 -2.4012e+00 +2.1874e+00 -5.6577e-01 +2.2640e+00 +3.1305e+00 +1.7993e+00 +1.9614e+00 -3.0873e-01 +3.1981e-01 -2.0263e+00 -3.2910e-01 -4.2398e+00 -1.2758e+00 +1.1091e+00
480 0 +1.171308627e+01 +1.171308627e+01 -7.284691373e+01 -7.284691373e+01 +3.1230e+00 -1.0010e+00 -6.4667e-01 -9.1264e-01 +7.5888e-01 -2.5325e+00 -2.4010e+00 +2.1874e+00 -5.6576e-01 +2.2640e+00 +3.1306e+00 +1.7993e+00 +1.9614e+00 -3.0873e-01 +3.1981e-01 -2.0263e+00 -3.2929e-01 -4.2398e+00 -1.2758e+00 +1.1100e+00
490 0 +1.147579856e+01 +1.147579856e+01 -7.308420144e+01 -7.308420144e+01 +3.1227e+00 -1.0010e+00 -6.4675e-01 -9.1264e-01 +7.5892e-01 -2.5325e+00 -2.4012e+00 +2.1875e+00 -5.6512e-01 +2.2639e+00 +3.1304e+00 +1.7992e+00 +1.9619e+00 -3.0873e-01 +3.1986e-01 -2.0266e+00 -3.2910e-01 -4.2398e+00 -1.2758e+00 +1.1091e+00
528 0 +1.094283748e+01 +1.094283748e+01 -7.361716252e+01 -7.361716252e+01 +3.1227e+00 -1.0010e+00 -6.4683e-01 -9.1263e-01 +7.5892e-01 -2.5325e+00 -2.4011e+00 +2.1875e+00 -5.6550e-01 +2.2639e+00 +3.1304e+00 +1.7992e+00 +1.9621e+00 -3.0872e-01 +3.1986e-01 -2.0267e+00 -3.2910e-01 -4.2398e+00 -1.2757e+00 +1.1093e+00
551 0 +1.045705766e+01 +1.045705766e+01 -7.410294234e+01 -7.410294234e+01 +3.1228e+00 -1.0010e+00 -6.4675e-01 -9.1264e-01 +7.5889e-01 -2.5325e+00 -2.4012e+00 +2.1875e+00 -5.6551e-01 +2.2633e+00 +3.1305e+00 +1.7992e+00 +1.9616e+00 -3.0872e-01 +3.1965e-01 -2.0266e+00 -3.2910e-01 -4.2398e+00 -1.2753e+00 +1.1091e+00
586 0 +1.016533991e+01 +1.016533991e+01 -7.439466009e+01 -7.439466009e+01 +3.1228e+00 -1.0010e+00 -6.4675e-01 -9.1263e-01 +7.5888e-01 -2.5325e+00 -2.4012e+00 +2.1875e+00 -5.6549e-01 +2.2632e+00 +3.1304e+00 +1.7990e+00 +1.9616e+00 -3.0873e-01 +3.1966e-01 -2.0264e+00 -3.2910e-01 -4.2400e+00 -1.2751e+00 +1.1091e+00
625 0 +9.812041028e+00 +9.812041028e+00 -7.474795897e+01 -7.474795897e+01 +3.1228e+00 -1.0010e+00 -6.4674e-01 -9.1262e-01 +7.5888e-01 -2.5325e+00 -2.4012e+00 +2.1875e+00 -5.6550e-01 +2.2631e+00 +3.1304e+00 +1.7990e+00 +1.9617e+00 -3.0869e-01 +3.1967e-01 -2.0264e+00 -3.2910e-01 -4.2400e+00 -1.2751e+00 +1.1091e+00
680 0 +9.771970926e+00 +9.771970926e+00 -7.478802907e+01 -7.478802907e+01 +3.1228e+00 -1.0010e+00 -6.4675e-01 -9.1263e-01 +7.5888e-01 -2.5325e+00 -2.4012e+00 +2.1875e+00 -5.6549e-01 +2.2631e+00 +3.1304e+00 +1.7989e+00 +1.9618e+00 -3.0868e-01 +3.1967e-01 -2.0265e+00 -3.2910e-01 -4.2400e+00 -1.2752e+00 +1.1091e+00
832 0 +9.529994910e+00 +9.529994910e+00 -7.503000509e+01 -7.503000509e+01 +3.1228e+00 -1.0010e+00 -6.4674e-01 -9.1262e-01 +7.5888e-01 -2.5325e+00 -2.4012e+00 +2.1875e+00 -5.6553e-01 +2.2634e+00 +3.1304e+00 +1.7989e+00 +1.9618e+00 -3.0868e-01 +3.1985e-01 -2.0264e+00 -3.2910e-01 -4.2401e+00 -1.2754e+00 +1.1091e+00
% f evaluations | g evaluations | best noise-free fitness - Fopt | noise-free fitness - Fopt (-2.602000000000e+01) | measured fitness | best measured fitness | x1 | x2...
1 0 +1.161471001e+02 +1.161471001e+02 +9.012710007e+01 +9.012710007e+01 -4.8871e+00 +2.7347e+00 -2.6784e+00 -4.7507e+00 -2.5107e+00 -2.1215e+00 +3.4613e+00 +1.3772e+00 +2.7713e-01 -4.2656e+00 +4.2401e+00 +1.7694e+00 -1.1755e+00 +5.9737e-01 +4.9654e+00 +4.3842e+00 -4.4176e+00 -3.6609e+00 -1.9244e+00 +2.5783e+00
2 0 +6.612578155e+01 +6.612578155e+01 +4.010578155e+01 +4.010578155e+01 +1.8356e+00 -3.7122e+00 +3.2075e+00 +4.0155e+00 -4.0976e+00 +6.0698e-01 +4.0229e+00 -1.4589e+00 +4.2375e+00 -7.6396e-01 +1.8522e+00 -1.2689e+00 -4.1877e-03 +4.6730e-01 -1.9058e-01 +3.0260e+00 -3.9372e+00 -1.6728e+00 -3.0892e-01 -4.8161e+00
3 0 +4.551423176e+01 +4.551423176e+01 +1.949423176e+01 +1.949423176e+01 -4.3710e+00 +2.1846e+00 +3.6729e-01 +4.9015e+00 +2.6204e+00 +4.0021e+00 -1.9752e+00 +1.6474e+00 +1.0913e+00 -1.4704e+00 -2.2971e+00 -7.1018e-02 -2.9720e+00 +1.3685e+00 -2.5958e+00 -2.7376e+00 +1.8247e+00 -2.8586e+00 -3.4903e+00 +2.6579e+00
5 0 +3.490096771e+01 +3.490096771e+01 +8.880967707e+00 +8.880967707e+00 +9.0440e-01 +2.9494e+00 +4.0987e+00 -2.7574e+00 -2.5970e+00 -1.0904e+00 -2.5207e+00 -6.2290e-01 -1.3003e+00 +3.6459e+00 -1.6320e+00 -2.7497e+00 -2.4288e+00 -3.3378e+00 -3.3288e+00 +2.4432e+00 +3.2298e+00 -4.4541e-01 +1.9320e+00 +1.5156e+00
12 0 +2.599797650e+01 +2.599797650e+01 -2.202349898e-02 -2.202349898e-02 -3.2873e+00 -4.0142e-01 -4.2516e-02 +4.1505e+00 -1.3260e+00 -2.4415e+00 -5.8796e-01 +1.2886e+00 +4.1340e+00 -3.5176e+00 +1.3537e-01 -5.1820e-01 +1.0144e+00 -1.0262e-01 -1.9550e+00 -5.3537e-01 +3.4645e+00 -1.1926e+00 -3.0002e+00 +9.1161e-02
17 0 +2.352959518e+01 +2.352959518e+01 -2.490404818e+00 -2.490404818e+00 -1.0145e+00 +7.4876e-01 -1.8730e+00 +1.5837e+00 -3.6779e+00 -2.3314e-01 -2.2568e-01 -2.4754e+00 +3.8872e+00 -2.3516e+00 +3.0740e+00 -7.4009e-01 +7.4399e-01 -2.8270e-02 -9.9336e-01 -2.5347e+00 -2.5161e+00 -3.9010e+00 +1.3262e+00 -2.9139e+00
50 0 +1.790497347e+01 +1.790497347e+01 -8.115026525e+00 -8.115026525e+00 +1.0324e+00 +8.8229e-02 +4.3957e+00 +1.3429e+00 +2.1283e+00 +4.7099e-01 -1.6869e+00 +2.7536e+00 -4.0198e+00 -2.3415e+00 +6.6918e-01 -3.5895e+00 +1.6094e+00 +6.8614e-01 +4.1262e+00 -1.2130e+00 -4.4613e-01 -3.9962e-01 -2.3194e+00 +1.7861e+00
74 0 +1.644915028e+01 +1.644915028e+01 -9.570849722e+00 -9.570849722e+00 +9.7056e-01 +2.9432e-01 +4.2189e+00 +1.2170e+00 +2.0806e+00 +1.4907e+00 -2.0950e+00 +1.5073e+00 -4.5737e+00 -1.1950e+00 +8.1656e-01 -2.3902e+00 +1.5453e+00 -1.4109e+00 +4.1348e+00 -2.1920e+00 -1.0140e+00 -3.2137e-01 -4.1060e-01 -1.2884e-01
150 0 +1.566705769e+01 +1.566705769e+01 -1.035294231e+01 -1.035294231e+01 +1.1248e+00 +1.2362e-01 +4.7090e+00 -4.8852e-01 +2.0801e+00 +1.3831e+00 -2.1302e+00 +1.6985e+00 -1.6696e+00 -1.0289e+00 +7.1955e-01 -1.2939e+00 +1.3612e+00 -1.5520e+00 +3.6425e+00 -2.1238e+00 -9.6491e-01 -1.3975e-01 -9.3428e-01 +2.3143e-04
155 0 +1.279542550e+01 +1.279542550e+01 -1.322457450e+01 -1.322457450e+01 +1.1037e+00 +5.0669e-02 +4.6019e+00 +4.3837e-03 +1.9448e+00 +1.2994e+00 -1.3662e+00 +1.7048e+00 -1.8322e-01 -1.5663e+00 +7.4200e-01 -1.2158e+00 +1.4907e+00 -1.6591e+00 +3.1872e+00 -2.0593e+00 -9.5918e-01 -1.4123e-01 -4.7912e-01 +1.8060e-01
190 0 +1.241637587e+01 +1.241637587e+01 -1.360362413e+01 -1.360362413e+01 +1.1008e+00 +1.9951e-01 +4.9649e+00 -7.2189e-01 +2.1517e+00 +1.4155e+00 -2.3392e+00 +1.3356e+00 -8.7836e-01 -1.7390e+00 +7.9844e-01 -1.4357e+00 +1.3564e+00 -1.2493e+00 +3.8245e+00 -1.2941e+00 -9.1145e-01 -1.5467e-01 -7.5280e-01 -8.3776e-01
201 0 +1.151637347e+01 +1.151637347e+01 -1.450362653e+01 -1.450362653e+01 +8.2846e-01 -1.0800e-02 +4.8650e+00 -4.5079e-01 +2.0309e+00 +1.3669e+00 -2.1298e+00 +1.6880e+00 +4.5463e-01 -1.2217e+00 +7.1867e-01 -1.1425e+00 +1.6093e+00 -1.5549e+00 +3.8546e+00 -2.1534e+00 -8.6109e-01 -2.5117e-01 -1.0881e+00 +7.9381e-03
296 0 +1.111587981e+01 +1.111587981e+01 -1.490412019e+01 -1.490412019e+01 +8.2658e-01 -1.0611e-02 +4.8579e+00 -3.7576e-01 +1.9930e+00 +1.3594e+00 -2.1319e+00 +1.6899e+00 +5.3769e-01 -1.2276e+00 +7.1871e-01 -1.1070e+00 +1.6152e+00 -1.5475e+00 +3.8551e+00 -2.0826e+00 -8.6608e-01 -2.4691e-01 -1.0166e+00 +9.4165e-03
459 0 +1.068392391e+01 +1.068392391e+01 -1.533607609e+01 -1.533607609e+01 +8.2479e-01 -1.0481e-02 +4.8598e+00 -3.9099e-01 +1.9893e+00 +1.3594e+00 -2.1319e+00 +1.6899e+00 +5.3867e-01 -1.2283e+00 +7.1870e-01 -1.1075e+00 +1.6151e+00 -1.5473e+00 +3.8548e+00 -2.0900e+00 -8.6608e-01 -2.4656e-01 -1.0177e+00 +9.4157e-03
521 0 +9.940418086e+00 +9.940418086e+00 -1.607958191e+01 -1.607958191e+01 +8.2453e-01 -1.0654e-02 +4.8598e+00 -3.8915e-01 +1.9897e+00 +1.3595e+00 -2.1319e+00 +1.6899e+00 +5.3867e-01 -1.2283e+00 +7.1870e-01 -1.1076e+00 +1.6151e+00 -1.5474e+00 +3.8546e+00 -2.0904e+00 -8.6611e-01 -2.4660e-01 -1.0179e+00 +9.4049e-03
565 0 +9.575960852e+00 +9.575960852e+00 -1.644403915e+01 -1.644403915e+01 +8.2428e-01 -1.0495e-02 +4.8607e+00 -3.9094e-01 +1.9889e+00 +1.3593e+00 -2.1319e+00 +1.6899e+00 +5.3848e-01 -1.2282e+00 +7.1870e-01 -1.1075e+00 +1.6151e+00 -1.5476e+00 +3.8548e+00 -2.0900e+00 -8.6607e-01 -2.4654e-01 -1.0179e+00 +9.4137e-03
585 0 +8.602189315e+00 +8.602189315e+00 -1.741781068e+01 -1.741781068e+01 +8.2409e-01 -1.0453e-02 +4.8601e+00 -3.9102e-01 +1.9892e+00 +1.3593e+00 -2.1319e+00 +1.6899e+00 +5.3808e-01 -1.2282e+00 +7.1870e-01 -1.1075e+00 +1.6151e+00 -1.5477e+00 +3.8548e+00 -2.0906e+00 -8.6607e-01 -2.4695e-01 -1.0178e+00 +9.5823e-03
658 0 +8.452393873e+00 +8.452393873e+00 -1.756760613e+01 -1.756760613e+01 +8.2397e-01 -1.0455e-02 +4.8605e+00 -3.9097e-01 +1.9892e+00 +1.3593e+00 -2.1317e+00 +1.6899e+00 +5.3817e-01 -1.2282e+00 +7.1871e-01 -1.1075e+00 +1.6151e+00 -1.5477e+00 +3.8548e+00 -2.0907e+00 -8.6607e-01 -2.4704e-01 -1.0178e+00 +9.5604e-03
678 0 +8.198027303e+00 +8.198027303e+00 -1.782197270e+01 -1.782197270e+01 +8.2408e-01 -1.0455e-02 +4.8603e+00 -3.9097e-01 +1.9891e+00 +1.3593e+00 -2.1317e+00 +1.6899e+00 +5.3817e-01 -1.2282e+00 +7.1871e-01 -1.1075e+00 +1.6152e+00 -1.5477e+00 +3.8548e+00 -2.0907e+00 -8.6607e-01 -2.4699e-01 -1.0178e+00 +9.5665e-03
729 0 +8.056010074e+00 +8.056010074e+00 -1.796398993e+01 -1.796398993e+01 +8.2393e-01 -1.0455e-02 +4.8603e+00 -3.9095e-01 +1.9892e+00 +1.3593e+00 -2.1313e+00 +1.6899e+00 +5.3853e-01 -1.2282e+00 +7.1871e-01 -1.1075e+00 +1.6152e+00 -1.5477e+00 +3.8548e+00 -2.0907e+00 -8.6607e-01 -2.4695e-01 -1.0178e+00 +9.5819e-03
909 0 +7.939274330e+00 +7.939274330e+00 -1.808072567e+01 -1.808072567e+01 +8.2397e-01 -1.0455e-02 +4.8603e+00 -3.9093e-01 +1.9892e+00 +1.3593e+00 -2.1314e+00 +1.6899e+00 +5.3853e-01 -1.2282e+00 +7.1871e-01 -1.1075e+00 +1.6152e+00 -1.5477e+00 +3.8548e+00 -2.0907e+00 -8.6607e-01 -2.4699e-01 -1.0179e+00 +9.6210e-03
% f evaluations | g evaluations | best noise-free fitness - Fopt | noise-free fitness - Fopt (-3.015000000000e+01) | measured fitness | best measured fitness | x1 | x2...
1 0 +4.840299311e+01 +4.840299311e+01 +1.825299311e+01 +1.825299311e+01 -1.8289e+00 +1.5209e+00 -2.4021e+00 -1.0221e+00 +5.5270e-01 -2.6025e+00 +1.1480e+00 +3.9597e+00 -7.2361e-01 -4.0756e+00 +3.6536e+00 +3.8293e+00 +4.3662e+00 +4.2157e+00 -7.6868e-01 -5.6380e-01 -3.4107e+00 -2.3546e+00 -2.6070e+00 +4.2616e+00
2 0 +4.495740911e+01 +4.495740911e+01 +1.480740911e+01 +1.480740911e+01 -3.6044e-01 -3.1340e+00 +3.2628e-01 +3.5500e+00 +1.2423e+00 +6.9816e-01 +3.8395e+00 -2.2386e+00 +3.4895e+00 -1.8030e+00 +3.0396e+00 +4.9584e+00 -1.0423e+00 -3.7786e+00 -1.5229e+00 -3.5669e+00 -1.6363e+00 +2.6031e+00 -2.4872e+00 +2.1023e+00
3 0 +4.281879435e+01 +4.281879435e+01 +1.266879435e+01 +1.266879435e+01 -1.3635e+00 +4.3956e+00 -5.2944e-01 +3.7804e-02 -4.2291e+00 -1.5893e+00 -1.5851e+00 -1.0078e+00 +1.5510e+00 +2.4597e+00 +2.7934e+00 +4.3068e+00 -1.9929e+00 +5.8724e-01 -4.3803e+00 +3.7204e+00 +1.2220e+00 -2.4731e+00 +4.4812e+00 +2.4557e+00
5 0 +3.978295118e+01 +3.978295118e+01 +9.632951175e+00 +9.632951175e+00 -3.8819e+00 +7.2437e-02 -1.4206e+00 +2.4160e+00 +3.5484e-01 -4.5317e-01 +3.4110e+00 -2.0590e+00 +2.4963e+00 +3.0752e+00 +5.2554e-01 +3.9924e+00 +4.7463e+00 +3.6002e+00 +2.2279e+00 +2.4758e+00 +1.9910e+00 +4.3277e+00 -9.1436e-01 +2.5323e+00
6 0 +3.574350148e+01 +3.574350148e+01 +5.593501483e+00 +5.593501483e+00 +4.5731e+00 +2.2163e-01 -2.3777e+00 -3.3825e+00 -1.8529e+00 +2.9249e+00 -4.0396e+00 +3.1737e+00 -2.7178e+00 -3.0786e+00 -2.7317e+00 -2.7643e+00 -2.3742e+00 -1.8093e+00 -2.8771e+00 +1.7273e+00 -6.1358e-01 -3.3718e+00 +2.6608e+00 -6.3686e-01
8 0 +3.029739935e+01 +3.029739935e+01 +1.473993465e-01 +1.473993465e-01 -3.7208e-01 +1.7322e+00 +9.1270e-02 +3.8747e+00 -3.5023e+00 +2.0262e-01 -3.9552e+00 +2.6286e+00 -2.0651e+00 +3.1953e+00 +1.7906e-01 +3.7947e+00 +1.8526e+00 -3.2344e+00 +4.1992e+00 -3.0585e+00 -1.5784e+00 +2.1283e+00 +3.7165e+00 +2.4115e-01
12 0 +2.965722511e+01 +2.965722511e+01 -4.927748911e-01 -4.927748911e-01 +1.6951e+00 +1.3229e+00 -4.2606e+00 +8.2660e-01 -8.5171e-01 -3.5790e+00 -1.1749e+00 -2.3152e+00 +4.6956e+00 +4.5304e-02 +3.1542e+00 -4.9806e+00 +1.3064e+00 +2.2057e+00 -9.6209e-01 +1.4981e+00 +4.2308e+00 +3.6837e+00 +7.5114e-01 +7.9227e-01
34 0 +2.301318293e+01 +2.301318293e+01 -7.136817074e+00 -7.136817074e+00 -2.2851e+00 +3.7840e+00 +9.7981e-01 -4.0158e+00 +1.7896e+00 +8.7594e-01 +2.4022e+00 +3.4088e+00 -3.5731e+00 -1.5066e+00 -1.0154e+00 +1.9356e-01 -2.4704e+00 +8.5059e-01 -1.7999e-01 -4.0730e+00 -2.8788e-01 +3.9718e-01 -1.5087e+00 +1.1699e+00
56 0 +1.908277835e+01 +1.908277835e+01 -1.106722165e+01 -1.106722165e+01 +6.0670e-01 +3.2370e+00 -4.6041e-01 -3.8078e+00 -1.3929e-01 +2.6085e-01 +2.3345e+00 +3.4978e+00 -3.2690e+00 -1.4846e+00 -7.3355e-01 +5.0091e-01 -2.4294e+00 +9.5433e-01 +1.0550e+00 -3.3598e+00 -4.6843e-01 +2.5818e-01 -2.5833e+00 -3.3657e-02
83 0 +1.807720807e+01 +1.807720807e+01 -1.207279193e+01 -1.207279193e+01 -1.5751e+00 -3.5212e-01 +1.4704e+00 -2.2805e+00 +1.4692e+00 -2.0223e-01 +2.3253e+00 +3.4501e+00 -5.0000e+00 -1.0579e+00 -8.9687e-02 +9.3483e-01 -2.6330e+00 +1.6230e+00 -4.5274e-01 -2.3741e+00 -9.0704e-01 -8.4149e-01 -1.7152e+00 +1.4113e+00
104 0 +1.596266628e+01 +1.596266628e+01 -1.418733372e+01 -1.418733372e+01 -1.5695e+00 +3.3802e-01 +1.4864e+00 -1.2335e+00 +1.2923e+00 +4.3027e-01 +2.4493e+00 +2.9613e+00 -5.0000e+00 -1.4884e+00 +3.9470e-01 +1.0412e+00 -2.3010e+00 +1.6687e+00 -4.6358e-01 -2.6320e+00 -7.5182e-01 -9.7698e-01 -1.8399e+00 +1.3815e+00
108 0 +1.460683059e+01 +1.460683059e+01 -1.554316941e+01 -1.554316941e+01 -5.0880e-01 +4.2418e-01 +6.6542e-01 -2.7339e+00 +2.6381e+00 +3.5432e-02 +2.3269e+00 +3.4905e+00 -4.9282e+00 -1.1990e+00 -2.2546e-02 +9.8131e-01 -2.6290e+00 +1.7026e+00 -3.6421e-01 -2.0760e+00 -9.4164e-01 -1.7377e+00 -1.4601e+00 +5.1624e-01
128 0 +1.400751699e+01 +1.400751699e+01 -1.614248301e+01 -1.614248301e+01 -1.0238e+00 +3.1305e+00 +1.5256e+00 -1.4523e+00 +9.3511e-01 -3.5694e-01 +2.8843e+00 +3.4697e+00 -3.9950e+00 -8.0411e-01 -2.5875e-01 +3.3808e-01 -1.5668e+00 +9.3900e-01 -1.6317e+00 -3.1570e+00 -8.5395e-01 -1.7616e-01 -1.9645e+00 +1.4165e+00
144 0 +1.249072965e+01 +1.249072965e+01 -1.765927035e+01 -1.765927035e+01 -1.6343e+00 +9.9021e-02 +9.1921e-01 -2.2375e+00 +1.4706e+00 -2.3243e-01 +2.3279e+00 +3.3875e+00 -5.0000e+00 -1.0469e+00 +6.1299e-01 +3.7714e-02 -1.7224e+00 +1.5546e+00 -3.9788e-01 -1.3030e+00 -8.7228e-01 -1.1266e+00 -1.3933e+00 +1.4330e+00
221 0 +1.212596952e+01 +1.212596952e+01 -1.802403048e+01 -1.802403048e+01 -1.6682e+00 -3.2708e-01 +9.5329e-01 -2.2437e+00 +1.4641e+00 -2.1142e-01 +2.3279e+00 +3.3832e+00 -5.0000e+00 -1.0863e+00 +4.0431e-01 +5.8926e-02 -1.7319e+00 +1.5823e+00 -4.1130e-01 -1.3200e+00 -8.7261e-01 -1.1251e+00 -1.3256e+00 +1.4333e+00
226 0 +1.197451690e+01 +1.197451690e+01 -1.817548310e+01 -1.817548310e+01 -1.6348e+00 +1.6573e-01 +8.7458e-01 -2.2305e+00 +1.4224e+00 -1.9226e-01 +2.3301e+00 +3.3906e+00 -5.0000e+00 -1.0013e+00 +6.5798e-01 +3.0194e-01 -1.8182e+00 +1.5496e+00 -3.1692e-01 -1.1099e+00 -9.9298e-01 -1.2389e+00 -1.3638e+00 +1.4210e+00
597 0 +1.172320503e+01 +1.172320503e+01 -1.842679497e+01 -1.842679497e+01 -1.6347e+00 +1.6573e-01 +8.7458e-01 -2.2306e+00 +1.4224e+00 -1.9180e-01 +2.3301e+00 +3.3906e+00 -5.0000e+00 -1.0014e+00 +6.5798e-01 +3.0195e-01 -1.8182e+00 +1.5496e+00 -3.1693e-01 -1.1098e+00 -9.9298e-01 -1.2389e+00 -1.3639e+00 +1.4210e+00
835 0 +1.147790706e+01 +1.147790706e+01 -1.867209294e+01 -1.867209294e+01 -1.6347e+00 +1.6577e-01 +8.7458e-01 -2.2306e+00 +1.4224e+00 -1.9183e-01 +2.3301e+00 +3.3906e+00 -5.0000e+00 -1.0014e+00 +6.5798e-01 +3.0194e-01 -1.8182e+00 +1.5496e+00 -3.1693e-01 -1.1099e+00 -9.9298e-01 -1.2389e+00 -1.3640e+00 +1.4210e+00
% f evaluations | g evaluations | best noise-free fitness - Fopt | noise-free fitness - Fopt (-1.000000000000e+03) | measured fitness | best measured fitness | x1 | x2...
1 0 +4.718550914e+01 +4.718550914e+01 -9.528144909e+02 -9.528144909e+02 +4.2780e+00 +3.3458e+00 +7.0972e-01 +3.8557e+00 +2.1905e+00 -1.9007e+00 -3.4116e+00 +2.5513e+00 +1.8455e+00 +3.3481e+00 -4.6352e-01 +3.7701e+00 -5.6385e-01 +9.4946e-01 +4.5362e+00 +1.5947e+00 -3.4270e-01 +4.0798e+00 -3.3672e+00 +4.3512e+00
6 0 +3.257873217e+01 +3.257873217e+01 -9.674212678e+02 -9.674212678e+02 -2.1730e+00 +4.5125e+00 +9.3534e-01 +1.7514e+00 +2.7727e+00 -1.1476e+00 -2.7135e+00 -1.1522e+00 -1.1068e-01 +2.9080e+00 -7.9616e-01 -1.3633e+00 -9.8790e-01 -1.1583e+00 +8.7299e-01 +8.7733e-02 -4.0821e-01 -1.9923e+00 +4.3901e+00 -4.3111e+00
10 0 +2.871393461e+01 +2.871393461e+01 -9.712860654e+02 -9.712860654e+02 +1.5490e+00 +2.6391e+00 +2.4810e+00 +3.2278e+00 +3.5826e+00 -2.8689e+00 -1.5223e+00 +3.8802e-01 +2.4276e+00 +2.3353e+00 -6.0053e-01 +3.2907e+00 +1.3951e+00 +2.0356e+00 +3.8578e+00 -5.4742e-01 -1.2620e+00 +1.8597e+00 -1.6827e+00 -3.5334e+00
42 0 +2.217022910e+01 +2.217022910e+01 -9.778297709e+02 -9.778297709e+02 +2.1097e+00 +1.6870e+00 +1.1105e+00 +5.1094e-01 +3.7224e+00 +9.3861e-01 -3.3431e+00 -4.5810e+00 +1.7710e+00 +1.5298e-01 +3.6618e-01 +9.7724e-01 +1.8666e+00 -1.4462e+00 -4.1233e+00 -3.1831e+00 -4.6032e-01 +6.0117e-01 -2.5658e+00 -2.5131e+00
52 0 +1.840582180e+01 +1.840582180e+01 -9.815941782e+02 -9.815941782e+02 +3.5044e+00 +1.4238e+00 +6.5186e-01 +7.3791e-01 +4.3215e+00 +7.6238e-01 -3.1493e+00 -4.0524e+00 +1.1937e+00 -8.3601e-01 +5.7474e-01 +1.0420e+00 +2.9160e+00 -1.6736e+00 -3.6659e+00 -1.5888e+00 -8.6139e-01 +1.7062e+00 -3.3842e+00 -1.5942e+00
56 0 +1.722664405e+01 +1.722664405e+01 -9.827733560e+02 -9.827733560e+02 +2.4884e+00 +2.0801e+00 +1.1994e+00 +1.0758e-01 +3.6607e+00 +1.7060e+00 -3.1200e+00 -4.8188e+00 +1.2731e+00 -7.2828e-01 +3.3263e-01 +8.7212e-01 +1.0352e-01 -1.4725e+00 -5.0000e+00 -7.9072e-01 -4.7474e-01 -2.3628e-01 -7.6252e-01 -2.9723e+00
65 0 +1.343257206e+01 +1.343257206e+01 -9.865674279e+02 -9.865674279e+02 +1.2817e+00 +1.6911e+00 +3.9867e-01 +1.9511e+00 +4.0626e+00 +1.5455e+00 -3.3703e+00 -4.1335e-01 +1.2819e+00 +1.7106e-01 -5.2550e-01 +8.3063e-01 +1.3395e-02 -1.5842e+00 -3.6786e+00 -2.8150e+00 -7.0088e-01 +9.9989e-01 +9.4234e-01 -2.2465e+00
106 0 +1.210767857e+01 +1.210767857e+01 -9.878923214e+02 -9.878923214e+02 +1.3042e+00 +1.6666e+00 -1.2837e+00 +1.9613e+00 +4.1766e+00 +1.5365e+00 -3.4404e+00 -4.7358e-01 +1.0838e+00 -1.9500e-01 -5.3475e-01 -1.4649e-01 +6.8599e-01 -1.4623e+00 -2.9890e+00 -2.9601e+00 -6.7167e-01 +7.0452e-01 -4.0964e-01 -2.1260e+00
140 0 +1.111462170e+01 +1.111462170e+01 -9.888853783e+02 -9.888853783e+02 +6.5271e-01 +1.9590e+00 +2.4340e-01 +2.9077e+00 +3.6357e+00 +1.2539e+00 -4.0569e+00 -8.0777e-01 +1.2203e+00 -1.2963e-03 -5.1176e-01 +2.2930e-01 +2.5843e-01 -7.0739e-01 -3.5661e+00 -2.7939e+00 -6.0153e-01 +9.1151e-01 -1.0807e+00 -2.1320e+00
145 0 +1.083087145e+01 +1.083087145e+01 -9.891691285e+02 -9.891691285e+02 +1.5942e+00 +1.5616e+00 +5.0977e-01 +1.0740e+00 +3.8266e+00 +7.1390e-01 -2.7732e+00 -5.6411e-01 +1.2950e+00 +8.3223e-01 -6.2039e-02 +1.2690e+00 -1.0081e-02 -1.3531e+00 -3.9451e+00 -2.4909e+00 -1.5547e+00 +1.0657e+00 +2.6577e-01 -2.2799e+00
166 0 +9.078412139e+00 +9.078412139e+00 -9.909215879e+02 -9.909215879e+02 +1.6170e+00 +1.6331e+00 +5.8603e-01 +8.2497e-01 +3.5305e+00 +9.6111e-01 -2.7517e+00 -9.8371e-01 +1.2782e+00 +8.0467e-01 +1.3900e-01 +1.2606e+00 +6.6397e-02 -1.3210e+00 -4.1256e+00 -2.4591e+00 -1.2215e+00 +1.0580e+00 -2.8798e-02 -2.0895e+00
371 0 +8.489835700e+00 +8.489835700e+00 -9.915101643e+02 -9.915101643e+02 +1.6170e+00 +1.6331e+00 +5.8678e-01 +8.2307e-01 +3.5277e+00 +9.6107e-01 -2.7519e+00 -9.8364e-01 +1.2781e+00 +8.0465e-01 +1.4366e-01 +1.2612e+00 +6.4890e-02 -1.3225e+00 -4.1256e+00 -2.4583e+00 -1.2215e+00 +1.0580e+00 -2.3404e-02 -2.0555e+00
438 0 +8.250371455e+00 +8.250371455e+00 -9.917496285e+02 -9.917496285e+02 +1.6176e+00 +1.6336e+00 +5.8629e-01 +8.2240e-01 +3.5267e+00 +9.6107e-01 -2.7520e+00 -9.8406e-01 +1.2781e+00 +8.0162e-01 +1.5104e-01 +1.2613e+00 +6.3857e-02 -1.3232e+00 -4.1222e+00 -2.4581e+00 -1.2216e+00 +1.0580e+00 -2.4746e-02 -2.0776e+00
477 0 +8.083954205e+00 +8.083954205e+00 -9.919160458e+02 -9.919160458e+02 +1.6176e+00 +1.6335e+00 +5.8631e-01 +8.2087e-01 +3.5262e+00 +9.6188e-01 -2.7520e+00 -9.8455e-01 +1.2781e+00 +8.0215e-01 +1.5057e-01 +1.2613e+00 +6.3409e-02 -1.3227e+00 -4.1215e+00 -2.4579e+00 -1.2217e+00 +1.0579e+00 -2.5800e-02 -2.0908e+00
481 0 +7.701394195e+00 +7.701394195e+00 -9.922986058e+02 -9.922986058e+02 +1.6177e+00 +1.6337e+00 +5.8644e-01 +8.2195e-01 +3.5271e+00 +9.6194e-01 -2.7508e+00 -9.8388e-01 +1.2781e+00 +8.0172e-01 +1.5337e-01 +1.2613e+00 +6.3678e-02 -1.3231e+00 -4.1241e+00 -2.4579e+00 -1.2213e+00 +1.0580e+00 -2.4763e-02 -2.0747e+00
487 0 +6.867325458e+00 +6.867325458e+00 -9.931326745e+02 -9.931326745e+02 +1.6171e+00 +1.6333e+00 +5.8614e-01 +8.2234e-01 +3.5268e+00 +9.6105e-01 -2.7521e+00 -9.8403e-01 +1.2781e+00 +8.0005e-01 +1.5101e-01 +1.2613e+00 +6.3536e-02 -1.3232e+00 -4.1222e+00 -2.4581e+00 -1.2126e+00 +1.0580e+00 -2.1631e-02 -2.0790e+00
543 0 +6.715147307e+00 +6.715147307e+00 -9.932848527e+02 -9.932848527e+02 +1.6170e+00 +1.6333e+00 +5.8597e-01 +8.2215e-01 +3.5268e+00 +9.6105e-01 -2.7521e+00 -9.8400e-01 +1.2781e+00 +7.9982e-01 +1.5075e-01 +1.2613e+00 +6.3675e-02 -1.3232e+00 -4.1214e+00 -2.4581e+00 -1.2132e+00 +1.0580e+00 -2.3183e-02 -2.0801e+00
588 0 +6.408967245e+00 +6.408967245e+00 -9.935910328e+02 -9.935910328e+02 +1.6168e+00 +1.6334e+00 +5.8582e-01 +8.2216e-01 +3.5270e+00 +9.6105e-01 -2.7521e+00 -9.8400e-01 +1.2781e+00 +7.9963e-01 +1.5045e-01 +1.2613e+00 +6.3757e-02 -1.3232e+00 -4.1218e+00 -2.4581e+00 -1.2135e+00 +1.0580e+00 -2.3221e-02 -2.0781e+00
692 0 +6.272144137e+00 +6.272144137e+00 -9.937278559e+02 -9.937278559e+02 +1.6168e+00 +1.6334e+00 +5.8581e-01 +8.2195e-01 +3.5272e+00 +9.6105e-01 -2.7521e+00 -9.8400e-01 +1.2781e+00 +7.9913e-01 +1.5048e-01 +1.2613e+00 +6.3645e-02 -1.3232e+00 -4.1218e+00 -2.4581e+00 -1.2134e+00 +1.0580e+00 -2.3290e-02 -2.0779e+00
701 0 +6.138082581e+00 +6.138082581e+00 -9.938619174e+02 -9.938619174e+02 +1.6169e+00 +1.6334e+00 +5.8582e-01 +8.2207e-01 +3.5273e+00 +9.6105e-01 -2.7521e+00 -9.8399e-01 +1.2781e+00 +7.9916e-01 +1.5034e-01 +1.2613e+00 +6.3586e-02 -1.3232e+00 -4.1218e+00 -2.4581e+00 -1.2135e+00 +1.0580e+00 -2.3289e-02 -2.0783e+00
860 0 +6.024688521e+00 +6.024688521e+00 -9.939753115e+02 -9.939753115e+02 +1.6169e+00 +1.6334e+00 +5.8582e-01 +8.2207e-01 +3.5274e+00 +9.6105e-01 -2.7521e+00 -9.8399e-01 +1.2781e+00 +7.9912e-01 +1.5028e-01 +1.2613e+00 +6.3555e-02 -1.3232e+00 -4.1218e+00 -2.4581e+00 -1.2136e+00 +1.0580e+00 -2.3261e-02 -2.0785e+00
% f evaluations | g evaluations | best noise-free fitness - Fopt | noise-free fitness - Fopt (-9.243000000000e+02) | measured fitness | best measured fitness | x1 | x2...
1 0 +5.177337317e+01 +5.177337317e+01 -8.725266268e+02 -8.725266268e+02 -1.6302e+00 +1.0074e+00 -1.0629e+00 -4.4508e+00 +3.8178e+00 +3.9208e+00 +8.2537e-01 +2.4517e+00 -1.1003e+00 +4.5643e-01 -4.4820e+00 -1.6195e-01 -5.7265e-01 -3.1779e+00 -3.4719e+00 +2.7480e-01 -2.6805e+00 -4.6293e+00 +1.9218e-01 -4.0062e+00
5 0 +4.692724086e+01 +4.692724086e+01 -8.773727591e+02 -8.773727591e+02 -2.3677e+00 +1.8861e+00 -5.4470e-01 -4.8616e+00 -3.0053e+00 -5.1963e-01 -3.3084e+00 +1.6197e+00 -4.7478e+00 -3.8585e+00 +2.5916e+00 +1.7701e-01 +3.6738e-01 +3.4363e+00 -2.2347e+00 +1.2559e+00 +1.1507e+00 -3.9782e+00 +3.8845e+00 -3.8683e+00
6 0 +3.180815337e+01 +3.180815337e+01 -8.924918466e+02 -8.924918466e+02 +2.5534e+00 -3.4398e+00 -1.8743e+00 +7.5493e-01 +3.5203e-01 -3.2178e+00 +3.3434e+00 -2.3111e+00 +1.0488e+00 +3.3597e+00 +1.9583e+00 -3.6621e+00 -4.0538e+00 -5.9566e-01 +3.1376e+00 -1.8377e+00 +1.6642e+00 -5.5957e-02 -2.9468e-01 -2.1490e+00
8 0 +2.827905492e+01 +2.827905492e+01 -8.960209451e+02 -8.960209451e+02 -3.4459e+00 -4.1213e-02 -1.1836e+00 -1.8591e-01 -3.3707e+00 -2.1964e+00 +1.5376e+00 +2.4299e+00 -3.2343e+00 -1.9136e+00 -1.3878e+00 -4.2229e+00 +7.9853e-01 +2.6779e+00 +2.2847e+00 -1.5111e+00 -2.4074e+00 -4.6100e-02 -4.8662e-01 -2.2815e-01
22 0 +2.540209769e+01 +2.540209769e+01 -8.988979023e+02 -8.988979023e+02 -3.9072e+00 +3.6195e+00 +3.1765e+00 +5.5925e-01 +8.4520e-01 +6.8986e-01 +1.4751e+00 +1.4874e+00 +5.9149e-01 +2.7807e+00 -1.2216e+00 +1.4979e+00 +1.9596e+00 +1.2132e+00 -1.0714e+00 +3.7425e+00 +4.1126e+00 +2.2629e+00 +2.2086e+00 +1.3195e+00
31 0 +2.439480894e+01 +2.439480894e+01 -8.999051911e+02 -8.999051911e+02 -2.4174e+00 +8.6449e-01 +8.8806e-01 -1.5304e+00 +3.7848e+00 +1.1327e+00 +6.6789e-01 +1.8303e+00 +1.0674e+00 -3.5033e+00 +3.1392e+00 +1.3929e+00 +1.8445e+00 -4.8629e+00 -5.6539e-01 -3.3059e+00 -9.0610e-02 +2.9267e+00 +3.2338e+00 +6.2502e-01
49 0 +1.996146263e+01 +1.996146263e+01 -9.043385374e+02 -9.043385374e+02 +2.5985e+00 -5.4689e-01 -1.5865e-01 +8.1057e-02 -2.3165e-01 +1.8841e+00 +8.3485e-01 +2.8809e+00 +1.8617e+00 -1.7490e+00 -1.8786e+00 +1.2494e+00 -3.1630e+00 -2.8806e+00 -2.3413e+00 -6.9221e-01 +1.3271e-01 -1.2920e-01 -4.5067e+00 -1.8930e+00
55 0 +1.561784942e+01 +1.561784942e+01 -9.086821506e+02 -9.086821506e+02 +8.0169e-01 -3.0482e-01 -1.5753e-01 -1.4303e-01 -2.2361e+00 +1.8346e+00 +1.2206e+00 +3.0480e+00 +3.1355e+00 -1.7615e+00 -3.4995e+00 +1.6624e+00 -2.1669e+00 -3.0387e+00 -2.2960e+00 +2.6642e-01 +1.2082e-01 +1.2199e+00 +2.3338e+00 -7.0568e-01
71 0 +1.060393267e+01 +1.060393267e+01 -9.136960673e+02 -9.136960673e+02 +2.6105e+00 -7.2228e-01 +5.5818e-02 +3.9010e-01 -2.2683e+00 +2.2635e+00 -4.6535e-01 +2.8808e+00 +1.3585e+00 -2.0188e+00 -1.2233e+00 +2.2410e+00 +9.8715e-01 -2.8704e+00 -2.3488e+00 -6.6116e-01 +2.6572e+00 -1.6186e+00 -4.1691e+00 -1.3761e-01
131 0 +1.016251897e+01 +1.016251897e+01 -9.141374810e+02 -9.141374810e+02 +2.8108e+00 -7.3939e-01 +5.1912e-01 +7.1412e-01 -1.7223e+00 +2.1370e+00 -6.6943e-02 +4.1797e+00 +3.8879e-02 -1.4086e+00 -3.1436e-01 +1.7407e+00 +1.5757e+00 -2.9055e+00 -2.4873e+00 +5.5058e-01 +2.1034e+00 -1.2165e+00 -4.2743e+00 +8.6221e-03
370 0 +9.648094260e+00 +9.648094260e+00 -9.146519057e+02 -9.146519057e+02 +2.8110e+00 -7.3935e-01 +5.2234e-01 +7.1101e-01 -1.7219e+00 +2.1370e+00 -6.6910e-02 +4.1806e+00 +3.5062e-02 -1.4087e+00 -3.1435e-01 +1.7408e+00 +1.5767e+00 -2.9055e+00 -2.4877e+00 +5.5130e-01 +2.1036e+00 -1.2165e+00 -4.2753e+00 +8.5978e-03
434 0 +9.487104151e+00 +9.487104151e+00 -9.148128958e+02 -9.148128958e+02 +2.8104e+00 -7.3936e-01 +5.2065e-01 +7.1313e-01 -1.7213e+00 +2.1372e+00 -6.6706e-02 +4.1804e+00 +3.4929e-02 -1.4087e+00 -3.1379e-01 +1.7408e+00 +1.5768e+00 -2.9055e+00 -2.4880e+00 +5.5077e-01 +2.1035e+00 -1.2165e+00 -4.2753e+00 +8.5981e-03
502 0 +9.227482509e+00 +9.227482509e+00 -9.150725175e+02 -9.150725175e+02 +2.8101e+00 -7.3936e-01 +5.2078e-01 +7.1356e-01 -1.7213e+00 +2.1372e+00 -6.6728e-02 +4.1806e+00 +3.6420e-02 -1.4087e+00 -3.1364e-01 +1.7408e+00 +1.5766e+00 -2.9055e+00 -2.4879e+00 +5.5060e-01 +2.1036e+00 -1.2165e+00 -4.2756e+00 +8.6116e-03
536 0 +9.013863916e+00 +9.013863916e+00 -9.152861361e+02 -9.152861361e+02 +2.8101e+00 -7.3936e-01 +5.2116e-01 +7.1353e-01 -1.7212e+00 +2.1372e+00 -6.7115e-02 +4.1806e+00 +3.6386e-02 -1.4086e+00 -3.1349e-01 +1.7408e+00 +1.5765e+00 -2.9054e+00 -2.4879e+00 +5.5048e-01 +2.1036e+00 -1.2165e+00 -4.2756e+00 +8.4127e-03
538 0 +8.862790286e+00 +8.862790286e+00 -9.154372097e+02 -9.154372097e+02 +2.8103e+00 -7.3936e-01 +5.2069e-01 +7.1329e-01 -1.7213e+00 +2.1372e+00 -6.6721e-02 +4.1805e+00 +3.6223e-02 -1.4087e+00 -3.1359e-01 +1.7408e+00 +1.5767e+00 -2.9055e+00 -2.4878e+00 +5.5051e-01 +2.1035e+00 -1.2165e+00 -4.2756e+00 +8.6102e-03
697 0 +8.698343455e+00 +8.698343455e+00 -9.156016565e+02 -9.156016565e+02 +2.8101e+00 -7.3937e-01 +5.2068e-01 +7.1313e-01 -1.7214e+00 +2.1371e+00 -6.6773e-02 +4.1805e+00 +3.6686e-02 -1.4088e+00 -3.1322e-01 +1.7408e+00 +1.5765e+00 -2.9055e+00 -2.4879e+00 +5.5058e-01 +2.1036e+00 -1.2169e+00 -4.2753e+00 +8.6173e-03
% f evaluations | g evaluations | best noise-free fitness - Fopt | noise-free fitness - Fopt (-1.035000000000e+01) | measured fitness | best measured fitness | x1 | x2...
1 0 +7.266878181e+01 +7.266878181e+01 +6.231878181e+01 +6.231878181e+01 +3.8154e+00 -3.0199e+00 -2.6416e+00 -3.6912e+00 +1.1916e+00 +2.0219e+00 +3.9055e+00 +4.4582e+00 +3.3020e+00 -2.1862e+00 -2.9984e+00 +3.2410e-01 +7.2789e-01 -4.7431e-01 +1.4511e+00 -1.4881e+00 +1.9492e+00 +2.1302e+00 -4.6541e+00 +1.5217e+00
4 0 +6.848421727e+01 +6.848421727e+01 +5.813421727e+01 +5.813421727e+01 -1.6179e+00 +2.5427e+00 +1.1306e+00 +3.0540e+00 -3.7377e+00 +2.8982e+00 -2.4934e+00 +4.2555e+00 +3.0474e+00 -6.9035e-01 -3.1160e+00 -4.5887e+00 +3.3485e+00 +3.5008e+00 -4.9338e+00 -2.5572e-01 -7.1196e-01 -3.5489e+00 -4.5433e+00 +2.4592e+00
5 0 +5.107535472e+01 +5.107535472e+01 +4.072535472e+01 +4.072535472e+01 -4.2495e+00 +4.1570e+00 -2.1569e+00 -1.3139e+00 +3.2559e+00 -1.9356e+00 -2.8584e+00 -3.6811e+00 -9.1999e-01 +2.9389e+00 +7.2315e-01 -1.5383e+00 -2.2972e+00 +4.7690e+00 -1.4164e+00 -3.1490e+00 +9.3680e-01 -4.4383e+00 -1.4909e-01 -6.5641e-01
6 0 +4.902869718e+01 +4.902869718e+01 +3.867869718e+01 +3.867869718e+01 -2.4209e-02 +1.2074e+00 -3.5556e+00 +4.9595e+00 -3.5895e+00 +4.9305e+00 -1.3778e+00 +3.6957e+00 +1.0859e+00 +1.4218e+00 -2.6265e+00 +2.8195e+00 -2.0902e-02 -1.7687e+00 +9.2663e-01 -4.5092e+00 -3.5143e+00 +3.3973e+00 -3.3719e+00 +2.5066e+00
19 0 +3.258662277e+01 +3.258662277e+01 +2.223662277e+01 +2.223662277e+01 +3.0612e+00 -2.4719e-01 -1.3768e+00 +1.4940e+00 +2.7739e+00 -1.9461e+00 -1.3152e+00 +2.1269e+00 -2.2714e-01 -1.5281e+00 -2.6963e+00 -3.1592e+00 +1.5491e-01 -4.5568e+00 -3.1568e+00 -1.3397e-01 -3.6886e+00 +3.6747e+00 -4.3826e+00 -1.9316e+00
29 0 +2.713370568e+01 +2.713370568e+01 +1.678370568e+01 +1.678370568e+01 +2.2396e+00 -2.1666e+00 -4.5828e+00 -3.5380e+00 +1.0839e-01 -2.4284e+00 +9.9986e-01 -1.9451e+00 -1.5279e+00 -3.9679e+00 -2.1853e+00 -3.7464e-01 -3.5876e+00 +1.3002e+00 +2.9876e+00 -2.8621e+00 +1.9324e-01 -1.5458e+00 -3.6319e-01 +2.2080e+00
30 0 +2.497019799e+01 +2.497019799e+01 +1.462019799e+01 +1.462019799e+01 +2.0659e+00 -6.2500e-01 +7.5327e-01 -4.1889e+00 -6.4548e-01 -1.1909e+00 -2.4268e-01 -4.7762e-01 -1.8155e-01 +1.3439e+00 +1.2090e+00 -4.1735e+00 -3.3988e+00 +8.9018e-02 +2.2052e+00 +5.3193e-01 -1.0724e+00 +2.0537e+00 -4.2778e+00 -8.9756e-01
67 0 +2.445157304e+01 +2.445157304e+01 +1.410157304e+01 +1.410157304e+01 +2.9032e+00 -7.7205e-01 -5.2963e-02 -4.1230e+00 +3.9646e-01 +2.8928e+00 -1.0231e-01 +1.1354e+00 -4.6600e+00 +1.2157e+00 +1.8848e+00 -3.0440e+00 -1.3601e+00 -6.2230e-01 +1.5447e+00 -7.5620e-02 -4.0364e-01 +1.8550e+00 -5.0000e+00 +2.7789e+00
90 0 +1.564798136e+01 +1.564798136e+01 +5.297981364e+00 +5.297981364e+00 +2.0478e+00 +1.1385e+00 +9.0349e-01 -4.2611e+00 -5.4826e-01 +4.5912e-01 +7.8457e-01 +7.9732e-02 -5.7017e-01 +1.3880e+00 +1.6304e+00 -1.0854e+00 -2.6523e+00 +2.6935e+00 +1.6037e+00 -6.7502e-02 -1.5791e+00 +1.9711e+00 -5.0000e+00 -1.3504e+00
121 0 +1.425953676e+01 +1.425953676e+01 +3.909536757e+00 +3.909536757e+00 +2.0025e+00 +7.2156e-01 +1.1419e+00 -4.6487e+00 -2.7504e-01 +1.5340e+00 +1.0014e+00 +3.7972e-02 -6.8592e-01 +5.3192e-01 +8.3742e-01 -1.2057e+00 -2.6926e+00 -4.4129e-01 +1.6820e+00 -1.2944e-01 -1.6988e+00 +2.0917e+00 -5.0000e+00 -1.4078e+00
166 0 +1.400941385e+01 +1.400941385e+01 +3.659413851e+00 +3.659413851e+00 +2.1087e+00 +1.8683e-01 +1.1160e+00 -4.7037e+00 -4.3593e-02 +1.4762e+00 +9.6169e-01 +3.1600e-01 -5.8611e-01 +9.1501e-01 +7.7516e-01 -1.1010e+00 -2.6970e+00 -6.6252e-01 +1.6437e+00 -1.5506e-01 -1.6515e+00 +2.4363e+00 -4.7251e+00 -1.3374e+00
190 0 +1.361524515e+01 +1.361524515e+01 +3.265245154e+00 +3.265245154e+00 +2.0104e+00 +1.2516e+00 +1.0903e+00 -4.3158e+00 -1.6704e-01 +1.7126e+00 +1.0086e+00 +1.4699e-01 -6.8790e-01 +1.6387e-01 +1.0582e+00 -9.8874e-01 -1.1163e+00 -1.5821e+00 +1.7785e+00 -7.2314e-02 -1.7419e+00 +2.0625e+00 -5.0000e+00 -1.2140e+00
197 0 +1.334458616e+01 +1.334458616e+01 +2.994586161e+00 +2.994586161e+00 +2.0474e+00 +1.3064e+00 +1.1291e+00 -4.7285e+00 +8.5711e-01 +1.8822e+00 +1.0015e+00 +1.6226e-02 -6.6385e-01 +3.2680e-02 +6.7341e-01 -1.4985e+00 -3.1097e+00 +1.5438e+00 +1.6689e+00 -1.5222e-01 -1.6991e+00 +2.2910e+00 -5.0000e+00 -1.3206e+00
512 0 +1.305980101e+01 +1.305980101e+01 +2.709801011e+00 +2.709801011e+00 +2.0473e+00 +1.3066e+00 +1.1290e+00 -4.7285e+00 +8.5712e-01 +1.8822e+00 +1.0014e+00 +1.6223e-02 -6.6382e-01 +3.2680e-02 +6.7345e-01 -1.4985e+00 -3.1097e+00 +1.5439e+00 +1.6689e+00 -1.5221e-01 -1.6988e+00 +2.2907e+00 -5.0000e+00 -1.3207e+00
579 0 +1.283804208e+01 +1.283804208e+01 +2.488042079e+00 +2.488042079e+00 +2.0473e+00 +1.3064e+00 +1.1291e+00 -4.7285e+00 +8.5712e-01 +1.8821e+00 +1.0014e+00 +1.6226e-02 -6.6382e-01 +3.2677e-02 +6.7344e-01 -1.4985e+00 -3.1097e+00 +1.5439e+00 +1.6689e+00 -1.5221e-01 -1.6988e+00 +2.2906e+00 -5.0000e+00 -1.3206e+00
648 0 +1.252042715e+01 +1.252042715e+01 +2.170427145e+00 +2.170427145e+00 +2.0473e+00 +1.3075e+00 +1.1290e+00 -4.7285e+00 +8.5560e-01 +1.8821e+00 +1.0014e+00 +1.6284e-02 -6.6382e-01 +3.2692e-02 +6.7393e-01 -1.4985e+00 -3.1097e+00 +1.5439e+00 +1.6689e+00 -1.5221e-01 -1.6986e+00 +2.2906e+00 -5.0000e+00 -1.3207e+00
658 0 +1.210743691e+01 +1.210743691e+01 +1.757436908e+00 +1.757436908e+00 +2.0473e+00 +1.3075e+00 +1.1290e+00 -4.7285e+00 +8.5531e-01 +1.8820e+00 +1.0014e+00 +1.6340e-02 -6.6382e-01 +3.2700e-02 +6.7389e-01 -1.4985e+00 -3.1097e+00 +1.5444e+00 +1.6689e+00 -1.5221e-01 -1.6986e+00 +2.2906e+00 -5.0000e+00 -1.3207e+00
676 0 +1.185315612e+01 +1.185315612e+01 +1.503156123e+00 +1.503156123e+00 +2.0473e+00 +1.3075e+00 +1.1290e+00 -4.7285e+00 +8.5544e-01 +1.8820e+00 +1.0014e+00 +1.6334e-02 -6.6382e-01 +3.2678e-02 +6.7393e-01 -1.4985e+00 -3.1097e+00 +1.5442e+00 +1.6689e+00 -1.5221e-01 -1.6986e+00 +2.2906e+00 -5.0000e+00 -1.3207e+00
684 0 +1.172978559e+01 +1.172978559e+01 +1.379785589e+00 +1.379785589e+00 +2.0473e+00 +1.3074e+00 +1.1290e+00 -4.7285e+00 +8.5549e-01 +1.8820e+00 +1.0014e+00 +1.6343e-02 -6.6382e-01 +3.2702e-02 +6.7388e-01 -1.4985e+00 -3.1097e+00 +1.5441e+00 +1.6690e+00 -1.5221e-01 -1.6987e+00 +2.2906e+00 -5.0000e+00 -1.3207e+00
781 0 +1.146786466e+01 +1.146786466e+01 +1.117864664e+00 +1.117864664e+00 +2.0473e+00 +1.3074e+00 +1.1290e+00 -4.7285e+00 +8.5548e-01 +1.8820e+00 +1.0014e+00 +1.6296e-02 -6.6383e-01 +3.2702e-02 +6.7389e-01 -1.4985e+00 -3.1097e+00 +1.5441e+00 +1.6691e+00 -1.5221e-01 -1.6988e+00 +2.2906e+00 -5.0000e+00 -1.3207e+00
1153 0 +1.121962703e+01 +1.121962703e+01 +8.696270261e-01 +8.696270261e-01 +2.0473e+00 +1.3074e+00 +1.1290e+00 -4.7285e+00 +8.5547e-01 +1.8820e+00 +1.0014e+00 +1.6139e-02 -6.6383e-01 +3.2702e-02 +6.7389e-01 -1.4985e+00 -3.1096e+00 +1.5440e+00 +1.6691e+00 -1.5221e-01 -1.6987e+00 +2.2906e+00 -5.0000e+00 -1.3207e+00
% f evaluations | g evaluations | best noise-free fitness - Fopt | noise-free fitness - Fopt (-1.000000000000e+03) | measured fitness | best measured fitness | x1 | x2...
1 0 +3.712902794e+01 +3.712902794e+01 -9.628709721e+02 -9.628709721e+02 +2.3081e-01 +1.0207e+00 -2.6625e+00 -2.6922e+00 +1.8937e+00 +4.5370e+00 +5.4557e-01 -3.1917e-01 -5.2496e-01 +3.5908e-01 +3.7661e+00 +4.0139e+00 -2.5431e+00 -3.8939e+00 +7.8614e-01 -3.1449e+00 -3.8911e+00 -3.4425e+00 +3.2771e+00 +2.3626e+00
3 0 +3.080231275e+01 +3.080231275e+01 -9.691976873e+02 -9.691976873e+02 -1.0867e+00 +1.5570e+00 +1.0749e+00 +3.4685e+00 +3.3619e+00 +4.4726e+00 +1.0731e-04 -4.2982e+00 +1.9125e+00 +2.8892e+00 -1.8382e+00 -2.4969e+00 -2.7095e-01 -4.3099e+00 +3.5668e+00 +1.0027e+00 -1.3037e+00 -1.8134e+00 -4.4372e+00 +1.6233e+00
32 0 +2.974277333e+01 +2.974277333e+01 -9.702572267e+02 -9.702572267e+02 +3.9956e+00 -4.0757e+00 -1.4637e+00 -2.7249e+00 -2.3357e-01 +4.6226e+00 +6.8680e-01 -4.2895e+00 -2.1834e+00 +1.0641e+00 +3.3302e+00 +1.4463e+00 +2.1240e+00 +5.0581e-01 +1.8737e+00 -3.0028e-01 +4.1233e-01 +2.4754e+00 -1.4721e+00 -2.3074e+00
40 0 +2.180551270e+01 +2.180551270e+01 -9.781944873e+02 -9.781944873e+02 +2.5733e-01 -1.7879e-01 +6.7515e-01 +1.0206e+00 +4.7342e+00 -1.2276e+00 -2.5520e+00 -3.4297e+00 +9.1563e-01 +4.4786e-01 +1.0037e+00 -2.3296e+00 -3.6760e+00 +1.2131e+00 +3.2392e+00 -2.4178e+00 +1.4964e+00 -1.2144e+00 -1.5652e+00 +2.1431e+00
53 0 +1.545092841e+01 +1.545092841e+01 -9.845490716e+02 -9.845490716e+02 -7.0520e-01 -3.9655e-02 +7.3162e-01 +1.9804e+00 +4.6171e+00 +5.3452e-01 -4.4242e-01 -3.7773e+00 +5.8491e-01 -1.0065e+00 +1.1869e+00 -2.3273e+00 -2.0035e+00 -4.1577e-01 +3.0502e+00 -2.9950e+00 +1.3324e+00 -1.4750e+00 -1.8182e+00 +1.8519e+00
113 0 +1.382398182e+01 +1.382398182e+01 -9.861760182e+02 -9.861760182e+02 -7.2891e-01 -4.8243e-01 +9.0707e-01 +2.1116e+00 +4.5559e+00 +9.4342e-01 -1.4218e+00 -3.6238e+00 +8.3927e-01 +1.5564e-01 +1.2376e+00 -2.3275e+00 -2.1171e+00 -4.7296e-02 +2.0575e+00 -3.1534e+00 +3.8072e-01 -1.5710e+00 -1.8119e+00 +1.8754e+00
156 0 +1.153984908e+01 +1.153984908e+01 -9.884601509e+02 -9.884601509e+02 -7.3269e-01 -5.3629e-01 +1.1481e+00 +1.9812e+00 +4.5433e+00 +8.9227e-01 -1.3903e+00 -2.5908e+00 +5.7798e-01 -8.2539e-01 +1.1992e+00 -2.3218e+00 -1.8126e+00 +2.8056e-01 +2.3591e+00 -3.0200e+00 +7.0113e-01 -1.5751e+00 -1.6757e+00 +1.8535e+00
376 0 +1.022762278e+01 +1.022762278e+01 -9.897723772e+02 -9.897723772e+02 -7.3276e-01 -5.3582e-01 +1.1482e+00 +1.9812e+00 +4.5432e+00 +8.9228e-01 -1.3889e+00 -2.5839e+00 +5.7816e-01 -8.2586e-01 +1.1992e+00 -2.3218e+00 -1.8125e+00 +2.8057e-01 +2.3424e+00 -3.0198e+00 +7.0262e-01 -1.5750e+00 -1.6780e+00 +1.8535e+00
494 0 +9.686961130e+00 +9.686961130e+00 -9.903130389e+02 -9.903130389e+02 -7.3284e-01 -5.3472e-01 +1.1495e+00 +1.9810e+00 +4.5433e+00 +8.9234e-01 -1.3891e+00 -2.5838e+00 +5.7825e-01 -8.2795e-01 +1.1992e+00 -2.3218e+00 -1.8125e+00 +2.8055e-01 +2.3424e+00 -3.0192e+00 +7.0153e-01 -1.5750e+00 -1.6778e+00 +1.8535e+00
575 0 +9.472074557e+00 +9.472074557e+00 -9.905279254e+02 -9.905279254e+02 -7.3285e-01 -5.3471e-01 +1.1500e+00 +1.9810e+00 +4.5433e+00 +8.9237e-01 -1.3892e+00 -2.5841e+00 +5.7819e-01 -8.2847e-01 +1.1992e+00 -2.3218e+00 -1.8125e+00 +2.8055e-01 +2.3423e+00 -3.0193e+00 +7.0153e-01 -1.5750e+00 -1.6778e+00 +1.8535e+00
594 0 +9.309347214e+00 +9.309347214e+00 -9.906906528e+02 -9.906906528e+02 -7.3284e-01 -5.3425e-01 +1.1494e+00 +1.9810e+00 +4.5433e+00 +8.9233e-01 -1.3891e+00 -2.5853e+00 +5.7822e-01 -8.2760e-01 +1.1992e+00 -2.3218e+00 -1.8125e+00 +2.8038e-01 +2.3424e+00 -3.0193e+00 +7.0152e-01 -1.5750e+00 -1.6778e+00 +1.8535e+00
675 0 +9.102598045e+00 +9.102598045e+00 -9.908974020e+02 -9.908974020e+02 -7.3284e-01 -5.3407e-01 +1.1494e+00 +1.9810e+00 +4.5434e+00 +8.9234e-01 -1.3891e+00 -2.5850e+00 +5.7822e-01 -8.2784e-01 +1.1992e+00 -2.3218e+00 -1.8125e+00 +2.8031e-01 +2.3424e+00 -3.0193e+00 +7.0159e-01 -1.5750e+00 -1.6778e+00 +1.8535e+00
696 0 +8.865295592e+00 +8.865295592e+00 -9.911347044e+02 -9.911347044e+02 -7.3285e-01 -5.3411e-01 +1.1494e+00 +1.9810e+00 +4.5434e+00 +8.9233e-01 -1.3891e+00 -2.5850e+00 +5.7821e-01 -8.2758e-01 +1.1992e+00 -2.3218e+00 -1.8125e+00 +2.8044e-01 +2.3422e+00 -3.0193e+00 +7.0153e-01 -1.5750e+00 -1.6778e+00 +1.8535e+00
1407 0 +8.708880083e+00 +8.708880083e+00 -9.912911199e+02 -9.912911199e+02 -7.3284e-01 -5.3409e-01 +1.1494e+00 +1.9810e+00 +4.5434e+00 +8.9233e-01 -1.3891e+00 -2.5851e+00 +5.7816e-01 -8.2760e-01 +1.1992e+00 -2.3218e+00 -1.8125e+00 +2.8061e-01 +2.3421e+00 -3.0193e+00 +7.0153e-01 -1.5750e+00 -1.6778e+00 +1.8535e+00
% f evaluations | g evaluations | best noise-free fitness - Fopt | noise-free fitness - Fopt (2.880000000000e+01) | measured fitness | best measured fitness | x1 | x2...
1 0 +4.846487813e+01 +4.846487813e+01 +7.726487813e+01 +7.726487813e+01 -9.1618e-01 -3.3768e+00 -1.7246e+00 +4.8976e-01 -4.3901e+00 -3.2406e+00 -1.6365e-01 -4.9705e+00 +4.2248e+00 -2.2015e+00 -4.7792e+00 -3.4082e+00 -6.1527e-01 +3.4129e+00 -9.4331e-01 -2.2795e+00 -1.1822e+00 +9.7194e-01 +7.5993e-01 -4.8437e-01
11 0 +3.318106466e+01 +3.318106466e+01 +6.198106466e+01 +6.198106466e+01 +2.1979e+00 +1.8245e+00 -4.1062e+00 +4.9657e-01 -4.8762e-01 +3.5661e+00 +3.5967e+00 -2.5174e+00 -3.0377e-01 +9.3120e-01 +2.7120e+00 -4.7576e-02 +2.7259e+00 -1.5178e+00 -2.0430e+00 +4.2059e+00 -4.9424e+00 +1.2054e+00 -2.8446e-01 +9.7963e-02
12 0 +3.000528976e+01 +3.000528976e+01 +5.880528976e+01 +5.880528976e+01 -3.5547e+00 +3.5582e+00 +1.1917e+00 -1.4945e+00 +2.8509e+00 -3.5532e+00 +4.1327e+00 +1.2465e+00 +7.0899e-02 +4.2909e+00 -1.2386e+00 -6.0579e-02 -4.4297e+00 -2.7134e+00 +1.6439e-01 +7.4543e-01 +2.9030e+00 +2.1338e+00 -1.3008e+00 +9.1298e-01
19 0 +2.764621193e+01 +2.764621193e+01 +5.644621193e+01 +5.644621193e+01 +1.5747e+00 +1.6958e+00 +8.2623e-01 -1.1458e+00 -1.3841e+00 +1.4596e+00 +3.1099e+00 -1.8796e+00 -3.2645e+00 +2.9745e+00 +6.4583e-02 -3.7914e-01 -3.2236e+00 -1.1700e+00 -2.2922e-01 -3.1042e+00 +3.8931e+00 -4.6775e+00 +1.4616e+00 -2.0415e-01
43 0 +2.593480094e+01 +2.593480094e+01 +5.473480094e+01 +5.473480094e+01 +1.2745e+00 -2.6824e-01 +4.1345e+00 -9.9082e-01 -6.0130e-01 -3.0126e-02 -3.6046e+00 -1.3932e+00 -1.3279e-01 -3.9893e+00 -1.7253e+00 -2.1960e+00 +3.8272e+00 +1.6109e+00 +3.4787e+00 +2.4006e+00 -3.9233e+00 +1.4676e+00 -3.2677e+00 +4.6369e-01
54 0 +2.471426582e+01 +2.471426582e+01 +5.351426582e+01 +5.351426582e+01 +2.5261e+00 -4.5768e-01 +2.2314e+00 -1.7173e+00 +2.0599e+00 -2.4530e-01 -3.1422e+00 -1.3608e+00 -1.7277e+00 -3.8096e+00 -1.6801e+00 -2.9163e+00 -2.1349e+00 -1.1182e+00 +4.5891e+00 +1.7849e+00 -1.6341e+00 +1.4206e-01 -3.4134e+00 -1.2925e-01
59 0 +2.435643406e+01 +2.435643406e+01 +5.315643406e+01 +5.315643406e+01 -1.9428e-01 -3.8839e-01 +3.6235e+00 -1.0141e+00 -5.9568e-01 -7.5618e-02 -3.4545e+00 -6.7673e-01 +1.3604e+00 -4.7930e+00 -1.6223e+00 -8.4725e-01 +5.0000e+00 -2.1261e+00 +4.4691e+00 +2.7208e+00 -1.9747e+00 +2.3415e+00 -2.7327e+00 +1.0217e+00
86 0 +2.187179433e+01 +2.187179433e+01 +5.067179433e+01 +5.067179433e+01 +1.3061e+00 -1.0650e-01 +2.9062e+00 -1.3597e+00 +3.5010e-01 -5.1107e-01 -3.2837e+00 -7.2042e-01 -1.1367e-01 -3.9612e+00 -1.8033e+00 -1.9877e+00 +1.7962e+00 +5.1514e-01 +3.4941e+00 +2.8119e+00 -3.6808e+00 +4.7830e-01 -4.4361e+00 +7.9762e-01
92 0 +1.497360205e+01 +1.497360205e+01 +4.377360205e+01 +4.377360205e+01 +2.9866e+00 -1.4469e-01 +1.8749e+00 -6.0162e-01 -7.7442e-01 -9.8631e-01 -2.9913e+00 +2.2867e-01 -6.0711e-02 -3.6029e+00 -1.1340e+00 +3.3277e-01 +3.8182e+00 +2.0573e-01 +2.7328e+00 +1.5023e+00 -2.7256e+00 +1.8813e+00 -3.2593e+00 +2.4820e-01
105 0 +1.351847064e+01 +1.351847064e+01 +4.231847064e+01 +4.231847064e+01 +1.3910e+00 -2.4122e-01 +1.8010e+00 -4.9637e-01 +1.8622e-01 -9.8368e-01 -2.8832e+00 +1.1306e+00 -2.2266e-01 -3.1035e+00 -1.0714e+00 +4.6489e-01 +2.7279e+00 -7.7486e-01 +2.9780e+00 +1.3393e+00 -2.4451e+00 +1.6972e+00 -3.3086e+00 +1.9612e-01
165 0 +1.335612878e+01 +1.335612878e+01 +4.215612878e+01 +4.215612878e+01 +2.2353e-01 -2.5161e-01 +1.6900e+00 -5.1431e-01 -5.4915e-01 -4.1672e-01 -3.2578e+00 +9.4118e-01 -1.9448e-01 -3.6383e+00 -9.5461e-01 +4.0783e-01 +2.5487e+00 -8.9572e-01 +2.9495e+00 +1.4781e+00 -2.4283e+00 +1.7612e+00 -3.3162e+00 +1.8988e-01
167 0 +1.283862360e+01 +1.283862360e+01 +4.163862360e+01 +4.163862360e+01 +1.1771e+00 -2.0722e-01 +2.1000e+00 -7.2336e-01 +1.4945e-01 -9.8115e-01 -2.6882e+00 +1.2576e+00 -2.9303e-01 -3.1538e+00 -1.1005e+00 +2.5742e-01 +2.7908e+00 -4.1016e-01 +2.9014e+00 +1.2572e+00 -2.7278e+00 +2.2270e+00 -3.2941e+00 +1.9784e-01
171 0 +1.258726207e+01 +1.258726207e+01 +4.138726207e+01 +4.138726207e+01 +1.5538e+00 -2.3188e-01 +1.7780e+00 -1.4440e-01 +2.1062e-01 -8.0300e-01 -3.1678e+00 +1.1233e+00 -3.1690e-01 -3.2985e+00 -1.0644e+00 +7.7281e-01 +2.6948e+00 -7.2394e-01 +2.7001e+00 +1.1878e+00 -2.4934e+00 +1.4980e+00 -3.3493e+00 +7.1840e-01
173 0 +1.197161616e+01 +1.197161616e+01 +4.077161616e+01 +4.077161616e+01 +1.8645e+00 -2.8022e-01 +1.7886e+00 -4.6690e-01 -8.0673e-02 -9.8044e-01 -2.8516e+00 +7.2540e-01 -1.2635e-01 -3.4259e+00 -8.5425e-01 +5.0005e-01 +2.0642e+00 -8.8455e-01 +3.4543e+00 +1.2896e+00 -2.2182e+00 +2.0904e+00 -3.2546e+00 +1.8773e-01
244 0 +1.126074660e+01 +1.126074660e+01 +4.006074660e+01 +4.006074660e+01 +1.8496e+00 -2.9982e-01 +1.9536e+00 -3.5010e-01 +2.8463e-01 -9.7677e-01 -2.8520e+00 +7.5767e-01 -5.7365e-02 -3.3468e+00 -8.7071e-01 +5.7136e-01 +1.9279e+00 -9.4458e-01 +3.2090e+00 +1.2549e+00 -2.1743e+00 +2.2644e+00 -3.2183e+00 +1.6562e-01
353 0 +1.119350696e+01 +1.119350696e+01 +3.999350696e+01 +3.999350696e+01 +1.8523e+00 -2.8128e-01 +1.9324e+00 -3.6050e-01 +3.3804e-01 -9.7645e-01 -2.8528e+00 +7.6250e-01 -8.5292e-02 -3.3339e+00 -8.6966e-01 +5.7690e-01 +1.8718e+00 -9.4205e-01 +3.2886e+00 +1.2837e+00 -2.1558e+00 +2.2644e+00 -3.2057e+00 +1.6448e-01
430 0 +1.078952672e+01 +1.078952672e+01 +3.958952672e+01 +3.958952672e+01 +1.8539e+00 -2.8318e-01 +1.9329e+00 -3.5938e-01 +3.6427e-01 -9.7647e-01 -2.8528e+00 +7.6203e-01 -8.9871e-02 -3.3359e+00 -8.6963e-01 +5.7689e-01 +1.8567e+00 -9.1568e-01 +3.3367e+00 +1.2842e+00 -2.1571e+00 +2.2643e+00 -3.2057e+00 +1.6450e-01
535 0 +9.039956313e+00 +9.039956313e+00 +3.783995631e+01 +3.783995631e+01 +1.8540e+00 -2.8317e-01 +1.9329e+00 -3.5968e-01 +3.6735e-01 -9.7647e-01 -2.8528e+00 +7.6203e-01 -8.9970e-02 -3.3350e+00 -8.6963e-01 +5.7689e-01 +1.8525e+00 -9.1141e-01 +3.3264e+00 +1.2843e+00 -2.1573e+00 +2.2644e+00 -3.2053e+00 +1.6450e-01
679 0 +8.735961647e+00 +8.735961647e+00 +3.753596165e+01 +3.753596165e+01 +1.8540e+00 -2.8302e-01 +1.9332e+00 -3.5969e-01 +3.6730e-01 -9.7647e-01 -2.8528e+00 +7.6203e-01 -8.9891e-02 -3.3350e+00 -8.6963e-01 +5.7694e-01 +1.8506e+00 -9.1136e-01 +3.3257e+00 +1.2842e+00 -2.1574e+00 +2.2644e+00 -3.2052e+00 +1.6450e-01
684 0 +7.953068889e+00 +7.953068889e+00 +3.675306889e+01 +3.675306889e+01 +1.8540e+00 -2.8320e-01 +1.9332e+00 -3.5967e-01 +3.6728e-01 -9.7647e-01 -2.8528e+00 +7.6203e-01 -8.9877e-02 -3.3351e+00 -8.6963e-01 +5.7696e-01 +1.8504e+00 -9.1075e-01 +3.3260e+00 +1.2842e+00 -2.1571e+00 +2.2644e+00 -3.2052e+00 +1.6450e-01
715 0 +7.897243573e+00 +7.897243573e+00 +3.669724357e+01 +3.669724357e+01 +1.8540e+00 -2.8300e-01 +1.9331e+00 -3.5967e-01 +3.6728e-01 -9.7647e-01 -2.8528e+00 +7.6203e-01 -8.9938e-02 -3.3350e+00 -8.6963e-01 +5.7694e-01 +1.8506e+00 -9.1092e-01 +3.3258e+00 +1.2842e+00 -2.1574e+00 +2.2644e+00 -3.2052e+00 +1.6450e-01
733 0 +7.711773230e+00 +7.711773230e+00 +3.651177323e+01 +3.651177323e+01 +1.8540e+00 -2.8299e-01 +1.9330e+00 -3.5966e-01 +3.6728e-01 -9.7648e-01 -2.8528e+00 +7.6203e-01 -8.9932e-02 -3.3351e+00 -8.6962e-01 +5.7694e-01 +1.8505e+00 -9.1089e-01 +3.3257e+00 +1.2842e+00 -2.1574e+00 +2.2644e+00 -3.2052e+00 +1.6450e-01
801 0 +7.579483950e+00 +7.579483950e+00 +3.637948395e+01 +3.637948395e+01 +1.8540e+00 -2.8299e-01 +1.9329e+00 -3.5966e-01 +3.6730e-01 -9.7648e-01 -2.8528e+00 +7.6203e-01 -8.9931e-02 -3.3351e+00 -8.6963e-01 +5.7693e-01 +1.8504e+00 -9.1091e-01 +3.3258e+00 +1.2842e+00 -2.1574e+00 +2.2644e+00 -3.2052e+00 +1.6450e-01
1977 0 +7.412688014e+00 +7.412688014e+00 +3.621268801e+01 +3.621268801e+01 +1.8540e+00 -2.8299e-01 +1.9328e+00 -3.5966e-01 +3.6728e-01 -9.7648e-01 -2.8528e+00 +7.6203e-01 -8.9930e-02 -3.3351e+00 -8.6963e-01 +5.7693e-01 +1.8504e+00 -9.1093e-01 +3.3259e+00 +1.2843e+00 -2.1574e+00 +2.2644e+00 -3.2052e+00 +1.6450e-01
% f evaluations | g evaluations | best noise-free fitness - Fopt | noise-free fitness - Fopt (3.534000000000e+01) | measured fitness | best measured fitness | x1 | x2...
1 0 +4.390683605e+01 +4.390683605e+01 +7.924683605e+01 +7.924683605e+01 +2.6178e+00 -3.9526e+00 +3.1803e+00 -3.9951e+00 -2.4018e+00 -2.7408e+00 +9.4907e-01 +9.9648e-01 +1.2538e+00 +4.1315e+00 +3.9204e+00 +3.2557e+00 -1.9541e+00 -4.0150e+00 -4.7002e+00 -3.8881e+00 +2.3005e+00 +2.3813e+00 +4.2541e+00 +2.0600e+00
2 0 +3.488021378e+01 +3.488021378e+01 +7.022021378e+01 +7.022021378e+01 +6.3149e-01 +1.4953e+00 -2.6207e+00 -1.5942e-02 -4.1562e+00 +4.9685e+00 -2.9782e+00 +1.3319e+00 +9.5534e-01 -2.9415e+00 -1.7851e+00 +3.6267e-01 -2.0588e+00 -3.4354e+00 -2.9274e-02 -1.9866e+00 +4.3388e+00 -2.3487e+00 +2.9965e+00 -3.9448e+00
12 0 +3.216982231e+01 +3.216982231e+01 +6.750982231e+01 +6.750982231e+01 +4.7867e+00 +3.0863e+00 +1.1127e+00 -3.6198e+00 -9.5253e-01 -5.6353e-02 +3.3530e+00 +6.7513e-01 -2.7287e+00 +2.5500e+00 -1.9537e+00 +4.6253e+00 -1.6683e+00 +2.6959e+00 -3.8086e+00 -3.2692e+00 -4.3817e-01 -1.4549e-01 +3.2034e+00 -3.4072e-01
16 0 +3.124514697e+01 +3.124514697e+01 +6.658514697e+01 +6.658514697e+01 -2.5944e+00 -2.7447e-02 -1.3119e+00 -2.3836e+00 -1.6116e+00 -1.9469e+00 -1.0122e-02 +2.8585e-05 -3.5001e+00 -5.9304e-01 +2.7534e+00 -1.3886e+00 +4.7152e+00 +9.3196e-01 +9.7468e-01 -1.0010e-02 -3.2595e+00 +4.1870e-01 -1.3620e+00 +3.8851e+00
17 0 +2.673427508e+01 +2.673427508e+01 +6.207427508e+01 +6.207427508e+01 -2.4161e+00 +3.2569e+00 -1.7533e+00 +1.1958e+00 +9.6182e-01 +1.8264e+00 -1.9539e+00 -4.9130e+00 -4.9497e+00 -1.4313e+00 -3.5731e+00 -1.1204e+00 -9.8577e-01 +2.4725e-01 +3.3664e+00 -2.0550e+00 +4.2930e+00 +2.3682e+00 +2.6536e+00 -5.8038e-01
25 0 +2.508687722e+01 +2.508687722e+01 +6.042687722e+01 +6.042687722e+01 -1.9735e+00 +9.8143e-01 -1.7302e+00 +1.5269e-01 +3.2229e+00 +3.3989e-03 -3.3088e+00 -4.2294e+00 -1.4373e+00 +2.5208e+00 -5.0809e-01 -4.6736e+00 +1.9949e+00 -2.5584e-02 +1.1100e+00 -2.5863e+00 -4.4539e-01 +4.0676e+00 +1.8919e+00 -2.3380e+00
29 0 +2.365027289e+01 +2.365027289e+01 +5.899027289e+01 +5.899027289e+01 -1.8288e+00 +2.2135e+00 +5.9538e-01 +1.6711e+00 +2.1967e+00 -3.4487e+00 -1.0383e+00 +2.4360e+00 +1.1431e+00 +2.1387e+00 +1.5479e+00 -1.1730e+00 +3.0459e+00 -8.0668e-03 +7.2589e-01 -9.5625e-01 -8.6746e-01 -2.1655e+00 +4.0867e+00 -4.8541e+00
42 0 +2.132774564e+01 +2.132774564e+01 +5.666774564e+01 +5.666774564e+01 -1.3286e+00 +1.5090e+00 +3.0816e+00 -3.2195e+00 +2.8397e+00 +8.8256e-01 +3.2858e+00 +1.8174e+00 -5.8353e-01 -2.7035e+00 +2.7361e-01 -3.0941e-01 +1.8338e+00 -2.6388e+00 -3.1638e+00 +2.1424e+00 -1.1533e-01 +2.4546e+00 -2.1091e+00 -8.8779e-01
59 0 +1.601443405e+01 +1.601443405e+01 +5.135443405e+01 +5.135443405e+01 -1.2194e+00 -4.6248e-01 +2.0641e+00 -3.6195e+00 +2.1204e+00 +4.3563e-01 +2.7838e+00 +1.3016e+00 -1.7523e-01 -2.5815e+00 -1.2019e-01 -2.7808e-01 +8.2112e-01 -2.6137e+00 -1.9042e+00 +1.8281e+00 -2.9486e+00 +2.2179e+00 -2.2673e+00 +8.6847e-01
181 0 +1.561181990e+01 +1.561181990e+01 +5.095181990e+01 +5.095181990e+01 -1.3500e+00 +1.4781e+00 +1.4907e+00 -2.6588e+00 +3.1105e+00 +1.2408e+00 +3.7139e+00 +6.8568e-01 -1.0935e+00 -2.9912e+00 -9.1553e-01 +2.5370e-01 +2.5945e+00 -2.8194e+00 +1.0341e+00 +1.9260e+00 -2.0523e-01 +2.0539e+00 -7.2671e-01 -3.8577e-01
197 0 +1.478349886e+01 +1.478349886e+01 +5.012349886e+01 +5.012349886e+01 -1.2415e+00 +1.4007e+00 +1.4133e+00 -2.6621e+00 +3.2599e+00 +1.2434e+00 +3.9141e+00 +8.2851e-01 -1.3046e+00 -3.0953e+00 -9.1344e-01 +5.5373e-01 +2.6548e+00 -2.7222e+00 +1.0074e+00 +1.8918e+00 -6.5479e-01 +1.1828e+00 -5.1183e-01 -3.3712e-01
283 0 +1.440136737e+01 +1.440136737e+01 +4.974136737e+01 +4.974136737e+01 -1.2633e+00 +1.3730e+00 +1.5858e+00 -2.8311e+00 +3.2325e+00 +1.2483e+00 +3.8679e+00 +7.9517e-01 -1.2510e+00 -3.0678e+00 -8.1402e-01 +5.8556e-01 +2.6088e+00 -2.7253e+00 +1.1108e+00 +1.5100e+00 -7.5148e-01 +1.2939e+00 -9.4750e-02 -4.1098e-01
368 0 +1.389476070e+01 +1.389476070e+01 +4.923476070e+01 +4.923476070e+01 -1.2620e+00 +1.4447e+00 +1.5739e+00 -2.7279e+00 +3.2312e+00 +1.2468e+00 +3.9164e+00 +8.0767e-01 -1.2445e+00 -3.0670e+00 -8.1636e-01 +5.7198e-01 +2.6173e+00 -2.7253e+00 +1.0643e+00 +1.4571e+00 -6.8823e-01 +1.1510e+00 -1.3558e-01 -4.1223e-01
526 0 +1.356674701e+01 +1.356674701e+01 +4.890674701e+01 +4.890674701e+01 -1.2620e+00 +1.4419e+00 +1.5727e+00 -2.7278e+00 +3.2312e+00 +1.2468e+00 +3.9165e+00 +8.0744e-01 -1.2445e+00 -3.0670e+00 -8.1637e-01 +5.7215e-01 +2.6173e+00 -2.7253e+00 +1.0643e+00 +1.4572e+00 -6.8724e-01 +1.1514e+00 -1.3435e-01 -4.1227e-01
539 0 +1.345867952e+01 +1.345867952e+01 +4.879867952e+01 +4.879867952e+01 -1.2620e+00 +1.4447e+00 +1.5735e+00 -2.7306e+00 +3.2313e+00 +1.2477e+00 +3.9166e+00 +8.0773e-01 -1.2444e+00 -3.0670e+00 -8.1636e-01 +5.7214e-01 +2.6169e+00 -2.7253e+00 +1.0643e+00 +1.4583e+00 -6.9272e-01 +1.1486e+00 -1.3603e-01 -4.1260e-01
547 0 +1.131824980e+01 +1.131824980e+01 +4.665824980e+01 +4.665824980e+01 -1.2620e+00 +1.4460e+00 +1.5743e+00 -2.7278e+00 +3.2312e+00 +1.2469e+00 +3.9162e+00 +8.0765e-01 -1.2445e+00 -3.0670e+00 -8.1636e-01 +5.7205e-01 +2.6173e+00 -2.7253e+00 +1.0644e+00 +1.4574e+00 -6.8830e-01 +1.1545e+00 -1.3558e-01 -4.1224e-01
645 0 +1.113849226e+01 +1.113849226e+01 +4.647849226e+01 +4.647849226e+01 -1.2621e+00 +1.4455e+00 +1.5730e+00 -2.7270e+00 +3.2312e+00 +1.2469e+00 +3.9174e+00 +8.0811e-01 -1.2445e+00 -3.0671e+00 -8.1635e-01 +5.7196e-01 +2.6177e+00 -2.7253e+00 +1.0640e+00 +1.4585e+00 -6.8822e-01 +1.1507e+00 -1.3573e-01 -4.1224e-01
682 0 +1.088173320e+01 +1.088173320e+01 +4.622173320e+01 +4.622173320e+01 -1.2621e+00 +1.4455e+00 +1.5731e+00 -2.7270e+00 +3.2312e+00 +1.2469e+00 +3.9176e+00 +8.0815e-01 -1.2445e+00 -3.0671e+00 -8.1636e-01 +5.7198e-01 +2.6176e+00 -2.7253e+00 +1.0639e+00 +1.4582e+00 -6.8831e-01 +1.1508e+00 -1.3579e-01 -4.1223e-01
731 0 +1.069217836e+01 +1.069217836e+01 +4.603217836e+01 +4.603217836e+01 -1.2621e+00 +1.4456e+00 +1.5731e+00 -2.7270e+00 +3.2312e+00 +1.2469e+00 +3.9175e+00 +8.0815e-01 -1.2445e+00 -3.0671e+00 -8.1636e-01 +5.7197e-01 +2.6175e+00 -2.7253e+00 +1.0639e+00 +1.4582e+00 -6.8826e-01 +1.1507e+00 -1.3581e-01 -4.1223e-01
831 0 +1.038497675e+01 +1.038497675e+01 +4.572497675e+01 +4.572497675e+01 -1.2621e+00 +1.4458e+00 +1.5731e+00 -2.7270e+00 +3.2312e+00 +1.2469e+00 +3.9176e+00 +8.0815e-01 -1.2445e+00 -3.0671e+00 -8.1635e-01 +5.7196e-01 +2.6176e+00 -2.7253e+00 +1.0640e+00 +1.4583e+00 -6.8827e-01 +1.1504e+00 -1.3584e-01 -4.1224e-01
