% f evaluations | g evaluations | best noise-free fitness - Fopt | noise-free fitness - Fopt (-6.211100000000e+02) | measured fitness | best measured fitness | x1 | x2...
1 0 +1.405333111e+06 +1.405333111e+06 +1.404712001e+06 +1.404712001e+06 -3.4203e+00 +2.8634e+00
7 0 +3.600984062e+03 +3.600984062e+03 +2.979874062e+03 +2.979874062e+03 +4.0692e+00 +3.9361e+00
5511 0 +3.503961495e+03 +3.503961495e+03 +2.882851495e+03 +2.882851495e+03 +1.9114e+00 +3.9238e+00
9338 0 +1.532729749e+03 +1.532729749e+03 +9.116197490e+02 +9.116197490e+02 +2.2383e+00 +3.9557e+00
9542 0 +2.534292706e+02 +2.534292706e+02 -3.676807294e+02 -3.676807294e+02 +2.1472e+00 +3.9886e+00
9746 0 +1.197616198e+02 +1.197616198e+02 -5.013483802e+02 -5.013483802e+02 +1.9801e+00 +3.9943e+00
10768 0 +9.429710392e+01 +9.429710392e+01 -5.268128961e+02 -5.268128961e+02 +1.6728e+00 +4.0133e+00
11074 0 +1.315403310e+01 +1.315403310e+01 -6.079559669e+02 -6.079559669e+02 +2.0362e+00 +4.0079e+00
15974 0 +9.258685133e+00 +9.258685133e+00 -6.118513149e+02 -6.118513149e+02 +2.0509e+00 +4.0066e+00
22965 0 +8.958481198e+00 +8.958481198e+00 -6.121515188e+02 -6.121515188e+02 +1.9019e+00 +4.0062e+00
27661 0 +7.859637142e+00 +7.859637142e+00 -6.132503629e+02 -6.132503629e+02 +1.9048e+00 +4.0049e+00
% f evaluations | g evaluations | best noise-free fitness - Fopt | noise-free fitness - Fopt (-2.548200000000e+02) | measured fitness | best measured fitness | x1 | x2...
1 0 +2.285925518e+07 +2.285925518e+07 +2.285900036e+07 +2.285900036e+07 +3.8965e+00 -4.7132e-01
3 0 +5.575594270e+06 +5.575594270e+06 +5.575339450e+06 +5.575339450e+06 +2.2977e+00 +2.0977e+00
29 0 +4.054593799e+05 +4.054593799e+05 +4.052045599e+05 +4.052045599e+05 +1.1168e+00 +3.9648e+00
1529 0 +1.814005927e+05 +1.814005927e+05 +1.811457727e+05 +1.811457727e+05 +1.4447e+00 +4.4902e+00
2653 0 +9.136578649e+04 +9.136578649e+04 +9.111096649e+04 +9.111096649e+04 +1.7718e+00 +3.8006e+00
2755 0 +3.431264599e+00 +3.431264599e+00 -2.513887354e+02 -2.513887354e+02 +2.1726e+00 +3.8695e+00
24242 0 +1.930398285e+00 +1.930398285e+00 -2.528896017e+02 -2.528896017e+02 +2.5266e+00 +3.7751e+00
63644 0 +1.143536338e+00 +1.143536338e+00 -2.536764637e+02 -2.536764637e+02 +2.7282e+00 +3.7387e+00
78089 0 +9.005948550e-01 +9.005948550e-01 -2.539194051e+02 -2.539194051e+02 +2.8081e+00 +3.7281e+00
84060 0 +7.321263678e-01 +7.321263678e-01 -2.540878736e+02 -2.540878736e+02 +2.8920e+00 +3.7194e+00
100088 0 +3.209351457e-01 +3.209351457e-01 -2.544990649e+02 -2.544990649e+02 +3.0804e+00 +3.7082e+00
104017 0 +1.687830180e-01 +1.687830180e-01 -2.546512170e+02 -2.546512170e+02 +3.5356e+00 +3.7326e+00
120555 0 +1.175142152e-01 +1.175142152e-01 -2.547024858e+02 -2.547024858e+02 +3.6748e+00 +3.7516e+00
225238 0 +8.547044892e-02 +8.547044892e-02 -2.547345296e+02 -2.547345296e+02 +3.7273e+00 +3.7598e+00
257086 0 +3.167271852e-03 +3.167271852e-03 -2.548168327e+02 -2.548168327e+02 +3.7143e+00 +3.7577e+00
% f evaluations | g evaluations | best noise-free fitness - Fopt | noise-free fitness - Fopt (5.661000000000e+01) | measured fitness | best measured fitness | x1 | x2...
1 0 +6.592574445e+07 +6.592574445e+07 +6.592580106e+07 +6.592580106e+07 -4.5994e+00 +1.3689e+00
2 0 +2.970206612e+07 +2.970206612e+07 +2.970212273e+07 +2.970212273e+07 +2.1474e+00 -2.0018e+00
4 0 +1.194228686e+06 +1.194228686e+06 +1.194285296e+06 +1.194285296e+06 -3.4564e+00 -3.9524e+00
21 0 +6.798839942e+05 +6.798839942e+05 +6.799406042e+05 +6.799406042e+05 -1.1394e+00 -3.3039e+00
44 0 +2.157333429e+05 +2.157333429e+05 +2.157899529e+05 +2.157899529e+05 -4.7113e+00 -1.0079e+00
254 0 +1.505552335e+05 +1.505552335e+05 +1.506118435e+05 +1.506118435e+05 -2.1977e-01 -4.5500e+00
509 0 +5.741087718e+04 +5.741087718e+04 +5.746748718e+04 +5.746748718e+04 -6.9793e-01 -4.3734e+00
968 0 +2.140568866e+04 +2.140568866e+04 +2.146229866e+04 +2.146229866e+04 -7.8479e-01 -4.4246e+00
3316 0 +1.347849985e+03 +1.347849985e+03 +1.404459985e+03 +1.404459985e+03 -9.6811e-01 -4.5149e+00
5766 0 +4.780432635e+02 +4.780432635e+02 +5.346532635e+02 +5.346532635e+02 -1.5304e+00 -4.0151e+00
5868 0 +3.669305910e+02 +3.669305910e+02 +4.235405910e+02 +4.235405910e+02 -5.5291e-01 -4.8077e+00
7398 0 +1.040611232e+01 +1.040611232e+01 +6.701611232e+01 +6.701611232e+01 -1.3065e+00 -4.2116e+00
49609 0 +9.945417342e+00 +9.945417342e+00 +6.655541734e+01 +6.655541734e+01 -1.4144e+00 -4.1313e+00
54254 0 +7.934609409e+00 +7.934609409e+00 +6.454460941e+01 +6.454460941e+01 -1.7009e+00 -3.9139e+00
68697 0 +6.481536826e+00 +6.481536826e+00 +6.309153683e+01 +6.309153683e+01 -2.1280e+00 -3.5904e+00
249124 0 +6.105884764e+00 +6.105884764e+00 +6.271588476e+01 +6.271588476e+01 -2.3452e+00 -3.4258e+00
307565 0 +3.716588308e+00 +3.716588308e+00 +6.032658831e+01 +6.032658831e+01 -2.3158e+00 -3.4461e+00
314864 0 +1.977979225e+00 +1.977979225e+00 +5.858797922e+01 +5.858797922e+01 -2.7534e+00 -3.1144e+00
321600 0 +1.923930105e+00 +1.923930105e+00 +5.853393011e+01 +5.853393011e+01 -2.8794e+00 -3.0192e+00
330941 0 +1.361385137e+00 +1.361385137e+00 +5.797138514e+01 +5.797138514e+01 -2.9438e+00 -2.9699e+00
% f evaluations | g evaluations | best noise-free fitness - Fopt | noise-free fitness - Fopt (-1.810000000000e+01) | measured fitness | best measured fitness | x1 | x2...
1 0 +1.359077123e+06 +1.359077123e+06 +1.359059023e+06 +1.359059023e+06 -4.8598e+00 +2.2366e+00
10 0 +3.936864160e+05 +3.936864160e+05 +3.936683160e+05 +3.936683160e+05 -2.1171e+00 +4.4728e-01
13 0 +4.900851405e+04 +4.900851405e+04 +4.899041405e+04 +4.899041405e+04 +3.8221e-01 +7.2794e-01
46 0 +4.408146175e+04 +4.408146175e+04 +4.406336175e+04 +4.406336175e+04 -3.4455e+00 +2.0541e+00
254 0 +9.799236036e+03 +9.799236036e+03 +9.781136036e+03 +9.781136036e+03 +2.5055e+00 +1.3845e-01
611 0 +7.863121558e+03 +7.863121558e+03 +7.845021558e+03 +7.845021558e+03 +2.4007e+00 +1.5078e-01
1733 0 +1.485970317e+02 +1.485970317e+02 +1.304970317e+02 +1.304970317e+02 +2.1883e+00 +1.1864e-01
1784 0 +5.777222845e+01 +5.777222845e+01 +3.967222845e+01 +3.967222845e+01 +2.3652e+00 +7.4954e-02
7757 0 +5.512550148e+01 +5.512550148e+01 +3.702550148e+01 +3.702550148e+01 +2.6739e+00 -6.4316e-03
8573 0 +2.264970122e+01 +2.264970122e+01 +4.549701221e+00 +4.549701221e+00 +2.4308e+00 +4.9806e-02
9797 0 +2.079017957e+01 +2.079017957e+01 +2.690179569e+00 +2.690179569e+00 +2.4779e+00 +3.9837e-02
11023 0 +1.186694956e+01 +1.186694956e+01 -6.233050442e+00 -6.233050442e+00 +2.2362e+00 +9.4168e-02
21333 0 +1.053824152e+01 +1.053824152e+01 -7.561758478e+00 -7.561758478e+00 +2.3295e+00 +7.6881e-02
42973 0 +9.398968281e+00 +9.398968281e+00 -8.701031719e+00 -8.701031719e+00 +2.3448e+00 +7.2785e-02
158478 0 +7.189218346e+00 +7.189218346e+00 -1.091078165e+01 -1.091078165e+01 +1.8803e+00 +1.7468e-01
175218 0 +5.917792777e+00 +5.917792777e+00 -1.218220722e+01 -1.218220722e+01 +1.7456e+00 +2.0359e-01
189816 0 +5.422891808e+00 +5.422891808e+00 -1.267710819e+01 -1.267710819e+01 +1.6237e+00 +2.3037e-01
222021 0 +2.838330730e+00 +2.838330730e+00 -1.526166927e+01 -1.526166927e+01 +1.0234e+00 +3.6134e-01
230189 0 +2.183489933e+00 +2.183489933e+00 -1.591651007e+01 -1.591651007e+01 +8.1352e-01 +4.0727e-01
260813 0 +1.531803406e+00 +1.531803406e+00 -1.656819659e+01 -1.656819659e+01 +1.2630e-02 +5.8321e-01
275613 0 +1.464265042e+00 +1.464265042e+00 -1.663573496e+01 -1.663573496e+01 +4.5657e-01 +4.8560e-01
327522 0 +1.280454238e+00 +1.280454238e+00 -1.681954576e+01 -1.681954576e+01 +4.6662e-01 +4.8264e-01
% f evaluations | g evaluations | best noise-free fitness - Fopt | noise-free fitness - Fopt (3.777000000000e+01) | measured fitness | best measured fitness | x1 | x2...
1 0 +2.806569235e+07 +2.806569235e+07 +2.806573012e+07 +2.806573012e+07 +1.0284e+00 -3.2385e+00
2 0 +1.441803159e+04 +1.441803159e+04 +1.445580159e+04 +1.445580159e+04 +1.1290e+00 +1.7756e+00
39 0 +7.062537147e+03 +7.062537147e+03 +7.100307147e+03 +7.100307147e+03 +4.4509e+00 +1.0867e-01
305 0 +1.081738216e+03 +1.081738216e+03 +1.119508216e+03 +1.119508216e+03 -2.4849e+00 +2.0263e+00
2396 0 +4.966937761e+02 +4.966937761e+02 +5.344637761e+02 +5.344637761e+02 -2.2465e+00 +2.0369e+00
2549 0 +5.290688589e-01 +5.290688589e-01 +3.829906886e+01 +3.829906886e+01 -1.7017e+00 +2.0591e+00
38277 0 +3.087630808e-01 +3.087630808e-01 +3.807876308e+01 +3.807876308e+01 -9.1524e-01 +2.0705e+00
% f evaluations | g evaluations | best noise-free fitness - Fopt | noise-free fitness - Fopt (-6.325500000000e+02) | measured fitness | best measured fitness | x1 | x2...
1 0 +4.260274222e+06 +4.260274222e+06 +4.259641672e+06 +4.259641672e+06 -2.8245e+00 +2.6992e+00
3 0 +2.548207799e+06 +2.548207799e+06 +2.547575249e+06 +2.547575249e+06 +2.5828e+00 -8.9015e-01
5 0 +2.006136465e+06 +2.006136465e+06 +2.005503915e+06 +2.005503915e+06 -3.1050e+00 +2.0516e+00
6 0 +1.478888957e+05 +1.478888957e+05 +1.472563457e+05 +1.472563457e+05 -9.0266e-01 +2.5064e-01
1376 0 +5.048763162e+04 +5.048763162e+04 +4.985508162e+04 +4.985508162e+04 +2.4691e+00 +3.1067e-01
3775 0 +2.990076847e+04 +2.990076847e+04 +2.926821847e+04 +2.926821847e+04 +1.9452e+00 +4.7875e-01
3928 0 +2.678168649e+04 +2.678168649e+04 +2.614913649e+04 +2.614913649e+04 +2.4087e+00 +3.7423e-01
5817 0 +2.184815879e+04 +2.184815879e+04 +2.121560879e+04 +2.121560879e+04 -2.2730e+00 +7.8298e-01
8318 0 +4.428035690e+01 +4.428035690e+01 -5.882696431e+02 -5.882696431e+02 -2.7237e+00 +6.2942e-01
17759 0 +7.943586762e+00 +7.943586762e+00 -6.246064132e+02 -6.246064132e+02 -1.5395e+00 +6.3707e-01
18526 0 +7.490763411e+00 +7.490763411e+00 -6.250592366e+02 -6.250592366e+02 -2.0395e+00 +6.3437e-01
46241 0 +5.314444524e+00 +5.314444524e+00 -6.272355555e+02 -6.272355555e+02 -1.6979e+00 +6.3478e-01
% f evaluations | g evaluations | best noise-free fitness - Fopt | noise-free fitness - Fopt (-8.530000000000e+01) | measured fitness | best measured fitness | x1 | x2...
1 0 +5.711523235e+06 +5.711523235e+06 +5.711437935e+06 +5.711437935e+06 +2.8475e+00 +4.3318e+00
2 0 +1.912377268e+06 +1.912377268e+06 +1.912291968e+06 +1.912291968e+06 +1.7804e+00 +4.2368e+00
9 0 +1.387912204e+06 +1.387912204e+06 +1.387826904e+06 +1.387826904e+06 -1.9400e+00 -3.8654e+00
10 0 +1.814941236e+05 +1.814941236e+05 +1.814088236e+05 +1.814088236e+05 -3.2772e-01 -1.7413e-01
31 0 +1.215009031e+03 +1.215009031e+03 +1.129709031e+03 +1.129709031e+03 +4.0223e-01 +4.3008e+00
3112 0 +6.673440126e+01 +6.673440126e+01 -1.856559874e+01 -1.856559874e+01 +3.9182e-01 +4.3705e+00
5868 0 +4.721944385e+01 +4.721944385e+01 -3.808055615e+01 -3.808055615e+01 +3.2643e-01 +4.1301e+00
8267 0 +2.355857456e+01 +2.355857456e+01 -6.174142544e+01 -6.174142544e+01 +3.8960e-01 +4.3876e+00
26590 0 +2.231670317e+01 +2.231670317e+01 -6.298329683e+01 -6.298329683e+01 +3.5628e-01 +4.2621e+00
138623 0 +1.541404124e+01 +1.541404124e+01 -6.988595876e+01 -6.988595876e+01 +1.4244e-01 +3.4554e+00
462064 0 +1.494261721e+01 +1.494261721e+01 -7.035738279e+01 -7.035738279e+01 +1.3193e-01 +3.4166e+00
480234 0 +1.473894582e+01 +1.473894582e+01 -7.056105418e+01 -7.056105418e+01 +4.7681e-02 +3.1068e+00
498557 0 +1.282536555e+01 +1.282536555e+01 -7.247463445e+01 -7.247463445e+01 +4.3184e-02 +3.0811e+00
% f evaluations | g evaluations | best noise-free fitness - Fopt | noise-free fitness - Fopt (1.719500000000e+02) | measured fitness | best measured fitness | x1 | x2...
1 0 +2.526749870e+06 +2.526749870e+06 +2.526921820e+06 +2.526921820e+06 -1.5050e+00 +4.9992e+00
5 0 +6.473409957e+05 +6.473409957e+05 +6.475129457e+05 +6.475129457e+05 +1.1235e+00 +2.6050e+00
16 0 +2.784049915e+05 +2.784049915e+05 +2.785769415e+05 +2.785769415e+05 +2.7026e+00 +3.9372e+00
22 0 +2.251699502e+05 +2.251699502e+05 +2.253419002e+05 +2.253419002e+05 +3.1435e+00 +2.9351e+00
24 0 +1.722320581e+04 +1.722320581e+04 +1.739515581e+04 +1.739515581e+04 +2.1106e-01 +3.2784e+00
29 0 +6.700831522e+03 +6.700831522e+03 +6.872781522e+03 +6.872781522e+03 -4.6139e+00 +3.4910e+00
48 0 +5.105819928e+03 +5.105819928e+03 +5.277769928e+03 +5.277769928e+03 -2.1312e+00 +3.3384e+00
305 0 +2.137602231e+03 +2.137602231e+03 +2.309552231e+03 +2.309552231e+03 -1.9387e+00 +3.3637e+00
1988 0 +2.058643382e+02 +2.058643382e+02 +3.778143382e+02 +3.778143382e+02 -1.9707e+00 +3.4228e+00
6378 0 +1.831213723e+02 +1.831213723e+02 +3.550713723e+02 +3.550713723e+02 -2.3719e+00 +3.4217e+00
6480 0 +5.065184013e+01 +5.065184013e+01 +2.226018401e+02 +2.226018401e+02 -2.3565e+00 +3.4134e+00
7296 0 +3.769279486e+01 +3.769279486e+01 +2.096427949e+02 +2.096427949e+02 -2.2900e+00 +3.4110e+00
47159 0 +3.444646756e+01 +3.444646756e+01 +2.063964676e+02 +2.063964676e+02 -2.1300e+00 +3.4104e+00
141940 0 +2.969158204e+01 +2.969158204e+01 +2.016415820e+02 +2.016415820e+02 -1.7650e+00 +3.4096e+00
188743 0 +2.915330785e+01 +2.915330785e+01 +2.011033079e+02 +2.011033079e+02 -1.7136e+00 +3.4095e+00
243816 0 +2.874584110e+01 +2.874584110e+01 +2.006958411e+02 +2.006958411e+02 -1.6758e+00 +3.4097e+00
254024 0 +2.800535633e+01 +2.800535633e+01 +1.999553563e+02 +1.999553563e+02 -1.2761e+00 +3.4114e+00
255095 0 +2.535616726e+01 +2.535616726e+01 +1.973061673e+02 +1.973061673e+02 -1.3444e+00 +3.4093e+00
256729 0 +2.505451167e+01 +2.505451167e+01 +1.970045117e+02 +1.970045117e+02 -1.3188e+00 +3.4094e+00
322214 0 +2.047575733e+01 +2.047575733e+01 +1.924257573e+02 +1.924257573e+02 -7.7165e-01 +3.4088e+00
% f evaluations | g evaluations | best noise-free fitness - Fopt | noise-free fitness - Fopt (6.816000000000e+01) | measured fitness | best measured fitness | x1 | x2...
1 0 +6.717045239e+06 +6.717045239e+06 +6.717113399e+06 +6.717113399e+06 -6.6654e-01 +1.2538e+00
2 0 +5.184429486e+06 +5.184429486e+06 +5.184497646e+06 +5.184497646e+06 -1.5532e+00 +1.7983e+00
3 0 +4.967874620e+05 +4.967874620e+05 +4.968556220e+05 +4.968556220e+05 -4.2991e+00 +4.1660e+00
5 0 +6.986085044e+04 +6.986085044e+04 +6.992901044e+04 +6.992901044e+04 +4.8559e+00 +2.8256e+00
8 0 +2.688267470e+03 +2.688267470e+03 +2.756427470e+03 +2.756427470e+03 -4.0316e+00 +4.7701e+00
13 0 +2.322786560e+01 +2.322786560e+01 +9.138786560e+01 +9.138786560e+01 -1.1605e+00 +4.1549e+00
9746 0 +1.397489505e+00 +1.397489505e+00 +6.955748950e+01 +6.955748950e+01 +1.8661e+00 +3.3400e+00
14595 0 +4.993024190e-01 +4.993024190e-01 +6.865930242e+01 +6.865930242e+01 +2.1567e+00 +3.2512e+00
23477 0 +4.013919290e-01 +4.013919290e-01 +6.856139193e+01 +6.856139193e+01 +2.0557e+00 +3.2832e+00
35623 0 +1.913810146e-02 +1.913810146e-02 +6.817913810e+01 +6.817913810e+01 +2.6452e+00 +3.1027e+00
334207 0 +1.584277481e-02 +1.584277481e-02 +6.817584277e+01 +6.817584277e+01 +2.5449e+00 +3.1320e+00
% f evaluations | g evaluations | best noise-free fitness - Fopt | noise-free fitness - Fopt (1.000000000000e+03) | measured fitness | best measured fitness | x1 | x2...
1 0 +1.271955849e+07 +1.271955849e+07 +1.272055849e+07 +1.272055849e+07 -2.6711e+00 +2.7819e-01
3 0 +5.078652185e+06 +5.078652185e+06 +5.079652185e+06 +5.079652185e+06 +2.0500e+00 -1.8797e-01
5 0 +1.054032517e+06 +1.054032517e+06 +1.055032517e+06 +1.055032517e+06 +1.6915e-01 +4.1639e+00
12 0 +6.036115342e+05 +6.036115342e+05 +6.046115342e+05 +6.046115342e+05 +6.0299e-01 +1.9774e+00
14 0 +8.056138761e+04 +8.056138761e+04 +8.156138761e+04 +8.156138761e+04 -2.7658e+00 +3.8490e+00
20 0 +6.116924695e+04 +6.116924695e+04 +6.216924695e+04 +6.216924695e+04 +3.9761e+00 +1.7370e+00
24 0 +3.026178150e+04 +3.026178150e+04 +3.126178150e+04 +3.126178150e+04 +1.9517e+00 +2.4639e+00
305 0 +6.281778559e+03 +6.281778559e+03 +7.281778559e+03 +7.281778559e+03 +4.2825e+00 +1.2639e+00
1529 0 +2.831820045e+03 +2.831820045e+03 +3.831820045e+03 +3.831820045e+03 +4.6457e+00 +1.1476e+00
1631 0 +1.714500090e+03 +1.714500090e+03 +2.714500090e+03 +2.714500090e+03 +4.6537e+00 +1.1572e+00
2192 0 +2.222466558e+02 +2.222466558e+02 +1.222246656e+03 +1.222246656e+03 +4.4742e+00 +1.2581e+00
3571 0 +4.932527695e+01 +4.932527695e+01 +1.049325277e+03 +1.049325277e+03 +4.3921e+00 +1.3020e+00
7602 0 +4.410414237e+01 +4.410414237e+01 +1.044104142e+03 +1.044104142e+03 +4.0958e+00 +1.4202e+00
12757 0 +4.320998240e+01 +4.320998240e+01 +1.043209982e+03 +1.043209982e+03 +4.5253e+00 +1.2509e+00
137960 0 +4.001580452e+01 +4.001580452e+01 +1.040015805e+03 +1.040015805e+03 +4.4121e+00 +1.2976e+00
139745 0 +3.972595794e+01 +3.972595794e+01 +1.039725958e+03 +1.039725958e+03 +4.3686e+00 +1.3141e+00
156844 0 +3.768806896e+01 +3.768806896e+01 +1.037688069e+03 +1.037688069e+03 +4.2342e+00 +1.3685e+00
185375 0 +3.421505136e+01 +3.421505136e+01 +1.034215051e+03 +1.034215051e+03 +3.9239e+00 +1.4925e+00
220797 0 +3.312365402e+01 +3.312365402e+01 +1.033123654e+03 +1.033123654e+03 +3.8819e+00 +1.5082e+00
226054 0 +3.152386019e+01 +3.152386019e+01 +1.031523860e+03 +1.031523860e+03 +3.5330e+00 +1.6455e+00
251829 0 +3.034493187e+01 +3.034493187e+01 +1.030344932e+03 +1.030344932e+03 +3.4741e+00 +1.6723e+00
% f evaluations | g evaluations | best noise-free fitness - Fopt | noise-free fitness - Fopt (-6.837000000000e+01) | measured fitness | best measured fitness | x1 | x2...
1 0 +3.610561957e+07 +3.610561957e+07 +3.610555120e+07 +3.610555120e+07 +3.8143e+00 -7.1239e-01
5 0 +7.496118532e+06 +7.496118532e+06 +7.496050162e+06 +7.496050162e+06 +4.6466e+00 +1.7915e-01
6 0 +7.276233320e+05 +7.276233320e+05 +7.275549620e+05 +7.275549620e+05 +2.0515e+00 +2.0516e+00
14 0 +9.338307878e+04 +9.338307878e+04 +9.331470878e+04 +9.331470878e+04 +4.5668e+00 +2.9120e+00
560 0 +3.429253454e+00 +3.429253454e+00 -6.494074655e+01 -6.494074655e+01 +4.7331e+00 +2.6048e+00
16637 0 +8.372679242e-01 +8.372679242e-01 -6.753273208e+01 -6.753273208e+01 +4.6877e+00 +2.6064e+00
34654 0 +1.338504283e-01 +1.338504283e-01 -6.823614957e+01 -6.823614957e+01 +3.4249e+00 +2.5469e+00
68799 0 +8.759573633e-02 +8.759573633e-02 -6.828240426e+01 -6.828240426e+01 +3.6028e+00 +2.5757e+00
140920 0 +2.924134905e-02 +2.924134905e-02 -6.834075865e+01 -6.834075865e+01 +3.7217e+00 +2.5982e+00
% f evaluations | g evaluations | best noise-free fitness - Fopt | noise-free fitness - Fopt (-5.548000000000e+01) | measured fitness | best measured fitness | x1 | x2...
1 0 +9.491747598e+05 +9.491747598e+05 +9.491192798e+05 +9.491192798e+05 -4.5885e-01 -2.5073e+00
9 0 +6.145098394e+05 +6.145098394e+05 +6.144543594e+05 +6.144543594e+05 -2.5385e-01 -4.2655e+00
10 0 +6.763622766e+04 +6.763622766e+04 +6.758074766e+04 +6.758074766e+04 -4.3861e+00 -3.2854e+00
13 0 +3.215522846e+04 +3.215522846e+04 +3.209974846e+04 +3.209974846e+04 +4.7738e+00 -3.6607e+00
26 0 +1.397733967e+04 +1.397733967e+04 +1.392185967e+04 +1.392185967e+04 -2.0365e+00 -3.3634e+00
1682 0 +1.335952209e+04 +1.335952209e+04 +1.330404209e+04 +1.330404209e+04 +7.3938e-01 -3.5971e+00
2806 0 +5.306891124e+03 +5.306891124e+03 +5.251411124e+03 +5.251411124e+03 +9.1040e-01 -3.5543e+00
3214 0 +2.728054308e+03 +2.728054308e+03 +2.672574308e+03 +2.672574308e+03 +9.5895e-01 -3.5336e+00
3265 0 +2.220334729e+03 +2.220334729e+03 +2.164854729e+03 +2.164854729e+03 +6.2077e-01 -3.4347e+00
6582 0 +1.110245405e+03 +1.110245405e+03 +1.054765405e+03 +1.054765405e+03 +1.2471e+00 -3.4486e+00
7808 0 +8.387414771e+02 +8.387414771e+02 +7.832614771e+02 +7.832614771e+02 +6.4294e-01 -3.5102e+00
7859 0 +5.095052021e+02 +5.095052021e+02 +4.540252021e+02 +4.540252021e+02 +6.7090e-01 -3.5038e+00
7910 0 +4.665424962e+02 +4.665424962e+02 +4.110624962e+02 +4.110624962e+02 +7.8034e-01 -3.5028e+00
8471 0 +2.524150493e+02 +2.524150493e+02 +1.969350493e+02 +1.969350493e+02 +5.9165e-01 -3.4969e+00
9032 0 +2.447357928e+02 +2.447357928e+02 +1.892557928e+02 +1.892557928e+02 +6.3125e-01 -3.4665e+00
9185 0 +1.465671048e+02 +1.465671048e+02 +9.108710475e+01 +9.108710475e+01 +5.7584e-01 -3.4930e+00
10052 0 +1.897992785e+01 +1.897992785e+01 -3.650007215e+01 -3.650007215e+01 +5.5457e-01 -3.4803e+00
30264 0 +1.668915110e+01 +1.668915110e+01 -3.879084890e+01 -3.879084890e+01 +3.0179e-01 -3.4804e+00
89931 0 +1.443905552e+01 +1.443905552e+01 -4.104094448e+01 -4.104094448e+01 +4.9743e-02 -3.4827e+00
90339 0 +1.350533798e+01 +1.350533798e+01 -4.197466202e+01 -4.197466202e+01 +7.4545e-02 -3.4818e+00
92534 0 +1.290408016e+01 +1.290408016e+01 -4.257591984e+01 -4.257591984e+01 -1.4154e-02 -3.4813e+00
% f evaluations | g evaluations | best noise-free fitness - Fopt | noise-free fitness - Fopt (-5.349000000000e+01) | measured fitness | best measured fitness | x1 | x2...
1 0 +1.625612478e+07 +1.625612478e+07 +1.625607129e+07 +1.625607129e+07 +4.4074e+00 -3.6629e+00
2 0 +1.633326348e+06 +1.633326348e+06 +1.633272858e+06 +1.633272858e+06 +1.5315e+00 -2.6146e+00
4 0 +3.462909123e+05 +3.462909123e+05 +3.462374223e+05 +3.462374223e+05 +2.8499e-01 -1.1702e+00
15 0 +9.635339544e+04 +9.635339544e+04 +9.629990544e+04 +9.629990544e+04 -1.3239e-02 -1.0250e+00
25 0 +6.395871243e+04 +6.395871243e+04 +6.390522243e+04 +6.390522243e+04 -1.1447e+00 +1.2695e+00
254 0 +3.111785700e+04 +3.111785700e+04 +3.106436700e+04 +3.106436700e+04 -1.0502e+00 +2.6852e+00
1325 0 +3.325648616e+03 +3.325648616e+03 +3.272158616e+03 +3.272158616e+03 -1.3180e+00 +2.7942e+00
3163 0 +1.131104689e+03 +1.131104689e+03 +1.077614689e+03 +1.077614689e+03 -6.4171e-01 +6.3945e-02
4642 0 +3.672313885e+02 +3.672313885e+02 +3.137413885e+02 +3.137413885e+02 -7.0116e-01 +2.9165e-01
8318 0 +1.043007534e+01 +1.043007534e+01 -4.305992466e+01 -4.305992466e+01 -6.8685e-01 +1.2283e-01
12298 0 +8.121020332e+00 +8.121020332e+00 -4.536897967e+01 -4.536897967e+01 -7.2018e-01 +2.5953e-01
15923 0 +3.104921602e+00 +3.104921602e+00 -5.038507840e+01 -5.038507840e+01 -7.2166e-01 +2.9811e-01
23120 0 +1.942218496e+00 +1.942218496e+00 -5.154778150e+01 -5.154778150e+01 -7.3819e-01 +3.8735e-01
24191 0 +4.743699176e-02 +4.743699176e-02 -5.344256301e+01 -5.344256301e+01 -7.5639e-01 +5.8609e-01
166491 0 +1.472515720e-02 +1.472515720e-02 -5.347527484e+01 -5.347527484e+01 -7.6611e-01 +7.7220e-01
% f evaluations | g evaluations | best noise-free fitness - Fopt | noise-free fitness - Fopt (1.172700000000e+02) | measured fitness | best measured fitness | x1 | x2...
1 0 +2.108120464e+09 +2.108120464e+09 +2.108120582e+09 +2.108120582e+09 -4.8862e+00 -4.2297e+00
2 0 +3.570846557e+05 +3.570846557e+05 +3.572019257e+05 +3.572019257e+05 +4.5772e+00 +5.2456e-01
8 0 +2.357130846e+05 +2.357130846e+05 +2.358303546e+05 +2.358303546e+05 -1.4265e+00 +1.2299e+00
13 0 +5.544031668e+04 +5.544031668e+04 +5.555758668e+04 +5.555758668e+04 -1.5589e+00 +2.0243e+00
20 0 +3.432620411e+03 +3.432620411e+03 +3.549890411e+03 +3.549890411e+03 -3.0096e+00 +2.2831e+00
3163 0 +3.757399634e+02 +3.757399634e+02 +4.930099634e+02 +4.930099634e+02 -5.4492e-02 +1.2976e+00
5460 0 +3.927662695e+01 +3.927662695e+01 +1.565466269e+02 +1.565466269e+02 -4.0705e-02 +1.3188e+00
6939 0 +1.345239593e+01 +1.345239593e+01 +1.307223959e+02 +1.307223959e+02 -1.3518e-02 +1.3065e+00
88144 0 +1.240550782e+01 +1.240550782e+01 +1.296755078e+02 +1.296755078e+02 -1.3075e-01 +1.3407e+00
214775 0 +1.164010127e+01 +1.164010127e+01 +1.289101013e+02 +1.289101013e+02 +4.6763e-01 +1.1558e+00
221052 0 +1.101281529e+01 +1.101281529e+01 +1.282828153e+02 +1.282828153e+02 +1.5791e-01 +1.2534e+00
234169 0 +7.235649713e+00 +7.235649713e+00 +1.245056497e+02 +1.245056497e+02 +6.6681e-01 +1.0966e+00
% f evaluations | g evaluations | best noise-free fitness - Fopt | noise-free fitness - Fopt (7.789000000000e+01) | measured fitness | best measured fitness | x1 | x2...
1 0 +1.168574273e+10 +1.168574273e+10 +1.168574281e+10 +1.168574281e+10 -4.2420e+00 -3.9213e+00
2 0 +4.803748185e+06 +4.803748185e+06 +4.803826075e+06 +4.803826075e+06 +2.8072e+00 +4.3701e+00
3 0 +2.572320641e+06 +2.572320641e+06 +2.572398531e+06 +2.572398531e+06 +4.5286e+00 +5.7456e-01
5 0 +2.094036579e+05 +2.094036579e+05 +2.094815479e+05 +2.094815479e+05 +3.2100e+00 +1.7208e+00
31 0 +1.174888042e+05 +1.174888042e+05 +1.175666942e+05 +1.175666942e+05 -2.3247e+00 +3.1667e+00
42 0 +1.886375796e+04 +1.886375796e+04 +1.894164796e+04 +1.894164796e+04 -1.9398e+00 +3.1603e+00
2806 0 +9.203196539e+03 +9.203196539e+03 +9.281086539e+03 +9.281086539e+03 -1.0813e+00 +2.5633e+00
3061 0 +5.302816220e+02 +5.302816220e+02 +6.081716220e+02 +6.081716220e+02 -1.0663e-02 +2.2395e+00
10717 0 +3.402463910e+01 +3.402463910e+01 +1.119146391e+02 +1.119146391e+02 -7.5147e-01 +2.4702e+00
29550 0 +9.374056131e+00 +9.374056131e+00 +8.726405613e+01 +8.726405613e+01 -1.2635e-01 +2.2543e+00
33430 0 +2.349760427e+00 +2.349760427e+00 +8.023976043e+01 +8.023976043e+01 +9.0853e-03 +2.2159e+00
59919 0 +8.500798748e-01 +8.500798748e-01 +7.874007987e+01 +7.874007987e+01 +4.8713e-01 +2.1291e+00
64003 0 +2.903905298e-01 +2.903905298e-01 +7.818039053e+01 +7.818039053e+01 +9.1519e-01 +2.1114e+00
68340 0 +9.420228445e-02 +9.420228445e-02 +7.798420228e+01 +7.798420228e+01 +1.0892e+00 +2.1233e+00
