% f evaluations | g evaluations | best noise-free fitness - Fopt | noise-free fitness - Fopt (1.491500000000e+02) | measured fitness | best measured fitness | x1 | x2...
1 0 +6.626101642e+00 +6.626101642e+00 +1.557761016e+02 +1.557761016e+02 +0.0000e+00 +0.0000e+00
% f evaluations | g evaluations | best noise-free fitness - Fopt | noise-free fitness - Fopt (-1.000000000000e+03) | measured fitness | best measured fitness | x1 | x2...
1 0 +2.246386374e+04 +2.246386374e+04 +2.146386374e+04 +2.146386374e+04 +0.0000e+00 +0.0000e+00
4 0 +1.014309256e+02 +1.014309256e+02 -8.985690744e+02 -8.985690744e+02 -2.5707e+00 +2.8153e+00
24 0 +3.567531925e+01 +3.567531925e+01 -9.643246807e+02 -9.643246807e+02 -3.9371e+00 +7.7179e-01
40 0 +3.276037166e-01 +3.276037166e-01 -9.996723963e+02 -9.996723963e+02 -2.2967e+00 +2.5685e+00
456 0 +1.204128679e-01 +1.204128679e-01 -9.998795871e+02 -9.998795871e+02 -2.5132e+00 +1.9678e+00
786 0 +8.233936820e-02 +8.233936820e-02 -9.999176606e+02 -9.999176606e+02 -2.5688e+00 +1.8070e+00
794 0 +6.347204307e-02 +6.347204307e-02 -9.999365280e+02 -9.999365280e+02 -2.6017e+00 +1.7355e+00
1144 0 +5.282809982e-02 +5.282809982e-02 -9.999471719e+02 -9.999471719e+02 -2.6196e+00 +1.6837e+00
% f evaluations | g evaluations | best noise-free fitness - Fopt | noise-free fitness - Fopt (9.862000000000e+01) | measured fitness | best measured fitness | x1 | x2...
1 0 +1.240686796e+02 +1.240686796e+02 +2.226886796e+02 +2.226886796e+02 +0.0000e+00 +0.0000e+00
5 0 +6.758252791e+01 +6.758252791e+01 +1.662025279e+02 +1.662025279e+02 -1.6678e-01 +1.3562e+00
17 0 +9.529933109e+00 +9.529933109e+00 +1.081499331e+02 +1.081499331e+02 -7.1036e-01 -1.2577e+00
43 0 +1.507456864e+00 +1.507456864e+00 +1.001274569e+02 +1.001274569e+02 -1.7875e+00 -2.0738e+00
52 0 +1.281932135e+00 +1.281932135e+00 +9.990193214e+01 +9.990193214e+01 -1.5651e+00 -2.0062e+00
408 0 +7.858286797e-01 +7.858286797e-01 +9.940582868e+01 +9.940582868e+01 -1.5246e+00 -2.0173e+00
416 0 +5.762865356e-01 +5.762865356e-01 +9.919628654e+01 +9.919628654e+01 -1.5230e+00 -2.0435e+00
422 0 +5.216284488e-01 +5.216284488e-01 +9.914162845e+01 +9.914162845e+01 -1.3622e+00 -1.9976e+00
760 0 +3.707184092e-01 +3.707184092e-01 +9.899071841e+01 +9.899071841e+01 -1.3879e+00 -1.9913e+00
780 0 +3.285128850e-01 +3.285128850e-01 +9.894851288e+01 +9.894851288e+01 -1.3759e+00 -1.9688e+00
794 0 +3.119127399e-01 +3.119127399e-01 +9.893191274e+01 +9.893191274e+01 -1.3635e+00 -1.9511e+00
840 0 +2.655155123e-01 +2.655155123e-01 +9.888551551e+01 +9.888551551e+01 -1.3194e+00 -1.9152e+00
1134 0 +2.546846268e-01 +2.546846268e-01 +9.887468463e+01 +9.887468463e+01 -1.2998e+00 -1.9024e+00
1148 0 +2.452664192e-01 +2.452664192e-01 +9.886526642e+01 +9.886526642e+01 -1.2952e+00 -1.8805e+00
1200 0 +2.293359239e-01 +2.293359239e-01 +9.884933592e+01 +9.884933592e+01 -1.2759e+00 -1.8589e+00
% f evaluations | g evaluations | best noise-free fitness - Fopt | noise-free fitness - Fopt (-4.715000000000e+01) | measured fitness | best measured fitness | x1 | x2...
1 0 +2.023435653e-01 +2.023435653e-01 -4.694765643e+01 -4.694765643e+01 +0.0000e+00 +0.0000e+00
130 0 +4.782293308e-02 +4.782293308e-02 -4.710217707e+01 -4.710217707e+01 -5.1281e-01 -1.1443e+00
406 0 +2.646747698e-02 +2.646747698e-02 -4.712353252e+01 -4.712353252e+01 -4.8988e-01 -1.0909e+00
806 0 +2.606139294e-02 +2.606139294e-02 -4.712393861e+01 -4.712393861e+01 -4.9157e-01 -1.0958e+00
820 0 +2.380151692e-02 +2.380151692e-02 -4.712619848e+01 -4.712619848e+01 -4.8482e-01 -1.0852e+00
% f evaluations | g evaluations | best noise-free fitness - Fopt | noise-free fitness - Fopt (3.752000000000e+01) | measured fitness | best measured fitness | x1 | x2...
1 0 +6.231518100e+01 +6.231518100e+01 +9.983518100e+01 +9.983518100e+01 +0.0000e+00 +0.0000e+00
2 0 +7.558483178e+00 +7.558483178e+00 +4.507848318e+01 +4.507848318e+01 +2.5766e-01 -1.2901e+00
218 0 +6.903445729e+00 +6.903445729e+00 +4.442344573e+01 +4.442344573e+01 +3.8033e+00 +2.6099e+00
228 0 +7.464522045e-01 +7.464522045e-01 +3.826645220e+01 +3.826645220e+01 +2.0457e+00 -2.5863e+00
422 0 +9.850262529e-02 +9.850262529e-02 +3.761850263e+01 +3.761850263e+01 +2.2353e+00 -2.4320e+00
792 0 +6.447935904e-02 +6.447935904e-02 +3.758447936e+01 +3.758447936e+01 +2.2406e+00 -2.4010e+00
822 0 +4.969465845e-02 +4.969465845e-02 +3.756969466e+01 +3.756969466e+01 +2.2738e+00 -2.3494e+00
1110 0 +4.766352754e-02 +4.766352754e-02 +3.756766353e+01 +3.756766353e+01 +2.2750e+00 -2.3568e+00
1136 0 +4.216965261e-02 +4.216965261e-02 +3.756216965e+01 +3.756216965e+01 +2.2848e+00 -2.3369e+00
1162 0 +2.051978679e-02 +2.051978679e-02 +3.754051979e+01 +3.754051979e+01 +2.3605e+00 -2.2053e+00
% f evaluations | g evaluations | best noise-free fitness - Fopt | noise-free fitness - Fopt (6.740000000000e+00) | measured fitness | best measured fitness | x1 | x2...
1 0 +4.626381579e+01 +4.626381579e+01 +5.300381579e+01 +5.300381579e+01 +0.0000e+00 +0.0000e+00
12 0 +3.529976291e+01 +3.529976291e+01 +4.203976291e+01 +4.203976291e+01 -8.6201e-01 +1.1426e+00
17 0 +1.140889808e+01 +1.140889808e+01 +1.814889808e+01 +1.814889808e+01 -6.9419e-01 +1.1020e+00
54 0 +2.895098087e+00 +2.895098087e+00 +9.635098087e+00 +9.635098087e+00 -2.9403e-01 +9.4195e-01
122 0 +2.537943893e+00 +2.537943893e+00 +9.277943893e+00 +9.277943893e+00 -3.5535e-01 +8.6811e-01
153 0 +4.287638322e-02 +4.287638322e-02 +6.782876383e+00 +6.782876383e+00 +1.3230e+00 +1.9649e+00
758 0 +1.897340658e-02 +1.897340658e-02 +6.758973407e+00 +6.758973407e+00 +1.3041e+00 +1.9365e+00
1152 0 +1.839517395e-02 +1.839517395e-02 +6.758395174e+00 +6.758395174e+00 +1.2900e+00 +1.9090e+00
% f evaluations | g evaluations | best noise-free fitness - Fopt | noise-free fitness - Fopt (-1.897900000000e+02) | measured fitness | best measured fitness | x1 | x2...
1 0 +1.875450827e+03 +1.875450827e+03 +1.685660827e+03 +1.685660827e+03 +0.0000e+00 +0.0000e+00
4 0 +1.219964782e+02 +1.219964782e+02 -6.779352180e+01 -6.779352180e+01 -1.7231e+00 +2.0533e-01
10 0 +1.854441251e+01 +1.854441251e+01 -1.712455875e+02 -1.712455875e+02 -2.9532e+00 +2.4096e+00
12 0 +1.587790764e+01 +1.587790764e+01 -1.739120924e+02 -1.739120924e+02 -3.3562e+00 +4.2203e+00
90 0 +8.747020591e+00 +8.747020591e+00 -1.810429794e+02 -1.810429794e+02 -3.2288e+00 +3.3646e+00
120 0 +8.256320757e-01 +8.256320757e-01 -1.889643679e+02 -1.889643679e+02 -6.4491e-01 +2.5931e+00
440 0 +2.965808857e-01 +2.965808857e-01 -1.894934191e+02 -1.894934191e+02 -5.6321e-01 +2.7397e+00
762 0 +7.521804674e-02 +7.521804674e-02 -1.897147820e+02 -1.897147820e+02 -5.3821e-01 +2.7289e+00
768 0 +6.726378060e-02 +6.726378060e-02 -1.897227362e+02 -1.897227362e+02 -5.2980e-01 +2.7832e+00
786 0 +5.476650413e-02 +5.476650413e-02 -1.897352335e+02 -1.897352335e+02 -5.6562e-01 +2.6982e+00
788 0 +3.230723524e-02 +3.230723524e-02 -1.897576928e+02 -1.897576928e+02 -5.6147e-01 +2.6949e+00
1122 0 +3.125886848e-02 +3.125886848e-02 -1.897587411e+02 -1.897587411e+02 -5.6241e-01 +2.6898e+00
1162 0 +2.896546351e-02 +2.896546351e-02 -1.897610345e+02 -1.897610345e+02 -5.6902e-01 +2.6743e+00
% f evaluations | g evaluations | best noise-free fitness - Fopt | noise-free fitness - Fopt (-2.774000000000e+01) | measured fitness | best measured fitness | x1 | x2...
1 0 +1.076835731e+03 +1.076835731e+03 +1.049095731e+03 +1.049095731e+03 +0.0000e+00 +0.0000e+00
2 0 +7.576389814e+02 +7.576389814e+02 +7.298989814e+02 +7.298989814e+02 +2.8995e+00 +4.3228e+00
3 0 +2.939349989e+01 +2.939349989e+01 +1.653499888e+00 +1.653499888e+00 -2.5117e+00 +1.7862e+00
51 0 +1.578786557e+01 +1.578786557e+01 -1.195213443e+01 -1.195213443e+01 +1.8192e+00 +8.6563e-01
62 0 +1.125030876e+01 +1.125030876e+01 -1.648969124e+01 -1.648969124e+01 +1.6273e+00 +7.7744e-01
65 0 +1.011008858e+00 +1.011008858e+00 -2.672899114e+01 -2.672899114e+01 +7.4888e-01 -2.3191e+00
422 0 +2.210624334e-01 +2.210624334e-01 -2.751893757e+01 -2.751893757e+01 +7.9764e-01 -2.1559e+00
760 0 +1.562903306e-01 +1.562903306e-01 -2.758370967e+01 -2.758370967e+01 +7.5142e-01 -2.1748e+00
790 0 +1.974265794e-02 +1.974265794e-02 -2.772025734e+01 -2.772025734e+01 +8.0585e-01 -2.0918e+00
1108 0 +1.700199060e-02 +1.700199060e-02 -2.772299801e+01 -2.772299801e+01 +7.9570e-01 -2.1157e+00
% f evaluations | g evaluations | best noise-free fitness - Fopt | noise-free fitness - Fopt (6.930000000000e+00) | measured fitness | best measured fitness | x1 | x2...
1 0 +6.699765651e+02 +6.699765651e+02 +6.769065651e+02 +6.769065651e+02 +0.0000e+00 +0.0000e+00
7 0 +4.723769872e+02 +4.723769872e+02 +4.793069872e+02 +4.793069872e+02 -2.1265e+00 +3.1738e+00
16 0 +1.921575140e+01 +1.921575140e+01 +2.614575140e+01 +2.614575140e+01 -1.8675e+00 +3.0159e-01
17 0 +1.166268687e+01 +1.166268687e+01 +1.859268687e+01 +1.859268687e+01 -5.0882e-01 +1.7280e+00
60 0 +2.345956823e-02 +2.345956823e-02 +6.953459568e+00 +6.953459568e+00 -5.2110e-01 +1.3513e+00
486 0 +1.467275323e-02 +1.467275323e-02 +6.944672753e+00 +6.944672753e+00 -5.2576e-01 +1.3635e+00
768 0 +8.958666761e-03 +8.958666761e-03 +6.938958667e+00 +6.938958667e+00 -5.2469e-01 +1.3544e+00
770 0 +7.585987246e-03 +7.585987246e-03 +6.937585987e+00 +6.937585987e+00 -4.4822e-01 +1.4939e+00
774 0 +6.619649796e-03 +6.619649796e-03 +6.936619650e+00 +6.936619650e+00 -5.1465e-01 +1.3742e+00
1132 0 +5.913865152e-03 +5.913865152e-03 +6.935913865e+00 +6.935913865e+00 -5.1094e-01 +1.3839e+00
% f evaluations | g evaluations | best noise-free fitness - Fopt | noise-free fitness - Fopt (-4.456000000000e+01) | measured fitness | best measured fitness | x1 | x2...
1 0 +7.102388350e+02 +7.102388350e+02 +6.656788350e+02 +6.656788350e+02 +0.0000e+00 +0.0000e+00
8 0 +5.537101247e+02 +5.537101247e+02 +5.091501247e+02 +5.091501247e+02 +2.6958e+00 +3.5704e+00
10 0 +1.446640505e+02 +1.446640505e+02 +1.001040505e+02 +1.001040505e+02 -3.3219e-01 -3.9131e+00
13 0 +1.327047853e+02 +1.327047853e+02 +8.814478530e+01 +8.814478530e+01 +8.7210e-02 -3.7639e+00
19 0 +2.639856043e+01 +2.639856043e+01 -1.816143957e+01 -1.816143957e+01 -1.4213e+00 -8.7049e-01
20 0 +1.455721048e+01 +1.455721048e+01 -3.000278952e+01 -3.000278952e+01 -1.0213e+00 -2.4557e+00
66 0 +9.425648903e-01 +9.425648903e-01 -4.361743511e+01 -4.361743511e+01 +4.4001e-01 -2.1644e+00
190 0 +5.997182440e-01 +5.997182440e-01 -4.396028176e+01 -4.396028176e+01 +1.2007e+00 -7.0124e-01
416 0 +8.872193455e-02 +8.872193455e-02 -4.447127807e+01 -4.447127807e+01 +5.0189e-01 -2.1523e+00
1110 0 +7.889122640e-02 +7.889122640e-02 -4.448110877e+01 -4.448110877e+01 +5.0514e-01 -2.1504e+00
1152 0 +7.165817919e-02 +7.165817919e-02 -4.448834182e+01 -4.448834182e+01 +5.0477e-01 -2.1544e+00
1172 0 +6.045564696e-02 +6.045564696e-02 -4.449954435e+01 -4.449954435e+01 +5.1103e-01 -2.1528e+00
1186 0 +5.995686324e-02 +5.995686324e-02 -4.450004314e+01 -4.450004314e+01 +5.1174e-01 -2.1528e+00
% f evaluations | g evaluations | best noise-free fitness - Fopt | noise-free fitness - Fopt (1.000000000000e+03) | measured fitness | best measured fitness | x1 | x2...
1 0 +8.550519955e+03 +8.550519955e+03 +9.550519955e+03 +9.550519955e+03 +0.0000e+00 +0.0000e+00
2 0 +3.916165071e+03 +3.916165071e+03 +4.916165071e+03 +4.916165071e+03 -3.6763e+00 +4.6212e+00
12 0 +2.478125640e+03 +2.478125640e+03 +3.478125640e+03 +3.478125640e+03 -1.2533e+00 -2.4785e+00
13 0 +2.554292843e+01 +2.554292843e+01 +1.025542928e+03 +1.025542928e+03 -4.4543e+00 -9.3027e-01
18 0 +7.920379011e+00 +7.920379011e+00 +1.007920379e+03 +1.007920379e+03 -3.1694e+00 -2.0100e+00
25 0 +7.178112518e+00 +7.178112518e+00 +1.007178113e+03 +1.007178113e+03 -1.4020e+00 +2.1583e+00
27 0 +2.238580548e+00 +2.238580548e+00 +1.002238581e+03 +1.002238581e+03 -9.1221e-01 +4.0743e+00
61 0 +1.802158448e+00 +1.802158448e+00 +1.001802158e+03 +1.001802158e+03 -1.8242e+00 +3.4233e-01
438 0 +1.242518122e+00 +1.242518122e+00 +1.001242518e+03 +1.001242518e+03 -1.8319e+00 +3.4385e-01
458 0 +1.025042241e+00 +1.025042241e+00 +1.001025042e+03 +1.001025042e+03 -2.3217e+00 -8.7289e-01
462 0 +3.668307881e-01 +3.668307881e-01 +1.000366831e+03 +1.000366831e+03 -1.8861e+00 +2.4349e-01
758 0 +1.990188954e-01 +1.990188954e-01 +1.000199019e+03 +1.000199019e+03 -2.0263e+00 -6.2050e-02
812 0 +1.850007136e-01 +1.850007136e-01 +1.000185001e+03 +1.000185001e+03 -1.8913e+00 +2.6565e-01
1152 0 +1.791310554e-01 +1.791310554e-01 +1.000179131e+03 +1.000179131e+03 -1.8946e+00 +2.6074e-01
% f evaluations | g evaluations | best noise-free fitness - Fopt | noise-free fitness - Fopt (-6.797100000000e+02) | measured fitness | best measured fitness | x1 | x2...
1 0 +1.083051806e+03 +1.083051806e+03 +4.033418057e+02 +4.033418057e+02 +0.0000e+00 +0.0000e+00
2 0 +5.190412506e+01 +5.190412506e+01 -6.278058749e+02 -6.278058749e+02 -2.0895e+00 +3.8069e-01
9 0 +3.009127883e+01 +3.009127883e+01 -6.496187212e+02 -6.496187212e+02 +2.8922e+00 +4.6221e+00
13 0 +4.797634875e+00 +4.797634875e+00 -6.749123651e+02 -6.749123651e+02 -1.1429e+00 -2.0577e+00
36 0 +1.797746984e+00 +1.797746984e+00 -6.779122530e+02 -6.779122530e+02 +8.7759e-02 -3.3792e+00
74 0 +7.458607068e-01 +7.458607068e-01 -6.789641393e+02 -6.789641393e+02 +1.2827e-01 -3.2769e+00
144 0 +3.765201845e-01 +3.765201845e-01 -6.793334798e+02 -6.793334798e+02 +9.2270e-01 -2.4796e+00
430 0 +9.514998267e-03 +9.514998267e-03 -6.797004850e+02 -6.797004850e+02 +8.9587e-01 -2.4651e+00
806 0 +9.269410220e-03 +9.269410220e-03 -6.797007306e+02 -6.797007306e+02 +8.9613e-01 -2.4698e+00
808 0 +4.842417583e-04 +4.842417583e-04 -6.797095158e+02 -6.797095158e+02 +9.7597e-01 -2.3145e+00
% f evaluations | g evaluations | best noise-free fitness - Fopt | noise-free fitness - Fopt (1.000000000000e+03) | measured fitness | best measured fitness | x1 | x2...
1 0 +2.986587026e+03 +2.986587026e+03 +3.986587026e+03 +3.986587026e+03 +0.0000e+00 +0.0000e+00
2 0 +5.405474326e+02 +5.405474326e+02 +1.540547433e+03 +1.540547433e+03 -1.5404e+00 +2.0943e+00
7 0 +5.314632171e+01 +5.314632171e+01 +1.053146322e+03 +1.053146322e+03 -2.5372e-01 +3.4822e+00
12 0 +9.465208484e+00 +9.465208484e+00 +1.009465208e+03 +1.009465208e+03 -1.2816e-01 +4.5387e+00
62 0 +2.542479919e+00 +2.542479919e+00 +1.002542480e+03 +1.002542480e+03 -1.8248e-01 +4.4709e+00
116 0 +2.168784678e+00 +2.168784678e+00 +1.002168785e+03 +1.002168785e+03 -1.7767e-01 +4.5332e+00
760 0 +2.076796939e+00 +2.076796939e+00 +1.002076797e+03 +1.002076797e+03 -1.9075e-01 +4.5199e+00
784 0 +2.019472714e+00 +2.019472714e+00 +1.002019473e+03 +1.002019473e+03 -1.9736e-01 +4.4654e+00
% f evaluations | g evaluations | best noise-free fitness - Fopt | noise-free fitness - Fopt (1.007000000000e+01) | measured fitness | best measured fitness | x1 | x2...
1 0 +5.467747085e+02 +5.467747085e+02 +5.568447085e+02 +5.568447085e+02 +0.0000e+00 +0.0000e+00
9 0 +1.101229915e+01 +1.101229915e+01 +2.108229915e+01 +2.108229915e+01 -3.5794e-02 -2.6833e+00
34 0 +2.117440388e+00 +2.117440388e+00 +1.218744039e+01 +1.218744039e+01 -7.4258e-01 -2.2339e+00
60 0 +7.568126423e-01 +7.568126423e-01 +1.082681264e+01 +1.082681264e+01 +4.3617e-01 -1.7815e+00
132 0 +6.139290502e-01 +6.139290502e-01 +1.068392905e+01 +1.068392905e+01 +7.3386e-02 -2.2345e+00
147 0 +4.790067974e-01 +4.790067974e-01 +1.054900680e+01 +1.054900680e+01 +4.1319e-01 -1.9635e+00
464 0 +1.658189066e-01 +1.658189066e-01 +1.023581891e+01 +1.023581891e+01 +3.8468e-01 -1.9691e+00
484 0 +1.487769923e-01 +1.487769923e-01 +1.021877699e+01 +1.021877699e+01 +4.6800e-01 -1.7834e+00
758 0 +9.419518096e-02 +9.419518096e-02 +1.016419518e+01 +1.016419518e+01 +6.7271e-01 -1.4806e+00
762 0 +5.188761920e-02 +5.188761920e-02 +1.012188762e+01 +1.012188762e+01 +4.8180e-01 -1.8056e+00
812 0 +4.735716025e-02 +4.735716025e-02 +1.011735716e+01 +1.011735716e+01 +4.6850e-01 -1.8213e+00
1202 0 +4.643848602e-02 +4.643848602e-02 +1.011643849e+01 +1.011643849e+01 +4.6318e-01 -1.8206e+00
% f evaluations | g evaluations | best noise-free fitness - Fopt | noise-free fitness - Fopt (-7.540000000000e+00) | measured fitness | best measured fitness | x1 | x2...
1 0 +7.765892630e+02 +7.765892630e+02 +7.690492630e+02 +7.690492630e+02 +0.0000e+00 +0.0000e+00
6 0 +1.919382803e+02 +1.919382803e+02 +1.843982803e+02 +1.843982803e+02 -4.9080e-01 +3.1834e+00
12 0 +1.263967793e+02 +1.263967793e+02 +1.188567793e+02 +1.188567793e+02 +1.8683e+00 -6.3938e-01
14 0 +1.576696493e+01 +1.576696493e+01 +8.226964930e+00 +8.226964930e+00 +3.1997e+00 +2.7178e+00
16 0 +3.115569448e+00 +3.115569448e+00 -4.424430552e+00 -4.424430552e+00 +2.4170e+00 +9.5990e-01
44 0 +2.473861081e+00 +2.473861081e+00 -5.066138919e+00 -5.066138919e+00 +3.5179e+00 +4.3858e+00
57 0 +6.606505270e-01 +6.606505270e-01 -6.879349473e+00 -6.879349473e+00 +3.3148e+00 +3.5299e+00
444 0 +5.884073951e-01 +5.884073951e-01 -6.951592605e+00 -6.951592605e+00 +3.3081e+00 +3.4695e+00
