% f evaluations | g evaluations | best noise-free fitness - Fopt | noise-free fitness - Fopt (-1.694000000000e+01) | measured fitness | best measured fitness | x1 | x2...
1 0 +1.581765120e+02 +1.581765120e+02 +1.412365120e+02 +1.412365120e+02 +0.0000e+00 +0.0000e+00 +0.0000e+00 +0.0000e+00 +0.0000e+00 +0.0000e+00 +0.0000e+00 +0.0000e+00 +0.0000e+00 +0.0000e+00 +0.0000e+00 +0.0000e+00 +0.0000e+00 +0.0000e+00 +0.0000e+00 +0.0000e+00 +0.0000e+00 +0.0000e+00 +0.0000e+00 +0.0000e+00
3 0 +1.358880076e+02 +1.358880076e+02 +1.189480076e+02 +1.189480076e+02 +4.9958e+00 +1.3798e+00 -4.6343e-01 -1.6038e+00 +9.9347e-02 +2.8410e+00 +2.1394e+00 -4.5443e+00 +8.2481e-01 -3.4271e+00 -1.3173e+00 -3.2178e+00 +4.1809e+00 -1.4600e+00 +3.2355e+00 -3.8682e+00 +3.1839e+00 -7.7253e-01 +7.5171e-01 +3.1257e+00
6 0 +8.841482718e+01 +8.841482718e+01 +7.147482718e+01 +7.147482718e+01 -1.7587e+00 -3.2752e+00 +2.4539e+00 -3.1401e+00 +2.9652e+00 -1.0363e+00 +3.7370e+00 +3.9509e+00 -2.4269e+00 -4.7084e+00 -6.5328e-01 +3.0440e+00 -3.6491e+00 -6.0513e-01 +4.9286e+00 +3.0321e+00 +4.4277e+00 -1.9464e+00 -3.0648e+00 -3.1086e+00
% f evaluations | g evaluations | best noise-free fitness - Fopt | noise-free fitness - Fopt (1.881000000000e+01) | measured fitness | best measured fitness | x1 | x2...
1 0 +5.562307111e+01 +5.562307111e+01 +7.443307111e+01 +7.443307111e+01 +0.0000e+00 +0.0000e+00 +0.0000e+00 +0.0000e+00 +0.0000e+00 +0.0000e+00 +0.0000e+00 +0.0000e+00 +0.0000e+00 +0.0000e+00 +0.0000e+00 +0.0000e+00 +0.0000e+00 +0.0000e+00 +0.0000e+00 +0.0000e+00 +0.0000e+00 +0.0000e+00 +0.0000e+00 +0.0000e+00
% f evaluations | g evaluations | best noise-free fitness - Fopt | noise-free fitness - Fopt (2.731500000000e+02) | measured fitness | best measured fitness | x1 | x2...
1 0 +2.178320511e+02 +2.178320511e+02 +4.909820511e+02 +4.909820511e+02 +0.0000e+00 +0.0000e+00 +0.0000e+00 +0.0000e+00 +0.0000e+00 +0.0000e+00 +0.0000e+00 +0.0000e+00 +0.0000e+00 +0.0000e+00 +0.0000e+00 +0.0000e+00 +0.0000e+00 +0.0000e+00 +0.0000e+00 +0.0000e+00 +0.0000e+00 +0.0000e+00 +0.0000e+00 +0.0000e+00
5 0 +2.044178405e+02 +2.044178405e+02 +4.775678405e+02 +4.775678405e+02 +3.5693e+00 +2.3598e+00 -2.6438e+00 +3.7770e-02 +1.7022e+00 +2.6146e+00 +3.2522e+00 +2.1711e+00 +1.2735e+00 +1.5872e+00 +8.7141e-01 +4.8493e+00 +4.1118e+00 +1.1683e+00 -2.8470e+00 +3.4527e-01 +4.6132e+00 -4.3929e+00 -1.8809e+00 -2.5955e+00
8 0 +1.791721907e+02 +1.791721907e+02 +4.523221907e+02 +4.523221907e+02 +2.7399e-01 -2.2697e+00 -5.1885e-01 +3.1460e+00 -2.5366e+00 -4.7307e+00 -1.6369e+00 -6.5663e-02 -6.7104e-01 +2.9685e+00 +2.1193e-01 -3.8943e+00 -2.8890e+00 -4.4319e+00 -3.6296e+00 -1.9934e-01 -1.8265e+00 +2.2190e+00 -1.2760e+00 -4.9753e+00
34 0 +1.754651119e+02 +1.754651119e+02 +4.486151119e+02 +4.486151119e+02 -6.4225e-01 +4.2101e+00 +6.2527e-01 +6.0212e-01 -1.5195e+00 -2.9098e+00 +9.9499e-01 -4.0624e+00 -1.5415e+00 +4.8989e+00 -4.4098e-01 -2.2695e+00 +3.1176e+00 -3.7497e+00 -3.9196e+00 -4.5853e-01 +1.4429e+00 -2.8187e+00 -2.1025e+00 +1.3450e+00
35 0 +4.544566306e+01 +4.544566306e+01 +3.185956631e+02 +3.185956631e+02 +1.8476e+00 +3.0279e+00 -4.1899e-02 +6.7557e-01 -1.4425e+00 -3.8166e+00 +8.6341e-01 -1.7786e+00 -9.6273e-01 +3.1041e+00 +1.8849e+00 +3.9586e-01 -2.4132e+00 +2.7694e+00 +4.0902e+00 -4.5444e+00 +3.0630e+00 +6.3840e-01 -9.7187e-01 -3.1256e+00
% f evaluations | g evaluations | best noise-free fitness - Fopt | noise-free fitness - Fopt (3.718000000000e+01) | measured fitness | best measured fitness | x1 | x2...
1 0 +4.493569195e+01 +4.493569195e+01 +8.211569195e+01 +8.211569195e+01 +0.0000e+00 +0.0000e+00 +0.0000e+00 +0.0000e+00 +0.0000e+00 +0.0000e+00 +0.0000e+00 +0.0000e+00 +0.0000e+00 +0.0000e+00 +0.0000e+00 +0.0000e+00 +0.0000e+00 +0.0000e+00 +0.0000e+00 +0.0000e+00 +0.0000e+00 +0.0000e+00 +0.0000e+00 +0.0000e+00
% f evaluations | g evaluations | best noise-free fitness - Fopt | noise-free fitness - Fopt (-1.479000000000e+02) | measured fitness | best measured fitness | x1 | x2...
1 0 +5.545306338e+01 +5.545306338e+01 -9.244693662e+01 -9.244693662e+01 +0.0000e+00 +0.0000e+00 +0.0000e+00 +0.0000e+00 +0.0000e+00 +0.0000e+00 +0.0000e+00 +0.0000e+00 +0.0000e+00 +0.0000e+00 +0.0000e+00 +0.0000e+00 +0.0000e+00 +0.0000e+00 +0.0000e+00 +0.0000e+00 +0.0000e+00 +0.0000e+00 +0.0000e+00 +0.0000e+00
30 0 +4.882743206e+01 +4.882743206e+01 -9.907256794e+01 -9.907256794e+01 -8.6282e-01 -9.5139e-01 +1.1084e+00 +8.5980e-01 -2.1259e+00 +3.3232e+00 -4.0184e+00 +3.1294e+00 -3.3607e+00 +1.5214e+00 -1.2406e+00 +2.5592e+00 +1.3726e+00 -1.1815e+00 -2.8484e+00 -1.2713e+00 -9.8959e-01 -3.1956e+00 +3.1772e-01 +4.4800e+00
% f evaluations | g evaluations | best noise-free fitness - Fopt | noise-free fitness - Fopt (4.817100000000e+02) | measured fitness | best measured fitness | x1 | x2...
1 0 +4.909234177e+01 +4.909234177e+01 +5.308023418e+02 +5.308023418e+02 +0.0000e+00 +0.0000e+00 +0.0000e+00 +0.0000e+00 +0.0000e+00 +0.0000e+00 +0.0000e+00 +0.0000e+00 +0.0000e+00 +0.0000e+00 +0.0000e+00 +0.0000e+00 +0.0000e+00 +0.0000e+00 +0.0000e+00 +0.0000e+00 +0.0000e+00 +0.0000e+00 +0.0000e+00 +0.0000e+00
% f evaluations | g evaluations | best noise-free fitness - Fopt | noise-free fitness - Fopt (-3.646000000000e+01) | measured fitness | best measured fitness | x1 | x2...
1 0 +5.499768670e+01 +5.499768670e+01 +1.853768670e+01 +1.853768670e+01 +0.0000e+00 +0.0000e+00 +0.0000e+00 +0.0000e+00 +0.0000e+00 +0.0000e+00 +0.0000e+00 +0.0000e+00 +0.0000e+00 +0.0000e+00 +0.0000e+00 +0.0000e+00 +0.0000e+00 +0.0000e+00 +0.0000e+00 +0.0000e+00 +0.0000e+00 +0.0000e+00 +0.0000e+00 +0.0000e+00
6 0 +5.156392248e+01 +5.156392248e+01 +1.510392248e+01 +1.510392248e+01 +4.0826e+00 +1.6730e+00 +7.6889e-01 -3.5211e+00 +5.9950e-01 -1.5204e+00 +4.1812e+00 +8.4151e-01 -3.7203e+00 +2.7443e+00 +3.0837e+00 +3.5117e+00 -2.2265e+00 -9.2643e-01 -1.1101e+00 +3.2097e+00 +4.9965e+00 +2.5313e+00 -1.6103e+00 -4.4041e+00
11 0 +5.017013177e+01 +5.017013177e+01 +1.371013177e+01 +1.371013177e+01 -1.2618e+00 -4.2394e+00 -1.5186e+00 +1.1350e+00 +3.0323e+00 +1.4693e+00 +3.9053e+00 -1.0300e-01 -3.2862e+00 -1.0523e-02 -4.6026e+00 -1.6419e+00 +1.6223e+00 +4.0997e+00 -2.1822e+00 +5.0597e-02 -1.0406e+00 -3.0096e+00 +4.4278e-01 -3.4507e+00
% f evaluations | g evaluations | best noise-free fitness - Fopt | noise-free fitness - Fopt (3.920000000000e+01) | measured fitness | best measured fitness | x1 | x2...
1 0 +1.112992861e+02 +1.112992861e+02 +1.504992861e+02 +1.504992861e+02 +0.0000e+00 +0.0000e+00 +0.0000e+00 +0.0000e+00 +0.0000e+00 +0.0000e+00 +0.0000e+00 +0.0000e+00 +0.0000e+00 +0.0000e+00 +0.0000e+00 +0.0000e+00 +0.0000e+00 +0.0000e+00 +0.0000e+00 +0.0000e+00 +0.0000e+00 +0.0000e+00 +0.0000e+00 +0.0000e+00
3 0 +1.103545209e+02 +1.103545209e+02 +1.495545209e+02 +1.495545209e+02 +3.2101e+00 -9.4637e-01 +3.3642e+00 +2.0918e-02 -7.3480e-01 +5.0769e-01 +8.9503e-01 +2.5298e+00 -4.3425e+00 -2.1621e+00 +5.5547e-01 -2.2957e+00 +9.0639e-01 +1.4426e+00 -4.6576e+00 +3.2715e+00 +9.3149e-01 -6.1011e-01 +9.5720e-01 +2.8660e+00
14 0 +6.718804009e+01 +6.718804009e+01 +1.063880401e+02 +1.063880401e+02 -2.2973e+00 +4.6883e-01 -3.8675e+00 +4.6050e+00 +4.4426e+00 -5.1032e-01 +2.3088e+00 -1.4679e+00 +2.9177e+00 -3.5179e+00 +2.4942e-01 -2.6305e+00 -4.3203e+00 -1.5249e+00 -2.6088e+00 -4.2909e+00 +2.8453e+00 +1.9903e-01 +1.9229e+00 +4.4918e-02
% f evaluations | g evaluations | best noise-free fitness - Fopt | noise-free fitness - Fopt (-3.225000000000e+01) | measured fitness | best measured fitness | x1 | x2...
1 0 +1.574469083e+02 +1.574469083e+02 +1.251969083e+02 +1.251969083e+02 +0.0000e+00 +0.0000e+00 +0.0000e+00 +0.0000e+00 +0.0000e+00 +0.0000e+00 +0.0000e+00 +0.0000e+00 +0.0000e+00 +0.0000e+00 +0.0000e+00 +0.0000e+00 +0.0000e+00 +0.0000e+00 +0.0000e+00 +0.0000e+00 +0.0000e+00 +0.0000e+00 +0.0000e+00 +0.0000e+00
3 0 +8.297123574e+01 +8.297123574e+01 +5.072123574e+01 +5.072123574e+01 +4.6358e+00 +3.0946e+00 -3.1435e+00 -3.9553e+00 +2.6714e+00 +8.0574e-03 -8.1231e-01 -1.9497e+00 +2.2966e+00 +3.7605e+00 -1.5862e+00 -1.7619e+00 -1.2873e+00 -3.4959e+00 +4.4441e+00 +1.5629e+00 +1.0386e+00 +1.4307e+00 +1.5645e+00 +6.3000e-01
% f evaluations | g evaluations | best noise-free fitness - Fopt | noise-free fitness - Fopt (3.681200000000e+02) | measured fitness | best measured fitness | x1 | x2...
1 0 +8.145643061e+01 +8.145643061e+01 +4.495764306e+02 +4.495764306e+02 +0.0000e+00 +0.0000e+00 +0.0000e+00 +0.0000e+00 +0.0000e+00 +0.0000e+00 +0.0000e+00 +0.0000e+00 +0.0000e+00 +0.0000e+00 +0.0000e+00 +0.0000e+00 +0.0000e+00 +0.0000e+00 +0.0000e+00 +0.0000e+00 +0.0000e+00 +0.0000e+00 +0.0000e+00 +0.0000e+00
4 0 +6.331224109e+01 +6.331224109e+01 +4.314322411e+02 +4.314322411e+02 +3.4919e+00 -1.7612e+00 +2.5253e+00 -2.4946e+00 +2.3809e+00 +3.4676e+00 -4.6205e+00 -1.1500e+00 +1.6760e+00 -2.0590e+00 +8.7285e-01 +3.1017e+00 -4.3597e+00 +2.9996e+00 -3.9967e-01 -7.6799e-01 -1.2265e+00 -2.4762e+00 +4.4128e+00 -1.0838e+00
% f evaluations | g evaluations | best noise-free fitness - Fopt | noise-free fitness - Fopt (4.739000000000e+01) | measured fitness | best measured fitness | x1 | x2...
1 0 +4.824825414e+01 +4.824825414e+01 +9.563825414e+01 +9.563825414e+01 +0.0000e+00 +0.0000e+00 +0.0000e+00 +0.0000e+00 +0.0000e+00 +0.0000e+00 +0.0000e+00 +0.0000e+00 +0.0000e+00 +0.0000e+00 +0.0000e+00 +0.0000e+00 +0.0000e+00 +0.0000e+00 +0.0000e+00 +0.0000e+00 +0.0000e+00 +0.0000e+00 +0.0000e+00 +0.0000e+00
% f evaluations | g evaluations | best noise-free fitness - Fopt | noise-free fitness - Fopt (-3.428900000000e+02) | measured fitness | best measured fitness | x1 | x2...
1 0 +6.774437315e+01 +6.774437315e+01 -2.751456269e+02 -2.751456269e+02 +0.0000e+00 +0.0000e+00 +0.0000e+00 +0.0000e+00 +0.0000e+00 +0.0000e+00 +0.0000e+00 +0.0000e+00 +0.0000e+00 +0.0000e+00 +0.0000e+00 +0.0000e+00 +0.0000e+00 +0.0000e+00 +0.0000e+00 +0.0000e+00 +0.0000e+00 +0.0000e+00 +0.0000e+00 +0.0000e+00
38 0 +6.604297821e+01 +6.604297821e+01 -2.768470218e+02 -2.768470218e+02 +7.0800e-01 -1.2346e+00 -1.2644e+00 -1.4878e+00 +1.1979e+00 -3.4491e+00 -2.4330e+00 -2.5184e+00 +4.2436e+00 -1.2213e+00 -1.4694e+00 -4.4742e+00 +2.6882e+00 -2.1856e+00 +4.2547e+00 -7.2609e-01 +1.1281e+00 -4.6803e+00 -2.4555e+00 +1.3280e+00
% f evaluations | g evaluations | best noise-free fitness - Fopt | noise-free fitness - Fopt (9.102000000000e+01) | measured fitness | best measured fitness | x1 | x2...
1 0 +7.244124199e+01 +7.244124199e+01 +1.634612420e+02 +1.634612420e+02 +0.0000e+00 +0.0000e+00 +0.0000e+00 +0.0000e+00 +0.0000e+00 +0.0000e+00 +0.0000e+00 +0.0000e+00 +0.0000e+00 +0.0000e+00 +0.0000e+00 +0.0000e+00 +0.0000e+00 +0.0000e+00 +0.0000e+00 +0.0000e+00 +0.0000e+00 +0.0000e+00 +0.0000e+00 +0.0000e+00
20 0 +6.361990354e+01 +6.361990354e+01 +1.546399035e+02 +1.546399035e+02 -2.2846e+00 +4.9337e+00 +4.0918e+00 -2.1282e+00 -2.7976e+00 -1.1781e+00 -1.4160e+00 -4.0112e+00 -2.6047e+00 +3.5472e+00 -9.9601e-01 +4.1676e-01 +3.2206e+00 +3.5614e+00 -4.8424e+00 -3.2673e+00 +4.7947e+00 +3.7161e+00 -1.7527e+00 +4.9530e+00
% f evaluations | g evaluations | best noise-free fitness - Fopt | noise-free fitness - Fopt (7.324200000000e+02) | measured fitness | best measured fitness | x1 | x2...
1 0 +5.939075957e+01 +5.939075957e+01 +7.918107596e+02 +7.918107596e+02 +0.0000e+00 +0.0000e+00 +0.0000e+00 +0.0000e+00 +0.0000e+00 +0.0000e+00 +0.0000e+00 +0.0000e+00 +0.0000e+00 +0.0000e+00 +0.0000e+00 +0.0000e+00 +0.0000e+00 +0.0000e+00 +0.0000e+00 +0.0000e+00 +0.0000e+00 +0.0000e+00 +0.0000e+00 +0.0000e+00
% f evaluations | g evaluations | best noise-free fitness - Fopt | noise-free fitness - Fopt (3.542000000000e+01) | measured fitness | best measured fitness | x1 | x2...
1 0 +4.153412526e+01 +4.153412526e+01 +7.695412526e+01 +7.695412526e+01 +0.0000e+00 +0.0000e+00 +0.0000e+00 +0.0000e+00 +0.0000e+00 +0.0000e+00 +0.0000e+00 +0.0000e+00 +0.0000e+00 +0.0000e+00 +0.0000e+00 +0.0000e+00 +0.0000e+00 +0.0000e+00 +0.0000e+00 +0.0000e+00 +0.0000e+00 +0.0000e+00 +0.0000e+00 +0.0000e+00
