% f evaluations | g evaluations | best noise-free fitness - Fopt | noise-free fitness - Fopt (-9.210000000000e+00) | measured fitness | best measured fitness | x1 | x2...
1 0 +1.340177664e+02 +1.340177664e+02 +1.248077664e+02 +1.248077664e+02 -2.0850e+00 -3.9452e+00 -4.8646e+00
2 0 +4.731343490e+01 +4.731343490e+01 +3.810343490e+01 +3.810343490e+01 +3.4701e+00 +3.4813e+00 +9.0191e-01
3 0 +9.819262258e+00 +9.819262258e+00 +6.092622579e-01 +6.092622579e-01 +3.1376e+00 +3.2944e+00 +4.7437e+00
51 0 +0.000000000e+00 +0.000000000e+00 -9.210000000e+00 -9.210000000e+00 +5.0000e+00 +5.0000e+00 +5.0000e+00
% f evaluations | g evaluations | best noise-free fitness - Fopt | noise-free fitness - Fopt (6.559900000000e+02) | measured fitness | best measured fitness | x1 | x2...
1 0 +1.078897795e+02 +1.078897795e+02 +7.638797795e+02 +7.638797795e+02 -4.3910e+00 -2.8320e+00 +4.1643e+00
2 0 +4.634847996e+01 +4.634847996e+01 +7.023384800e+02 +7.023384800e+02 -6.5845e-01 +4.4826e+00 -3.9297e+00
5 0 +3.876503833e+01 +3.876503833e+01 +6.947550383e+02 +6.947550383e+02 +1.0781e+00 -1.8515e+00 -2.5113e+00
20 0 +1.413785910e+01 +1.413785910e+01 +6.701278591e+02 +6.701278591e+02 +1.2656e+00 -3.1300e+00 -4.5510e+00
55 0 +8.859396987e+00 +8.859396987e+00 +6.648493970e+02 +6.648493970e+02 +1.1189e+00 -3.4257e+00 -5.0000e+00
56 0 +4.708672747e+00 +4.708672747e+00 +6.606986727e+02 +6.606986727e+02 +1.6940e+00 -4.5564e+00 -5.0000e+00
60 0 +3.336572353e+00 +3.336572353e+00 +6.593265724e+02 +6.593265724e+02 +1.6634e+00 -5.0000e+00 -5.0000e+00
82 0 +2.390727025e+00 +2.390727025e+00 +6.583807270e+02 +6.583807270e+02 +3.3501e+00 -4.7657e+00 -5.0000e+00
107 0 +1.697861418e+00 +1.697861418e+00 +6.576878614e+02 +6.576878614e+02 +5.0000e+00 -4.4631e+00 -5.0000e+00
108 0 +1.302485513e+00 +1.302485513e+00 +6.572924855e+02 +6.572924855e+02 +4.2644e+00 -4.8207e+00 -5.0000e+00
122 0 +2.712539416e-01 +2.712539416e-01 +6.562612539e+02 +6.562612539e+02 +4.7287e+00 -5.0000e+00 -5.0000e+00
135 0 +7.119388191e-02 +7.119388191e-02 +6.560611939e+02 +6.560611939e+02 +5.0000e+00 -5.0000e+00 -4.9929e+00
144 0 +0.000000000e+00 +0.000000000e+00 +6.559900000e+02 +6.559900000e+02 +5.0000e+00 -5.0000e+00 -5.0000e+00
% f evaluations | g evaluations | best noise-free fitness - Fopt | noise-free fitness - Fopt (6.671000000000e+01) | measured fitness | best measured fitness | x1 | x2...
1 0 +4.988147759e+01 +4.988147759e+01 +1.165914776e+02 +1.165914776e+02 +2.3199e+00 +4.7582e+00 -3.8296e+00
2 0 +4.300648397e+01 +4.300648397e+01 +1.097164840e+02 +1.097164840e+02 +4.1656e+00 +3.6703e+00 -4.3577e+00
5 0 +2.693174962e+01 +2.693174962e+01 +9.364174962e+01 +9.364174962e+01 +6.9288e-01 -2.7431e+00 -3.5898e+00
13 0 +2.550836203e+01 +2.550836203e+01 +9.221836203e+01 +9.221836203e+01 +7.9610e-01 -1.2155e+00 -4.2255e+00
20 0 +1.400179264e+01 +1.400179264e+01 +8.071179264e+01 +8.071179264e+01 -1.6706e+00 -2.2476e+00 -4.8031e+00
55 0 +1.150575995e+01 +1.150575995e+01 +7.821575995e+01 +7.821575995e+01 -2.5211e+00 -2.1455e+00 -5.0000e+00
61 0 +5.434440709e+00 +5.434440709e+00 +7.214444071e+01 +7.214444071e+01 -3.2668e+00 -3.8296e+00 -5.0000e+00
71 0 +5.241634019e+00 +5.241634019e+00 +7.195163402e+01 +7.195163402e+01 -1.2178e+00 -4.5385e+00 -5.0000e+00
88 0 +2.279858975e+00 +2.279858975e+00 +6.898985897e+01 +6.898985897e+01 -2.7201e+00 -5.0000e+00 -5.0000e+00
107 0 +2.201512687e+00 +2.201512687e+00 +6.891151269e+01 +6.891151269e+01 -2.7985e+00 -5.0000e+00 -5.0000e+00
108 0 +1.648086723e+00 +1.648086723e+00 +6.835808672e+01 +6.835808672e+01 -3.3519e+00 -5.0000e+00 -5.0000e+00
109 0 +9.431480530e-01 +9.431480530e-01 +6.765314805e+01 +6.765314805e+01 -4.0569e+00 -5.0000e+00 -5.0000e+00
159 0 +9.924368748e-02 +9.924368748e-02 +6.680924369e+01 +6.680924369e+01 -4.9008e+00 -5.0000e+00 -5.0000e+00
178 0 +0.000000000e+00 +0.000000000e+00 +6.671000000e+01 +6.671000000e+01 -5.0000e+00 -5.0000e+00 -5.0000e+00
% f evaluations | g evaluations | best noise-free fitness - Fopt | noise-free fitness - Fopt (9.416700000000e+02) | measured fitness | best measured fitness | x1 | x2...
1 0 +7.233836725e+01 +7.233836725e+01 +1.014008367e+03 +1.014008367e+03 +1.5460e+00 -4.1985e+00 -1.3258e+00
4 0 +2.858082277e+01 +2.858082277e+01 +9.702508228e+02 +9.702508228e+02 +1.9565e-01 -6.4748e-01 +4.0379e+00
6 0 +2.685100683e+01 +2.685100683e+01 +9.685210068e+02 +9.685210068e+02 +6.5245e-01 +1.0678e+00 +4.7989e+00
18 0 +2.608755971e+01 +2.608755971e+01 +9.677575597e+02 +9.677575597e+02 -4.1116e-01 -3.0476e+00 +3.4675e+00
20 0 +2.285798665e+01 +2.285798665e+01 +9.645279866e+02 +9.645279866e+02 -6.1336e-01 +7.8327e-01 +4.9817e+00
23 0 +1.891330301e+01 +1.891330301e+01 +9.605833030e+02 +9.605833030e+02 -4.8567e+00 +6.3028e-01 +4.9035e+00
53 0 +1.770087190e+01 +1.770087190e+01 +9.593708719e+02 +9.593708719e+02 -1.5443e+00 -4.9529e-01 +5.0000e+00
55 0 +1.116601315e+01 +1.116601315e+01 +9.528360132e+02 +9.528360132e+02 -3.9291e+00 -1.8076e+00 +5.0000e+00
103 0 +7.716027358e+00 +7.716027358e+00 +9.493860274e+02 +9.493860274e+02 -4.7227e+00 -2.6477e+00 +5.0000e+00
106 0 +4.804708310e+00 +4.804708310e+00 +9.464747083e+02 +9.464747083e+02 -4.0623e+00 -3.7771e+00 +5.0000e+00
157 0 +9.276419858e-01 +9.276419858e-01 +9.425976420e+02 +9.425976420e+02 -4.0724e+00 -5.0000e+00 +5.0000e+00
162 0 +8.374615944e-01 +8.374615944e-01 +9.425074616e+02 +9.425074616e+02 -4.1625e+00 -5.0000e+00 +5.0000e+00
208 0 +8.147104009e-01 +8.147104009e-01 +9.424847104e+02 +9.424847104e+02 -4.2268e+00 -5.0000e+00 +4.9959e+00
221 0 +6.586226548e-01 +6.586226548e-01 +9.423286227e+02 +9.423286227e+02 -4.3414e+00 -5.0000e+00 +5.0000e+00
260 0 +6.447377402e-01 +6.447377402e-01 +9.423147377e+02 +9.423147377e+02 -4.3553e+00 -5.0000e+00 +5.0000e+00
263 0 +5.892593496e-01 +5.892593496e-01 +9.422592593e+02 +9.422592593e+02 -4.4107e+00 -5.0000e+00 +5.0000e+00
268 0 +5.314576397e-01 +5.314576397e-01 +9.422014576e+02 +9.422014576e+02 -4.4685e+00 -5.0000e+00 +5.0000e+00
312 0 +5.153899568e-01 +5.153899568e-01 +9.421853900e+02 +9.421853900e+02 -4.4846e+00 -5.0000e+00 +5.0000e+00
314 0 +4.328447287e-01 +4.328447287e-01 +9.421028447e+02 +9.421028447e+02 -4.5672e+00 -5.0000e+00 +5.0000e+00
319 0 +3.590101870e-01 +3.590101870e-01 +9.420290102e+02 +9.420290102e+02 -4.6410e+00 -5.0000e+00 +5.0000e+00
365 0 +3.533005959e-01 +3.533005959e-01 +9.420233006e+02 +9.420233006e+02 -4.6467e+00 -5.0000e+00 +5.0000e+00
370 0 +3.330142323e-01 +3.330142323e-01 +9.420030142e+02 +9.420030142e+02 -4.6670e+00 -5.0000e+00 +5.0000e+00
377 0 +3.003845542e-01 +3.003845542e-01 +9.419703846e+02 +9.419703846e+02 -4.6996e+00 -5.0000e+00 +5.0000e+00
395 0 +2.405021840e-01 +2.405021840e-01 +9.419105022e+02 +9.419105022e+02 -4.7595e+00 -5.0000e+00 +5.0000e+00
402 0 +2.220673781e-01 +2.220673781e-01 +9.418920674e+02 +9.418920674e+02 -4.7779e+00 -5.0000e+00 +5.0000e+00
415 0 +1.938466458e-01 +1.938466458e-01 +9.418638466e+02 +9.418638466e+02 -4.8062e+00 -5.0000e+00 +5.0000e+00
424 0 +1.735364427e-01 +1.735364427e-01 +9.418435364e+02 +9.418435364e+02 -4.8265e+00 -5.0000e+00 +5.0000e+00
425 0 +1.613387909e-01 +1.613387909e-01 +9.418313388e+02 +9.418313388e+02 -4.8387e+00 -5.0000e+00 +5.0000e+00
437 0 +1.287774352e-01 +1.287774352e-01 +9.417987774e+02 +9.417987774e+02 -4.8712e+00 -5.0000e+00 +5.0000e+00
442 0 +1.117769242e-01 +1.117769242e-01 +9.417817769e+02 +9.417817769e+02 -4.8882e+00 -5.0000e+00 +5.0000e+00
468 0 +7.316144787e-03 +7.316144787e-03 +9.416773161e+02 +9.416773161e+02 -4.9927e+00 -5.0000e+00 +5.0000e+00
473 0 +0.000000000e+00 +0.000000000e+00 +9.416700000e+02 +9.416700000e+02 -5.0000e+00 -5.0000e+00 +5.0000e+00
% f evaluations | g evaluations | best noise-free fitness - Fopt | noise-free fitness - Fopt (-3.745000000000e+01) | measured fitness | best measured fitness | x1 | x2...
1 0 +8.480560812e+01 +8.480560812e+01 +4.735560812e+01 +4.735560812e+01 -4.7996e+00 +3.3412e+00 -1.9760e+00
2 0 +5.175771237e+01 +5.175771237e+01 +1.430771237e+01 +1.430771237e+01 +2.8534e+00 +3.2504e+00 +5.9216e-01
5 0 +4.148646641e+01 +4.148646641e+01 +4.036466406e+00 +4.036466406e+00 +2.5918e+00 -2.9412e+00 +3.6034e+00
6 0 +3.569457070e+01 +3.569457070e+01 -1.755429299e+00 -1.755429299e+00 +3.3404e+00 +5.4529e-02 +3.1604e+00
7 0 +3.491720569e+01 +3.491720569e+01 -2.532794310e+00 -2.532794310e+00 +2.8414e+00 +1.6452e+00 +2.7850e+00
10 0 +2.295545321e+01 +2.295545321e+01 -1.449454679e+01 -1.449454679e+01 +1.4537e+00 +1.1384e+00 +4.2802e+00
27 0 +1.235508979e+01 +1.235508979e+01 -2.509491021e+01 -2.509491021e+01 +3.6185e+00 +4.0646e+00 +4.1984e+00
52 0 +3.861431832e+00 +3.861431832e+00 -3.358856817e+01 -3.358856817e+01 +3.6381e+00 +4.2096e+00 +5.0000e+00
53 0 +3.792508470e+00 +3.792508470e+00 -3.365749153e+01 -3.365749153e+01 +4.6402e+00 +3.9145e+00 +5.0000e+00
68 0 +3.581322709e+00 +3.581322709e+00 -3.386867729e+01 -3.386867729e+01 +3.6115e+00 +4.3066e+00 +5.0000e+00
81 0 +3.256388536e+00 +3.256388536e+00 -3.419361146e+01 -3.419361146e+01 +3.7682e+00 +4.3598e+00 +5.0000e+00
109 0 +2.941147665e+00 +2.941147665e+00 -3.450885234e+01 -3.450885234e+01 +3.8166e+00 +4.4441e+00 +5.0000e+00
111 0 +2.581683969e+00 +2.581683969e+00 -3.486831603e+01 -3.486831603e+01 +4.3981e+00 +4.5408e+00 +4.9472e+00
112 0 +2.294940944e+00 +2.294940944e+00 -3.515505906e+01 -3.515505906e+01 +3.8163e+00 +4.6486e+00 +5.0000e+00
125 0 +2.006520279e+00 +2.006520279e+00 -3.544347972e+01 -3.544347972e+01 +4.0830e+00 +4.6555e+00 +5.0000e+00
127 0 +1.897314425e+00 +1.897314425e+00 -3.555268557e+01 -3.555268557e+01 +5.0000e+00 +4.4000e+00 +5.0000e+00
151 0 +1.254192737e+00 +1.254192737e+00 -3.619580726e+01 -3.619580726e+01 +3.7458e+00 +5.0000e+00 +5.0000e+00
155 0 +9.663151058e-01 +9.663151058e-01 -3.648368489e+01 -3.648368489e+01 +4.0337e+00 +5.0000e+00 +5.0000e+00
167 0 +8.181453777e-01 +8.181453777e-01 -3.663185462e+01 -3.663185462e+01 +4.1819e+00 +5.0000e+00 +5.0000e+00
180 0 +6.367649085e-01 +6.367649085e-01 -3.681323509e+01 -3.681323509e+01 +4.3632e+00 +5.0000e+00 +5.0000e+00
207 0 +5.150317149e-01 +5.150317149e-01 -3.693496829e+01 -3.693496829e+01 +4.4850e+00 +5.0000e+00 +5.0000e+00
214 0 +3.485739821e-01 +3.485739821e-01 -3.710142602e+01 -3.710142602e+01 +4.6514e+00 +5.0000e+00 +5.0000e+00
231 0 +0.000000000e+00 +0.000000000e+00 -3.745000000e+01 -3.745000000e+01 +5.0000e+00 +5.0000e+00 +5.0000e+00
% f evaluations | g evaluations | best noise-free fitness - Fopt | noise-free fitness - Fopt (-6.639000000000e+01) | measured fitness | best measured fitness | x1 | x2...
1 0 +9.309664739e+01 +9.309664739e+01 +2.670664739e+01 +2.670664739e+01 -4.9294e+00 +5.5151e-01 +2.8959e+00
2 0 +5.517424806e+01 +5.517424806e+01 -1.121575194e+01 -1.121575194e+01 -6.9734e-01 -4.4280e-01 -1.6340e+00
8 0 +4.851481707e+01 +4.851481707e+01 -1.787518293e+01 -1.787518293e+01 -4.2577e+00 -3.5513e+00 -2.9269e+00
9 0 +4.170449347e+01 +4.170449347e+01 -2.468550653e+01 -2.468550653e+01 -1.9599e+00 -3.1556e+00 -3.7126e+00
10 0 +3.959626983e+01 +3.959626983e+01 -2.679373017e+01 -2.679373017e+01 -4.7805e+00 +8.2948e-02 -2.6172e+00
15 0 +1.803349727e+01 +1.803349727e+01 -4.835650273e+01 -4.835650273e+01 -3.4074e+00 -1.5258e-01 -4.9853e+00
53 0 +1.727936683e+01 +1.727936683e+01 -4.911063317e+01 -4.911063317e+01 -3.4268e+00 +3.3266e-02 -5.0000e+00
55 0 +1.130226346e+01 +1.130226346e+01 -5.508773654e+01 -5.508773654e+01 -2.6361e+00 +2.1734e+00 -5.0000e+00
69 0 +6.812255990e+00 +6.812255990e+00 -5.957774401e+01 -5.957774401e+01 -4.3824e+00 +3.0411e+00 -5.0000e+00
104 0 +6.349726890e+00 +6.349726890e+00 -6.004027311e+01 -6.004027311e+01 -5.0000e+00 +2.9920e+00 -5.0000e+00
105 0 +2.539272472e+00 +2.539272472e+00 -6.385072753e+01 -6.385072753e+01 -4.6777e+00 +4.2989e+00 -5.0000e+00
109 0 +2.406004231e+00 +2.406004231e+00 -6.398399577e+01 -6.398399577e+01 -4.3590e+00 +4.4418e+00 -5.0000e+00
117 0 +7.328818229e-01 +7.328818229e-01 -6.565711818e+01 -6.565711818e+01 -4.3855e+00 +5.0000e+00 -4.9882e+00
129 0 +5.911116287e-01 +5.911116287e-01 -6.579888837e+01 -6.579888837e+01 -4.4089e+00 +5.0000e+00 -5.0000e+00
151 0 +5.378321605e-02 +5.378321605e-02 -6.633621678e+01 -6.633621678e+01 -4.9462e+00 +5.0000e+00 -5.0000e+00
156 0 +4.054315498e-02 +4.054315498e-02 -6.634945685e+01 -6.634945685e+01 -4.9595e+00 +5.0000e+00 -5.0000e+00
163 0 +0.000000000e+00 +0.000000000e+00 -6.639000000e+01 -6.639000000e+01 -5.0000e+00 +5.0000e+00 -5.0000e+00
% f evaluations | g evaluations | best noise-free fitness - Fopt | noise-free fitness - Fopt (-2.260100000000e+02) | measured fitness | best measured fitness | x1 | x2...
1 0 +4.615276997e+01 +4.615276997e+01 -1.798572300e+02 -1.798572300e+02 -5.5918e-01 +3.7820e+00 +1.2140e+00
3 0 +3.234968229e+01 +3.234968229e+01 -1.936603177e+02 -1.936603177e+02 -4.2923e+00 +4.0993e+00 +2.1206e+00
20 0 +9.971874856e+00 +9.971874856e+00 -2.160381251e+02 -2.160381251e+02 +5.8868e-01 +3.8568e+00 +4.9232e+00
58 0 +5.994431636e+00 +5.994431636e+00 -2.200155684e+02 -2.200155684e+02 +9.9443e-01 +5.0000e+00 +5.0000e+00
59 0 +5.486179677e+00 +5.486179677e+00 -2.205238203e+02 -2.205238203e+02 +4.8618e-01 +5.0000e+00 +5.0000e+00
100 0 +4.832164704e+00 +4.832164704e+00 -2.211778353e+02 -2.211778353e+02 -1.6784e-01 +5.0000e+00 +5.0000e+00
103 0 +4.757113003e+00 +4.757113003e+00 -2.212528870e+02 -2.212528870e+02 -2.4289e-01 +5.0000e+00 +5.0000e+00
107 0 +4.550922404e+00 +4.550922404e+00 -2.214590776e+02 -2.214590776e+02 -6.8425e-01 +4.9256e+00 +5.0000e+00
118 0 +2.750402252e+00 +2.750402252e+00 -2.232595977e+02 -2.232595977e+02 -2.2496e+00 +5.0000e+00 +5.0000e+00
155 0 +2.531519094e+00 +2.531519094e+00 -2.234784809e+02 -2.234784809e+02 -2.4685e+00 +5.0000e+00 +5.0000e+00
158 0 +1.395884534e+00 +1.395884534e+00 -2.246141155e+02 -2.246141155e+02 -3.6041e+00 +5.0000e+00 +5.0000e+00
207 0 +1.341523527e+00 +1.341523527e+00 -2.246684765e+02 -2.246684765e+02 -3.6585e+00 +5.0000e+00 +5.0000e+00
213 0 +0.000000000e+00 +0.000000000e+00 -2.260100000e+02 -2.260100000e+02 -5.0000e+00 +5.0000e+00 +5.0000e+00
% f evaluations | g evaluations | best noise-free fitness - Fopt | noise-free fitness - Fopt (1.000000000000e+03) | measured fitness | best measured fitness | x1 | x2...
1 0 +6.005812941e+01 +6.005812941e+01 +1.060058129e+03 +1.060058129e+03 -4.5417e+00 -4.5373e+00 +2.0560e+00
2 0 +5.647111340e+01 +5.647111340e+01 +1.056471113e+03 +1.056471113e+03 -4.4669e+00 +6.9368e-01 +7.6797e-01
3 0 +3.675778336e+01 +3.675778336e+01 +1.036757783e+03 +1.036757783e+03 -1.6108e+00 +3.2196e+00 +2.2261e+00
5 0 +3.144325314e+01 +3.144325314e+01 +1.031443253e+03 +1.031443253e+03 +4.3708e+00 +3.8664e+00 +3.1512e+00
21 0 +2.427710872e+01 +2.427710872e+01 +1.024277109e+03 +1.024277109e+03 -4.0948e+00 -4.7015e-01 +4.3926e+00
24 0 +1.455321293e+01 +1.455321293e+01 +1.014553213e+03 +1.014553213e+03 -1.7734e+00 +3.1063e+00 +4.4662e+00
53 0 +1.413083706e+01 +1.413083706e+01 +1.014130837e+03 +1.014130837e+03 -1.7861e+00 +3.1428e+00 +4.4956e+00
54 0 +8.632206518e+00 +8.632206518e+00 +1.008632207e+03 +1.008632207e+03 -3.6895e-01 +5.0000e+00 +4.5999e+00
57 0 +7.086762373e+00 +7.086762373e+00 +1.007086762e+03 +1.007086762e+03 -1.4204e+00 +3.8909e+00 +5.0000e+00
64 0 +6.134080738e+00 +6.134080738e+00 +1.006134081e+03 +1.006134081e+03 +1.1341e+00 +5.0000e+00 +5.0000e+00
66 0 +3.207408179e+00 +3.207408179e+00 +1.003207408e+03 +1.003207408e+03 -1.7926e+00 +5.0000e+00 +5.0000e+00
103 0 +3.139957755e+00 +3.139957755e+00 +1.003139958e+03 +1.003139958e+03 -1.8600e+00 +5.0000e+00 +5.0000e+00
107 0 +1.492369829e+00 +1.492369829e+00 +1.001492370e+03 +1.001492370e+03 -3.5076e+00 +5.0000e+00 +5.0000e+00
160 0 +9.118524953e-01 +9.118524953e-01 +1.000911852e+03 +1.000911852e+03 -4.0881e+00 +5.0000e+00 +5.0000e+00
183 0 +2.022249363e-01 +2.022249363e-01 +1.000202225e+03 +1.000202225e+03 -4.7978e+00 +5.0000e+00 +5.0000e+00
209 0 +0.000000000e+00 +0.000000000e+00 +1.000000000e+03 +1.000000000e+03 -5.0000e+00 +5.0000e+00 +5.0000e+00
% f evaluations | g evaluations | best noise-free fitness - Fopt | noise-free fitness - Fopt (-1.830200000000e+02) | measured fitness | best measured fitness | x1 | x2...
1 0 +4.336511196e+01 +4.336511196e+01 -1.396548880e+02 -1.396548880e+02 -2.8033e+00 -2.8725e+00 -2.1166e+00
3 0 +2.391451690e+01 +2.391451690e+01 -1.591054831e+02 -1.591054831e+02 +4.4876e+00 -3.9746e+00 -2.9841e+00
8 0 +2.242197169e+01 +2.242197169e+01 -1.605980283e+02 -1.605980283e+02 +3.2134e-01 -9.5521e-01 -4.5047e+00
21 0 +1.826901470e+01 +1.826901470e+01 -1.647509853e+02 -1.647509853e+02 +3.2819e+00 -3.1509e+00 -3.9297e+00
30 0 +1.276533524e+01 +1.276533524e+01 -1.702546648e+02 -1.702546648e+02 +2.3315e+00 -2.7228e+00 -4.7104e+00
51 0 +1.184406945e+01 +1.184406945e+01 -1.711759305e+02 -1.711759305e+02 +5.0079e-01 -2.6774e+00 -5.0000e+00
52 0 +8.562146607e+00 +8.562146607e+00 -1.744578534e+02 -1.744578534e+02 +2.3399e+00 -3.1336e+00 -5.0000e+00
56 0 +8.390888647e+00 +8.390888647e+00 -1.746291114e+02 -1.746291114e+02 +2.7432e+00 -4.8476e+00 -4.4348e+00
75 0 +8.233898078e+00 +8.233898078e+00 -1.747861019e+02 -1.747861019e+02 +2.2635e+00 -3.2616e+00 -5.0000e+00
76 0 +2.173591719e+00 +2.173591719e+00 -1.808464083e+02 -1.808464083e+02 +2.8264e+00 -5.0000e+00 -5.0000e+00
103 0 +1.755537034e+00 +1.755537034e+00 -1.812644630e+02 -1.812644630e+02 +3.2445e+00 -5.0000e+00 -5.0000e+00
111 0 +1.444861269e+00 +1.444861269e+00 -1.815751387e+02 -1.815751387e+02 +3.5551e+00 -5.0000e+00 -5.0000e+00
156 0 +1.126945690e+00 +1.126945690e+00 -1.818930543e+02 -1.818930543e+02 +3.8731e+00 -5.0000e+00 -5.0000e+00
166 0 +5.373468820e-01 +5.373468820e-01 -1.824826531e+02 -1.824826531e+02 +4.4864e+00 -5.0000e+00 -4.9976e+00
208 0 +3.076556295e-01 +3.076556295e-01 -1.827123444e+02 -1.827123444e+02 +4.7088e+00 -5.0000e+00 -4.9984e+00
211 0 +3.694491044e-02 +3.694491044e-02 -1.829830551e+02 -1.829830551e+02 +5.0000e+00 -5.0000e+00 -4.9963e+00
260 0 +2.612647376e-02 +2.612647376e-02 -1.829938735e+02 -1.829938735e+02 +5.0000e+00 -5.0000e+00 -4.9974e+00
292 0 +2.301785745e-02 +2.301785745e-02 -1.829969821e+02 -1.829969821e+02 +5.0000e+00 -5.0000e+00 -4.9977e+00
317 0 +2.249596189e-02 +2.249596189e-02 -1.829975040e+02 -1.829975040e+02 +5.0000e+00 -5.0000e+00 -4.9978e+00
331 0 +1.701582867e-02 +1.701582867e-02 -1.830029842e+02 -1.830029842e+02 +5.0000e+00 -5.0000e+00 -4.9983e+00
337 0 +1.691108098e-02 +1.691108098e-02 -1.830030889e+02 -1.830030889e+02 +5.0000e+00 -5.0000e+00 -4.9983e+00
352 0 +1.204348632e-02 +1.204348632e-02 -1.830079565e+02 -1.830079565e+02 +5.0000e+00 -5.0000e+00 -4.9988e+00
357 0 +6.874021816e-03 +6.874021816e-03 -1.830131260e+02 -1.830131260e+02 +5.0000e+00 -5.0000e+00 -4.9993e+00
363 0 +1.056845701e-03 +1.056845701e-03 -1.830189432e+02 -1.830189432e+02 +5.0000e+00 -5.0000e+00 -4.9999e+00
368 0 +0.000000000e+00 +0.000000000e+00 -1.830200000e+02 -1.830200000e+02 +5.0000e+00 -5.0000e+00 -5.0000e+00
% f evaluations | g evaluations | best noise-free fitness - Fopt | noise-free fitness - Fopt (-1.026200000000e+02) | measured fitness | best measured fitness | x1 | x2...
1 0 +6.214363357e+01 +6.214363357e+01 -4.047636643e+01 -4.047636643e+01 +4.9043e+00 -1.0163e-01 -1.3251e+00
3 0 +5.837666467e+01 +5.837666467e+01 -4.424333533e+01 -4.424333533e+01 -1.9699e+00 +1.6653e-01 -1.0991e+00
5 0 +5.007484680e+01 +5.007484680e+01 -5.254515320e+01 -5.254515320e+01 -2.6396e+00 -4.1712e-01 -1.6778e+00
10 0 +2.255686800e+01 +2.255686800e+01 -8.006313200e+01 -8.006313200e+01 -3.3013e+00 +1.5737e+00 -4.9930e+00
23 0 +1.778128871e+01 +1.778128871e+01 -8.483871129e+01 -8.483871129e+01 +6.6219e-01 -4.8161e+00 -3.8463e+00
54 0 +6.288603227e+00 +6.288603227e+00 -9.633139677e+01 -9.633139677e+01 +1.2886e+00 -5.0000e+00 -5.0000e+00
59 0 +5.682738306e+00 +5.682738306e+00 -9.693726169e+01 -9.693726169e+01 +6.8274e-01 -5.0000e+00 -5.0000e+00
63 0 +5.616009441e+00 +5.616009441e+00 -9.700399056e+01 -9.700399056e+01 +6.1601e-01 -5.0000e+00 -5.0000e+00
83 0 +5.123406685e+00 +5.123406685e+00 -9.749659332e+01 -9.749659332e+01 +1.2341e-01 -5.0000e+00 -5.0000e+00
104 0 +2.981679543e+00 +2.981679543e+00 -9.963832046e+01 -9.963832046e+01 -2.0183e+00 -5.0000e+00 -5.0000e+00
151 0 +2.931032351e+00 +2.931032351e+00 -9.968896765e+01 -9.968896765e+01 -2.0690e+00 -5.0000e+00 -5.0000e+00
160 0 +1.951279811e+00 +1.951279811e+00 -1.006687202e+02 -1.006687202e+02 -3.0487e+00 -5.0000e+00 -5.0000e+00
162 0 +1.920453362e+00 +1.920453362e+00 -1.006995466e+02 -1.006995466e+02 -3.0795e+00 -5.0000e+00 -5.0000e+00
180 0 +1.201070019e+00 +1.201070019e+00 -1.014189300e+02 -1.014189300e+02 -3.7989e+00 -5.0000e+00 -5.0000e+00
198 0 +1.032252567e+00 +1.032252567e+00 -1.015877474e+02 -1.015877474e+02 -3.9677e+00 -5.0000e+00 -5.0000e+00
207 0 +3.743383771e-01 +3.743383771e-01 -1.022456616e+02 -1.022456616e+02 -4.6634e+00 -5.0000e+00 -4.9962e+00
216 0 +9.530009302e-02 +9.530009302e-02 -1.025246999e+02 -1.025246999e+02 -4.9047e+00 -5.0000e+00 -5.0000e+00
221 0 +7.992383804e-04 +7.992383804e-04 -1.026192008e+02 -1.026192008e+02 -5.0000e+00 -4.9997e+00 -5.0000e+00
230 0 +0.000000000e+00 +0.000000000e+00 -1.026200000e+02 -1.026200000e+02 -5.0000e+00 -5.0000e+00 -5.0000e+00
% f evaluations | g evaluations | best noise-free fitness - Fopt | noise-free fitness - Fopt (9.953000000000e+01) | measured fitness | best measured fitness | x1 | x2...
1 0 +1.300266030e+02 +1.300266030e+02 +2.295566030e+02 +2.295566030e+02 +4.4198e+00 +3.3751e+00 +4.4122e+00
2 0 +1.140213065e+01 +1.140213065e+01 +1.109321307e+02 +1.109321307e+02 -2.1270e+00 -3.7864e+00 -4.5309e+00
57 0 +8.937428308e+00 +8.937428308e+00 +1.084674283e+02 +1.084674283e+02 -3.2740e+00 -3.7548e+00 -4.6726e+00
58 0 +8.072591192e+00 +8.072591192e+00 +1.076025912e+02 +1.076025912e+02 -1.9807e+00 -3.4020e+00 -5.0000e+00
63 0 +4.628901803e+00 +4.628901803e+00 +1.041589018e+02 +1.041589018e+02 -2.1009e+00 -4.4530e+00 -5.0000e+00
70 0 +2.324189813e+00 +2.324189813e+00 +1.018541898e+02 +1.018541898e+02 -2.6758e+00 -5.0000e+00 -5.0000e+00
114 0 +2.287695219e+00 +2.287695219e+00 +1.018176952e+02 +1.018176952e+02 -2.7123e+00 -5.0000e+00 -5.0000e+00
118 0 +2.233270561e+00 +2.233270561e+00 +1.017632706e+02 +1.017632706e+02 -2.7667e+00 -5.0000e+00 -5.0000e+00
120 0 +1.785985302e+00 +1.785985302e+00 +1.013159853e+02 +1.013159853e+02 -3.2140e+00 -5.0000e+00 -5.0000e+00
129 0 +6.343620283e-01 +6.343620283e-01 +1.001643620e+02 +1.001643620e+02 -4.3656e+00 -5.0000e+00 -5.0000e+00
156 0 +0.000000000e+00 +0.000000000e+00 +9.953000000e+01 +9.953000000e+01 -5.0000e+00 -5.0000e+00 -5.0000e+00
% f evaluations | g evaluations | best noise-free fitness - Fopt | noise-free fitness - Fopt (1.495900000000e+02) | measured fitness | best measured fitness | x1 | x2...
1 0 +5.061170478e+01 +5.061170478e+01 +2.002017048e+02 +2.002017048e+02 -9.0107e-01 -3.6135e+00 -3.0726e+00
10 0 +4.878942303e+01 +4.878942303e+01 +1.983794230e+02 +1.983794230e+02 -3.9156e-01 +4.7757e-01 -2.0120e+00
11 0 +4.420325392e+01 +4.420325392e+01 +1.937932539e+02 +1.937932539e+02 -1.4503e+00 -4.9673e+00 -4.0866e+00
12 0 +9.999453023e+00 +9.999453023e+00 +1.595894530e+02 +1.595894530e+02 -2.0671e+00 +2.9041e+00 -4.9561e+00
59 0 +4.829727116e+00 +4.829727116e+00 +1.544197271e+02 +1.544197271e+02 -1.7027e-01 +5.0000e+00 -5.0000e+00
61 0 +2.462719297e+00 +2.462719297e+00 +1.520527193e+02 +1.520527193e+02 -2.5373e+00 +5.0000e+00 -5.0000e+00
83 0 +1.970767778e+00 +1.970767778e+00 +1.515607678e+02 +1.515607678e+02 -3.0292e+00 +5.0000e+00 -5.0000e+00
107 0 +1.879032319e+00 +1.879032319e+00 +1.514690323e+02 +1.514690323e+02 -3.1210e+00 +5.0000e+00 -5.0000e+00
111 0 +8.353841434e-02 +8.353841434e-02 +1.496735384e+02 +1.496735384e+02 -4.9165e+00 +5.0000e+00 -5.0000e+00
157 0 +0.000000000e+00 +0.000000000e+00 +1.495900000e+02 +1.495900000e+02 -5.0000e+00 +5.0000e+00 -5.0000e+00
% f evaluations | g evaluations | best noise-free fitness - Fopt | noise-free fitness - Fopt (-1.000000000000e+03) | measured fitness | best measured fitness | x1 | x2...
1 0 +9.621730601e+01 +9.621730601e+01 -9.037826940e+02 -9.037826940e+02 -8.0153e-01 -1.6088e+00 +2.9692e+00
2 0 +4.930704617e+01 +4.930704617e+01 -9.506929538e+02 -9.506929538e+02 +4.2928e+00 -1.3269e+00 -1.3016e+00
6 0 +1.808714167e+01 +1.808714167e+01 -9.819128583e+02 -9.819128583e+02 +4.0577e+00 -4.4350e+00 -3.4642e+00
40 0 +1.744709843e+01 +1.744709843e+01 -9.825529016e+02 -9.825529016e+02 +1.3578e+00 -4.3111e+00 -3.8374e+00
43 0 +1.313922619e+01 +1.313922619e+01 -9.868607738e+02 -9.868607738e+02 -4.0519e+00 -3.7181e+00 -4.9967e+00
51 0 +1.083525341e+01 +1.083525341e+01 -9.891647466e+02 -9.891647466e+02 -1.6671e+00 -3.6819e+00 -5.0000e+00
58 0 +8.890693369e+00 +8.890693369e+00 -9.911093066e+02 -9.911093066e+02 -3.8907e+00 -5.0000e+00 -5.0000e+00
71 0 +3.767319666e+00 +3.767319666e+00 -9.962326803e+02 -9.962326803e+02 +1.2327e+00 -5.0000e+00 -5.0000e+00
104 0 +1.990210123e-01 +1.990210123e-01 -9.998009790e+02 -9.998009790e+02 +4.8010e+00 -5.0000e+00 -5.0000e+00
106 0 +1.916956188e-01 +1.916956188e-01 -9.998083044e+02 -9.998083044e+02 +4.8083e+00 -5.0000e+00 -5.0000e+00
159 0 +0.000000000e+00 +0.000000000e+00 -1.000000000e+03 -1.000000000e+03 +5.0000e+00 -5.0000e+00 -5.0000e+00
% f evaluations | g evaluations | best noise-free fitness - Fopt | noise-free fitness - Fopt (-2.922000000000e+01) | measured fitness | best measured fitness | x1 | x2...
1 0 +7.518124489e+01 +7.518124489e+01 +4.596124489e+01 +4.596124489e+01 +1.7779e+00 +1.1122e+00 -9.2513e-02
7 0 +3.562633834e+01 +3.562633834e+01 +6.406338345e+00 +6.406338345e+00 +3.5060e+00 -2.1085e+00 -3.2023e+00
18 0 +2.691130045e+01 +2.691130045e+01 -2.308699547e+00 -2.308699547e+00 +3.3107e+00 -9.6353e-01 -4.4164e+00
28 0 +2.586800783e+01 +2.586800783e+01 -3.351992170e+00 -3.351992170e+00 +1.0171e+00 +3.8857e-01 -4.7189e+00
51 0 +2.156945122e+01 +2.156945122e+01 -7.650548777e+00 -7.650548777e+00 +9.5426e-01 -6.2042e-02 -5.0000e+00
56 0 +1.699115434e+01 +1.699115434e+01 -1.222884566e+01 -1.222884566e+01 +9.9484e-01 -1.5227e+00 -5.0000e+00
103 0 +1.545990496e+01 +1.545990496e+01 -1.376009504e+01 -1.376009504e+01 +9.7604e-01 -2.0009e+00 -5.0000e+00
106 0 +1.304051882e+01 +1.304051882e+01 -1.617948118e+01 -1.617948118e+01 +3.0241e-01 -2.5530e+00 -5.0000e+00
130 0 +1.206415357e+01 +1.206415357e+01 -1.715584643e+01 -1.715584643e+01 +9.8986e-01 -3.0791e+00 -5.0000e+00
147 0 +9.637148736e+00 +9.637148736e+00 -1.958285126e+01 -1.958285126e+01 +1.0611e+00 -3.8691e+00 -5.0000e+00
156 0 +9.503427475e+00 +9.503427475e+00 -1.971657252e+01 -1.971657252e+01 +1.0613e+00 -3.9115e+00 -5.0000e+00
158 0 +8.256753010e+00 +8.256753010e+00 -2.096324699e+01 -2.096324699e+01 +1.4551e+00 -4.4303e+00 -5.0000e+00
159 0 +7.208023591e+00 +7.208023591e+00 -2.201197641e+01 -2.201197641e+01 +3.9945e-01 -4.4281e+00 -5.0000e+00
162 0 +7.022039330e+00 +7.022039330e+00 -2.219796067e+01 -2.219796067e+01 +1.0413e+00 -4.6899e+00 -5.0000e+00
163 0 +6.055899726e+00 +6.055899726e+00 -2.316410027e+01 -2.316410027e+01 +1.0559e+00 -5.0000e+00 -5.0000e+00
166 0 +6.002272954e+00 +6.002272954e+00 -2.321772705e+01 -2.321772705e+01 +1.0023e+00 -5.0000e+00 -5.0000e+00
211 0 +5.501377415e+00 +5.501377415e+00 -2.371862259e+01 -2.371862259e+01 +5.0138e-01 -5.0000e+00 -5.0000e+00
266 0 +5.279434452e+00 +5.279434452e+00 -2.394056555e+01 -2.394056555e+01 +2.7943e-01 -5.0000e+00 -5.0000e+00
308 0 +5.162311688e+00 +5.162311688e+00 -2.405768831e+01 -2.405768831e+01 +1.6231e-01 -5.0000e+00 -5.0000e+00
311 0 +5.043706229e+00 +5.043706229e+00 -2.417629377e+01 -2.417629377e+01 +4.3706e-02 -5.0000e+00 -5.0000e+00
312 0 +4.994483445e+00 +4.994483445e+00 -2.422551656e+01 -2.422551656e+01 -9.7901e-03 -4.9986e+00 -5.0000e+00
321 0 +4.659375506e+00 +4.659375506e+00 -2.456062449e+01 -2.456062449e+01 -3.4062e-01 -5.0000e+00 -5.0000e+00
367 0 +4.496752873e+00 +4.496752873e+00 -2.472324713e+01 -2.472324713e+01 -5.0325e-01 -5.0000e+00 -5.0000e+00
377 0 +4.295709387e+00 +4.295709387e+00 -2.492429061e+01 -2.492429061e+01 -7.0429e-01 -5.0000e+00 -5.0000e+00
418 0 +4.176580078e+00 +4.176580078e+00 -2.504341992e+01 -2.504341992e+01 -8.2342e-01 -5.0000e+00 -5.0000e+00
424 0 +4.167816401e+00 +4.167816401e+00 -2.505218360e+01 -2.505218360e+01 -8.3218e-01 -5.0000e+00 -5.0000e+00
431 0 +4.007987820e+00 +4.007987820e+00 -2.521201218e+01 -2.521201218e+01 -9.9201e-01 -5.0000e+00 -5.0000e+00
453 0 +3.855979076e+00 +3.855979076e+00 -2.536402092e+01 -2.536402092e+01 -1.1440e+00 -5.0000e+00 -5.0000e+00
469 0 +3.508152936e+00 +3.508152936e+00 -2.571184706e+01 -2.571184706e+01 -1.4918e+00 -5.0000e+00 -5.0000e+00
480 0 +3.451792979e+00 +3.451792979e+00 -2.576820702e+01 -2.576820702e+01 -1.5482e+00 -5.0000e+00 -5.0000e+00
519 0 +3.245193490e+00 +3.245193490e+00 -2.597480651e+01 -2.597480651e+01 -1.7548e+00 -5.0000e+00 -5.0000e+00
520 0 +3.192805732e+00 +3.192805732e+00 -2.602719427e+01 -2.602719427e+01 -1.8072e+00 -5.0000e+00 -5.0000e+00
545 0 +3.131696776e+00 +3.131696776e+00 -2.608830322e+01 -2.608830322e+01 -1.8683e+00 -5.0000e+00 -5.0000e+00
548 0 +2.951545138e+00 +2.951545138e+00 -2.626845486e+01 -2.626845486e+01 -2.0485e+00 -5.0000e+00 -5.0000e+00
571 0 +2.884694958e+00 +2.884694958e+00 -2.633530504e+01 -2.633530504e+01 -2.1153e+00 -5.0000e+00 -5.0000e+00
575 0 +2.638135409e+00 +2.638135409e+00 -2.658186459e+01 -2.658186459e+01 -2.3619e+00 -5.0000e+00 -5.0000e+00
619 0 +2.537377669e+00 +2.537377669e+00 -2.668262233e+01 -2.668262233e+01 -2.4626e+00 -5.0000e+00 -5.0000e+00
623 0 +2.501300005e+00 +2.501300005e+00 -2.671869999e+01 -2.671869999e+01 -2.4987e+00 -5.0000e+00 -5.0000e+00
624 0 +2.152141459e+00 +2.152141459e+00 -2.706785854e+01 -2.706785854e+01 -2.8479e+00 -5.0000e+00 -5.0000e+00
659 0 +2.105036025e+00 +2.105036025e+00 -2.711496397e+01 -2.711496397e+01 -2.8950e+00 -5.0000e+00 -5.0000e+00
675 0 +1.743564485e+00 +1.743564485e+00 -2.747643552e+01 -2.747643552e+01 -3.2564e+00 -5.0000e+00 -5.0000e+00
693 0 +1.727920775e+00 +1.727920775e+00 -2.749207923e+01 -2.749207923e+01 -3.2721e+00 -5.0000e+00 -5.0000e+00
694 0 +1.647530154e+00 +1.647530154e+00 -2.757246985e+01 -2.757246985e+01 -3.3525e+00 -5.0000e+00 -5.0000e+00
727 0 +1.566514048e+00 +1.566514048e+00 -2.765348595e+01 -2.765348595e+01 -3.4335e+00 -5.0000e+00 -5.0000e+00
730 0 +1.196058700e+00 +1.196058700e+00 -2.802394130e+01 -2.802394130e+01 -3.8039e+00 -5.0000e+00 -5.0000e+00
748 0 +1.125132985e+00 +1.125132985e+00 -2.809486701e+01 -2.809486701e+01 -3.8749e+00 -5.0000e+00 -5.0000e+00
779 0 +7.022609294e-01 +7.022609294e-01 -2.851773907e+01 -2.851773907e+01 -4.2977e+00 -5.0000e+00 -5.0000e+00
833 0 +6.305020875e-01 +6.305020875e-01 -2.858949791e+01 -2.858949791e+01 -4.3695e+00 -5.0000e+00 -5.0000e+00
837 0 +6.159319459e-01 +6.159319459e-01 -2.860406805e+01 -2.860406805e+01 -4.3841e+00 -5.0000e+00 -5.0000e+00
838 0 +3.380777506e-01 +3.380777506e-01 -2.888192225e+01 -2.888192225e+01 -4.6619e+00 -5.0000e+00 -5.0000e+00
867 0 +6.970743692e-02 +6.970743692e-02 -2.915029256e+01 -2.915029256e+01 -4.9303e+00 -5.0000e+00 -5.0000e+00
883 0 +3.951651187e-02 +3.951651187e-02 -2.918048349e+01 -2.918048349e+01 -4.9605e+00 -5.0000e+00 -5.0000e+00
885 0 +0.000000000e+00 +0.000000000e+00 -2.922000000e+01 -2.922000000e+01 -5.0000e+00 -5.0000e+00 -5.0000e+00
% f evaluations | g evaluations | best noise-free fitness - Fopt | noise-free fitness - Fopt (-4.096000000000e+01) | measured fitness | best measured fitness | x1 | x2...
1 0 +8.899247864e+01 +8.899247864e+01 +4.803247864e+01 +4.803247864e+01 +3.5475e+00 -2.8205e-01 -2.0837e+00
3 0 +2.645188752e+01 +2.645188752e+01 -1.450811248e+01 -1.450811248e+01 -3.4340e+00 +3.4578e+00 +3.6859e+00
31 0 +1.729929505e+01 +1.729929505e+01 -2.366070495e+01 -2.366070495e+01 +3.5772e+00 +1.6720e+00 +4.4647e+00
51 0 +1.302909796e+01 +1.302909796e+01 -2.793090204e+01 -2.793090204e+01 +3.5789e+00 +1.3292e+00 +5.0000e+00
53 0 +1.277013609e+01 +1.277013609e+01 -2.818986391e+01 -2.818986391e+01 +3.7077e+00 +2.3103e+00 +4.7028e+00
54 0 +1.316325127e+00 +1.316325127e+00 -3.964367487e+01 -3.964367487e+01 +5.0000e+00 +4.5837e+00 +5.0000e+00
104 0 +9.479044567e-01 +9.479044567e-01 -4.001209554e+01 -4.001209554e+01 +5.0000e+00 +4.7002e+00 +5.0000e+00
108 0 +0.000000000e+00 +0.000000000e+00 -4.096000000e+01 -4.096000000e+01 +5.0000e+00 +5.0000e+00 +5.0000e+00
