% f evaluations | g evaluations | best noise-free fitness - Fopt | noise-free fitness - Fopt (3.590000000000e+01) | measured fitness | best measured fitness | x1 | x2...
1 0 +2.283102266e+05 +2.283102266e+05 +2.283461266e+05 +2.283461266e+05 +0.0000e+00 +0.0000e+00
2 0 +2.282703674e+05 +2.282703674e+05 +2.283062674e+05 +2.283062674e+05 +2.5000e-04 +0.0000e+00
20 0 +2.234529800e+05 +2.234529800e+05 +2.234888800e+05 +2.234888800e+05 +2.8962e-02 +5.8545e-03
23 0 +2.174517872e+05 +2.174517872e+05 +2.174876872e+05 +2.174876872e+05 +6.7135e-02 +1.1724e-02
25 0 +2.106412199e+05 +2.106412199e+05 +2.106771199e+05 +2.106771199e+05 +1.1243e-01 +2.2093e-02
26 0 +2.068512297e+05 +2.068512297e+05 +2.068871297e+05 +2.068871297e+05 +1.4026e-01 +2.5639e-02
27 0 +2.003274416e+05 +2.003274416e+05 +2.003633416e+05 +2.003633416e+05 +1.9073e-01 +3.4369e-02
28 0 +1.947885176e+05 +1.947885176e+05 +1.948244176e+05 +1.948244176e+05 +2.3602e-01 +4.4739e-02
29 0 +1.851473553e+05 +1.851473553e+05 +1.851832553e+05 +1.851832553e+05 +3.2047e-01 +6.1246e-02
30 0 +1.762471165e+05 +1.762471165e+05 +1.762830165e+05 +1.762830165e+05 +3.9877e-01 +7.3523e-02
31 0 +1.579687877e+05 +1.579687877e+05 +1.580046877e+05 +1.580046877e+05 +5.4195e-01 +9.9237e-02
32 0 +1.403509364e+05 +1.403509364e+05 +1.403868364e+05 +1.403868364e+05 +6.7168e-01 +1.2611e-01
33 0 +1.184620968e+05 +1.184620968e+05 +1.184979968e+05 +1.184979968e+05 +9.1216e-01 +1.7199e-01
34 0 +1.013411697e+05 +1.013411697e+05 +1.013770697e+05 +1.013770697e+05 +1.1336e+00 +2.0998e-01
35 0 +6.310013572e+04 +6.310013572e+04 +6.313603572e+04 +6.313603572e+04 +1.5402e+00 +2.8434e-01
36 0 +3.431660529e+04 +3.431660529e+04 +3.435250529e+04 +3.435250529e+04 +1.9104e+00 +3.5709e-01
37 0 +6.447321173e+03 +6.447321173e+03 +6.483221173e+03 +6.483221173e+03 +2.5947e+00 +4.8602e-01
38 0 +1.011861198e+00 +1.011861198e+00 +3.691186120e+01 +3.691186120e+01 +3.2227e+00 +5.9838e-01
43 0 +7.447960787e-01 +7.447960787e-01 +3.664479608e+01 +3.664479608e+01 +3.1723e+00 +5.9262e-01
51 0 +4.553686777e-01 +4.553686777e-01 +3.635536868e+01 +3.635536868e+01 +3.0626e+00 +5.6993e-01
53 0 +3.979931474e-01 +3.979931474e-01 +3.629799315e+01 +3.629799315e+01 +3.0122e+00 +5.6417e-01
86 0 +3.883914844e-01 +3.883914844e-01 +3.628839148e+01 +3.628839148e+01 +2.9972e+00 +5.6696e-01
90 0 +3.786752271e-01 +3.786752271e-01 +3.627867523e+01 +3.627867523e+01 +2.9945e+00 +5.8058e-01
92 0 +3.656162735e-01 +3.656162735e-01 +3.626561627e+01 +3.626561627e+01 +2.9885e+00 +5.9326e-01
93 0 +3.580808226e-01 +3.580808226e-01 +3.625808082e+01 +3.625808082e+01 +2.9890e+00 +6.0297e-01
94 0 +3.415676520e-01 +3.415676520e-01 +3.624156765e+01 +3.624156765e+01 +2.9865e+00 +6.1901e-01
95 0 +3.231315567e-01 +3.231315567e-01 +3.622313156e+01 +3.622313156e+01 +2.9805e+00 +6.3169e-01
96 0 +2.916626362e-01 +2.916626362e-01 +3.619166264e+01 +3.619166264e+01 +2.9734e+00 +6.5725e-01
97 0 +2.698961305e-01 +2.698961305e-01 +3.616989613e+01 +3.616989613e+01 +2.9713e+00 +6.8300e-01
98 0 +2.361221063e-01 +2.361221063e-01 +3.613612211e+01 +3.613612211e+01 +2.9627e+00 +7.2787e-01
99 0 +1.973503954e-01 +1.973503954e-01 +3.609735040e+01 +3.609735040e+01 +2.9497e+00 +7.6610e-01
100 0 +1.497606164e-01 +1.497606164e-01 +3.604976062e+01 +3.604976062e+01 +2.9313e+00 +8.3965e-01
101 0 +1.311221108e-01 +1.311221108e-01 +3.603112211e+01 +3.603112211e+01 +2.9206e+00 +9.1027e-01
102 0 +9.399070223e-02 +9.399070223e-02 +3.599399070e+01 +3.599399070e+01 +2.8941e+00 +1.0368e+00
107 0 +8.553499366e-02 +8.553499366e-02 +3.598553499e+01 +3.598553499e+01 +2.8916e+00 +1.0294e+00
110 0 +8.109373826e-02 +8.109373826e-02 +3.598109374e+01 +3.598109374e+01 +2.8753e+00 +1.0835e+00
113 0 +7.804952662e-02 +7.804952662e-02 +3.597804953e+01 +3.597804953e+01 +2.8806e+00 +1.0227e+00
114 0 +5.996035195e-02 +5.996035195e-02 +3.595996035e+01 +3.595996035e+01 +2.8549e+00 +1.1001e+00
115 0 +4.494280590e-02 +4.494280590e-02 +3.594494281e+01 +3.594494281e+01 +2.8365e+00 +1.1354e+00
116 0 +4.105882986e-02 +4.105882986e-02 +3.594105883e+01 +3.594105883e+01 +2.8513e+00 +1.0513e+00
117 0 +2.832701674e-02 +2.832701674e-02 +3.592832702e+01 +3.592832702e+01 +2.8440e+00 +1.0235e+00
120 0 +1.899214157e-02 +1.899214157e-02 +3.591899214e+01 +3.591899214e+01 +2.8200e+00 +1.1078e+00
123 0 +4.623730138e-03 +4.623730138e-03 +3.590462373e+01 +3.590462373e+01 +2.8036e+00 +1.0802e+00
132 0 +4.477360571e-03 +4.477360571e-03 +3.590447736e+01 +3.590447736e+01 +2.8020e+00 +1.0934e+00
134 0 +2.738132344e-03 +2.738132344e-03 +3.590273813e+01 +3.590273813e+01 +2.7991e+00 +1.0889e+00
136 0 +1.146313383e-03 +1.146313383e-03 +3.590114631e+01 +3.590114631e+01 +2.7919e+00 +1.0999e+00
137 0 +8.940777960e-04 +8.940777960e-04 +3.590089408e+01 +3.590089408e+01 +2.7891e+00 +1.0953e+00
141 0 +3.882196385e-04 +3.882196385e-04 +3.590038822e+01 +3.590038822e+01 +2.7862e+00 +1.1020e+00
145 0 +3.314353628e-04 +3.314353628e-04 +3.590033144e+01 +3.590033144e+01 +2.7869e+00 +1.1059e+00
146 0 +2.752992442e-04 +2.752992442e-04 +3.590027530e+01 +3.590027530e+01 +2.7859e+00 +1.1112e+00
147 0 +1.762699191e-05 +1.762699191e-05 +3.590001763e+01 +3.590001763e+01 +2.7823e+00 +1.1139e+00
159 0 +7.058427407e-06 +7.058427407e-06 +3.590000706e+01 +3.590000706e+01 +2.7820e+00 +1.1138e+00
167 0 +5.262857080e-06 +5.262857080e-06 +3.590000526e+01 +3.590000526e+01 +2.7821e+00 +1.1134e+00
168 0 +2.306203136e-06 +2.306203136e-06 +3.590000231e+01 +3.590000231e+01 +2.7819e+00 +1.1131e+00
171 0 +7.614063406e-07 +7.614063406e-07 +3.590000076e+01 +3.590000076e+01 +2.7818e+00 +1.1134e+00
180 0 +3.362955496e-07 +3.362955496e-07 +3.590000034e+01 +3.590000034e+01 +2.7817e+00 +1.1136e+00
183 0 +4.116375862e-08 +4.116375862e-08 +3.590000004e+01 +3.590000004e+01 +2.7816e+00 +1.1135e+00
% f evaluations | g evaluations | best noise-free fitness - Fopt | noise-free fitness - Fopt (3.137000000000e+01) | measured fitness | best measured fitness | x1 | x2...
1 0 +1.213706503e+04 +1.213706503e+04 +1.216843503e+04 +1.216843503e+04 +0.0000e+00 +0.0000e+00
2 0 +1.213607945e+04 +1.213607945e+04 +1.216744945e+04 +1.216744945e+04 +2.5000e-04 +0.0000e+00
16 0 +1.201814792e+04 +1.201814792e+04 +1.204951792e+04 +1.204951792e+04 +2.2305e-03 +1.0035e-02
21 0 +1.168316243e+04 +1.168316243e+04 +1.171453243e+04 +1.171453243e+04 +8.1782e-03 +3.9304e-02
23 0 +1.137782790e+04 +1.137782790e+04 +1.140919790e+04 +1.140919790e+04 +1.1724e-02 +6.7135e-02
24 0 +1.119544147e+04 +1.119544147e+04 +1.122681147e+04 +1.122681147e+04 +1.6022e-02 +8.2823e-02
25 0 +1.084811858e+04 +1.084811858e+04 +1.087948858e+04 +1.087948858e+04 +2.2093e-02 +1.1243e-01
26 0 +1.051077300e+04 +1.051077300e+04 +1.054214300e+04 +1.054214300e+04 +2.5639e-02 +1.4026e-01
27 0 +9.830240964e+03 +9.830240964e+03 +9.861610964e+03 +9.861610964e+03 +3.4369e-02 +1.9073e-01
28 0 +9.156641933e+03 +9.156641933e+03 +9.188011933e+03 +9.188011933e+03 +4.4739e-02 +2.3602e-01
29 0 +7.972501246e+03 +7.972501246e+03 +8.003871246e+03 +8.003871246e+03 +6.1246e-02 +3.2047e-01
30 0 +7.226018572e+03 +7.226018572e+03 +7.257388572e+03 +7.257388572e+03 +7.3523e-02 +3.9877e-01
31 0 +6.444008358e+03 +6.444008358e+03 +6.475378358e+03 +6.475378358e+03 +9.9237e-02 +5.4195e-01
32 0 +4.712076712e+03 +4.712076712e+03 +4.743446712e+03 +4.743446712e+03 +1.2611e-01 +6.7168e-01
33 0 +3.221520571e+03 +3.221520571e+03 +3.252890571e+03 +3.252890571e+03 +1.7199e-01 +9.1216e-01
34 0 +1.738250322e+03 +1.738250322e+03 +1.769620322e+03 +1.769620322e+03 +2.0998e-01 +1.1336e+00
35 0 +1.527159225e+02 +1.527159225e+02 +1.840859225e+02 +1.840859225e+02 +2.8434e-01 +1.5402e+00
36 0 +3.421183982e+00 +3.421183982e+00 +3.479118398e+01 +3.479118398e+01 +3.5709e-01 +1.9104e+00
41 0 +3.299375526e+00 +3.299375526e+00 +3.466937553e+01 +3.466937553e+01 +3.4881e-01 +1.8823e+00
47 0 +2.912152488e+00 +2.912152488e+00 +3.428215249e+01 +3.428215249e+01 +3.2382e-01 +1.7359e+00
49 0 +2.821646697e+00 +2.821646697e+00 +3.419164670e+01 +3.419164670e+01 +3.1554e-01 +1.7078e+00
58 0 +2.778704645e+00 +2.778704645e+00 +3.414870464e+01 +3.414870464e+01 +3.1064e-01 +1.7028e+00
63 0 +2.735574212e+00 +2.735574212e+00 +3.410557421e+01 +3.410557421e+01 +3.0564e-01 +1.6911e+00
74 0 +2.685637580e+00 +2.685637580e+00 +3.405563758e+01 +3.405563758e+01 +2.9837e-01 +1.6950e+00
78 0 +2.616799729e+00 +2.616799729e+00 +3.398679973e+01 +3.398679973e+01 +2.8690e-01 +1.6995e+00
81 0 +2.520846557e+00 +2.520846557e+00 +3.389084656e+01 +3.389084656e+01 +2.6791e-01 +1.7055e+00
82 0 +2.454817208e+00 +2.454817208e+00 +3.382481721e+01 +3.382481721e+01 +2.5446e-01 +1.7115e+00
83 0 +2.412171089e+00 +2.412171089e+00 +3.378217109e+01 +3.378217109e+01 +2.4339e-01 +1.7117e+00
84 0 +2.333920050e+00 +2.333920050e+00 +3.370392005e+01 +3.370392005e+01 +2.2164e-01 +1.7177e+00
85 0 +1.990962805e+00 +1.990962805e+00 +3.336096281e+01 +3.336096281e+01 +2.0028e-01 +1.7296e+00
86 0 +1.570576829e+00 +1.570576829e+00 +3.294057683e+01 +3.294057683e+01 +1.6250e-01 +1.7446e+00
87 0 +1.437208835e+00 +1.437208835e+00 +3.280720883e+01 +3.280720883e+01 +1.2968e-01 +1.7508e+00
88 0 +1.371560178e+00 +1.371560178e+00 +3.274156018e+01 +3.274156018e+01 +6.7284e-02 +1.7705e+00
89 0 +7.351401422e-01 +7.351401422e-01 +3.210514014e+01 +3.210514014e+01 +8.1484e-03 +1.7973e+00
90 0 +3.279339621e-01 +3.279339621e-01 +3.169793396e+01 +3.169793396e+01 -9.8596e-02 +1.8371e+00
94 0 +7.477085688e-03 +7.477085688e-03 +3.137747709e+01 +3.137747709e+01 -2.5295e-01 +1.8898e+00
99 0 +3.223275105e-03 +3.223275105e-03 +3.137322328e+01 +3.137322328e+01 -2.5871e-01 +1.8967e+00
107 0 +3.615845151e-04 +3.615845151e-04 +3.137036158e+01 +3.137036158e+01 -2.6809e-01 +1.8969e+00
111 0 +3.447423446e-04 +3.447423446e-04 +3.137034474e+01 +3.137034474e+01 -2.6863e-01 +1.9003e+00
117 0 +7.395993639e-05 +7.395993639e-05 +3.137007396e+01 +3.137007396e+01 -2.7078e-01 +1.8991e+00
123 0 +6.445327573e-05 +6.445327573e-05 +3.137006445e+01 +3.137006445e+01 -2.7165e-01 +1.9009e+00
124 0 +2.982078799e-05 +2.982078799e-05 +3.137002982e+01 +3.137002982e+01 -2.7111e-01 +1.8975e+00
126 0 +2.496350555e-05 +2.496350555e-05 +3.137002496e+01 +3.137002496e+01 -2.7198e-01 +1.8993e+00
130 0 +1.038811555e-05 +1.038811555e-05 +3.137001039e+01 +3.137001039e+01 -2.7150e-01 +1.8972e+00
136 0 +6.562127666e-06 +6.562127666e-06 +3.137000656e+01 +3.137000656e+01 -2.7179e-01 +1.8977e+00
137 0 +3.315865122e-06 +3.315865122e-06 +3.137000332e+01 +3.137000332e+01 -2.7198e-01 +1.8976e+00
142 0 +1.418987544e-06 +1.418987544e-06 +3.137000142e+01 +3.137000142e+01 -2.7192e-01 +1.8972e+00
149 0 +8.613361082e-07 +8.613361082e-07 +3.137000086e+01 +3.137000086e+01 -2.7187e-01 +1.8968e+00
151 0 +3.087188851e-07 +3.087188851e-07 +3.137000031e+01 +3.137000031e+01 -2.7196e-01 +1.8970e+00
% f evaluations | g evaluations | best noise-free fitness - Fopt | noise-free fitness - Fopt (-1.000000000000e+03) | measured fitness | best measured fitness | x1 | x2...
1 0 +6.117604822e+04 +6.117604822e+04 +6.017604822e+04 +6.017604822e+04 +0.0000e+00 +0.0000e+00
2 0 +6.116565891e+04 +6.116565891e+04 +6.016565891e+04 +6.016565891e+04 +2.5000e-04 +0.0000e+00
17 0 +6.008440882e+04 +6.008440882e+04 +5.908440882e+04 +5.908440882e+04 +1.3623e-02 -1.6555e-02
20 0 +5.849992117e+04 +5.849992117e+04 +5.749992117e+04 +5.749992117e+04 +2.8962e-02 -3.4566e-02
21 0 +5.718715831e+04 +5.718715831e+04 +5.618715831e+04 +5.618715831e+04 +3.9304e-02 -4.7232e-02
22 0 +5.583210794e+04 +5.583210794e+04 +5.483210794e+04 +5.483210794e+04 +4.9297e-02 -5.7924e-02
23 0 +5.302239521e+04 +5.302239521e+04 +5.202239521e+04 +5.202239521e+04 +6.7135e-02 -7.8608e-02
24 0 +5.021194194e+04 +5.021194194e+04 +4.921194194e+04 +4.921194194e+04 +8.2823e-02 -9.8595e-02
25 0 +4.492001974e+04 +4.492001974e+04 +4.392001974e+04 +4.392001974e+04 +1.1243e-01 -1.3427e-01
26 0 +4.060159465e+04 +4.060159465e+04 +3.960159465e+04 +3.960159465e+04 +1.4026e-01 -1.6565e-01
27 0 +3.546463594e+04 +3.546463594e+04 +3.446463594e+04 +3.446463594e+04 +1.9073e-01 -2.2485e-01
28 0 +3.387934299e+04 +3.387934299e+04 +3.287934299e+04 +3.287934299e+04 +2.3602e-01 -2.8051e-01
29 0 +2.995928271e+04 +2.995928271e+04 +2.895928271e+04 +2.895928271e+04 +3.2047e-01 -3.8146e-01
30 0 +2.143336889e+04 +2.143336889e+04 +2.043336889e+04 +2.043336889e+04 +3.9877e-01 -4.7205e-01
31 0 +1.369080926e+04 +1.369080926e+04 +1.269080926e+04 +1.269080926e+04 +5.4195e-01 -6.4093e-01
32 0 +7.152859799e+03 +7.152859799e+03 +6.152859799e+03 +6.152859799e+03 +6.7168e-01 -7.9755e-01
33 0 +5.946826243e+02 +5.946826243e+02 -4.053173757e+02 -4.053173757e+02 +9.1216e-01 -1.0839e+00
34 0 +6.216062847e+00 +6.216062847e+00 -9.937839372e+02 -9.937839372e+02 +1.1336e+00 -1.3434e+00
39 0 +6.110683339e+00 +6.110683339e+00 -9.938893167e+02 -9.938893167e+02 +1.1155e+00 -1.3244e+00
45 0 +5.673710306e+00 +5.673710306e+00 -9.943262897e+02 -9.943262897e+02 +1.0297e+00 -1.2208e+00
47 0 +5.598576474e+00 +5.598576474e+00 -9.944014235e+02 -9.944014235e+02 +1.0115e+00 -1.2018e+00
91 0 +5.484592440e+00 +5.484592440e+00 -9.945154076e+02 -9.945154076e+02 +9.8571e-01 -1.1842e+00
98 0 +5.325288356e+00 +5.325288356e+00 -9.946747116e+02 -9.946747116e+02 +9.7092e-01 -1.2116e+00
100 0 +5.232143179e+00 +5.232143179e+00 -9.947678568e+02 -9.947678568e+02 +9.6111e-01 -1.2286e+00
102 0 +5.010616793e+00 +5.010616793e+00 -9.949893832e+02 -9.949893832e+02 +9.4015e-01 -1.2671e+00
103 0 +4.835122248e+00 +4.835122248e+00 -9.951648778e+02 -9.951648778e+02 +9.2217e-01 -1.2999e+00
105 0 +4.517623796e+00 +4.517623796e+00 -9.954823762e+02 -9.954823762e+02 +8.8014e-01 -1.3757e+00
106 0 +4.262408503e+00 +4.262408503e+00 -9.957375915e+02 -9.957375915e+02 +8.4418e-01 -1.4413e+00
108 0 +3.808177434e+00 +3.808177434e+00 -9.961918226e+02 -9.961918226e+02 +7.7833e-01 -1.5623e+00
109 0 +3.320186402e+00 +3.320186402e+00 -9.966798136e+02 -9.966798136e+02 +7.0641e-01 -1.6936e+00
111 0 +2.603742922e+00 +2.603742922e+00 -9.973962571e+02 -9.973962571e+02 +5.5650e-01 -1.9662e+00
112 0 +2.095586422e+00 +2.095586422e+00 -9.979044136e+02 -9.979044136e+02 +4.1266e-01 -2.2287e+00
113 0 +1.771920359e+00 +1.771920359e+00 -9.982280796e+02 -9.982280796e+02 +4.2479e-01 -2.2083e+00
114 0 +1.280814549e+00 +1.280814549e+00 -9.987191855e+02 -9.987191855e+02 +2.9005e-01 -2.4555e+00
115 0 +7.358609634e-01 +7.358609634e-01 -9.992641390e+02 -9.992641390e+02 -3.6965e-03 -2.9906e+00
117 0 +2.329183021e-01 +2.329183021e-01 -9.997670817e+02 -9.997670817e+02 -1.2630e-01 -3.2175e+00
121 0 +1.943928502e-01 +1.943928502e-01 -9.998056071e+02 -9.998056071e+02 -1.0083e-02 -3.0066e+00
122 0 +1.636173870e-01 +1.636173870e-01 -9.998363826e+02 -9.998363826e+02 -1.3276e-02 -3.0146e+00
125 0 +4.937054648e-03 +4.937054648e-03 -9.999950629e+02 -9.999950629e+02 -1.6095e-01 -3.2842e+00
132 0 +2.810395243e-04 +2.810395243e-04 -9.999997190e+02 -9.999997190e+02 -1.8100e-01 -3.3219e+00
140 0 +1.645659111e-04 +1.645659111e-04 -9.999998354e+02 -9.999998354e+02 -1.8248e-01 -3.3239e+00
148 0 +5.370691440e-05 +5.370691440e-05 -9.999999463e+02 -9.999999463e+02 -1.8434e-01 -3.3277e+00
150 0 +5.344124929e-06 +5.344124929e-06 -9.999999947e+02 -9.999999947e+02 -1.8582e-01 -3.3297e+00
158 0 +2.254478886e-06 +2.254478886e-06 -9.999999977e+02 -9.999999977e+02 -1.8613e-01 -3.3303e+00
164 0 +9.096548865e-07 +9.096548865e-07 -9.999999991e+02 -9.999999991e+02 -1.8628e-01 -3.3305e+00
170 0 +5.728862789e-07 +5.728862789e-07 -9.999999994e+02 -9.999999994e+02 -1.8627e-01 -3.3304e+00
171 0 +1.379389687e-07 +1.379389687e-07 -9.999999999e+02 -9.999999999e+02 -1.8634e-01 -3.3304e+00
% f evaluations | g evaluations | best noise-free fitness - Fopt | noise-free fitness - Fopt (1.319200000000e+02) | measured fitness | best measured fitness | x1 | x2...
1 0 +1.849514788e+01 +1.849514788e+01 +1.504151479e+02 +1.504151479e+02 +0.0000e+00 +0.0000e+00
3 0 +1.849007456e+01 +1.849007456e+01 +1.504100746e+02 +1.504100746e+02 +0.0000e+00 +2.5000e-04
17 0 +1.813260826e+01 +1.813260826e+01 +1.500526083e+02 +1.500526083e+02 -1.6555e-02 +1.3623e-02
20 0 +1.772678037e+01 +1.772678037e+01 +1.496467804e+02 +1.496467804e+02 -3.4566e-02 +2.8962e-02
22 0 +1.719528057e+01 +1.719528057e+01 +1.491152806e+02 +1.491152806e+02 -5.7924e-02 +4.9297e-02
23 0 +1.673663754e+01 +1.673663754e+01 +1.486566375e+02 +1.486566375e+02 -7.8608e-02 +6.7135e-02
24 0 +1.633439007e+01 +1.633439007e+01 +1.482543901e+02 +1.482543901e+02 -9.8595e-02 +8.2823e-02
25 0 +1.562299462e+01 +1.562299462e+01 +1.475429946e+02 +1.475429946e+02 -1.3427e-01 +1.1243e-01
26 0 +1.502011662e+01 +1.502011662e+01 +1.469401166e+02 +1.469401166e+02 -1.6565e-01 +1.4026e-01
27 0 +1.408423481e+01 +1.408423481e+01 +1.460042348e+02 +1.460042348e+02 -2.2485e-01 +1.9073e-01
28 0 +1.344311478e+01 +1.344311478e+01 +1.453631148e+02 +1.453631148e+02 -2.8051e-01 +2.3602e-01
29 0 +1.276319657e+01 +1.276319657e+01 +1.446831966e+02 +1.446831966e+02 -3.8146e-01 +3.2047e-01
30 0 +1.254559643e+01 +1.254559643e+01 +1.444655964e+02 +1.444655964e+02 -4.7205e-01 +3.9877e-01
31 0 +1.201155915e+01 +1.201155915e+01 +1.439315591e+02 +1.439315591e+02 -6.4093e-01 +5.4195e-01
32 0 +1.031259267e+01 +1.031259267e+01 +1.422325927e+02 +1.422325927e+02 -7.9755e-01 +6.7168e-01
34 0 +7.370976961e+00 +7.370976961e+00 +1.392909770e+02 +1.392909770e+02 -1.0570e+00 +8.9316e-01
73 0 +7.243686815e+00 +7.243686815e+00 +1.391636868e+02 +1.391636868e+02 -1.0869e+00 +9.0409e-01
78 0 +7.046569638e+00 +7.046569638e+00 +1.389665696e+02 +1.389665696e+02 -1.1498e+00 +9.1905e-01
80 0 +6.891192844e+00 +6.891192844e+00 +1.388111928e+02 +1.388111928e+02 -1.2116e+00 +9.3766e-01
82 0 +6.710544134e+00 +6.710544134e+00 +1.386305441e+02 +1.386305441e+02 -1.3078e+00 +9.5840e-01
83 0 +6.581639286e+00 +6.581639286e+00 +1.385016393e+02 +1.385016393e+02 -1.3696e+00 +9.7701e-01
84 0 +6.282538002e+00 +6.282538002e+00 +1.382025380e+02 +1.382025380e+02 -1.4795e+00 +1.0060e+00
85 0 +5.928007594e+00 +5.928007594e+00 +1.378480076e+02 +1.378480076e+02 -1.5757e+00 +1.0267e+00
86 0 +5.079816856e+00 +5.079816856e+00 +1.369998169e+02 +1.369998169e+02 -1.7578e+00 +1.0713e+00
87 0 +4.368632309e+00 +4.368632309e+00 +1.362886323e+02 +1.362886323e+02 -1.9295e+00 +1.1189e+00
88 0 +3.423347443e+00 +3.423347443e+00 +1.353433474e+02 +1.353433474e+02 -2.2403e+00 +1.1991e+00
89 0 +2.655240405e+00 +2.655240405e+00 +1.345752404e+02 +1.345752404e+02 -2.5186e+00 +1.2643e+00
90 0 +1.478710631e+00 +1.478710631e+00 +1.333987106e+02 +1.333987106e+02 -3.0382e+00 +1.3935e+00
91 0 +8.759938525e-01 +8.759938525e-01 +1.327959939e+02 +1.327959939e+02 -3.5207e+00 +1.5213e+00
95 0 +7.389866763e-01 +7.389866763e-01 +1.326589867e+02 +1.326589867e+02 -3.7990e+00 +1.5866e+00
110 0 +7.224022660e-01 +7.224022660e-01 +1.326424023e+02 +1.326424023e+02 -4.0469e+00 +1.6593e+00
113 0 +7.040538841e-01 +7.040538841e-01 +1.326240539e+02 +1.326240539e+02 -3.9724e+00 +1.6482e+00
114 0 +6.777486990e-01 +6.777486990e-01 +1.325977487e+02 +1.325977487e+02 -3.9733e+00 +1.6552e+00
116 0 +5.994176004e-01 +5.994176004e-01 +1.325194176e+02 +1.325194176e+02 -3.8997e+00 +1.6512e+00
117 0 +5.054671158e-01 +5.054671158e-01 +1.324254671e+02 +1.324254671e+02 -3.9015e+00 +1.6652e+00
119 0 +3.987402248e-01 +3.987402248e-01 +1.323187402e+02 +1.323187402e+02 -3.9804e+00 +1.7112e+00
120 0 +3.174487031e-01 +3.174487031e-01 +1.322374487e+02 +1.322374487e+02 -3.9839e+00 +1.7393e+00
122 0 +1.559944160e-01 +1.559944160e-01 +1.320759944e+02 +1.320759944e+02 -3.9156e+00 +1.7772e+00
123 0 +5.235878960e-02 +5.235878960e-02 +1.319723588e+02 +1.319723588e+02 -3.9227e+00 +1.8333e+00
126 0 +4.498698962e-02 +4.498698962e-02 +1.319649870e+02 +1.319649870e+02 -3.8320e+00 +1.8387e+00
132 0 +2.599076898e-02 +2.599076898e-02 +1.319459908e+02 +1.319459908e+02 -3.8734e+00 +1.8588e+00
136 0 +2.278568310e-02 +2.278568310e-02 +1.319427857e+02 +1.319427857e+02 -3.9291e+00 +1.8611e+00
137 0 +1.989306943e-02 +1.989306943e-02 +1.319398931e+02 +1.319398931e+02 -3.9776e+00 +1.8723e+00
138 0 +4.664526079e-03 +4.664526079e-03 +1.319246645e+02 +1.319246645e+02 -3.9633e+00 +1.8901e+00
148 0 +7.316663557e-04 +7.316663557e-04 +1.319207317e+02 +1.319207317e+02 -3.9665e+00 +1.9040e+00
152 0 +1.970585071e-04 +1.970585071e-04 +1.319201971e+02 +1.319201971e+02 -3.9810e+00 +1.9072e+00
158 0 +8.498506659e-05 +8.498506659e-05 +1.319200850e+02 +1.319200850e+02 -3.9773e+00 +1.9086e+00
166 0 +2.980307730e-05 +2.980307730e-05 +1.319200298e+02 +1.319200298e+02 -3.9801e+00 +1.9092e+00
167 0 +4.473909883e-07 +4.473909883e-07 +1.319200004e+02 +1.319200004e+02 -3.9822e+00 +1.9103e+00
184 0 +1.142095130e-08 +1.142095130e-08 +1.319200000e+02 +1.319200000e+02 -3.9824e+00 +1.9104e+00
% f evaluations | g evaluations | best noise-free fitness - Fopt | noise-free fitness - Fopt (5.908400000000e+02) | measured fitness | best measured fitness | x1 | x2...
1 0 +2.473902553e+04 +2.473902553e+04 +2.532986553e+04 +2.532986553e+04 +0.0000e+00 +0.0000e+00
4 0 +2.473772117e+04 +2.473772117e+04 +2.532856117e+04 +2.532856117e+04 -2.5000e-04 +2.5000e-04
13 0 +2.452475368e+04 +2.452475368e+04 +2.511559368e+04 +2.511559368e+04 -5.7187e-03 +1.3516e-03
18 0 +2.392804845e+04 +2.392804845e+04 +2.451888845e+04 +2.451888845e+04 -2.0070e-02 +3.0371e-03
20 0 +2.339214134e+04 +2.339214134e+04 +2.398298134e+04 +2.398298134e+04 -3.4566e-02 +5.8545e-03
22 0 +2.252453803e+04 +2.252453803e+04 +2.311537803e+04 +2.311537803e+04 -5.7924e-02 +8.8765e-03
23 0 +2.182959161e+04 +2.182959161e+04 +2.242043161e+04 +2.242043161e+04 -7.8608e-02 +1.1724e-02
24 0 +2.126790460e+04 +2.126790460e+04 +2.185874460e+04 +2.185874460e+04 -9.8595e-02 +1.6022e-02
25 0 +2.036324011e+04 +2.036324011e+04 +2.095408011e+04 +2.095408011e+04 -1.3427e-01 +2.2093e-02
26 0 +1.968265077e+04 +1.968265077e+04 +2.027349077e+04 +2.027349077e+04 -1.6565e-01 +2.5639e-02
27 0 +1.874570934e+04 +1.874570934e+04 +1.933654934e+04 +1.933654934e+04 -2.2485e-01 +3.4369e-02
28 0 +1.803863544e+04 +1.803863544e+04 +1.862947544e+04 +1.862947544e+04 -2.8051e-01 +4.4739e-02
29 0 +1.636248079e+04 +1.636248079e+04 +1.695332079e+04 +1.695332079e+04 -3.8146e-01 +6.1246e-02
30 0 +1.425715516e+04 +1.425715516e+04 +1.484799516e+04 +1.484799516e+04 -4.7205e-01 +7.3523e-02
31 0 +1.111750148e+04 +1.111750148e+04 +1.170834148e+04 +1.170834148e+04 -6.4093e-01 +9.9237e-02
32 0 +8.140187611e+03 +8.140187611e+03 +8.731027611e+03 +8.731027611e+03 -7.9755e-01 +1.2611e-01
33 0 +4.216075700e+03 +4.216075700e+03 +4.806915700e+03 +4.806915700e+03 -1.0839e+00 +1.7199e-01
34 0 +1.952527997e+03 +1.952527997e+03 +2.543367997e+03 +2.543367997e+03 -1.3434e+00 +2.0998e-01
35 0 +2.694744575e+01 +2.694744575e+01 +6.177874458e+02 +6.177874458e+02 -1.8243e+00 +2.8434e-01
41 0 +2.654345136e+01 +2.654345136e+01 +6.173834514e+02 +6.173834514e+02 -1.8053e+00 +2.8353e-01
51 0 +2.617852400e+01 +2.617852400e+01 +6.170185240e+02 +6.170185240e+02 -1.7865e+00 +2.7937e-01
85 0 +2.565656458e+01 +2.565656458e+01 +6.164965646e+02 +6.164965646e+02 -1.7551e+00 +2.5876e-01
90 0 +2.500647611e+01 +2.500647611e+01 +6.158464761e+02 +6.158464761e+02 -1.7068e+00 +2.0382e-01
92 0 +2.451291482e+01 +2.451291482e+01 +6.153529148e+02 +6.153529148e+02 -1.6577e+00 +1.5055e-01
94 0 +2.394552187e+01 +2.394552187e+01 +6.147855219e+02 +6.147855219e+02 -1.5847e+00 +6.6120e-02
96 0 +2.339648630e+01 +2.339648630e+01 +6.142364863e+02 +6.142364863e+02 -1.4501e+00 -8.2630e-02
98 0 +2.166209569e+01 +2.166209569e+01 +6.125020957e+02 +6.125020957e+02 -1.2368e+00 -3.2587e-01
99 0 +1.903280158e+01 +1.903280158e+01 +6.098728016e+02 +6.098728016e+02 -1.1022e+00 -4.7463e-01
100 0 +1.400730382e+01 +1.400730382e+01 +6.048473038e+02 +6.048473038e+02 -8.6088e-01 -7.4500e-01
101 0 +1.255405746e+01 +1.255405746e+01 +6.033940575e+02 +6.033940575e+02 -6.4759e-01 -9.8824e-01
102 0 +8.426029731e+00 +8.426029731e+00 +5.992660297e+02 +5.992660297e+02 -2.4634e-01 -1.4410e+00
103 0 +5.734875545e+00 +5.734875545e+00 +5.965748755e+02 +5.965748755e+02 +1.2959e-01 -1.8602e+00
104 0 +1.402845268e+00 +1.402845268e+00 +5.922428453e+02 +5.922428453e+02 +8.1279e-01 -2.6273e+00
105 0 +2.842028479e-03 +2.842028479e-03 +5.908428420e+02 +5.908428420e+02 +1.4273e+00 -3.3234e+00
131 0 +1.105204311e-03 +1.105204311e-03 +5.908411052e+02 +5.908411052e+02 +1.4467e+00 -3.3453e+00
148 0 +9.463209885e-04 +9.463209885e-04 +5.908409463e+02 +5.908409463e+02 +1.4383e+00 -3.3357e+00
150 0 +8.124157623e-04 +8.124157623e-04 +5.908408124e+02 +5.908408124e+02 +1.4396e+00 -3.3373e+00
152 0 +5.102546884e-04 +5.102546884e-04 +5.908405103e+02 +5.908405103e+02 +1.4428e+00 -3.3409e+00
153 0 +4.800735494e-04 +4.800735494e-04 +5.908404801e+02 +5.908404801e+02 +1.4442e+00 -3.3425e+00
157 0 +4.349359574e-04 +4.349359574e-04 +5.908404349e+02 +5.908404349e+02 +1.4455e+00 -3.3439e+00
161 0 +4.255193005e-04 +4.255193005e-04 +5.908404255e+02 +5.908404255e+02 +1.4459e+00 -3.3443e+00
% f evaluations | g evaluations | best noise-free fitness - Fopt | noise-free fitness - Fopt (6.749000000000e+01) | measured fitness | best measured fitness | x1 | x2...
1 0 +6.509366078e+03 +6.509366078e+03 +6.576856078e+03 +6.576856078e+03 +0.0000e+00 +0.0000e+00
4 0 +6.508736203e+03 +6.508736203e+03 +6.576226203e+03 +6.576226203e+03 +2.5000e-04 -2.5000e-04
16 0 +6.444028330e+03 +6.444028330e+03 +6.511518330e+03 +6.511518330e+03 +2.2305e-03 -1.2016e-02
21 0 +6.253231559e+03 +6.253231559e+03 +6.320721559e+03 +6.320721559e+03 +8.1782e-03 -4.7232e-02
23 0 +6.093848265e+03 +6.093848265e+03 +6.161338265e+03 +6.161338265e+03 +1.1724e-02 -7.8608e-02
25 0 +5.976603320e+03 +5.976603320e+03 +6.044093320e+03 +6.044093320e+03 +2.2093e-02 -1.3427e-01
44 0 +5.859762023e+03 +5.859762023e+03 +5.927252023e+03 +5.927252023e+03 +1.4808e-02 -1.4088e-01
48 0 +5.694889156e+03 +5.694889156e+03 +5.762379156e+03 +5.762379156e+03 +8.1793e-03 -1.7077e-01
51 0 +5.464534575e+03 +5.464534575e+03 +5.532024575e+03 +5.532024575e+03 -8.4914e-03 -1.5666e-01
52 0 +5.274546836e+03 +5.274546836e+03 +5.342036836e+03 +5.342036836e+03 -1.9243e-02 -1.6291e-01
54 0 +4.909944250e+03 +4.909944250e+03 +4.977434250e+03 +4.977434250e+03 -4.6665e-02 -1.5504e-01
55 0 +4.564793008e+03 +4.564793008e+03 +4.632283008e+03 +4.632283008e+03 -6.8168e-02 -1.6754e-01
57 0 +4.318478521e+03 +4.318478521e+03 +4.385968521e+03 +4.385968521e+03 -6.8953e-02 -2.5133e-01
58 0 +3.842324922e+03 +3.842324922e+03 +3.909814922e+03 +3.909814922e+03 -1.1788e-01 -2.5597e-01
59 0 +3.689535146e+03 +3.689535146e+03 +3.757025146e+03 +3.757025146e+03 -1.6720e-01 -3.0250e-01
61 0 +2.909663464e+03 +2.909663464e+03 +2.977153464e+03 +2.977153464e+03 -2.6622e-01 -4.3746e-01
62 0 +1.992432140e+03 +1.992432140e+03 +2.059922140e+03 +2.059922140e+03 -3.6486e-01 -5.3052e-01
64 0 +8.832511045e+02 +8.832511045e+02 +9.507411045e+02 +9.507411045e+02 -5.6174e-01 -6.7475e-01
65 0 +1.939534923e+02 +1.939534923e+02 +2.614434923e+02 +2.614434923e+02 -7.5901e-01 -8.6088e-01
67 0 +3.009942772e-01 +3.009942772e-01 +6.779099428e+01 +6.779099428e+01 -1.1539e+00 -1.2750e+00
69 0 +1.836190989e-01 +1.836190989e-01 +6.767361910e+01 +6.767361910e+01 -1.1532e+00 -1.1912e+00
73 0 +6.964706694e-02 +6.964706694e-02 +6.755964707e+01 +6.755964707e+01 -9.5628e-01 -1.0470e+00
75 0 +1.504275299e-02 +1.504275299e-02 +6.750504275e+01 +6.750504275e+01 -9.5549e-01 -9.6321e-01
83 0 +4.554968562e-03 +4.554968562e-03 +6.749455497e+01 +6.749455497e+01 -9.1860e-01 -9.3879e-01
92 0 +2.032245696e-03 +2.032245696e-03 +6.749203225e+01 +6.749203225e+01 -8.9750e-01 -9.2828e-01
98 0 +1.362329727e-03 +1.362329727e-03 +6.749136233e+01 +6.749136233e+01 -9.0017e-01 -9.2506e-01
99 0 +6.858556028e-04 +6.858556028e-04 +6.749068586e+01 +6.749068586e+01 -8.9625e-01 -9.1780e-01
102 0 +4.962399232e-04 +4.962399232e-04 +6.749049624e+01 +6.749049624e+01 -8.8997e-01 -9.1638e-01
108 0 +3.240318448e-04 +3.240318448e-04 +6.749032403e+01 +6.749032403e+01 -8.9201e-01 -9.1430e-01
110 0 +2.801749438e-04 +2.801749438e-04 +6.749028017e+01 +6.749028017e+01 -8.8573e-01 -9.1288e-01
112 0 +1.123248877e-04 +1.123248877e-04 +6.749011232e+01 +6.749011232e+01 -8.8777e-01 -9.1079e-01
118 0 +8.269654751e-05 +8.269654751e-05 +6.749008270e+01 +6.749008270e+01 -8.8555e-01 -9.1013e-01
119 0 +6.031727486e-05 +6.031727486e-05 +6.749006032e+01 +6.749006032e+01 -8.8363e-01 -9.0866e-01
122 0 +2.608489159e-05 +2.608489159e-05 +6.749002608e+01 +6.749002608e+01 -8.8497e-01 -9.0838e-01
128 0 +1.602098897e-05 +1.602098897e-05 +6.749001602e+01 +6.749001602e+01 -8.8350e-01 -9.0757e-01
130 0 +3.948484149e-06 +3.948484149e-06 +6.749000395e+01 +6.749000395e+01 -8.8391e-01 -9.0711e-01
136 0 +1.700328284e-06 +1.700328284e-06 +6.749000170e+01 +6.749000170e+01 -8.8339e-01 -9.0678e-01
144 0 +9.137822445e-07 +9.137822445e-07 +6.749000091e+01 +6.749000091e+01 -8.8342e-01 -9.0671e-01
145 0 +1.791140107e-07 +1.791140107e-07 +6.749000018e+01 +6.749000018e+01 -8.8328e-01 -9.0652e-01
152 0 +1.470164079e-07 +1.470164079e-07 +6.749000015e+01 +6.749000015e+01 -8.8322e-01 -9.0648e-01
% f evaluations | g evaluations | best noise-free fitness - Fopt | noise-free fitness - Fopt (3.085000000000e+01) | measured fitness | best measured fitness | x1 | x2...
1 0 +6.494185296e+01 +6.494185296e+01 +9.579185296e+01 +9.579185296e+01 +0.0000e+00 +0.0000e+00
2 0 +6.493492015e+01 +6.493492015e+01 +9.578492015e+01 +9.578492015e+01 +2.5000e-04 +0.0000e+00
17 0 +6.449417849e+01 +6.449417849e+01 +9.534417849e+01 +9.534417849e+01 +1.3623e-02 -1.6555e-02
23 0 +6.271840646e+01 +6.271840646e+01 +9.356840646e+01 +9.356840646e+01 +6.7135e-02 -7.8608e-02
25 0 +6.113505433e+01 +6.113505433e+01 +9.198505433e+01 +9.198505433e+01 +1.1243e-01 -1.3427e-01
26 0 +6.013478975e+01 +6.013478975e+01 +9.098478975e+01 +9.098478975e+01 +1.4026e-01 -1.6565e-01
27 0 +5.822786368e+01 +5.822786368e+01 +8.907786368e+01 +8.907786368e+01 +1.9073e-01 -2.2485e-01
28 0 +5.642474152e+01 +5.642474152e+01 +8.727474152e+01 +8.727474152e+01 +2.3602e-01 -2.8051e-01
29 0 +5.298462075e+01 +5.298462075e+01 +8.383462075e+01 +8.383462075e+01 +3.2047e-01 -3.8146e-01
30 0 +4.991499219e+01 +4.991499219e+01 +8.076499219e+01 +8.076499219e+01 +3.9877e-01 -4.7205e-01
31 0 +4.523631572e+01 +4.523631572e+01 +7.608631572e+01 +7.608631572e+01 +5.4195e-01 -6.4093e-01
32 0 +4.206462136e+01 +4.206462136e+01 +7.291462136e+01 +7.291462136e+01 +6.7168e-01 -7.9755e-01
33 0 +3.434649605e+01 +3.434649605e+01 +6.519649605e+01 +6.519649605e+01 +9.1216e-01 -1.0839e+00
34 0 +2.561064269e+01 +2.561064269e+01 +5.646064269e+01 +5.646064269e+01 +1.1336e+00 -1.3434e+00
35 0 +1.746124895e+01 +1.746124895e+01 +4.831124895e+01 +4.831124895e+01 +1.5402e+00 -1.8243e+00
36 0 +1.063266719e+01 +1.063266719e+01 +4.148266719e+01 +4.148266719e+01 +1.9104e+00 -2.2673e+00
37 0 +1.392445537e+00 +1.392445537e+00 +3.224244554e+01 +3.224244554e+01 +2.5947e+00 -3.0804e+00
40 0 +1.207779734e+00 +1.207779734e+00 +3.205777973e+01 +3.205777973e+01 +2.6451e+00 -3.1366e+00
48 0 +5.156965605e-01 +5.156965605e-01 +3.136569656e+01 +3.136569656e+01 +2.7548e+00 -3.2691e+00
50 0 +3.367608557e-01 +3.367608557e-01 +3.118676086e+01 +3.118676086e+01 +2.8053e+00 -3.3252e+00
54 0 +2.022017735e-01 +2.022017735e-01 +3.105220177e+01 +3.105220177e+01 +2.8475e+00 -3.3774e+00
60 0 +1.904816355e-01 +1.904816355e-01 +3.104048164e+01 +3.104048164e+01 +2.8508e+00 -3.3829e+00
68 0 +1.809074852e-01 +1.809074852e-01 +3.103090749e+01 +3.103090749e+01 +2.8542e+00 -3.3864e+00
80 0 +1.776638134e-01 +1.776638134e-01 +3.102766381e+01 +3.102766381e+01 +2.8549e+00 -3.3887e+00
86 0 +1.734599942e-01 +1.734599942e-01 +3.102345999e+01 +3.102345999e+01 +2.8558e+00 -3.3917e+00
91 0 +1.688527404e-01 +1.688527404e-01 +3.101885274e+01 +3.101885274e+01 +2.8565e+00 -3.3961e+00
93 0 +1.639076960e-01 +1.639076960e-01 +3.101390770e+01 +3.101390770e+01 +2.8575e+00 -3.4014e+00
94 0 +1.605025536e-01 +1.605025536e-01 +3.101050255e+01 +3.101050255e+01 +2.8581e+00 -3.4054e+00
96 0 +1.560683426e-01 +1.560683426e-01 +3.100606834e+01 +3.100606834e+01 +2.8590e+00 -3.4119e+00
97 0 +1.518295087e-01 +1.518295087e-01 +3.100182951e+01 +3.100182951e+01 +2.8602e+00 -3.4198e+00
98 0 +1.504764934e-01 +1.504764934e-01 +3.100047649e+01 +3.100047649e+01 +2.8609e+00 -3.4225e+00
99 0 +1.464815604e-01 +1.464815604e-01 +3.099648156e+01 +3.099648156e+01 +2.8626e+00 -3.4324e+00
100 0 +1.380125198e-01 +1.380125198e-01 +3.098801252e+01 +3.098801252e+01 +2.8648e+00 -3.4469e+00
101 0 +1.146178489e-01 +1.146178489e-01 +3.096461785e+01 +3.096461785e+01 +2.8681e+00 -3.4677e+00
102 0 +9.757234941e-02 +9.757234941e-02 +3.094757235e+01 +3.094757235e+01 +2.8705e+00 -3.4802e+00
103 0 +8.042157036e-02 +8.042157036e-02 +3.093042157e+01 +3.093042157e+01 +2.8757e+00 -3.5104e+00
104 0 +5.766421008e-02 +5.766421008e-02 +3.090766421e+01 +3.090766421e+01 +2.8812e+00 -3.5457e+00
105 0 +2.789117005e-02 +2.789117005e-02 +3.087789117e+01 +3.087789117e+01 +2.8904e+00 -3.6023e+00
106 0 +1.575586114e-02 +1.575586114e-02 +3.086575586e+01 +3.086575586e+01 +2.8980e+00 -3.6451e+00
110 0 +4.518753185e-03 +4.518753185e-03 +3.085451875e+01 +3.085451875e+01 +2.9035e+00 -3.6803e+00
117 0 +5.466473489e-04 +5.466473489e-04 +3.085054665e+01 +3.085054665e+01 +2.9080e+00 -3.7074e+00
122 0 +2.979853074e-04 +2.979853074e-04 +3.085029799e+01 +3.085029799e+01 +2.9085e+00 -3.7115e+00
126 0 +7.152402879e-05 +7.152402879e-05 +3.085007152e+01 +3.085007152e+01 +2.9096e+00 -3.7167e+00
128 0 +4.355737001e-06 +4.355737001e-06 +3.085000436e+01 +3.085000436e+01 +2.9101e+00 -3.7208e+00
144 0 +2.779444973e-06 +2.779444973e-06 +3.085000278e+01 +3.085000278e+01 +2.9102e+00 -3.7206e+00
145 0 +1.435364403e-06 +1.435364403e-06 +3.085000144e+01 +3.085000144e+01 +2.9103e+00 -3.7206e+00
146 0 +1.246040846e-06 +1.246040846e-06 +3.085000125e+01 +3.085000125e+01 +2.9102e+00 -3.7209e+00
150 0 +3.321058735e-07 +3.321058735e-07 +3.085000033e+01 +3.085000033e+01 +2.9103e+00 -3.7207e+00
156 0 +2.533931216e-07 +2.533931216e-07 +3.085000025e+01 +3.085000025e+01 +2.9103e+00 -3.7208e+00
160 0 +1.067717967e-07 +1.067717967e-07 +3.085000011e+01 +3.085000011e+01 +2.9104e+00 -3.7207e+00
% f evaluations | g evaluations | best noise-free fitness - Fopt | noise-free fitness - Fopt (-1.255000000000e+01) | measured fitness | best measured fitness | x1 | x2...
1 0 +8.527795398e+01 +8.527795398e+01 +7.272795398e+01 +7.272795398e+01 +0.0000e+00 +0.0000e+00
2 0 +8.526392889e+01 +8.526392889e+01 +7.271392889e+01 +7.271392889e+01 +2.5000e-04 +0.0000e+00
12 0 +8.507849899e+01 +8.507849899e+01 +7.252849899e+01 +7.252849899e+01 +3.3906e-03 +9.2188e-04
21 0 +8.302912397e+01 +8.302912397e+01 +7.047912397e+01 +7.047912397e+01 +3.9304e-02 +8.1782e-03
24 0 +8.066257305e+01 +8.066257305e+01 +6.811257305e+01 +6.811257305e+01 +8.2823e-02 +1.6022e-02
25 0 +7.912385983e+01 +7.912385983e+01 +6.657385983e+01 +6.657385983e+01 +1.1243e-01 +2.2093e-02
27 0 +7.542539769e+01 +7.542539769e+01 +6.287539769e+01 +6.287539769e+01 +1.9073e-01 +3.4369e-02
28 0 +7.349096873e+01 +7.349096873e+01 +6.094096873e+01 +6.094096873e+01 +2.3602e-01 +4.4739e-02
29 0 +7.032359654e+01 +7.032359654e+01 +5.777359654e+01 +5.777359654e+01 +3.2047e-01 +6.1246e-02
30 0 +6.778077789e+01 +6.778077789e+01 +5.523077789e+01 +5.523077789e+01 +3.9877e-01 +7.3523e-02
31 0 +6.348331674e+01 +6.348331674e+01 +5.093331674e+01 +5.093331674e+01 +5.4195e-01 +9.9237e-02
32 0 +5.929930302e+01 +5.929930302e+01 +4.674930302e+01 +4.674930302e+01 +6.7168e-01 +1.2611e-01
33 0 +5.059947918e+01 +5.059947918e+01 +3.804947918e+01 +3.804947918e+01 +9.1216e-01 +1.7199e-01
34 0 +4.423051574e+01 +4.423051574e+01 +3.168051574e+01 +3.168051574e+01 +1.1336e+00 +2.0998e-01
35 0 +3.294012695e+01 +3.294012695e+01 +2.039012695e+01 +2.039012695e+01 +1.5402e+00 +2.8434e-01
36 0 +2.358964023e+01 +2.358964023e+01 +1.103964023e+01 +1.103964023e+01 +1.9104e+00 +3.5709e-01
37 0 +1.192627759e+01 +1.192627759e+01 -6.237224051e-01 -6.237224051e-01 +2.5947e+00 +4.8602e-01
39 0 +1.111943972e+01 +1.111943972e+01 -1.430560278e+00 -1.430560278e+00 +2.6451e+00 +4.9178e-01
42 0 +4.793802115e+00 +4.793802115e+00 -7.756197885e+00 -7.756197885e+00 +3.1597e+00 +5.9118e-01
57 0 +4.721546446e+00 +4.721546446e+00 -7.828453554e+00 -7.828453554e+00 +3.1680e+00 +5.9305e-01
63 0 +4.534871497e+00 +4.534871497e+00 -8.015128503e+00 -8.015128503e+00 +3.1920e+00 +5.9748e-01
122 0 +4.464818509e+00 +4.464818509e+00 -8.085181491e+00 -8.085181491e+00 +3.1957e+00 +6.0935e-01
127 0 +4.333604441e+00 +4.333604441e+00 -8.216395559e+00 -8.216395559e+00 +3.1977e+00 +6.4195e-01
129 0 +4.221870536e+00 +4.221870536e+00 -8.328129464e+00 -8.328129464e+00 +3.1991e+00 +6.7259e-01
130 0 +4.157732157e+00 +4.157732157e+00 -8.392267843e+00 -8.392267843e+00 +3.2005e+00 +6.9025e-01
131 0 +4.044319710e+00 +4.044319710e+00 -8.505680290e+00 -8.505680290e+00 +3.2025e+00 +7.2324e-01
132 0 +3.943236892e+00 +3.943236892e+00 -8.606763108e+00 -8.606763108e+00 +3.2039e+00 +7.5388e-01
133 0 +3.751330397e+00 +3.751330397e+00 -8.798669603e+00 -8.798669603e+00 +3.2070e+00 +8.0985e-01
134 0 +3.561165447e+00 +3.561165447e+00 -8.988834553e+00 -8.988834553e+00 +3.2104e+00 +8.6049e-01
135 0 +3.182971338e+00 +3.182971338e+00 -9.367028662e+00 -9.367028662e+00 +3.2160e+00 +9.5444e-01
136 0 +2.863304289e+00 +2.863304289e+00 -9.686695711e+00 -9.686695711e+00 +3.2205e+00 +1.0411e+00
137 0 +2.496457656e+00 +2.496457656e+00 -1.005354234e+01 -1.005354234e+01 +3.2296e+00 +1.2000e+00
138 0 +2.092696603e+00 +2.092696603e+00 -1.045730340e+01 -1.045730340e+01 +3.2386e+00 +1.3446e+00
139 0 +1.364513518e+00 +1.364513518e+00 -1.118548648e+01 -1.118548648e+01 +3.2544e+00 +1.6119e+00
140 0 +7.618729093e-01 +7.618729093e-01 -1.178812709e+01 -1.178812709e+01 +3.2679e+00 +1.8574e+00
141 0 +2.015290252e-01 +2.015290252e-01 -1.234847097e+01 -1.234847097e+01 +3.2938e+00 +2.3089e+00
144 0 +1.669704868e-01 +1.669704868e-01 -1.238302951e+01 -1.238302951e+01 +3.2963e+00 +2.3406e+00
150 0 +7.910788009e-02 +7.910788009e-02 -1.247089212e+01 -1.247089212e+01 +3.3053e+00 +2.5030e+00
152 0 +6.781242909e-02 +6.781242909e-02 -1.248218757e+01 -1.248218757e+01 +3.3078e+00 +2.5347e+00
156 0 +4.677496614e-02 +4.677496614e-02 -1.250322503e+01 -1.250322503e+01 +3.3116e+00 +2.6080e+00
158 0 +4.551842409e-02 +4.551842409e-02 -1.250448158e+01 -1.250448158e+01 +3.3141e+00 +2.6397e+00
169 0 +4.461923644e-02 +4.461923644e-02 -1.250538076e+01 -1.250538076e+01 +3.3141e+00 +2.6269e+00
175 0 +4.352056972e-02 +4.352056972e-02 -1.250647943e+01 -1.250647943e+01 +3.3154e+00 +2.6215e+00
179 0 +4.215701364e-02 +4.215701364e-02 -1.250784299e+01 -1.250784299e+01 +3.3185e+00 +2.5979e+00
180 0 +4.092815344e-02 +4.092815344e-02 -1.250907185e+01 -1.250907185e+01 +3.3206e+00 +2.5903e+00
182 0 +3.696867004e-02 +3.696867004e-02 -1.251303133e+01 -1.251303133e+01 +3.3249e+00 +2.5594e+00
183 0 +3.155564959e-02 +3.155564959e-02 -1.251844435e+01 -1.251844435e+01 +3.3290e+00 +2.5443e+00
184 0 +2.829231597e-02 +2.829231597e-02 -1.252170768e+01 -1.252170768e+01 +3.3289e+00 +2.5756e+00
185 0 +2.401308711e-02 +2.401308711e-02 -1.252598691e+01 -1.252598691e+01 +3.3329e+00 +2.5839e+00
186 0 +1.882957643e-02 +1.882957643e-02 -1.253117042e+01 -1.253117042e+01 +3.3413e+00 +2.5379e+00
187 0 +1.369765578e-02 +1.369765578e-02 -1.253630234e+01 -1.253630234e+01 +3.3517e+00 +2.5117e+00
188 0 +6.733678666e-03 +6.733678666e-03 -1.254326632e+01 -1.254326632e+01 +3.3555e+00 +2.5513e+00
194 0 +1.258319650e-03 +1.258319650e-03 -1.254874168e+01 -1.254874168e+01 +3.3678e+00 +2.5450e+00
200 0 +9.522463248e-04 +9.522463248e-04 -1.254904775e+01 -1.254904775e+01 +3.3712e+00 +2.5302e+00
204 0 +2.841376667e-04 +2.841376667e-04 -1.254971586e+01 -1.254971586e+01 +3.3722e+00 +2.5446e+00
210 0 +1.488450866e-04 +1.488450866e-04 -1.254985115e+01 -1.254985115e+01 +3.3736e+00 +2.5400e+00
211 0 +1.494002181e-05 +1.494002181e-05 -1.254998506e+01 -1.254998506e+01 +3.3755e+00 +2.5394e+00
222 0 +5.529629879e-06 +5.529629879e-06 -1.254999447e+01 -1.254999447e+01 +3.3756e+00 +2.5398e+00
230 0 +5.111733184e-06 +5.111733184e-06 -1.254999489e+01 -1.254999489e+01 +3.3758e+00 +2.5394e+00
232 0 +4.644043763e-07 +4.644043763e-07 -1.254999954e+01 -1.254999954e+01 +3.3759e+00 +2.5399e+00
240 0 +2.148881997e-07 +2.148881997e-07 -1.254999979e+01 -1.254999979e+01 +3.3759e+00 +2.5400e+00
246 0 +9.223338182e-08 +9.223338182e-08 -1.254999991e+01 -1.254999991e+01 +3.3760e+00 +2.5400e+00
% f evaluations | g evaluations | best noise-free fitness - Fopt | noise-free fitness - Fopt (5.383900000000e+02) | measured fitness | best measured fitness | x1 | x2...
1 0 +1.584721489e+03 +1.584721489e+03 +2.123111489e+03 +2.123111489e+03 +0.0000e+00 +0.0000e+00
3 0 +1.580635117e+03 +1.580635117e+03 +2.119025117e+03 +2.119025117e+03 +0.0000e+00 +2.5000e-04
9 0 +1.538846052e+03 +1.538846052e+03 +2.077236052e+03 +2.077236052e+03 -1.8750e-03 +1.4688e-03
11 0 +1.503811198e+03 +1.503811198e+03 +2.042201198e+03 +2.042201198e+03 -2.9375e-03 +2.8594e-03
13 0 +1.444099628e+03 +1.444099628e+03 +1.982489628e+03 +1.982489628e+03 -5.7187e-03 +4.6172e-03
14 0 +1.410989593e+03 +1.410989593e+03 +1.949379593e+03 +1.949379593e+03 -6.7813e-03 +6.0078e-03
15 0 +1.352423929e+03 +1.352423929e+03 +1.890813929e+03 +1.890813929e+03 -9.2344e-03 +8.2773e-03
16 0 +1.302691772e+03 +1.302691772e+03 +1.841081772e+03 +1.841081772e+03 -1.2016e-02 +1.0035e-02
17 0 +1.225290661e+03 +1.225290661e+03 +1.763680661e+03 +1.763680661e+03 -1.6555e-02 +1.3623e-02
18 0 +1.169614931e+03 +1.169614931e+03 +1.708004931e+03 +1.708004931e+03 -2.0070e-02 +1.7283e-02
19 0 +1.089755397e+03 +1.089755397e+03 +1.628145397e+03 +1.628145397e+03 -2.7246e-02 +2.3616e-02
20 0 +1.018201690e+03 +1.018201690e+03 +1.556591690e+03 +1.556591690e+03 -3.4566e-02 +2.8962e-02
21 0 +8.503165395e+02 +8.503165395e+02 +1.388706540e+03 +1.388706540e+03 -4.7232e-02 +3.9304e-02
22 0 +7.196004005e+02 +7.196004005e+02 +1.257990401e+03 +1.257990401e+03 -5.7924e-02 +4.9297e-02
23 0 +4.644980638e+02 +4.644980638e+02 +1.002888064e+03 +1.002888064e+03 -7.8608e-02 +6.7135e-02
24 0 +3.341966952e+02 +3.341966952e+02 +8.725866952e+02 +8.725866952e+02 -9.8595e-02 +8.2823e-02
25 0 +1.008160362e+02 +1.008160362e+02 +6.392060362e+02 +6.392060362e+02 -1.3427e-01 +1.1243e-01
26 0 +1.955694230e+01 +1.955694230e+01 +5.579469423e+02 +5.579469423e+02 -1.6565e-01 +1.4026e-01
% f evaluations | g evaluations | best noise-free fitness - Fopt | noise-free fitness - Fopt (-1.055600000000e+02) | measured fitness | best measured fitness | x1 | x2...
1 0 +4.801746869e+04 +4.801746869e+04 +4.791190869e+04 +4.791190869e+04 +0.0000e+00 +0.0000e+00
2 0 +4.801229781e+04 +4.801229781e+04 +4.790673781e+04 +4.790673781e+04 +2.5000e-04 +0.0000e+00
11 0 +4.785290998e+04 +4.785290998e+04 +4.774734998e+04 +4.774734998e+04 +2.8594e-03 -2.9375e-03
19 0 +4.655827163e+04 +4.655827163e+04 +4.645271163e+04 +4.645271163e+04 +2.3616e-02 -2.7246e-02
21 0 +4.553744721e+04 +4.553744721e+04 +4.543188721e+04 +4.543188721e+04 +3.9304e-02 -4.7232e-02
23 0 +4.391754788e+04 +4.391754788e+04 +4.381198788e+04 +4.381198788e+04 +6.7135e-02 -7.8608e-02
24 0 +4.296555664e+04 +4.296555664e+04 +4.285999664e+04 +4.285999664e+04 +8.2823e-02 -9.8595e-02
25 0 +4.134746356e+04 +4.134746356e+04 +4.124190356e+04 +4.124190356e+04 +1.1243e-01 -1.3427e-01
26 0 +4.003553229e+04 +4.003553229e+04 +3.992997229e+04 +3.992997229e+04 +1.4026e-01 -1.6565e-01
27 0 +3.797173515e+04 +3.797173515e+04 +3.786617515e+04 +3.786617515e+04 +1.9073e-01 -2.2485e-01
28 0 +3.649992546e+04 +3.649992546e+04 +3.639436546e+04 +3.639436546e+04 +2.3602e-01 -2.8051e-01
29 0 +3.480778247e+04 +3.480778247e+04 +3.470222247e+04 +3.470222247e+04 +3.2047e-01 -3.8146e-01
30 0 +3.408818774e+04 +3.408818774e+04 +3.398262774e+04 +3.398262774e+04 +3.9877e-01 -4.7205e-01
31 0 +3.342090756e+04 +3.342090756e+04 +3.331534756e+04 +3.331534756e+04 +5.4195e-01 -6.4093e-01
32 0 +3.225897275e+04 +3.225897275e+04 +3.215341275e+04 +3.215341275e+04 +6.7168e-01 -7.9755e-01
33 0 +2.884232555e+04 +2.884232555e+04 +2.873676555e+04 +2.873676555e+04 +9.1216e-01 -1.0839e+00
34 0 +2.716255284e+04 +2.716255284e+04 +2.705699284e+04 +2.705699284e+04 +1.1336e+00 -1.3434e+00
49 0 +2.685259923e+04 +2.685259923e+04 +2.674703923e+04 +2.674703923e+04 +1.1800e+00 -1.4048e+00
59 0 +2.629772711e+04 +2.629772711e+04 +2.619216711e+04 +2.619216711e+04 +1.1733e+00 -1.4117e+00
62 0 +2.541058758e+04 +2.541058758e+04 +2.530502758e+04 +2.530502758e+04 +1.2244e+00 -1.4968e+00
64 0 +2.461501821e+04 +2.461501821e+04 +2.450945821e+04 +2.450945821e+04 +1.1087e+00 -1.3856e+00
65 0 +2.379355453e+04 +2.379355453e+04 +2.368799453e+04 +2.368799453e+04 +1.1839e+00 -1.4933e+00
66 0 +2.276100790e+04 +2.276100790e+04 +2.265544790e+04 +2.265544790e+04 +1.2013e+00 -1.5454e+00
67 0 +2.226064799e+04 +2.226064799e+04 +2.215508799e+04 +2.215508799e+04 +1.0856e+00 -1.4343e+00
68 0 +2.132943259e+04 +2.132943259e+04 +2.122387259e+04 +2.122387259e+04 +1.0163e+00 -1.4030e+00
69 0 +1.986656676e+04 +1.986656676e+04 +1.976100676e+04 +1.976100676e+04 +1.1089e+00 -1.5628e+00
70 0 +1.865131913e+04 +1.865131913e+04 +1.854575913e+04 +1.854575913e+04 +1.1089e+00 -1.6514e+00
71 0 +1.851552691e+04 +1.851552691e+04 +1.840996691e+04 +1.840996691e+04 +9.2391e-01 -1.5090e+00
72 0 +1.803856856e+04 +1.803856856e+04 +1.793300856e+04 +1.793300856e+04 +7.8521e-01 -1.4908e+00
73 0 +1.497881078e+04 +1.497881078e+04 +1.487325078e+04 +1.487325078e+04 +8.7789e-01 -1.7392e+00
74 0 +1.231442678e+04 +1.231442678e+04 +1.220886678e+04 +1.220886678e+04 +8.0869e-01 -1.9073e+00
76 0 +1.137102351e+04 +1.137102351e+04 +1.126546351e+04 +1.126546351e+04 +5.0845e-01 -2.1632e+00
77 0 +8.612714657e+03 +8.612714657e+03 +8.507154657e+03 +8.507154657e+03 +3.7006e-01 -2.4994e+00
78 0 +6.351778985e+03 +6.351778985e+03 +6.246218985e+03 +6.246218985e+03 +6.9380e-01 -2.6601e+00
79 0 +2.567553377e+03 +2.567553377e+03 +2.461993377e+03 +2.461993377e+03 +7.9822e-01 -3.1167e+00
80 0 +1.099605168e+03 +1.099605168e+03 +9.940451684e+02 +9.940451684e+02 +3.5959e-01 -3.7088e+00
81 0 +1.467410456e+01 +1.467410456e+01 -9.088589544e+01 -9.088589544e+01 +1.3504e-01 -4.6096e+00
82 0 +1.254778148e+01 +1.254778148e+01 -9.301221852e+01 -9.301221852e+01 +5.6320e-01 -5.2269e+00
88 0 +9.863595053e+00 +9.863595053e+00 -9.569640495e+01 -9.569640495e+01 +4.6139e-01 -4.4679e+00
90 0 +7.021938515e+00 +7.021938515e+00 -9.853806148e+01 -9.853806148e+01 +8.8955e-01 -5.0852e+00
91 0 +5.025102261e+00 +5.025102261e+00 -1.005348977e+02 -1.005348977e+02 +1.2668e+00 -5.3230e+00
92 0 +2.506852193e+00 +2.506852193e+00 -1.030531478e+02 -1.030531478e+02 +1.1650e+00 -4.5640e+00
93 0 +3.873694557e-01 +3.873694557e-01 -1.051726305e+02 -1.051726305e+02 +1.4659e+00 -4.2325e+00
100 0 +1.449969961e-01 +1.449969961e-01 -1.054150030e+02 -1.054150030e+02 +1.3681e+00 -3.9455e+00
109 0 +9.308342941e-03 +9.308342941e-03 -1.055506917e+02 -1.055506917e+02 +1.3549e+00 -3.7396e+00
117 0 +2.383005302e-03 +2.383005302e-03 -1.055576170e+02 -1.055576170e+02 +1.3663e+00 -3.7233e+00
123 0 +9.381335452e-04 +9.381335452e-04 -1.055590619e+02 -1.055590619e+02 +1.3543e+00 -3.6956e+00
129 0 +2.801271722e-04 +2.801271722e-04 -1.055597199e+02 -1.055597199e+02 +1.3617e+00 -3.7019e+00
137 0 +1.591158829e-04 +1.591158829e-04 -1.055598409e+02 -1.055598409e+02 +1.3592e+00 -3.6965e+00
141 0 +1.461236278e-04 +1.461236278e-04 -1.055598539e+02 -1.055598539e+02 +1.3619e+00 -3.6991e+00
143 0 +4.752855885e-05 +4.752855885e-05 -1.055599525e+02 -1.055599525e+02 +1.3594e+00 -3.6937e+00
149 0 +2.812075945e-05 +2.812075945e-05 -1.055599719e+02 -1.055599719e+02 +1.3602e+00 -3.6943e+00
150 0 +6.475429927e-06 +6.475429927e-06 -1.055599935e+02 -1.055599935e+02 +1.3604e+00 -3.6932e+00
157 0 +2.202688833e-06 +2.202688833e-06 -1.055599978e+02 -1.055599978e+02 +1.3601e+00 -3.6926e+00
168 0 +1.751323310e-06 +1.751323310e-06 -1.055599982e+02 -1.055599982e+02 +1.3599e+00 -3.6923e+00
170 0 +1.226184594e-06 +1.226184594e-06 -1.055599988e+02 -1.055599988e+02 +1.3601e+00 -3.6925e+00
172 0 +9.304931297e-07 +9.304931297e-07 -1.055599991e+02 -1.055599991e+02 +1.3599e+00 -3.6921e+00
174 0 +5.242654737e-07 +5.242654737e-07 -1.055599995e+02 -1.055599995e+02 +1.3601e+00 -3.6923e+00
180 0 +2.767332887e-07 +2.767332887e-07 -1.055599997e+02 -1.055599997e+02 +1.3600e+00 -3.6922e+00
181 0 +1.012882223e-07 +1.012882223e-07 -1.055599999e+02 -1.055599999e+02 +1.3600e+00 -3.6921e+00
188 0 +9.717702198e-08 +9.717702198e-08 -1.055599999e+02 -1.055599999e+02 +1.3600e+00 -3.6921e+00
% f evaluations | g evaluations | best noise-free fitness - Fopt | noise-free fitness - Fopt (9.803000000000e+01) | measured fitness | best measured fitness | x1 | x2...
1 0 +9.078776958e+03 +9.078776958e+03 +9.176806958e+03 +9.176806958e+03 +0.0000e+00 +0.0000e+00
4 0 +9.078592274e+03 +9.078592274e+03 +9.176622274e+03 +9.176622274e+03 -2.5000e-04 +2.5000e-04
18 0 +8.908020053e+03 +8.908020053e+03 +9.006050053e+03 +9.006050053e+03 -2.0070e-02 +3.0371e-03
21 0 +8.689031092e+03 +8.689031092e+03 +8.787061092e+03 +8.787061092e+03 -4.7232e-02 +8.1782e-03
23 0 +8.422247172e+03 +8.422247172e+03 +8.520277172e+03 +8.520277172e+03 -7.8608e-02 +1.1724e-02
24 0 +8.275856028e+03 +8.275856028e+03 +8.373886028e+03 +8.373886028e+03 -9.8595e-02 +1.6022e-02
25 0 +8.015536931e+03 +8.015536931e+03 +8.113566931e+03 +8.113566931e+03 -1.3427e-01 +2.2093e-02
26 0 +7.792912108e+03 +7.792912108e+03 +7.890942108e+03 +7.890942108e+03 -1.6565e-01 +2.5639e-02
27 0 +7.448276336e+03 +7.448276336e+03 +7.546306336e+03 +7.546306336e+03 -2.2485e-01 +3.4369e-02
28 0 +7.208233942e+03 +7.208233942e+03 +7.306263942e+03 +7.306263942e+03 -2.8051e-01 +4.4739e-02
29 0 +6.903290180e+03 +6.903290180e+03 +7.001320180e+03 +7.001320180e+03 -3.8146e-01 +6.1246e-02
30 0 +6.652508715e+03 +6.652508715e+03 +6.750538715e+03 +6.750538715e+03 -4.7205e-01 +7.3523e-02
31 0 +5.680883662e+03 +5.680883662e+03 +5.778913662e+03 +5.778913662e+03 -6.4093e-01 +9.9237e-02
32 0 +4.389645932e+03 +4.389645932e+03 +4.487675932e+03 +4.487675932e+03 -7.9755e-01 +1.2611e-01
33 0 +3.614502738e+03 +3.614502738e+03 +3.712532738e+03 +3.712532738e+03 -1.0839e+00 +1.7199e-01
34 0 +2.181674676e+03 +2.181674676e+03 +2.279704676e+03 +2.279704676e+03 -1.3434e+00 +2.0998e-01
35 0 +9.474166948e+02 +9.474166948e+02 +1.045446695e+03 +1.045446695e+03 -1.8243e+00 +2.8434e-01
36 0 +2.013743111e+02 +2.013743111e+02 +2.994043111e+02 +2.994043111e+02 -2.2673e+00 +3.5709e-01
37 0 +4.945045298e+01 +4.945045298e+01 +1.474804530e+02 +1.474804530e+02 -3.0804e+00 +4.8602e-01
41 0 +4.049291981e+01 +4.049291981e+01 +1.385229198e+02 +1.385229198e+02 -2.6375e+00 +4.1327e-01
53 0 +3.880103663e+01 +3.880103663e+01 +1.368310366e+02 +1.368310366e+02 -2.5149e+00 +3.9458e-01
111 0 +3.793218918e+01 +3.793218918e+01 +1.359621892e+02 +1.359621892e+02 -2.5225e+00 +3.8952e-01
116 0 +3.708073653e+01 +3.708073653e+01 +1.351107365e+02 +1.351107365e+02 -2.5051e+00 +3.7047e-01
119 0 +3.578384665e+01 +3.578384665e+01 +1.338138467e+02 +1.338138467e+02 -2.4823e+00 +3.4387e-01
120 0 +3.478130076e+01 +3.478130076e+01 +1.328113008e+02 +1.328113008e+02 -2.4645e+00 +3.2451e-01
121 0 +3.406661458e+01 +3.406661458e+01 +1.320966146e+02 +1.320966146e+02 -2.4545e+00 +3.1001e-01
122 0 +3.247044325e+01 +3.247044325e+01 +1.305004432e+02 +1.305004432e+02 -2.4292e+00 +2.7979e-01
123 0 +3.068329562e+01 +3.068329562e+01 +1.287132956e+02 +1.287132956e+02 -2.3987e+00 +2.4832e-01
124 0 +2.795352029e+01 +2.795352029e+01 +1.259835203e+02 +1.259835203e+02 -2.3505e+00 +1.9450e-01
125 0 +2.619794562e+01 +2.619794562e+01 +1.242279456e+02 +1.242279456e+02 -2.3152e+00 +1.4977e-01
126 0 +2.406964435e+01 +2.406964435e+01 +1.220996444e+02 +1.220996444e+02 -2.2405e+00 +6.2398e-02
127 0 +2.326053450e+01 +2.326053450e+01 +1.212905345e+02 +1.212905345e+02 -2.1617e+00 -2.2890e-02
128 0 +1.882705441e+01 +1.882705441e+01 +1.168570544e+02 +1.168570544e+02 -2.0280e+00 -1.7423e-01
129 0 +1.344373372e+01 +1.344373372e+01 +1.114737337e+02 +1.114737337e+02 -1.9180e+00 -3.0633e-01
130 0 +9.020475276e+00 +9.020475276e+00 +1.070504753e+02 +1.070504753e+02 -1.7018e+00 -5.5674e-01
131 0 +4.821439459e+00 +4.821439459e+00 +1.028514395e+02 +1.028514395e+02 -1.4893e+00 -7.9337e-01
132 0 +3.944677719e-01 +3.944677719e-01 +9.842446777e+01 +9.842446777e+01 -1.1138e+00 -1.2212e+00
135 0 +2.981833169e-01 +2.981833169e-01 +9.832818332e+01 +9.832818332e+01 -1.0977e+00 -1.2464e+00
143 0 +5.687814824e-02 +5.687814824e-02 +9.808687815e+01 +9.808687815e+01 -1.0312e+00 -1.3184e+00
145 0 +2.271871172e-02 +2.271871172e-02 +9.805271871e+01 +9.805271871e+01 -1.0151e+00 -1.3436e+00
151 0 +1.287918166e-02 +1.287918166e-02 +9.804287918e+01 +9.804287918e+01 -1.0046e+00 -1.3522e+00
155 0 +8.786661992e-03 +8.786661992e-03 +9.803878666e+01 +9.803878666e+01 -9.9916e-01 -1.3626e+00
159 0 +8.339529642e-03 +8.339529642e-03 +9.803833953e+01 +9.803833953e+01 -9.9521e-01 -1.3643e+00
168 0 +8.226526062e-03 +8.226526062e-03 +9.803822653e+01 +9.803822653e+01 -9.9334e-01 -1.3666e+00
170 0 +8.001991779e-03 +8.001991779e-03 +9.803800199e+01 +9.803800199e+01 -9.9321e-01 -1.3646e+00
171 0 +7.665845677e-03 +7.665845677e-03 +9.803766585e+01 +9.803766585e+01 -9.9214e-01 -1.3638e+00
175 0 +7.455386097e-03 +7.455386097e-03 +9.803745539e+01 +9.803745539e+01 -9.9249e-01 -1.3597e+00
176 0 +6.676522726e-03 +6.676522726e-03 +9.803667652e+01 +9.803667652e+01 -9.9065e-01 -1.3587e+00
177 0 +5.917814938e-03 +5.917814938e-03 +9.803591781e+01 +9.803591781e+01 -9.8898e-01 -1.3557e+00
179 0 +5.311822822e-03 +5.311822822e-03 +9.803531182e+01 +9.803531182e+01 -9.8583e-01 -1.3476e+00
180 0 +5.049157659e-03 +5.049157659e-03 +9.803504916e+01 +9.803504916e+01 -9.8251e-01 -1.3416e+00
181 0 +4.672724560e-03 +4.672724560e-03 +9.803467272e+01 +9.803467272e+01 -9.8216e-01 -1.3458e+00
182 0 +4.439767965e-03 +4.439767965e-03 +9.803443977e+01 +9.803443977e+01 -9.7856e-01 -1.3429e+00
184 0 +2.837336316e-03 +2.837336316e-03 +9.803283734e+01 +9.803283734e+01 -9.6814e-01 -1.3301e+00
185 0 +2.326758248e-03 +2.326758248e-03 +9.803232676e+01 +9.803232676e+01 -9.6096e-01 -1.3243e+00
186 0 +1.955121289e-03 +1.955121289e-03 +9.803195512e+01 +9.803195512e+01 -9.6744e-01 -1.3384e+00
188 0 +6.265061319e-04 +6.265061319e-04 +9.803062651e+01 +9.803062651e+01 -9.4984e-01 -1.3198e+00
194 0 +3.403424529e-04 +3.403424529e-04 +9.803034034e+01 +9.803034034e+01 -9.5116e-01 -1.3240e+00
195 0 +6.452280745e-05 +6.452280745e-05 +9.803006452e+01 +9.803006452e+01 -9.4685e-01 -1.3226e+00
205 0 +3.079825929e-05 +3.079825929e-05 +9.803003080e+01 +9.803003080e+01 -9.4644e-01 -1.3233e+00
209 0 +2.850756387e-05 +2.850756387e-05 +9.803002851e+01 +9.803002851e+01 -9.4484e-01 -1.3212e+00
211 0 +1.671134527e-06 +1.671134527e-06 +9.803000167e+01 +9.803000167e+01 -9.4443e-01 -1.3219e+00
221 0 +7.738932482e-07 +7.738932482e-07 +9.803000077e+01 +9.803000077e+01 -9.4417e-01 -1.3216e+00
227 0 +2.620188297e-07 +2.620188297e-07 +9.803000026e+01 +9.803000026e+01 -9.4417e-01 -1.3217e+00
% f evaluations | g evaluations | best noise-free fitness - Fopt | noise-free fitness - Fopt (1.000000000000e+03) | measured fitness | best measured fitness | x1 | x2...
1 0 +1.028164801e+01 +1.028164801e+01 +1.010281648e+03 +1.010281648e+03 +0.0000e+00 +0.0000e+00
4 0 +1.027918961e+01 +1.027918961e+01 +1.010279190e+03 +1.010279190e+03 +2.5000e-04 -2.5000e-04
12 0 +1.022985575e+01 +1.022985575e+01 +1.010229856e+03 +1.010229856e+03 +9.2188e-04 -4.0625e-03
19 0 +9.927854760e+00 +9.927854760e+00 +1.009927855e+03 +1.009927855e+03 +3.8799e-03 -2.7246e-02
21 0 +9.681076657e+00 +9.681076657e+00 +1.009681077e+03 +1.009681077e+03 +8.1782e-03 -4.7232e-02
22 0 +9.545783888e+00 +9.545783888e+00 +1.009545784e+03 +1.009545784e+03 +8.8765e-03 -5.7924e-02
23 0 +9.299104971e+00 +9.299104971e+00 +1.009299105e+03 +1.009299105e+03 +1.1724e-02 -7.8608e-02
24 0 +9.080394889e+00 +9.080394889e+00 +1.009080395e+03 +1.009080395e+03 +1.6022e-02 -9.8595e-02
25 0 +8.718122594e+00 +8.718122594e+00 +1.008718123e+03 +1.008718123e+03 +2.2093e-02 -1.3427e-01
26 0 +8.431250922e+00 +8.431250922e+00 +1.008431251e+03 +1.008431251e+03 +2.5639e-02 -1.6565e-01
27 0 +8.000807263e+00 +8.000807263e+00 +1.008000807e+03 +1.008000807e+03 +3.4369e-02 -2.2485e-01
28 0 +7.714274688e+00 +7.714274688e+00 +1.007714275e+03 +1.007714275e+03 +4.4739e-02 -2.8051e-01
29 0 +7.392296003e+00 +7.392296003e+00 +1.007392296e+03 +1.007392296e+03 +6.1246e-02 -3.8146e-01
36 0 +7.231826042e+00 +7.231826042e+00 +1.007231826e+03 +1.007231826e+03 +8.7106e-02 -5.4882e-01
54 0 +7.063726362e+00 +7.063726362e+00 +1.007063726e+03 +1.007063726e+03 +3.9463e-02 -6.0118e-01
58 0 +6.846206694e+00 +6.846206694e+00 +1.006846207e+03 +1.006846207e+03 -5.1923e-02 -5.8386e-01
61 0 +6.623919089e+00 +6.623919089e+00 +1.006623919e+03 +1.006623919e+03 -1.5879e-01 -6.6724e-01
62 0 +6.394949505e+00 +6.394949505e+00 +1.006394950e+03 +1.006394950e+03 -2.4886e-01 -6.9919e-01
64 0 +6.062182334e+00 +6.062182334e+00 +1.006062182e+03 +1.006062182e+03 -3.9774e-01 -9.1118e-01
65 0 +5.185224170e+00 +5.185224170e+00 +1.005185224e+03 +1.005185224e+03 -5.6106e-01 -9.2363e-01
66 0 +4.330051127e+00 +4.330051127e+00 +1.004330051e+03 +1.004330051e+03 -7.9883e-01 -1.0421e+00
69 0 +4.074776123e+00 +4.074776123e+00 +1.004074776e+03 +1.004074776e+03 -8.2466e-01 -9.6881e-01
70 0 +3.322419866e+00 +3.322419866e+00 +1.003322420e+03 +1.003322420e+03 -1.0381e+00 -9.9763e-01
71 0 +2.520368448e+00 +2.520368448e+00 +1.002520368e+03 +1.002520368e+03 -1.4134e+00 -1.2018e+00
73 0 +1.538485229e+00 +1.538485229e+00 +1.001538485e+03 +1.001538485e+03 -1.6527e+00 -1.1574e+00
74 0 +7.334802732e-01 +7.334802732e-01 +1.000733480e+03 +1.000733480e+03 -2.0796e+00 -1.2150e+00
80 0 +3.662149002e-01 +3.662149002e-01 +1.000366215e+03 +1.000366215e+03 -2.4074e+00 -1.1969e+00
82 0 +2.747033558e-01 +2.747033558e-01 +1.000274703e+03 +1.000274703e+03 -2.4285e+00 -1.2957e+00
84 0 +1.409623327e-01 +1.409623327e-01 +1.000140962e+03 +1.000140962e+03 -2.7563e+00 -1.2776e+00
86 0 +2.309122874e-02 +2.309122874e-02 +1.000023091e+03 +1.000023091e+03 -2.7774e+00 -1.3764e+00
99 0 +5.342919460e-03 +5.342919460e-03 +1.000005343e+03 +1.000005343e+03 -2.8413e+00 -1.3966e+00
105 0 +5.004511979e-03 +5.004511979e-03 +1.000005005e+03 +1.000005005e+03 -2.8554e+00 -1.3891e+00
109 0 +2.333819280e-03 +2.333819280e-03 +1.000002334e+03 +1.000002334e+03 -2.8638e+00 -1.4028e+00
112 0 +2.687780329e-04 +2.687780329e-04 +1.000000269e+03 +1.000000269e+03 -2.8863e+00 -1.4089e+00
120 0 +1.602933910e-04 +1.602933910e-04 +1.000000160e+03 +1.000000160e+03 -2.8917e+00 -1.4086e+00
124 0 +9.204842286e-06 +9.204842286e-06 +1.000000009e+03 +1.000000009e+03 -2.8945e+00 -1.4114e+00
134 0 +4.429125170e-06 +4.429125170e-06 +1.000000004e+03 +1.000000004e+03 -2.8955e+00 -1.4116e+00
140 0 +9.046583500e-07 +9.046583500e-07 +1.000000001e+03 +1.000000001e+03 -2.8956e+00 -1.4118e+00
153 0 +6.137836408e-07 +6.137836408e-07 +1.000000001e+03 +1.000000001e+03 -2.8957e+00 -1.4119e+00
154 0 +3.570102081e-07 +3.570102081e-07 +1.000000000e+03 +1.000000000e+03 -2.8957e+00 -1.4119e+00
155 0 +3.175313168e-07 +3.175313168e-07 +1.000000000e+03 +1.000000000e+03 -2.8959e+00 -1.4119e+00
159 0 +1.825100071e-07 +1.825100071e-07 +1.000000000e+03 +1.000000000e+03 -2.8958e+00 -1.4119e+00
161 0 +7.104438282e-08 +7.104438282e-08 +1.000000000e+03 +1.000000000e+03 -2.8959e+00 -1.4120e+00
% f evaluations | g evaluations | best noise-free fitness - Fopt | noise-free fitness - Fopt (1.490000000000e+00) | measured fitness | best measured fitness | x1 | x2...
1 0 +9.115953832e+04 +9.115953832e+04 +9.116102832e+04 +9.116102832e+04 +0.0000e+00 +0.0000e+00
2 0 +9.114768929e+04 +9.114768929e+04 +9.114917929e+04 +9.114917929e+04 +2.5000e-04 +0.0000e+00
19 0 +8.889459438e+04 +8.889459438e+04 +8.889608438e+04 +8.889608438e+04 +2.3616e-02 -2.7246e-02
22 0 +8.637810748e+04 +8.637810748e+04 +8.637959748e+04 +8.637959748e+04 +4.9297e-02 -5.7924e-02
23 0 +8.466670783e+04 +8.466670783e+04 +8.466819783e+04 +8.466819783e+04 +6.7135e-02 -7.8608e-02
24 0 +8.310453891e+04 +8.310453891e+04 +8.310602891e+04 +8.310602891e+04 +8.2823e-02 -9.8595e-02
25 0 +8.031278156e+04 +8.031278156e+04 +8.031427156e+04 +8.031427156e+04 +1.1243e-01 -1.3427e-01
26 0 +7.788929539e+04 +7.788929539e+04 +7.789078539e+04 +7.789078539e+04 +1.4026e-01 -1.6565e-01
27 0 +7.380090367e+04 +7.380090367e+04 +7.380239367e+04 +7.380239367e+04 +1.9073e-01 -2.2485e-01
28 0 +7.060930738e+04 +7.060930738e+04 +7.061079738e+04 +7.061079738e+04 +2.3602e-01 -2.8051e-01
29 0 +6.637931099e+04 +6.637931099e+04 +6.638080099e+04 +6.638080099e+04 +3.2047e-01 -3.8146e-01
30 0 +6.430389381e+04 +6.430389381e+04 +6.430538381e+04 +6.430538381e+04 +3.9877e-01 -4.7205e-01
31 0 +6.271739921e+04 +6.271739921e+04 +6.271888921e+04 +6.271888921e+04 +5.4195e-01 -6.4093e-01
32 0 +5.858587920e+04 +5.858587920e+04 +5.858736920e+04 +5.858736920e+04 +6.7168e-01 -7.9755e-01
33 0 +4.039610976e+04 +4.039610976e+04 +4.039759976e+04 +4.039759976e+04 +9.1216e-01 -1.0839e+00
34 0 +3.374330806e+04 +3.374330806e+04 +3.374479806e+04 +3.374479806e+04 +1.1336e+00 -1.3434e+00
35 0 +1.914878143e+04 +1.914878143e+04 +1.915027143e+04 +1.915027143e+04 +1.5402e+00 -1.8243e+00
36 0 +1.022205683e+04 +1.022205683e+04 +1.022354683e+04 +1.022354683e+04 +1.9104e+00 -2.2673e+00
37 0 +3.831829866e+02 +3.831829866e+02 +3.846729866e+02 +3.846729866e+02 +2.5947e+00 -3.0804e+00
38 0 +8.490057404e+00 +8.490057404e+00 +9.980057404e+00 +9.980057404e+00 +3.2227e+00 -3.8209e+00
40 0 +8.162713827e+00 +8.162713827e+00 +9.652713827e+00 +9.652713827e+00 +4.2772e+00 -5.0770e+00
45 0 +6.890432520e+00 +6.890432520e+00 +8.380432520e+00 +8.380432520e+00 +4.0388e+00 -4.7911e+00
47 0 +6.658635122e+00 +6.658635122e+00 +8.148635122e+00 +8.148635122e+00 +3.6904e+00 -4.3774e+00
74 0 +6.595862064e+00 +6.595862064e+00 +8.085862064e+00 +8.085862064e+00 +3.7755e+00 -4.4578e+00
80 0 +6.445049981e+00 +6.445049981e+00 +7.935049981e+00 +7.935049981e+00 +3.6792e+00 -4.2651e+00
82 0 +6.192762737e+00 +6.192762737e+00 +7.682762737e+00 +7.682762737e+00 +3.7337e+00 -4.2625e+00
83 0 +6.157053346e+00 +6.157053346e+00 +7.647053346e+00 +7.647053346e+00 +3.6447e+00 -4.1164e+00
85 0 +5.584169849e+00 +5.584169849e+00 +7.074169849e+00 +7.074169849e+00 +3.6375e+00 -3.9664e+00
86 0 +5.082873380e+00 +5.082873380e+00 +6.572873380e+00 +6.572873380e+00 +3.6167e+00 -3.8171e+00
88 0 +4.473672223e+00 +4.473672223e+00 +5.963672223e+00 +5.963672223e+00 +3.4996e+00 -3.3717e+00
89 0 +4.062957051e+00 +4.062957051e+00 +5.552957051e+00 +5.552957051e+00 +3.4580e+00 -3.0731e+00
90 0 +3.697774114e+00 +3.697774114e+00 +5.187774114e+00 +5.187774114e+00 +3.6086e+00 -3.3665e+00
91 0 +2.962729176e+00 +2.962729176e+00 +4.452729176e+00 +4.452729176e+00 +3.6800e+00 -3.2879e+00
92 0 +2.530967856e+00 +2.530967856e+00 +4.020967856e+00 +4.020967856e+00 +3.5213e+00 -2.5439e+00
94 0 +1.415167907e+00 +1.415167907e+00 +2.905167907e+00 +2.905167907e+00 +3.7432e+00 -2.7588e+00
95 0 +7.349578062e-01 +7.349578062e-01 +2.224957806e+00 +2.224957806e+00 +3.8859e+00 -2.6016e+00
105 0 +4.534688570e-01 +4.534688570e-01 +1.943468857e+00 +1.943468857e+00 +3.8705e+00 -2.3745e+00
106 0 +3.351267021e-01 +3.351267021e-01 +1.825126702e+00 +1.825126702e+00 +3.9403e+00 -2.3406e+00
109 0 +2.005585262e-01 +2.005585262e-01 +1.690558526e+00 +1.690558526e+00 +3.8687e+00 -2.0821e+00
111 0 +8.798348782e-02 +8.798348782e-02 +1.577983488e+00 +1.577983488e+00 +3.9948e+00 -2.0796e+00
117 0 +4.132992808e-02 +4.132992808e-02 +1.531329928e+00 +1.531329928e+00 +3.9758e+00 -1.9825e+00
122 0 +7.613991355e-03 +7.613991355e-03 +1.497613991e+00 +1.497613991e+00 +3.9568e+00 -1.8854e+00
133 0 +4.443984646e-03 +4.443984646e-03 +1.494443985e+00 +1.494443985e+00 +3.9524e+00 -1.8664e+00
134 0 +2.120793031e-03 +2.120793031e-03 +1.492120793e+00 +1.492120793e+00 +3.9561e+00 -1.8534e+00
137 0 +1.778276007e-03 +1.778276007e-03 +1.491778276e+00 +1.491778276e+00 +3.9478e+00 -1.8393e+00
141 0 +4.309751536e-04 +4.309751536e-04 +1.490430975e+00 +1.490430975e+00 +3.9537e+00 -1.8339e+00
148 0 +1.284267041e-05 +1.284267041e-05 +1.490012843e+00 +1.490012843e+00 +3.9540e+00 -1.8227e+00
158 0 +5.964638863e-06 +5.964638863e-06 +1.490005965e+00 +1.490005965e+00 +3.9544e+00 -1.8228e+00
164 0 +4.265998976e-08 +4.265998976e-08 +1.490000043e+00 +1.490000043e+00 +3.9544e+00 -1.8217e+00
182 0 +1.955199114e-09 +1.955199114e-09 +1.490000002e+00 +1.490000002e+00 +3.9544e+00 -1.8216e+00
% f evaluations | g evaluations | best noise-free fitness - Fopt | noise-free fitness - Fopt (5.963500000000e+02) | measured fitness | best measured fitness | x1 | x2...
1 0 +3.469732688e+04 +3.469732688e+04 +3.529367688e+04 +3.529367688e+04 +0.0000e+00 +0.0000e+00
4 0 +3.469479019e+04 +3.469479019e+04 +3.529114019e+04 +3.529114019e+04 +2.5000e-04 -2.5000e-04
9 0 +3.466876701e+04 +3.466876701e+04 +3.526511701e+04 +3.526511701e+04 +6.5625e-04 -1.8750e-03
23 0 +3.385654106e+04 +3.385654106e+04 +3.445289106e+04 +3.445289106e+04 +1.1724e-02 -7.8608e-02
27 0 +3.193080814e+04 +3.193080814e+04 +3.252715814e+04 +3.252715814e+04 +3.4369e-02 -2.2485e-01
28 0 +3.003066722e+04 +3.003066722e+04 +3.062701722e+04 +3.062701722e+04 +4.4739e-02 -2.8051e-01
29 0 +2.526096066e+04 +2.526096066e+04 +2.585731066e+04 +2.585731066e+04 +6.1246e-02 -3.8146e-01
30 0 +2.138426019e+04 +2.138426019e+04 +2.198061019e+04 +2.198061019e+04 +7.3523e-02 -4.7205e-01
31 0 +1.788405555e+04 +1.788405555e+04 +1.848040555e+04 +1.848040555e+04 +9.9237e-02 -6.4093e-01
32 0 +1.426599511e+04 +1.426599511e+04 +1.486234511e+04 +1.486234511e+04 +1.2611e-01 -7.9755e-01
33 0 +7.985689282e+03 +7.985689282e+03 +8.582039282e+03 +8.582039282e+03 +1.7199e-01 -1.0839e+00
34 0 +3.890034568e+03 +3.890034568e+03 +4.486384568e+03 +4.486384568e+03 +2.0998e-01 -1.3434e+00
35 0 +1.765483498e+02 +1.765483498e+02 +7.728983498e+02 +7.728983498e+02 +2.8434e-01 -1.8243e+00
36 0 +3.829074319e+01 +3.829074319e+01 +6.346407432e+02 +6.346407432e+02 +3.5709e-01 -2.2673e+00
41 0 +3.728226223e+01 +3.728226223e+01 +6.336322622e+02 +6.336322622e+02 +3.4881e-01 -2.2309e+00
47 0 +3.171313986e+01 +3.171313986e+01 +6.280631399e+02 +6.280631399e+02 +3.2382e-01 -2.0594e+00
49 0 +3.046949960e+01 +3.046949960e+01 +6.268194996e+02 +6.268194996e+02 +3.1554e-01 -2.0231e+00
58 0 +2.973542362e+01 +2.973542362e+01 +6.260854236e+02 +6.260854236e+02 +3.1213e-01 -2.0006e+00
60 0 +2.831403870e+01 +2.831403870e+01 +6.246640387e+02 +6.246640387e+02 +3.0426e-01 -1.9545e+00
61 0 +2.787727782e+01 +2.787727782e+01 +6.242272778e+02 +6.242272778e+02 +3.0099e-01 -1.9395e+00
65 0 +2.735315366e+01 +2.735315366e+01 +6.237031537e+02 +6.237031537e+02 +2.9788e-01 -1.9202e+00
123 0 +2.690437612e+01 +2.690437612e+01 +6.232543761e+02 +6.232543761e+02 +2.8134e-01 -1.9056e+00
130 0 +2.609621756e+01 +2.609621756e+01 +6.224462176e+02 +6.224462176e+02 +2.1754e-01 -1.8830e+00
132 0 +2.554571884e+01 +2.554571884e+01 +6.218957188e+02 +6.218957188e+02 +1.6558e-01 -1.8657e+00
133 0 +2.511627697e+01 +2.511627697e+01 +6.214662770e+02 +6.214662770e+02 +1.1965e-01 -1.8502e+00
135 0 +2.420876496e+01 +2.420876496e+01 +6.205587650e+02 +6.205587650e+02 -2.6744e-03 -1.8038e+00
136 0 +2.390461757e+01 +2.390461757e+01 +6.202546176e+02 +6.202546176e+02 -7.2708e-02 -1.7815e+00
138 0 +2.314884484e+01 +2.314884484e+01 +6.194988448e+02 +6.194988448e+02 -3.2623e-01 -1.6897e+00
139 0 +2.160438875e+01 +2.160438875e+01 +6.179543888e+02 +6.179543888e+02 -5.4917e-01 -1.6094e+00
140 0 +1.885015623e+01 +1.885015623e+01 +6.152001562e+02 +6.152001562e+02 -7.5040e-01 -1.5416e+00
141 0 +1.359108149e+01 +1.359108149e+01 +6.099410815e+02 +6.099410815e+02 -1.1243e+00 -1.4105e+00
142 0 +1.243490719e+01 +1.243490719e+01 +6.087849072e+02 +6.087849072e+02 -1.4695e+00 -1.2839e+00
143 0 +7.206639882e+00 +7.206639882e+00 +6.035566399e+02 +6.035566399e+02 -2.1023e+00 -1.0578e+00
144 0 +4.560930783e+00 +4.560930783e+00 +6.009109308e+02 +6.009109308e+02 -2.6774e+00 -8.5889e-01
145 0 +1.166709614e+00 +1.166709614e+00 +5.975167096e+02 +5.975167096e+02 -3.7415e+00 -4.8362e-01
148 0 +8.875590925e-01 +8.875590925e-01 +5.972375591e+02 +5.972375591e+02 -3.8208e+00 -4.5086e-01
154 0 +6.928242555e-01 +6.928242555e-01 +5.970428243e+02 +5.970428243e+02 -4.2009e+00 -3.1959e-01
156 0 +6.826403312e-01 +6.826403312e-01 +5.970326403e+02 +5.970326403e+02 -4.2801e+00 -2.8684e-01
164 0 +6.722538687e-01 +6.722538687e-01 +5.970222539e+02 +5.970222539e+02 -4.2672e+00 -2.8892e-01
170 0 +6.535394177e-01 +6.535394177e-01 +5.970035394e+02 +5.970035394e+02 -4.2233e+00 -3.0100e-01
171 0 +6.394678862e-01 +6.394678862e-01 +5.969894679e+02 +5.969894679e+02 -4.2196e+00 -2.9912e-01
173 0 +6.090591603e-01 +6.090591603e-01 +5.969590592e+02 +5.969590592e+02 -4.1720e+00 -3.0933e-01
174 0 +5.755249342e-01 +5.755249342e-01 +5.969255249e+02 +5.969255249e+02 -4.1645e+00 -3.0556e-01
176 0 +5.113598997e-01 +5.113598997e-01 +5.968613599e+02 +5.968613599e+02 -4.1896e+00 -2.8405e-01
177 0 +4.589934274e-01 +4.589934274e-01 +5.968089934e+02 +5.968089934e+02 -4.1746e+00 -2.7651e-01
179 0 +3.991615757e-01 +3.991615757e-01 +5.967491616e+02 +5.967491616e+02 -4.1045e+00 -2.7541e-01
180 0 +3.502897104e-01 +3.502897104e-01 +5.967002897e+02 +5.967002897e+02 -4.0745e+00 -2.6034e-01
183 0 +3.166403497e-01 +3.166403497e-01 +5.966666403e+02 +5.966666403e+02 -4.0093e+00 -2.7027e-01
184 0 +2.474045479e-01 +2.474045479e-01 +5.965974045e+02 +5.965974045e+02 -3.9267e+00 -2.6715e-01
185 0 +1.592494678e-01 +1.592494678e-01 +5.965092495e+02 +5.965092495e+02 -3.8918e+00 -2.4105e-01
186 0 +7.920723508e-02 +7.920723508e-02 +5.964292072e+02 +5.964292072e+02 -3.7829e+00 -2.1835e-01
187 0 +7.308572969e-02 +7.308572969e-02 +5.964230857e+02 +5.964230857e+02 -3.6351e+00 -2.2516e-01
191 0 +3.592765997e-02 +3.592765997e-02 +5.963859277e+02 +5.963859277e+02 -3.6002e+00 -1.9906e-01
195 0 +1.860104317e-02 +1.860104317e-02 +5.963686010e+02 +5.963686010e+02 -3.6654e+00 -1.8913e-01
196 0 +4.756025849e-03 +4.756025849e-03 +5.963547560e+02 +5.963547560e+02 -3.6805e+00 -1.7112e-01
209 0 +4.588472233e-03 +4.588472233e-03 +5.963545885e+02 +5.963545885e+02 -3.7036e+00 -1.6646e-01
211 0 +2.484281879e-03 +2.484281879e-03 +5.963524843e+02 +5.963524843e+02 -3.6802e+00 -1.6564e-01
212 0 +1.400903327e-03 +1.400903327e-03 +5.963514009e+02 +5.963514009e+02 -3.6684e+00 -1.6248e-01
213 0 +7.994496372e-04 +7.994496372e-04 +5.963507994e+02 +5.963507994e+02 -3.6915e+00 -1.5783e-01
221 0 +3.087469246e-04 +3.087469246e-04 +5.963503087e+02 +5.963503087e+02 -3.6842e+00 -1.5723e-01
226 0 +1.368073043e-04 +1.368073043e-04 +5.963501368e+02 +5.963501368e+02 -3.6768e+00 -1.5663e-01
232 0 +8.970149088e-05 +8.970149088e-05 +5.963500897e+02 +5.963500897e+02 -3.6795e+00 -1.5603e-01
233 0 +4.053176770e-05 +4.053176770e-05 +5.963500405e+02 +5.963500405e+02 -3.6801e+00 -1.5513e-01
236 0 +2.031715985e-05 +2.031715985e-05 +5.963500203e+02 +5.963500203e+02 -3.6773e+00 -1.5520e-01
242 0 +1.580417631e-05 +1.580417631e-05 +5.963500158e+02 +5.963500158e+02 -3.6792e+00 -1.5480e-01
246 0 +9.623141295e-06 +9.623141295e-06 +5.963500096e+02 +5.963500096e+02 -3.6773e+00 -1.5494e-01
252 0 +6.595199920e-06 +6.595199920e-06 +5.963500066e+02 +5.963500066e+02 -3.6779e+00 -1.5479e-01
253 0 +3.698007617e-06 +3.698007617e-06 +5.963500037e+02 +5.963500037e+02 -3.6780e+00 -1.5467e-01
255 0 +1.784651431e-07 +1.784651431e-07 +5.963500002e+02 +5.963500002e+02 -3.6776e+00 -1.5445e-01
265 0 +1.241509153e-07 +1.241509153e-07 +5.963500001e+02 +5.963500001e+02 -3.6777e+00 -1.5443e-01
271 0 +2.195497473e-08 +2.195497473e-08 +5.963500000e+02 +5.963500000e+02 -3.6776e+00 -1.5441e-01
% f evaluations | g evaluations | best noise-free fitness - Fopt | noise-free fitness - Fopt (-1.189700000000e+02) | measured fitness | best measured fitness | x1 | x2...
1 0 +1.024396826e+02 +1.024396826e+02 -1.653031738e+01 -1.653031738e+01 +0.0000e+00 +0.0000e+00
3 0 +1.024274094e+02 +1.024274094e+02 -1.654259065e+01 -1.654259065e+01 +0.0000e+00 +2.5000e-04
10 0 +1.023152039e+02 +1.023152039e+02 -1.665479606e+01 -1.665479606e+01 -2.1250e-03 +2.0313e-03
21 0 +9.986157051e+01 +9.986157051e+01 -1.910842949e+01 -1.910842949e+01 -4.7232e-02 +3.9304e-02
24 0 +9.681488489e+01 +9.681488489e+01 -2.215511511e+01 -2.215511511e+01 -9.8595e-02 +8.2823e-02
25 0 +9.464662701e+01 +9.464662701e+01 -2.432337299e+01 -2.432337299e+01 -1.3427e-01 +1.1243e-01
26 0 +9.260029276e+01 +9.260029276e+01 -2.636970724e+01 -2.636970724e+01 -1.6565e-01 +1.4026e-01
27 0 +8.883758488e+01 +8.883758488e+01 -3.013241512e+01 -3.013241512e+01 -2.2485e-01 +1.9073e-01
28 0 +8.549212092e+01 +8.549212092e+01 -3.347787908e+01 -3.347787908e+01 -2.8051e-01 +2.3602e-01
29 0 +7.972493727e+01 +7.972493727e+01 -3.924506273e+01 -3.924506273e+01 -3.8146e-01 +3.2047e-01
30 0 +7.513669344e+01 +7.513669344e+01 -4.383330656e+01 -4.383330656e+01 -4.7205e-01 +3.9877e-01
31 0 +6.857133123e+01 +6.857133123e+01 -5.039866877e+01 -5.039866877e+01 -6.4093e-01 +5.4195e-01
32 0 +6.371769537e+01 +6.371769537e+01 -5.525230463e+01 -5.525230463e+01 -7.9755e-01 +6.7168e-01
33 0 +5.360330722e+01 +5.360330722e+01 -6.536669278e+01 -6.536669278e+01 -1.0839e+00 +9.1216e-01
34 0 +4.502380148e+01 +4.502380148e+01 -7.394619852e+01 -7.394619852e+01 -1.3434e+00 +1.1336e+00
35 0 +3.086940208e+01 +3.086940208e+01 -8.810059792e+01 -8.810059792e+01 -1.8243e+00 +1.5402e+00
36 0 +2.266440197e+01 +2.266440197e+01 -9.630559803e+01 -9.630559803e+01 -2.2673e+00 +1.9104e+00
37 0 +8.368013960e+00 +8.368013960e+00 -1.106019860e+02 -1.106019860e+02 -3.0804e+00 +2.5947e+00
40 0 +7.630823316e+00 +7.630823316e+00 -1.113391767e+02 -1.113391767e+02 -3.1366e+00 +2.6451e+00
46 0 +6.436695505e+00 +6.436695505e+00 -1.125333045e+02 -1.125333045e+02 -3.4296e+00 +2.8898e+00
48 0 +6.269664082e+00 +6.269664082e+00 -1.127003359e+02 -1.127003359e+02 -3.4858e+00 +2.9402e+00
52 0 +6.033746164e+00 +6.033746164e+00 -1.129362538e+02 -1.129362538e+02 -3.6182e+00 +3.0500e+00
63 0 +6.025097279e+00 +6.025097279e+00 -1.129449027e+02 -1.129449027e+02 -3.6370e+00 +3.0647e+00
85 0 +5.887551136e+00 +5.887551136e+00 -1.130824489e+02 -1.130824489e+02 -3.4420e+00 +2.9867e+00
89 0 +5.711903819e+00 +5.711903819e+00 -1.132580962e+02 -1.132580962e+02 -3.4376e+00 +3.0109e+00
90 0 +5.607484561e+00 +5.607484561e+00 -1.133625154e+02 -1.133625154e+02 -3.4032e+00 +3.0114e+00
93 0 +5.356330841e+00 +5.356330841e+00 -1.136136692e+02 -1.136136692e+02 -3.3899e+00 +3.0414e+00
94 0 +5.140514646e+00 +5.140514646e+00 -1.138294854e+02 -1.138294854e+02 -3.3210e+00 +3.0423e+00
95 0 +5.127064951e+00 +5.127064951e+00 -1.138429350e+02 -1.138429350e+02 -3.4321e+00 +3.1003e+00
97 0 +4.707032819e+00 +4.707032819e+00 -1.142629672e+02 -1.142629672e+02 -3.2389e+00 +3.0732e+00
98 0 +4.392258377e+00 +4.392258377e+00 -1.145777416e+02 -1.145777416e+02 -3.1012e+00 +3.0751e+00
99 0 +4.329758108e+00 +4.329758108e+00 -1.146402419e+02 -1.146402419e+02 -3.2123e+00 +3.1331e+00
100 0 +4.036645316e+00 +4.036645316e+00 -1.149333547e+02 -1.149333547e+02 -3.1579e+00 +3.1785e+00
101 0 +3.534201881e+00 +3.534201881e+00 -1.154357981e+02 -1.154357981e+02 -2.8270e+00 +3.1533e+00
102 0 +2.924334344e+00 +2.924334344e+00 -1.160456657e+02 -1.160456657e+02 -2.5245e+00 +3.1798e+00
103 0 +2.543967156e+00 +2.543967156e+00 -1.164260328e+02 -1.164260328e+02 -2.5812e+00 +3.2832e+00
104 0 +1.659738326e+00 +1.659738326e+00 -1.173102617e+02 -1.173102617e+02 -2.3212e+00 +3.3872e+00
105 0 +1.390703176e+00 +1.390703176e+00 -1.175792968e+02 -1.175792968e+02 -1.6878e+00 +3.3885e+00
107 0 +4.756170748e-01 +4.756170748e-01 -1.184943829e+02 -1.184943829e+02 -1.4844e+00 +3.5959e+00
115 0 +2.248150809e-01 +2.248150809e-01 -1.187451849e+02 -1.187451849e+02 -1.5411e+00 +3.6992e+00
118 0 +5.110230681e-02 +5.110230681e-02 -1.189188977e+02 -1.189188977e+02 -1.2669e+00 +3.7774e+00
124 0 +4.888540528e-02 +4.888540528e-02 -1.189211146e+02 -1.189211146e+02 -1.3739e+00 +3.7917e+00
128 0 +1.537418215e-02 +1.537418215e-02 -1.189546258e+02 -1.189546258e+02 -1.2736e+00 +3.8166e+00
135 0 +8.012579318e-03 +8.012579318e-03 -1.189619874e+02 -1.189619874e+02 -1.2038e+00 +3.8288e+00
141 0 +5.171959408e-03 +5.171959408e-03 -1.189648280e+02 -1.189648280e+02 -1.2289e+00 +3.8299e+00
142 0 +4.277708820e-03 +4.277708820e-03 -1.189657223e+02 -1.189657223e+02 -1.2349e+00 +3.8353e+00
143 0 +1.165282083e-03 +1.165282083e-03 -1.189688347e+02 -1.189688347e+02 -1.1967e+00 +3.8438e+00
151 0 +6.609007238e-04 +6.609007238e-04 -1.189693391e+02 -1.189693391e+02 -1.2037e+00 +3.8447e+00
152 0 +1.361192732e-04 +1.361192732e-04 -1.189698639e+02 -1.189698639e+02 -1.1992e+00 +3.8487e+00
161 0 +8.985806693e-05 +8.985806693e-05 -1.189699101e+02 -1.189699101e+02 -1.2015e+00 +3.8491e+00
167 0 +4.897235561e-05 +4.897235561e-05 -1.189699510e+02 -1.189699510e+02 -1.2001e+00 +3.8497e+00
174 0 +3.373364852e-05 +3.373364852e-05 -1.189699663e+02 -1.189699663e+02 -1.2005e+00 +3.8501e+00
176 0 +2.968383554e-05 +2.968383554e-05 -1.189699703e+02 -1.189699703e+02 -1.1991e+00 +3.8500e+00
178 0 +1.153494522e-05 +1.153494522e-05 -1.189699885e+02 -1.189699885e+02 -1.1982e+00 +3.8505e+00
179 0 +4.725392444e-06 +4.725392444e-06 -1.189699953e+02 -1.189699953e+02 -1.1973e+00 +3.8509e+00
186 0 +1.396565850e-06 +1.396565850e-06 -1.189699986e+02 -1.189699986e+02 -1.1976e+00 +3.8510e+00
195 0 +9.085769790e-07 +9.085769790e-07 -1.189699991e+02 -1.189699991e+02 -1.1979e+00 +3.8510e+00
197 0 +4.918507273e-07 +4.918507273e-07 -1.189699995e+02 -1.189699995e+02 -1.1975e+00 +3.8511e+00
203 0 +2.277905651e-07 +2.277905651e-07 -1.189699998e+02 -1.189699998e+02 -1.1976e+00 +3.8511e+00
204 0 +1.745746232e-07 +1.745746232e-07 -1.189699998e+02 -1.189699998e+02 -1.1976e+00 +3.8512e+00
