% f evaluations | g evaluations | best noise-free fitness - Fopt | noise-free fitness - Fopt (-1.694000000000e+01) | measured fitness | best measured fitness | x1 | x2...
1 0 +3.707168231e+01 +3.707168231e+01 +2.013168231e+01 +2.013168231e+01 +0.0000e+00 +0.0000e+00 +0.0000e+00 +0.0000e+00 +0.0000e+00 +0.0000e+00 +0.0000e+00 +0.0000e+00 +0.0000e+00 +0.0000e+00 +0.0000e+00 +0.0000e+00 +0.0000e+00 +0.0000e+00 +0.0000e+00 +0.0000e+00 +0.0000e+00 +0.0000e+00 +0.0000e+00 +0.0000e+00
2 0 +3.657311944e+01 +3.657311944e+01 +1.963311944e+01 +1.963311944e+01 -3.1539e+00 -4.1890e+00 -1.6160e+00 -6.6852e-01 +3.2319e+00 -2.4291e-01 -2.6612e+00 -4.9687e-02 -2.6156e+00 -3.3041e+00 +4.8993e+00 +2.8369e+00 -3.7029e+00 +1.0911e+00 +2.6945e+00 -2.6927e+00 +3.1103e+00 -2.4533e+00 -2.6202e-01 +1.6722e+00
3 0 +2.751241932e+01 +2.751241932e+01 +1.057241932e+01 +1.057241932e+01 -2.5126e+00 +2.4676e+00 +2.9453e+00 -4.3998e+00 +1.3159e+00 +1.4540e+00 +2.5545e+00 +3.8589e+00 -1.1561e+00 -1.8207e+00 -1.8936e-01 -2.5135e-01 +3.1637e+00 -1.3783e+00 -5.1359e-02 -3.6719e+00 +2.2876e+00 +6.5712e-01 -4.6353e+00 +2.3291e+00
12 0 +2.365032432e+01 +2.365032432e+01 +6.710324317e+00 +6.710324317e+00 -4.1728e+00 +3.9272e+00 -1.5158e+00 +7.0361e-02 +1.3855e-01 -3.6270e+00 -5.7562e-01 +4.7535e+00 +3.4196e+00 -4.4339e+00 +3.3382e+00 +2.0584e+00 +3.2488e+00 -2.8312e+00 -1.5839e+00 +2.1783e+00 +4.7265e+00 +3.0249e+00 -2.8389e+00 -3.5287e-02
16 0 +1.797899854e+01 +1.797899854e+01 +1.038998540e+00 +1.038998540e+00 +1.7302e-01 -7.8591e-02 +9.2183e-01 -3.6257e-01 +3.2966e+00 +1.3317e+00 -1.1176e+00 +2.3552e+00 -2.3633e+00 +1.3062e-01 -1.3700e+00 -1.6753e+00 -3.4048e-01 -4.7599e+00 +2.6371e+00 +2.2164e-03 +1.4958e+00 +2.6319e+00 +2.7330e+00 -1.5975e+00
% f evaluations | g evaluations | best noise-free fitness - Fopt | noise-free fitness - Fopt (1.881000000000e+01) | measured fitness | best measured fitness | x1 | x2...
1 0 +1.544776293e+01 +1.544776293e+01 +3.425776293e+01 +3.425776293e+01 +0.0000e+00 +0.0000e+00 +0.0000e+00 +0.0000e+00 +0.0000e+00 +0.0000e+00 +0.0000e+00 +0.0000e+00 +0.0000e+00 +0.0000e+00 +0.0000e+00 +0.0000e+00 +0.0000e+00 +0.0000e+00 +0.0000e+00 +0.0000e+00 +0.0000e+00 +0.0000e+00 +0.0000e+00 +0.0000e+00
18 0 +1.364849590e+01 +1.364849590e+01 +3.245849590e+01 +3.245849590e+01 +1.0033e+00 -3.1434e+00 +3.7526e+00 -1.6008e+00 -2.9234e+00 -1.1293e+00 +4.9864e+00 +1.1607e+00 -3.5024e+00 +2.7401e+00 -3.6755e+00 +3.4117e+00 +3.5440e-01 -2.8374e+00 -3.5625e-01 +2.9187e+00 -3.1428e+00 +2.3736e+00 +4.9465e+00 +1.5945e+00
% f evaluations | g evaluations | best noise-free fitness - Fopt | noise-free fitness - Fopt (2.731500000000e+02) | measured fitness | best measured fitness | x1 | x2...
1 0 +3.571434203e+01 +3.571434203e+01 +3.088643420e+02 +3.088643420e+02 +0.0000e+00 +0.0000e+00 +0.0000e+00 +0.0000e+00 +0.0000e+00 +0.0000e+00 +0.0000e+00 +0.0000e+00 +0.0000e+00 +0.0000e+00 +0.0000e+00 +0.0000e+00 +0.0000e+00 +0.0000e+00 +0.0000e+00 +0.0000e+00 +0.0000e+00 +0.0000e+00 +0.0000e+00 +0.0000e+00
3 0 +3.026284533e+01 +3.026284533e+01 +3.034128453e+02 +3.034128453e+02 -3.1943e+00 -1.8334e+00 +2.0220e+00 -4.6533e+00 +4.3936e+00 +2.7718e+00 -4.9501e+00 -1.8050e+00 -5.5140e-01 +3.2102e+00 +4.1163e+00 +1.5497e+00 +3.7643e+00 +2.2164e+00 +3.5930e+00 -5.6073e-01 +1.0684e+00 +1.0583e-01 +1.0740e+00 -3.2986e+00
26 0 +2.254924960e+01 +2.254924960e+01 +2.956992496e+02 +2.956992496e+02 -5.0009e-01 +5.6727e-01 +3.6694e+00 -1.3399e+00 -1.0907e+00 -3.0419e+00 +4.1737e-01 +2.3780e+00 -4.9910e+00 +1.6808e+00 -5.7609e-01 +2.2480e+00 -1.8946e+00 +4.4355e+00 +3.1737e+00 -1.7318e+00 +1.2489e+00 -3.0584e+00 +4.6733e+00 -2.4442e+00
% f evaluations | g evaluations | best noise-free fitness - Fopt | noise-free fitness - Fopt (3.718000000000e+01) | measured fitness | best measured fitness | x1 | x2...
1 0 +1.574854264e+01 +1.574854264e+01 +5.292854264e+01 +5.292854264e+01 +0.0000e+00 +0.0000e+00 +0.0000e+00 +0.0000e+00 +0.0000e+00 +0.0000e+00 +0.0000e+00 +0.0000e+00 +0.0000e+00 +0.0000e+00 +0.0000e+00 +0.0000e+00 +0.0000e+00 +0.0000e+00 +0.0000e+00 +0.0000e+00 +0.0000e+00 +0.0000e+00 +0.0000e+00 +0.0000e+00
% f evaluations | g evaluations | best noise-free fitness - Fopt | noise-free fitness - Fopt (-1.479000000000e+02) | measured fitness | best measured fitness | x1 | x2...
1 0 +1.445935349e+01 +1.445935349e+01 -1.334406465e+02 -1.334406465e+02 +0.0000e+00 +0.0000e+00 +0.0000e+00 +0.0000e+00 +0.0000e+00 +0.0000e+00 +0.0000e+00 +0.0000e+00 +0.0000e+00 +0.0000e+00 +0.0000e+00 +0.0000e+00 +0.0000e+00 +0.0000e+00 +0.0000e+00 +0.0000e+00 +0.0000e+00 +0.0000e+00 +0.0000e+00 +0.0000e+00
% f evaluations | g evaluations | best noise-free fitness - Fopt | noise-free fitness - Fopt (4.817100000000e+02) | measured fitness | best measured fitness | x1 | x2...
1 0 +1.502789487e+01 +1.502789487e+01 +4.967378949e+02 +4.967378949e+02 +0.0000e+00 +0.0000e+00 +0.0000e+00 +0.0000e+00 +0.0000e+00 +0.0000e+00 +0.0000e+00 +0.0000e+00 +0.0000e+00 +0.0000e+00 +0.0000e+00 +0.0000e+00 +0.0000e+00 +0.0000e+00 +0.0000e+00 +0.0000e+00 +0.0000e+00 +0.0000e+00 +0.0000e+00 +0.0000e+00
10 0 +1.206182916e+01 +1.206182916e+01 +4.937718292e+02 +4.937718292e+02 +1.6912e+00 -4.1754e+00 -2.1329e+00 +7.1185e-01 +1.9717e+00 +2.4268e+00 -3.2908e-01 -1.6097e+00 +2.4679e+00 -3.9919e+00 -2.1903e+00 -3.6500e+00 -7.9772e-02 -1.7339e+00 +3.7985e+00 -6.4319e-01 -2.2672e+00 -5.9160e-02 -2.0324e+00 -4.8232e+00
% f evaluations | g evaluations | best noise-free fitness - Fopt | noise-free fitness - Fopt (-3.646000000000e+01) | measured fitness | best measured fitness | x1 | x2...
1 0 +1.237014080e+01 +1.237014080e+01 -2.408985920e+01 -2.408985920e+01 +0.0000e+00 +0.0000e+00 +0.0000e+00 +0.0000e+00 +0.0000e+00 +0.0000e+00 +0.0000e+00 +0.0000e+00 +0.0000e+00 +0.0000e+00 +0.0000e+00 +0.0000e+00 +0.0000e+00 +0.0000e+00 +0.0000e+00 +0.0000e+00 +0.0000e+00 +0.0000e+00 +0.0000e+00 +0.0000e+00
% f evaluations | g evaluations | best noise-free fitness - Fopt | noise-free fitness - Fopt (3.920000000000e+01) | measured fitness | best measured fitness | x1 | x2...
1 0 +1.982859378e+01 +1.982859378e+01 +5.902859378e+01 +5.902859378e+01 +0.0000e+00 +0.0000e+00 +0.0000e+00 +0.0000e+00 +0.0000e+00 +0.0000e+00 +0.0000e+00 +0.0000e+00 +0.0000e+00 +0.0000e+00 +0.0000e+00 +0.0000e+00 +0.0000e+00 +0.0000e+00 +0.0000e+00 +0.0000e+00 +0.0000e+00 +0.0000e+00 +0.0000e+00 +0.0000e+00
% f evaluations | g evaluations | best noise-free fitness - Fopt | noise-free fitness - Fopt (-3.225000000000e+01) | measured fitness | best measured fitness | x1 | x2...
1 0 +6.968617323e+01 +6.968617323e+01 +3.743617323e+01 +3.743617323e+01 +0.0000e+00 +0.0000e+00 +0.0000e+00 +0.0000e+00 +0.0000e+00 +0.0000e+00 +0.0000e+00 +0.0000e+00 +0.0000e+00 +0.0000e+00 +0.0000e+00 +0.0000e+00 +0.0000e+00 +0.0000e+00 +0.0000e+00 +0.0000e+00 +0.0000e+00 +0.0000e+00 +0.0000e+00 +0.0000e+00
3 0 +3.748711389e+01 +3.748711389e+01 +5.237113886e+00 +5.237113886e+00 +4.9406e+00 +3.2753e+00 -3.8326e+00 -4.7634e+00 +1.9506e+00 +2.1347e+00 +4.2901e+00 +3.2814e+00 +7.0463e-01 -1.5507e+00 +4.2551e+00 -4.3135e+00 -3.1866e+00 +2.6175e+00 -1.3822e-01 +7.2049e-01 +5.4262e-01 +3.5990e-01 -3.3611e+00 +2.6290e+00
4 0 +3.338374235e+01 +3.338374235e+01 +1.133742354e+00 +1.133742354e+00 +3.3712e+00 +7.9337e-01 +1.3708e+00 -2.7296e+00 +1.4543e+00 +3.2111e+00 -3.5582e+00 -2.8198e+00 -2.0369e+00 -6.2664e-01 -7.9660e-01 +1.6403e+00 +8.2069e-02 -1.2413e+00 -2.2921e+00 -1.3755e+00 +1.1312e+00 +3.0769e+00 +2.8646e-01 +6.7890e-01
9 0 +2.700513434e+01 +2.700513434e+01 -5.244865659e+00 -5.244865659e+00 -4.5174e+00 -1.9132e+00 -3.7312e+00 -2.5297e+00 -3.6454e+00 -4.6284e+00 +1.4913e+00 +4.4227e+00 -2.9207e+00 +8.1976e-01 +1.2533e+00 +1.1577e+00 -4.0944e+00 -2.1114e+00 +3.9669e-01 +1.7604e+00 -3.2103e+00 -9.9580e-01 -2.3704e+00 +3.2422e+00
27 0 +2.505633959e+01 +2.505633959e+01 -7.193660414e+00 -7.193660414e+00 -2.9562e+00 +4.7331e+00 -2.2261e+00 -1.4531e+00 -1.9585e+00 -2.1984e+00 +4.1579e+00 +4.1736e+00 -1.0481e+00 +4.0680e+00 +1.0633e+00 +4.6485e+00 -1.0741e+00 -3.2678e+00 +6.0392e-01 +2.6759e+00 -3.8299e+00 -1.6593e+00 +4.9644e+00 -2.9858e-01
% f evaluations | g evaluations | best noise-free fitness - Fopt | noise-free fitness - Fopt (3.681200000000e+02) | measured fitness | best measured fitness | x1 | x2...
1 0 +1.440821635e+01 +1.440821635e+01 +3.825282163e+02 +3.825282163e+02 +0.0000e+00 +0.0000e+00 +0.0000e+00 +0.0000e+00 +0.0000e+00 +0.0000e+00 +0.0000e+00 +0.0000e+00 +0.0000e+00 +0.0000e+00 +0.0000e+00 +0.0000e+00 +0.0000e+00 +0.0000e+00 +0.0000e+00 +0.0000e+00 +0.0000e+00 +0.0000e+00 +0.0000e+00 +0.0000e+00
% f evaluations | g evaluations | best noise-free fitness - Fopt | noise-free fitness - Fopt (4.739000000000e+01) | measured fitness | best measured fitness | x1 | x2...
1 0 +1.440751509e+01 +1.440751509e+01 +6.179751509e+01 +6.179751509e+01 +0.0000e+00 +0.0000e+00 +0.0000e+00 +0.0000e+00 +0.0000e+00 +0.0000e+00 +0.0000e+00 +0.0000e+00 +0.0000e+00 +0.0000e+00 +0.0000e+00 +0.0000e+00 +0.0000e+00 +0.0000e+00 +0.0000e+00 +0.0000e+00 +0.0000e+00 +0.0000e+00 +0.0000e+00 +0.0000e+00
% f evaluations | g evaluations | best noise-free fitness - Fopt | noise-free fitness - Fopt (-3.428900000000e+02) | measured fitness | best measured fitness | x1 | x2...
1 0 +1.596395368e+01 +1.596395368e+01 -3.269260463e+02 -3.269260463e+02 +0.0000e+00 +0.0000e+00 +0.0000e+00 +0.0000e+00 +0.0000e+00 +0.0000e+00 +0.0000e+00 +0.0000e+00 +0.0000e+00 +0.0000e+00 +0.0000e+00 +0.0000e+00 +0.0000e+00 +0.0000e+00 +0.0000e+00 +0.0000e+00 +0.0000e+00 +0.0000e+00 +0.0000e+00 +0.0000e+00
% f evaluations | g evaluations | best noise-free fitness - Fopt | noise-free fitness - Fopt (9.102000000000e+01) | measured fitness | best measured fitness | x1 | x2...
1 0 +1.654050346e+01 +1.654050346e+01 +1.075605035e+02 +1.075605035e+02 +0.0000e+00 +0.0000e+00 +0.0000e+00 +0.0000e+00 +0.0000e+00 +0.0000e+00 +0.0000e+00 +0.0000e+00 +0.0000e+00 +0.0000e+00 +0.0000e+00 +0.0000e+00 +0.0000e+00 +0.0000e+00 +0.0000e+00 +0.0000e+00 +0.0000e+00 +0.0000e+00 +0.0000e+00 +0.0000e+00
% f evaluations | g evaluations | best noise-free fitness - Fopt | noise-free fitness - Fopt (7.324200000000e+02) | measured fitness | best measured fitness | x1 | x2...
1 0 +1.245327240e+01 +1.245327240e+01 +7.448732724e+02 +7.448732724e+02 +0.0000e+00 +0.0000e+00 +0.0000e+00 +0.0000e+00 +0.0000e+00 +0.0000e+00 +0.0000e+00 +0.0000e+00 +0.0000e+00 +0.0000e+00 +0.0000e+00 +0.0000e+00 +0.0000e+00 +0.0000e+00 +0.0000e+00 +0.0000e+00 +0.0000e+00 +0.0000e+00 +0.0000e+00 +0.0000e+00
% f evaluations | g evaluations | best noise-free fitness - Fopt | noise-free fitness - Fopt (3.542000000000e+01) | measured fitness | best measured fitness | x1 | x2...
1 0 +1.602462318e+01 +1.602462318e+01 +5.144462318e+01 +5.144462318e+01 +0.0000e+00 +0.0000e+00 +0.0000e+00 +0.0000e+00 +0.0000e+00 +0.0000e+00 +0.0000e+00 +0.0000e+00 +0.0000e+00 +0.0000e+00 +0.0000e+00 +0.0000e+00 +0.0000e+00 +0.0000e+00 +0.0000e+00 +0.0000e+00 +0.0000e+00 +0.0000e+00 +0.0000e+00 +0.0000e+00
26 0 +1.488489551e+01 +1.488489551e+01 +5.030489551e+01 +5.030489551e+01 -6.0894e-01 +1.0202e+00 -4.6796e+00 -1.2784e+00 +3.2464e+00 -5.7374e-01 +6.3892e-03 +1.1068e+00 +1.0718e+00 -4.7036e+00 +9.5532e-01 +2.8691e+00 +1.2869e+00 -4.8691e+00 +6.3994e-01 +4.8119e+00 +4.8503e+00 -1.9525e+00 -3.8345e+00 +2.5505e+00
36 0 +1.389700045e+01 +1.389700045e+01 +4.931700045e+01 +4.931700045e+01 -1.3489e+00 +1.0335e-02 -5.6166e-01 +1.6045e-01 +3.9107e+00 -2.0256e-01 +4.8479e+00 -3.2480e-01 +2.0893e+00 -1.8258e+00 -2.6954e+00 +8.8303e-01 -4.9348e+00 -4.9377e+00 -4.0510e+00 +2.0818e+00 +4.6421e+00 -4.0491e+00 +6.4275e-01 +1.3846e+00
