Generation:
30

Phenotype:
import numpy as np
import src
import testFunctions as tf
n = 30
iterations = 30
my_func = tf.ackley_function
dimension = 2
bounds = -5, 5
crx = src.op.crx_exponential
beta = .5
pr = .7
def ge():
  X = np.array([src.solution(my_func, dimension, bounds) for i in range(n)])
  [Xi.initRandom() for Xi in X]
  for it in range(iterations):
    sel = src.op.selection_for_op_de(n)
    X1 = src.op.apply_op_de(src.op.op_de, X, sel, (crx, beta, pr))
    X = src.op.selection_de(X, X1)
  return X 
ge()
XXX_output_XXX = src.solution.best.x

Genotype:
[43349, 97267, 69394, 13808, 72191, 65811, 48997, 6359, 27338, 86003, 38569, 49750, 605, 34316, 22796, 94827, 10326, 77188, 6759, 42148, 90719, 98003, 60118, 94177, 15030, 43931, 6331, 28757, 42166, 42800, 70084, 23460, 14489, 41219, 61086, 82940, 66159, 23437, 62690, 89192, 50953, 38638, 32308, 70569, 84946, 81042, 18391, 25801, 10061, 8675, 22098, 8484, 18131, 63731, 80735, 4672, 11369, 44024, 20551, 17826, 31161, 32063, 50096, 19314, 17319, 55344, 24787, 41136, 84064, 62482, 16362, 47326, 9717, 11547, 74564, 40289, 43486, 68488, 94490, 75991, 75485, 1878, 98278, 15586, 18644, 56853, 30834, 72578, 67036, 83832, 90179, 46766, 16608, 85665, 66633, 25974, 43069, 22727, 23678, 88356, 45409, 38492, 62461, 21782, 99857, 58156, 46230, 451, 22455, 46496, 59497, 86817, 38848, 2823, 98339, 28378, 34568, 22815, 84332, 41760, 27657, 81368, 80997, 79398, 75369, 21603, 18373, 57942, 30965, 9350, 46784, 52184, 57626, 70971, 13354, 7993, 60219, 79770, 37537, 52575, 34095, 16964, 54437, 3812, 76530, 80232, 21494, 15418, 72738, 964, 73230, 86246, 65204, 51475, 14671, 38699, 59418, 56186, 93798, 40286, 31829, 96780, 47544, 32935, 60547, 60049, 53259, 90187, 98506, 40877, 4546, 67274, 1153, 38371, 74852, 39319, 59495, 18936, 5528, 6028, 9247, 66297, 93040, 72853, 98400, 26935, 99213, 75205, 4908, 80798, 1600, 79481, 82142, 39259, 9576, 92334, 27974, 54428, 54990, 38390]
Tree:
None

Fitness:
0.0006230084414893255