% f evaluations | g evaluations | best noise-free fitness - Fopt | noise-free fitness - Fopt (3.590000000000e+01) | measured fitness | best measured fitness | x1 | x2...
1 0 +7.743465359e+05 +7.743465359e+05 +7.743824359e+05 +7.743824359e+05 +0.0000e+00 +0.0000e+00 +0.0000e+00 +0.0000e+00 +0.0000e+00 +0.0000e+00 +0.0000e+00 +0.0000e+00 +0.0000e+00 +0.0000e+00 +0.0000e+00 +0.0000e+00 +0.0000e+00 +0.0000e+00 +0.0000e+00 +0.0000e+00 +0.0000e+00 +0.0000e+00 +0.0000e+00 +0.0000e+00
19 0 +6.732541719e+05 +6.732541719e+05 +6.732900719e+05 +6.732900719e+05 +4.2563e+00 +8.9836e-01 -2.7261e-01 -4.6961e+00 -2.2574e+00 -1.4964e-01 +6.0406e-01 -4.6593e+00 -4.7696e+00 -1.1887e+00 -1.0459e+00 +9.9693e-01 +2.9423e+00 +1.4965e+00 -2.0744e-01 +1.7506e+00 -3.1535e+00 +3.6591e+00 -7.2372e-01 -4.3532e-01
30 0 +5.805293914e+05 +5.805293914e+05 +5.805652914e+05 +5.805652914e+05 +3.0077e-02 +2.8398e+00 +4.7645e+00 -2.6078e+00 -1.5397e+00 -1.0287e+00 +1.8420e+00 -2.3898e+00 +9.8143e-02 -1.0950e+00 +4.9971e+00 +1.4043e+00 -2.5446e+00 +3.6018e+00 +1.5654e+00 -3.1760e+00 -3.4467e+00 +1.2761e+00 -3.5733e+00 -8.8398e-02
% f evaluations | g evaluations | best noise-free fitness - Fopt | noise-free fitness - Fopt (3.137000000000e+01) | measured fitness | best measured fitness | x1 | x2...
1 0 +3.777288378e+05 +3.777288378e+05 +3.777602078e+05 +3.777602078e+05 +0.0000e+00 +0.0000e+00 +0.0000e+00 +0.0000e+00 +0.0000e+00 +0.0000e+00 +0.0000e+00 +0.0000e+00 +0.0000e+00 +0.0000e+00 +0.0000e+00 +0.0000e+00 +0.0000e+00 +0.0000e+00 +0.0000e+00 +0.0000e+00 +0.0000e+00 +0.0000e+00 +0.0000e+00 +0.0000e+00
29 0 +2.837834695e+05 +2.837834695e+05 +2.838148395e+05 +2.838148395e+05 +4.2070e+00 +2.9528e+00 -4.0637e+00 +3.6151e+00 -4.0532e+00 -2.0650e+00 +4.2819e+00 -2.4067e+00 -3.4138e+00 +2.1911e-01 -1.5430e+00 +4.9699e+00 +9.5732e-01 +6.4459e-01 +2.9604e-01 -4.9234e+00 +6.9189e-01 +9.4682e-01 -4.5937e-01 -1.7454e+00
% f evaluations | g evaluations | best noise-free fitness - Fopt | noise-free fitness - Fopt (-1.000000000000e+03) | measured fitness | best measured fitness | x1 | x2...
1 0 +3.286849989e+05 +3.286849989e+05 +3.276849989e+05 +3.276849989e+05 +0.0000e+00 +0.0000e+00 +0.0000e+00 +0.0000e+00 +0.0000e+00 +0.0000e+00 +0.0000e+00 +0.0000e+00 +0.0000e+00 +0.0000e+00 +0.0000e+00 +0.0000e+00 +0.0000e+00 +0.0000e+00 +0.0000e+00 +0.0000e+00 +0.0000e+00 +0.0000e+00 +0.0000e+00 +0.0000e+00
25 0 +2.796598917e+05 +2.796598917e+05 +2.786598917e+05 +2.786598917e+05 -1.6109e+00 +6.4891e-01 +8.7409e-01 +2.7651e+00 -1.0274e+00 -5.2230e-01 -2.2488e+00 -2.1658e+00 +2.7389e+00 -3.6129e+00 +3.7415e+00 +5.8081e-01 +6.1265e-02 +9.4380e-01 -2.2566e+00 -2.0875e+00 +1.1420e+00 +2.5227e-01 -1.6141e+00 +3.8603e+00
% f evaluations | g evaluations | best noise-free fitness - Fopt | noise-free fitness - Fopt (1.319200000000e+02) | measured fitness | best measured fitness | x1 | x2...
1 0 +1.000870275e+06 +1.000870275e+06 +1.001002195e+06 +1.001002195e+06 +0.0000e+00 +0.0000e+00 +0.0000e+00 +0.0000e+00 +0.0000e+00 +0.0000e+00 +0.0000e+00 +0.0000e+00 +0.0000e+00 +0.0000e+00 +0.0000e+00 +0.0000e+00 +0.0000e+00 +0.0000e+00 +0.0000e+00 +0.0000e+00 +0.0000e+00 +0.0000e+00 +0.0000e+00 +0.0000e+00
22 0 +9.118796670e+05 +9.118796670e+05 +9.120115870e+05 +9.120115870e+05 -2.2624e+00 +9.6434e-01 +2.4726e-01 +4.9814e+00 -3.7604e+00 -2.3944e+00 +2.0961e+00 +2.3966e+00 +1.1984e+00 +2.2991e+00 -1.7138e+00 +6.1716e-01 +1.7090e+00 +1.5710e+00 -2.0669e+00 -3.1523e+00 +2.5876e+00 +2.2917e+00 +3.1640e+00 -4.2391e+00
% f evaluations | g evaluations | best noise-free fitness - Fopt | noise-free fitness - Fopt (5.908400000000e+02) | measured fitness | best measured fitness | x1 | x2...
1 0 +1.310552413e+05 +1.310552413e+05 +1.316460813e+05 +1.316460813e+05 +0.0000e+00 +0.0000e+00 +0.0000e+00 +0.0000e+00 +0.0000e+00 +0.0000e+00 +0.0000e+00 +0.0000e+00 +0.0000e+00 +0.0000e+00 +0.0000e+00 +0.0000e+00 +0.0000e+00 +0.0000e+00 +0.0000e+00 +0.0000e+00 +0.0000e+00 +0.0000e+00 +0.0000e+00 +0.0000e+00
% f evaluations | g evaluations | best noise-free fitness - Fopt | noise-free fitness - Fopt (6.749000000000e+01) | measured fitness | best measured fitness | x1 | x2...
1 0 +2.886292825e+05 +2.886292825e+05 +2.886967725e+05 +2.886967725e+05 +0.0000e+00 +0.0000e+00 +0.0000e+00 +0.0000e+00 +0.0000e+00 +0.0000e+00 +0.0000e+00 +0.0000e+00 +0.0000e+00 +0.0000e+00 +0.0000e+00 +0.0000e+00 +0.0000e+00 +0.0000e+00 +0.0000e+00 +0.0000e+00 +0.0000e+00 +0.0000e+00 +0.0000e+00 +0.0000e+00
% f evaluations | g evaluations | best noise-free fitness - Fopt | noise-free fitness - Fopt (3.085000000000e+01) | measured fitness | best measured fitness | x1 | x2...
1 0 +1.673625172e+05 +1.673625172e+05 +1.673933672e+05 +1.673933672e+05 +0.0000e+00 +0.0000e+00 +0.0000e+00 +0.0000e+00 +0.0000e+00 +0.0000e+00 +0.0000e+00 +0.0000e+00 +0.0000e+00 +0.0000e+00 +0.0000e+00 +0.0000e+00 +0.0000e+00 +0.0000e+00 +0.0000e+00 +0.0000e+00 +0.0000e+00 +0.0000e+00 +0.0000e+00 +0.0000e+00
28 0 +1.267639858e+05 +1.267639858e+05 +1.267948358e+05 +1.267948358e+05 +1.0074e+00 -4.5779e-01 -4.0098e+00 +2.6722e+00 +2.8893e-01 -1.2305e+00 +4.2806e+00 -2.2944e+00 -6.2087e-01 -3.4985e+00 +1.6812e+00 -3.0039e+00 -2.6100e+00 +9.5670e-01 -2.1468e+00 -7.2398e-01 +4.8844e+00 -4.0506e+00 -2.1190e+00 -3.8353e+00
% f evaluations | g evaluations | best noise-free fitness - Fopt | noise-free fitness - Fopt (-1.255000000000e+01) | measured fitness | best measured fitness | x1 | x2...
1 0 +3.611012035e+05 +3.611012035e+05 +3.610886535e+05 +3.610886535e+05 +0.0000e+00 +0.0000e+00 +0.0000e+00 +0.0000e+00 +0.0000e+00 +0.0000e+00 +0.0000e+00 +0.0000e+00 +0.0000e+00 +0.0000e+00 +0.0000e+00 +0.0000e+00 +0.0000e+00 +0.0000e+00 +0.0000e+00 +0.0000e+00 +0.0000e+00 +0.0000e+00 +0.0000e+00 +0.0000e+00
11 0 +3.353208551e+05 +3.353208551e+05 +3.353083051e+05 +3.353083051e+05 +2.0399e+00 +3.8924e+00 +1.6976e+00 +3.1483e+00 +1.9787e+00 +2.9294e-01 +1.7018e-01 +1.6584e+00 -2.0799e+00 -4.1280e+00 -7.7795e-01 -4.5853e+00 +1.1179e+00 -4.6996e+00 -2.2142e+00 -1.6698e+00 -9.1450e-01 -1.3725e+00 -3.2185e+00 +3.4588e+00
16 0 +2.917857858e+05 +2.917857858e+05 +2.917732358e+05 +2.917732358e+05 -1.7066e+00 -3.7355e+00 +3.2781e+00 +1.7428e+00 +3.7610e+00 -3.5963e+00 +3.2797e+00 +4.4941e+00 +4.5977e+00 -3.4789e+00 +3.5376e+00 -1.9808e+00 +3.6060e+00 -5.6436e-02 -3.2532e+00 -1.2240e-01 -4.7967e+00 -4.9020e+00 -3.3579e+00 +4.6658e+00
31 0 +1.543680627e+05 +1.543680627e+05 +1.543555127e+05 +1.543555127e+05 -4.5682e-01 +4.2335e+00 +4.9432e+00 +2.0528e+00 +4.2960e+00 +1.6484e+00 -6.3642e-01 +4.5350e+00 +3.3733e+00 -3.7981e-02 +3.8029e+00 -9.4619e-01 -8.0344e-01 -2.9680e+00 -5.9493e-02 +1.5322e+00 -1.4673e+00 -9.8571e-01 -3.3065e+00 +1.7660e+00
% f evaluations | g evaluations | best noise-free fitness - Fopt | noise-free fitness - Fopt (5.383900000000e+02) | measured fitness | best measured fitness | x1 | x2...
1 0 +5.773570964e+05 +5.773570964e+05 +5.778954864e+05 +5.778954864e+05 +0.0000e+00 +0.0000e+00 +0.0000e+00 +0.0000e+00 +0.0000e+00 +0.0000e+00 +0.0000e+00 +0.0000e+00 +0.0000e+00 +0.0000e+00 +0.0000e+00 +0.0000e+00 +0.0000e+00 +0.0000e+00 +0.0000e+00 +0.0000e+00 +0.0000e+00 +0.0000e+00 +0.0000e+00 +0.0000e+00
4 0 +5.435577735e+05 +5.435577735e+05 +5.440961635e+05 +5.440961635e+05 -4.3711e-01 +1.6136e+00 +3.5795e+00 -6.6252e-01 +1.4665e+00 -3.7438e+00 -3.3324e+00 -4.1611e+00 -3.2456e+00 +3.1203e+00 -1.3649e+00 +3.3205e+00 +1.8599e+00 -2.2065e-01 -2.0835e+00 -3.6056e+00 -1.9449e+00 +1.3182e+00 +3.9790e+00 -2.5662e+00
38 0 +4.653978889e+05 +4.653978889e+05 +4.659362789e+05 +4.659362789e+05 +1.1155e-01 -1.6727e-01 +1.9859e+00 +1.1054e+00 +2.4446e+00 -1.4736e+00 -3.5797e+00 +1.8166e+00 +2.6570e+00 -2.7157e+00 -2.3879e+00 -3.7326e+00 +4.3391e-01 -2.0721e+00 +1.9452e+00 -1.2665e+00 -4.5847e+00 -2.6700e+00 +4.1073e-02 -8.1878e-01
% f evaluations | g evaluations | best noise-free fitness - Fopt | noise-free fitness - Fopt (-1.055600000000e+02) | measured fitness | best measured fitness | x1 | x2...
1 0 +6.441517991e+05 +6.441517991e+05 +6.440462391e+05 +6.440462391e+05 +0.0000e+00 +0.0000e+00 +0.0000e+00 +0.0000e+00 +0.0000e+00 +0.0000e+00 +0.0000e+00 +0.0000e+00 +0.0000e+00 +0.0000e+00 +0.0000e+00 +0.0000e+00 +0.0000e+00 +0.0000e+00 +0.0000e+00 +0.0000e+00 +0.0000e+00 +0.0000e+00 +0.0000e+00 +0.0000e+00
11 0 +5.725973889e+05 +5.725973889e+05 +5.724918289e+05 +5.724918289e+05 -4.4983e+00 -4.9213e+00 +3.6184e+00 +4.6530e-01 -1.0845e+00 -1.9264e-03 -5.4337e-01 +2.3854e+00 +3.6000e+00 -1.3014e+00 -3.9264e+00 +3.8660e+00 -1.2379e+00 -1.8384e+00 +1.8528e-01 +1.5209e+00 +9.7338e-01 +7.2229e-01 -4.0518e-01 +3.2870e-01
34 0 +5.610295377e+05 +5.610295377e+05 +5.609239777e+05 +5.609239777e+05 -4.8977e+00 -3.6944e+00 +4.0139e-01 +3.5765e+00 +7.5669e-01 -4.4637e+00 -4.8459e+00 +1.9106e+00 -2.7643e+00 -2.3820e-01 +1.8563e+00 -4.6867e+00 -7.3049e-01 -2.9014e+00 +2.2337e+00 +3.2879e+00 +1.1947e+00 -3.8414e+00 -5.8378e-01 -2.1438e+00
% f evaluations | g evaluations | best noise-free fitness - Fopt | noise-free fitness - Fopt (9.803000000000e+01) | measured fitness | best measured fitness | x1 | x2...
1 0 +5.769850325e+05 +5.769850325e+05 +5.770830625e+05 +5.770830625e+05 +0.0000e+00 +0.0000e+00 +0.0000e+00 +0.0000e+00 +0.0000e+00 +0.0000e+00 +0.0000e+00 +0.0000e+00 +0.0000e+00 +0.0000e+00 +0.0000e+00 +0.0000e+00 +0.0000e+00 +0.0000e+00 +0.0000e+00 +0.0000e+00 +0.0000e+00 +0.0000e+00 +0.0000e+00 +0.0000e+00
8 0 +2.214949034e+05 +2.214949034e+05 +2.215929334e+05 +2.215929334e+05 +3.3434e+00 -2.4453e+00 +1.3345e+00 +4.8145e-01 +2.7639e+00 +4.6269e+00 -4.1567e+00 +4.0739e+00 +8.5117e-01 -3.0991e+00 -2.0176e+00 +4.6251e+00 +4.4161e+00 -2.1284e+00 -2.9825e+00 +4.6111e+00 +8.4262e-01 +1.8383e+00 +2.8525e+00 -4.0811e+00
% f evaluations | g evaluations | best noise-free fitness - Fopt | noise-free fitness - Fopt (1.000000000000e+03) | measured fitness | best measured fitness | x1 | x2...
1 0 +4.075698375e+05 +4.075698375e+05 +4.085698375e+05 +4.085698375e+05 +0.0000e+00 +0.0000e+00 +0.0000e+00 +0.0000e+00 +0.0000e+00 +0.0000e+00 +0.0000e+00 +0.0000e+00 +0.0000e+00 +0.0000e+00 +0.0000e+00 +0.0000e+00 +0.0000e+00 +0.0000e+00 +0.0000e+00 +0.0000e+00 +0.0000e+00 +0.0000e+00 +0.0000e+00 +0.0000e+00
7 0 +3.086855100e+05 +3.086855100e+05 +3.096855100e+05 +3.096855100e+05 +3.9014e+00 +7.8634e-02 +3.8461e-01 -2.2079e+00 -3.4653e+00 +3.1485e+00 -2.4748e+00 -1.0725e+00 +1.1862e+00 -3.5469e+00 +1.9677e+00 -1.8429e+00 -2.9028e+00 -2.8431e+00 -1.4977e+00 +2.1154e+00 -3.5999e-01 -2.0498e+00 +2.6000e+00 -1.8042e+00
% f evaluations | g evaluations | best noise-free fitness - Fopt | noise-free fitness - Fopt (1.490000000000e+00) | measured fitness | best measured fitness | x1 | x2...
1 0 +5.686066834e+05 +5.686066834e+05 +5.686081734e+05 +5.686081734e+05 +0.0000e+00 +0.0000e+00 +0.0000e+00 +0.0000e+00 +0.0000e+00 +0.0000e+00 +0.0000e+00 +0.0000e+00 +0.0000e+00 +0.0000e+00 +0.0000e+00 +0.0000e+00 +0.0000e+00 +0.0000e+00 +0.0000e+00 +0.0000e+00 +0.0000e+00 +0.0000e+00 +0.0000e+00 +0.0000e+00
10 0 +3.890047645e+05 +3.890047645e+05 +3.890062545e+05 +3.890062545e+05 +1.2967e+00 +4.1304e+00 +1.9341e+00 -1.8632e+00 +2.0965e+00 +3.9975e+00 +2.3035e+00 -1.1348e-01 +4.6454e+00 +3.9698e+00 +5.7562e-01 -4.1789e+00 +2.7726e+00 +3.8078e+00 -4.6441e+00 +1.4268e+00 +4.5444e+00 +4.5783e+00 -1.3705e+00 +3.8177e+00
% f evaluations | g evaluations | best noise-free fitness - Fopt | noise-free fitness - Fopt (5.963500000000e+02) | measured fitness | best measured fitness | x1 | x2...
1 0 +6.933515869e+05 +6.933515869e+05 +6.939479369e+05 +6.939479369e+05 +0.0000e+00 +0.0000e+00 +0.0000e+00 +0.0000e+00 +0.0000e+00 +0.0000e+00 +0.0000e+00 +0.0000e+00 +0.0000e+00 +0.0000e+00 +0.0000e+00 +0.0000e+00 +0.0000e+00 +0.0000e+00 +0.0000e+00 +0.0000e+00 +0.0000e+00 +0.0000e+00 +0.0000e+00 +0.0000e+00
8 0 +6.196958702e+05 +6.196958702e+05 +6.202922202e+05 +6.202922202e+05 +1.9226e+00 +2.4846e+00 -4.9315e+00 +1.7891e+00 +7.6026e-01 +4.6947e+00 +1.0915e+00 +9.9270e-01 -2.2857e+00 +2.5022e+00 +2.9265e+00 -7.0358e-01 +1.7675e+00 -1.5115e+00 +4.8160e+00 -3.5453e-01 +1.4676e+00 -2.7918e+00 -4.1537e+00 -1.5471e-01
14 0 +5.721946209e+05 +5.721946209e+05 +5.727909709e+05 +5.727909709e+05 +3.7450e-01 +1.7133e+00 -1.8780e+00 -3.4195e+00 +8.9641e-01 -2.9440e+00 +3.1305e+00 +1.8487e+00 -3.4665e+00 +1.2411e+00 +4.7120e-01 +3.2414e+00 +1.8794e+00 -6.4655e-01 +1.4952e+00 -4.1480e+00 +1.5888e+00 +3.3589e-01 -4.7345e+00 -1.1309e+00
33 0 +2.158118794e+05 +2.158118794e+05 +2.164082294e+05 +2.164082294e+05 -1.3053e+00 +2.5745e+00 +2.7759e+00 -5.3454e-01 +2.3796e+00 +2.4343e-01 +4.3577e-01 +3.1884e+00 -4.1775e+00 +1.0310e+00 -4.7209e+00 -1.6587e+00 -2.1007e+00 -4.0933e+00 +4.9103e+00 -3.4470e-01 +2.3576e+00 -4.7721e+00 -1.6925e+00 +1.9222e+00
% f evaluations | g evaluations | best noise-free fitness - Fopt | noise-free fitness - Fopt (-1.189700000000e+02) | measured fitness | best measured fitness | x1 | x2...
1 0 +1.118898485e+06 +1.118898485e+06 +1.118779515e+06 +1.118779515e+06 +0.0000e+00 +0.0000e+00 +0.0000e+00 +0.0000e+00 +0.0000e+00 +0.0000e+00 +0.0000e+00 +0.0000e+00 +0.0000e+00 +0.0000e+00 +0.0000e+00 +0.0000e+00 +0.0000e+00 +0.0000e+00 +0.0000e+00 +0.0000e+00 +0.0000e+00 +0.0000e+00 +0.0000e+00 +0.0000e+00
10 0 +1.069522657e+06 +1.069522657e+06 +1.069403687e+06 +1.069403687e+06 -1.3242e+00 -1.8450e+00 -2.9711e+00 +5.1867e-01 -2.2752e+00 +2.5302e+00 -3.2761e+00 -2.1767e+00 +1.7126e+00 -6.5569e-01 -3.2349e+00 -2.8966e+00 -4.4132e+00 -3.9853e+00 +4.2215e-01 +1.3357e+00 +2.1245e+00 +1.8986e+00 +3.1114e+00 +4.5631e+00
22 0 +9.697399045e+05 +9.697399045e+05 +9.696209345e+05 +9.696209345e+05 -4.4716e+00 +2.6820e+00 +1.7120e+00 +2.3396e+00 -3.6029e+00 -3.7049e+00 +2.9723e-01 +1.8289e+00 -7.8104e-01 +6.4491e-02 +1.2784e+00 +8.3792e-01 -4.7490e+00 +4.2852e+00 +3.6531e+00 +6.5460e-01 +1.3939e+00 +4.7776e+00 +3.4141e+00 -6.9003e-01
