% f evaluations | g evaluations | best noise-free fitness - Fopt | noise-free fitness - Fopt (-1.694000000000e+01) | measured fitness | best measured fitness | x1 | x2...
1 0 +1.556512655e+01 +1.556512655e+01 -1.374873450e+00 -1.374873450e+00 +5.5213e-01 +4.8101e+00 -1.6546e+00 -1.9846e+00 -2.5085e+00
9 0 +1.057783618e+01 +1.057783618e+01 -6.362163822e+00 -6.362163822e+00 +2.2380e+00 +1.2057e+00 -4.4674e+00 +4.2670e+00 -1.8837e+00
10 0 +9.578781807e+00 +9.578781807e+00 -7.361218193e+00 -7.361218193e+00 +2.8794e+00 +1.9170e-01 +1.0241e-01 -3.4360e+00 +1.8849e+00
13 0 +6.785634918e+00 +6.785634918e+00 -1.015436508e+01 -1.015436508e+01 +3.4908e+00 +3.4968e+00 +2.8739e-01 -4.8326e+00 -3.2634e-01
36 0 +3.732708752e+00 +3.732708752e+00 -1.320729125e+01 -1.320729125e+01 +2.7442e+00 +2.2443e+00 -9.1165e-01 -7.3269e-01 +2.3721e-01
63 0 +2.951879905e+00 +2.951879905e+00 -1.398812010e+01 -1.398812010e+01 +2.6117e+00 +2.1949e+00 -1.8183e+00 -2.7880e-01 +4.1521e-01
93 0 +2.500299342e+00 +2.500299342e+00 -1.443970066e+01 -1.443970066e+01 +2.7570e+00 +2.1668e+00 -2.0718e+00 +1.2197e+00 +7.5520e-01
107 0 +2.411518989e+00 +2.411518989e+00 -1.452848101e+01 -1.452848101e+01 +3.8229e+00 +2.2378e+00 -1.5726e+00 +2.0881e+00 +7.6408e-01
109 0 +2.162468135e+00 +2.162468135e+00 -1.477753187e+01 -1.477753187e+01 +2.3587e+00 +2.6953e+00 -2.1152e+00 +1.3199e+00 +1.5619e+00
112 0 +1.880707424e+00 +1.880707424e+00 -1.505929258e+01 -1.505929258e+01 +2.7586e+00 +1.6506e+00 -2.0136e+00 +1.1913e+00 +7.5733e-01
113 0 +1.642688758e+00 +1.642688758e+00 -1.529731124e+01 -1.529731124e+01 +2.8541e+00 +2.0417e+00 -1.4107e+00 +1.1119e+00 +5.3400e-01
117 0 +6.705866237e-01 +6.705866237e-01 -1.626941338e+01 -1.626941338e+01 +3.6564e+00 +2.2312e+00 -1.2473e+00 +1.2836e+00 +1.0996e+00
262 0 +6.405239011e-01 +6.405239011e-01 -1.629947610e+01 -1.629947610e+01 +3.6620e+00 +2.2311e+00 -1.2486e+00 +1.2821e+00 +1.1018e+00
275 0 +5.048101872e-01 +5.048101872e-01 -1.643518981e+01 -1.643518981e+01 +3.6180e+00 +2.2129e+00 -1.5423e+00 +1.2821e+00 +1.0978e+00
318 0 +4.921989051e-01 +4.921989051e-01 -1.644780109e+01 -1.644780109e+01 +3.6165e+00 +2.2105e+00 -1.6707e+00 +1.2816e+00 +1.0858e+00
321 0 +4.755490852e-01 +4.755490852e-01 -1.646445091e+01 -1.646445091e+01 +3.6265e+00 +2.2116e+00 -1.6614e+00 +1.2820e+00 +1.0916e+00
381 0 +4.664075180e-01 +4.664075180e-01 -1.647359248e+01 -1.647359248e+01 +3.6305e+00 +2.2116e+00 -1.6581e+00 +1.2782e+00 +1.0898e+00
427 0 +4.523228402e-01 +4.523228402e-01 -1.648767716e+01 -1.648767716e+01 +3.6333e+00 +2.2154e+00 -1.6603e+00 +1.2748e+00 +1.0903e+00
% f evaluations | g evaluations | best noise-free fitness - Fopt | noise-free fitness - Fopt (1.881000000000e+01) | measured fitness | best measured fitness | x1 | x2...
1 0 +3.248321017e+01 +3.248321017e+01 +5.129321017e+01 +5.129321017e+01 -4.7458e+00 +8.9045e-01 +2.6526e+00 -1.7725e+00 -1.8404e+00
2 0 +2.103796872e+01 +2.103796872e+01 +3.984796872e+01 +3.984796872e+01 +3.4984e+00 -4.0076e+00 +1.8977e-01 +1.3324e+00 +2.7933e-01
6 0 +8.273898455e+00 +8.273898455e+00 +2.708389846e+01 +2.708389846e+01 +1.1899e+00 -2.7144e+00 +2.0946e-01 -1.3981e+00 +4.4039e+00
58 0 +6.395619814e+00 +6.395619814e+00 +2.520561981e+01 +2.520561981e+01 +1.2748e+00 -5.3520e-01 -1.8648e-01 -1.6093e+00 +5.0000e+00
87 0 +4.765402690e+00 +4.765402690e+00 +2.357540269e+01 +2.357540269e+01 +1.4459e+00 -1.1444e-01 +1.1496e+00 -1.2979e+00 +4.2168e+00
116 0 +4.306923956e+00 +4.306923956e+00 +2.311692396e+01 +2.311692396e+01 +1.3642e+00 -7.8400e-01 +1.1287e+00 -1.2659e+00 +4.0368e+00
143 0 +3.774752421e+00 +3.774752421e+00 +2.258475242e+01 +2.258475242e+01 +1.3799e+00 +3.3398e-01 +9.5648e-01 -1.2627e+00 +3.7044e+00
161 0 +3.121929373e+00 +3.121929373e+00 +2.193192937e+01 +2.193192937e+01 +1.4223e+00 +1.8088e-01 +8.7443e-01 -1.2362e+00 +3.3743e+00
200 0 +2.464219202e+00 +2.464219202e+00 +2.127421920e+01 +2.127421920e+01 +8.3447e-01 +3.5222e-02 +9.5672e-01 -1.2624e+00 +3.8014e+00
215 0 +2.402184911e+00 +2.402184911e+00 +2.121218491e+01 +2.121218491e+01 +1.0468e+00 +1.8733e-01 +1.0235e+00 -1.2678e+00 +3.6437e+00
216 0 +2.137130477e+00 +2.137130477e+00 +2.094713048e+01 +2.094713048e+01 +6.7566e-01 +5.4031e-02 +9.5604e-01 -1.2590e+00 +3.8011e+00
250 0 +1.710450654e+00 +1.710450654e+00 +2.052045065e+01 +2.052045065e+01 +7.4145e-01 -2.3928e-02 +9.5501e-01 -1.2521e+00 +3.7199e+00
268 0 +1.546940994e+00 +1.546940994e+00 +2.035694099e+01 +2.035694099e+01 +7.5089e-01 -1.7984e-02 +9.5536e-01 -1.2539e+00 +3.7488e+00
279 0 +1.471476656e+00 +1.471476656e+00 +2.028147666e+01 +2.028147666e+01 +7.5369e-01 -1.0788e-02 +9.5518e-01 -1.2158e+00 +3.7114e+00
341 0 +1.407285526e+00 +1.407285526e+00 +2.021728553e+01 +2.021728553e+01 +7.2704e-01 -1.7945e-02 +9.5760e-01 -1.2070e+00 +3.7063e+00
376 0 +1.372110688e+00 +1.372110688e+00 +2.018211069e+01 +2.018211069e+01 +6.9946e-01 -1.7202e-02 +9.5900e-01 -1.2114e+00 +3.6875e+00
415 0 +1.298244203e+00 +1.298244203e+00 +2.010824420e+01 +2.010824420e+01 +6.9544e-01 -1.6849e-02 +9.5900e-01 -1.2170e+00 +3.6908e+00
479 0 +1.285909206e+00 +1.285909206e+00 +2.009590921e+01 +2.009590921e+01 +6.8838e-01 -1.4057e-02 +9.5891e-01 -1.2125e+00 +3.6876e+00
% f evaluations | g evaluations | best noise-free fitness - Fopt | noise-free fitness - Fopt (2.731500000000e+02) | measured fitness | best measured fitness | x1 | x2...
1 0 +3.597312741e+01 +3.597312741e+01 +3.091231274e+02 +3.091231274e+02 -1.7871e+00 +1.1177e+00 -5.8772e-01 -5.5598e-01 -4.8873e+00
2 0 +1.993044760e+01 +1.993044760e+01 +2.930804476e+02 +2.930804476e+02 +1.5739e+00 +3.5911e+00 +3.3481e+00 +1.0544e+00 -2.8937e+00
3 0 +1.721082827e+01 +1.721082827e+01 +2.903608283e+02 +2.903608283e+02 +7.0974e-01 +1.6333e+00 -4.8685e+00 +1.0087e+00 +2.4668e+00
4 0 +1.563781741e+01 +1.563781741e+01 +2.887878174e+02 +2.887878174e+02 +2.4492e+00 +2.5015e+00 -4.2563e+00 -2.5511e+00 +1.3866e+00
18 0 +1.517918487e+01 +1.517918487e+01 +2.883291849e+02 +2.883291849e+02 -2.7603e+00 -4.8358e+00 -4.5360e+00 +4.1061e+00 +5.9949e-01
24 0 +1.447436034e+01 +1.447436034e+01 +2.876243603e+02 +2.876243603e+02 +4.1051e+00 +1.1054e+00 +4.0104e+00 +3.7185e+00 +2.2734e-01
25 0 +3.919195752e+00 +3.919195752e+00 +2.770691958e+02 +2.770691958e+02 +3.5808e+00 +3.5042e+00 +7.7945e-01 +9.5477e-01 +5.6342e-01
64 0 +2.985562946e+00 +2.985562946e+00 +2.761355629e+02 +2.761355629e+02 +3.5665e+00 +3.7466e+00 -4.5191e-01 +9.2962e-01 +7.8461e-01
74 0 +1.941383383e+00 +1.941383383e+00 +2.750913834e+02 +2.750913834e+02 +3.9197e+00 +4.2559e+00 +9.0042e-01 +1.5588e+00 +8.2054e-01
158 0 +1.761352985e+00 +1.761352985e+00 +2.749113530e+02 +2.749113530e+02 +3.9186e+00 +4.0792e+00 +1.0118e+00 +1.5135e+00 +8.1007e-01
187 0 +1.288397803e+00 +1.288397803e+00 +2.744383978e+02 +2.744383978e+02 +3.9193e+00 +3.9580e+00 +7.2766e-01 +1.4562e+00 +8.2196e-01
243 0 +1.199611103e+00 +1.199611103e+00 +2.743496111e+02 +2.743496111e+02 +3.9416e+00 +3.9519e+00 +7.0979e-01 +1.4700e+00 +8.2654e-01
259 0 +1.094303826e+00 +1.094303826e+00 +2.742443038e+02 +2.742443038e+02 +3.9424e+00 +3.9607e+00 +7.1160e-01 +1.4619e+00 +8.2928e-01
324 0 +1.070694203e+00 +1.070694203e+00 +2.742206942e+02 +2.742206942e+02 +3.9449e+00 +3.9551e+00 +7.1068e-01 +1.4663e+00 +8.3164e-01
468 0 +1.043027708e+00 +1.043027708e+00 +2.741930277e+02 +2.741930277e+02 +3.9468e+00 +3.9640e+00 +7.0485e-01 +1.4663e+00 +8.3236e-01
% f evaluations | g evaluations | best noise-free fitness - Fopt | noise-free fitness - Fopt (3.718000000000e+01) | measured fitness | best measured fitness | x1 | x2...
1 0 +1.277032384e+01 +1.277032384e+01 +4.995032384e+01 +4.995032384e+01 +1.2595e+00 +4.2293e+00 +4.1903e+00 +2.3241e+00 -4.3264e+00
6 0 +9.980172059e+00 +9.980172059e+00 +4.716017206e+01 +4.716017206e+01 +1.4829e+00 -1.0989e+00 +2.8352e+00 +1.6739e+00 -4.8875e+00
28 0 +9.053552853e+00 +9.053552853e+00 +4.623355285e+01 +4.623355285e+01 -4.7412e+00 +3.4198e+00 +2.9725e+00 +3.6480e+00 -3.5701e+00
51 0 +6.551596527e+00 +6.551596527e+00 +4.373159653e+01 +4.373159653e+01 -5.0000e+00 +3.3025e+00 +2.8613e+00 +3.2576e+00 -4.2095e+00
75 0 +5.380479771e+00 +5.380479771e+00 +4.256047977e+01 +4.256047977e+01 -4.9782e+00 +2.5234e+00 +2.8386e+00 +2.9583e+00 -3.4755e+00
77 0 +2.911112928e+00 +2.911112928e+00 +4.009111293e+01 +4.009111293e+01 -2.5284e+00 +3.4608e+00 +1.8338e+00 +3.1376e+00 -3.7021e+00
112 0 +2.511729773e+00 +2.511729773e+00 +3.969172977e+01 +3.969172977e+01 -2.2130e+00 +3.7605e+00 +1.6536e+00 +3.3481e+00 -2.9604e+00
179 0 +2.331266442e+00 +2.331266442e+00 +3.951126644e+01 +3.951126644e+01 -2.2279e+00 +3.7129e+00 +1.8326e+00 +3.4793e+00 -2.9237e+00
180 0 +1.778939396e+00 +1.778939396e+00 +3.895893940e+01 +3.895893940e+01 -2.5082e+00 +3.8765e+00 +1.2777e+00 +3.4947e+00 -3.4089e+00
228 0 +1.711619784e+00 +1.711619784e+00 +3.889161978e+01 +3.889161978e+01 -2.4750e+00 +3.6695e+00 +1.2107e+00 +3.4805e+00 -3.3270e+00
239 0 +1.558782146e+00 +1.558782146e+00 +3.873878215e+01 +3.873878215e+01 -2.4776e+00 +3.8004e+00 +1.3407e+00 +3.5529e+00 -3.2990e+00
294 0 +1.485763823e+00 +1.485763823e+00 +3.866576382e+01 +3.866576382e+01 -2.4774e+00 +3.7844e+00 +1.3182e+00 +3.5574e+00 -3.3215e+00
396 0 +1.478162969e+00 +1.478162969e+00 +3.865816297e+01 +3.865816297e+01 -2.4775e+00 +3.7823e+00 +1.3180e+00 +3.5566e+00 -3.3211e+00
623 0 +1.445014365e+00 +1.445014365e+00 +3.862501437e+01 +3.862501437e+01 -2.4777e+00 +3.7814e+00 +1.3221e+00 +3.5521e+00 -3.3102e+00
% f evaluations | g evaluations | best noise-free fitness - Fopt | noise-free fitness - Fopt (-1.479000000000e+02) | measured fitness | best measured fitness | x1 | x2...
1 0 +2.845908334e+01 +2.845908334e+01 -1.194409167e+02 -1.194409167e+02 -1.7108e+00 -3.4212e+00 +1.4494e+00 +2.2362e+00 +8.0512e-01
3 0 +2.172407049e+01 +2.172407049e+01 -1.261759295e+02 -1.261759295e+02 +3.2871e+00 +2.7449e+00 -2.8962e+00 -1.8703e+00 +2.9796e-01
4 0 +1.314763925e+01 +1.314763925e+01 -1.347523608e+02 -1.347523608e+02 +4.3354e+00 -1.4112e+00 +4.0173e+00 -2.2486e+00 +2.1063e+00
16 0 +9.952878310e+00 +9.952878310e+00 -1.379471217e+02 -1.379471217e+02 -1.6667e-02 +2.9296e+00 +1.8914e+00 +1.3027e+00 -2.9692e+00
28 0 +5.994215745e+00 +5.994215745e+00 -1.419057843e+02 -1.419057843e+02 -1.3634e+00 +3.7196e+00 +2.9942e+00 -1.8396e-01 -4.1966e+00
58 0 +5.500586611e+00 +5.500586611e+00 -1.423994134e+02 -1.423994134e+02 -1.9137e+00 +3.2716e+00 +3.8697e+00 -7.6815e-01 -1.5280e+00
76 0 +5.295000551e+00 +5.295000551e+00 -1.426049994e+02 -1.426049994e+02 -4.6516e-01 +2.7899e+00 +1.1619e+00 -7.5431e-01 -3.5615e+00
84 0 +3.698455196e+00 +3.698455196e+00 -1.442015448e+02 -1.442015448e+02 -1.4876e+00 +1.1232e+00 +2.6920e+00 +3.4985e-01 -2.1008e+00
146 0 +3.107477892e+00 +3.107477892e+00 -1.447925221e+02 -1.447925221e+02 -1.4629e+00 +1.6543e-01 +2.6963e+00 -9.5648e-01 -1.6136e+00
166 0 +2.039537943e+00 +2.039537943e+00 -1.458604621e+02 -1.458604621e+02 -2.0208e+00 -1.0077e-01 +2.6949e+00 -1.2730e+00 -1.6113e+00
203 0 +1.801400854e+00 +1.801400854e+00 -1.460985991e+02 -1.460985991e+02 -2.1051e+00 -2.7756e-01 +2.7332e+00 -7.5236e-01 -1.5259e+00
209 0 +1.416624505e+00 +1.416624505e+00 -1.464833755e+02 -1.464833755e+02 -2.1891e+00 -3.9196e-01 +2.5732e+00 -8.4101e-01 -1.4643e+00
270 0 +1.354674371e+00 +1.354674371e+00 -1.465453256e+02 -1.465453256e+02 -2.1621e+00 -4.2831e-01 +2.6388e+00 -8.7039e-01 -1.4688e+00
301 0 +1.309876805e+00 +1.309876805e+00 -1.465901232e+02 -1.465901232e+02 -2.2351e+00 -3.6387e-01 +2.5953e+00 -8.5396e-01 -1.4824e+00
327 0 +1.268034056e+00 +1.268034056e+00 -1.466319659e+02 -1.466319659e+02 -2.2453e+00 -3.7174e-01 +2.6191e+00 -8.3636e-01 -1.5346e+00
354 0 +1.251460325e+00 +1.251460325e+00 -1.466485397e+02 -1.466485397e+02 -2.2411e+00 -3.5463e-01 +2.5978e+00 -8.5507e-01 -1.4736e+00
377 0 +1.194441598e+00 +1.194441598e+00 -1.467055584e+02 -1.467055584e+02 -2.2367e+00 -3.6059e-01 +2.6136e+00 -8.7363e-01 -1.4749e+00
398 0 +1.165278963e+00 +1.165278963e+00 -1.467347210e+02 -1.467347210e+02 -2.2266e+00 -3.6025e-01 +2.6100e+00 -8.6504e-01 -1.4823e+00
482 0 +1.148069184e+00 +1.148069184e+00 -1.467519308e+02 -1.467519308e+02 -2.2088e+00 -3.5848e-01 +2.6090e+00 -8.5458e-01 -1.4958e+00
% f evaluations | g evaluations | best noise-free fitness - Fopt | noise-free fitness - Fopt (4.817100000000e+02) | measured fitness | best measured fitness | x1 | x2...
1 0 +7.576911672e+01 +7.576911672e+01 +5.574791167e+02 +5.574791167e+02 -3.7045e+00 +1.9764e+00 +4.4090e-01 +5.9253e-01 +3.2304e+00
2 0 +2.199125464e+01 +2.199125464e+01 +5.037012546e+02 +5.037012546e+02 +1.6656e+00 -4.9409e+00 +3.2464e+00 -1.8855e+00 -2.7492e+00
6 0 +2.086528866e+01 +2.086528866e+01 +5.025752887e+02 +5.025752887e+02 +4.1404e+00 -3.2298e+00 -2.8154e-01 -1.2283e+00 -1.3291e+00
8 0 +2.012125395e+01 +2.012125395e+01 +5.018312540e+02 +5.018312540e+02 +1.2851e+00 -7.4941e-01 +1.9622e+00 +4.0825e+00 +4.6620e+00
15 0 +1.979198247e+01 +1.979198247e+01 +5.015019825e+02 +5.015019825e+02 +2.1337e+00 -1.7381e+00 +2.1781e+00 +8.8463e-01 -1.4375e+00
21 0 +1.601827283e+01 +1.601827283e+01 +4.977282728e+02 +4.977282728e+02 +1.4188e+00 -6.5520e-01 -4.7464e+00 +3.4475e+00 -3.9162e+00
33 0 +4.877963798e+00 +4.877963798e+00 +4.865879638e+02 +4.865879638e+02 +2.9479e+00 -1.5488e+00 -1.3212e+00 +3.1225e+00 -2.4385e+00
72 0 +3.654388737e+00 +3.654388737e+00 +4.853643887e+02 +4.853643887e+02 +3.3925e+00 -2.0032e+00 -3.3707e+00 +3.9434e+00 +4.9248e-01
78 0 +3.549459559e+00 +3.549459559e+00 +4.852594596e+02 +4.852594596e+02 +3.2481e+00 -3.6104e+00 -2.0795e+00 +3.0706e+00 +3.3370e-01
88 0 +3.428108886e+00 +3.428108886e+00 +4.851381089e+02 +4.851381089e+02 +2.0704e+00 -1.7230e+00 -2.1310e+00 +3.1212e+00 -3.1620e+00
124 0 +2.853361292e+00 +2.853361292e+00 +4.845633613e+02 +4.845633613e+02 +2.6443e+00 -1.8935e+00 -2.6588e+00 +3.4903e+00 -3.4279e-01
156 0 +2.466603679e+00 +2.466603679e+00 +4.841766037e+02 +4.841766037e+02 +2.6437e+00 -1.8989e+00 -3.3644e+00 +3.4385e+00 +6.7712e-01
164 0 +2.264026897e+00 +2.264026897e+00 +4.839740269e+02 +4.839740269e+02 +2.4798e+00 -1.8892e+00 -2.9805e+00 +3.4210e+00 +6.6775e-01
210 0 +2.178588016e+00 +2.178588016e+00 +4.838885880e+02 +4.838885880e+02 +2.4625e+00 -1.8864e+00 -2.9609e+00 +3.4081e+00 +8.2585e-01
215 0 +1.840638305e+00 +1.840638305e+00 +4.835506383e+02 +4.835506383e+02 +2.4224e+00 -1.8834e+00 -3.1214e+00 +3.4362e+00 +7.5245e-01
262 0 +1.624129991e+00 +1.624129991e+00 +4.833341300e+02 +4.833341300e+02 +2.4308e+00 -1.8839e+00 -3.1372e+00 +3.4582e+00 +7.6617e-01
327 0 +1.562689364e+00 +1.562689364e+00 +4.832726894e+02 +4.832726894e+02 +2.4323e+00 -1.8980e+00 -3.1313e+00 +3.4623e+00 +7.3907e-01
425 0 +1.546530360e+00 +1.546530360e+00 +4.832565304e+02 +4.832565304e+02 +2.4775e+00 -1.9109e+00 -3.1243e+00 +3.4529e+00 +7.5150e-01
471 0 +1.510259184e+00 +1.510259184e+00 +4.832202592e+02 +4.832202592e+02 +2.4749e+00 -1.9132e+00 -3.1269e+00 +3.4531e+00 +7.5425e-01
780 0 +1.478931315e+00 +1.478931315e+00 +4.831889313e+02 +4.831889313e+02 +2.4875e+00 -1.9168e+00 -3.1257e+00 +3.4694e+00 +7.5064e-01
% f evaluations | g evaluations | best noise-free fitness - Fopt | noise-free fitness - Fopt (-3.646000000000e+01) | measured fitness | best measured fitness | x1 | x2...
1 0 +1.237714161e+01 +1.237714161e+01 -2.408285839e+01 -2.408285839e+01 -3.5102e-01 +1.7258e-01 -1.0733e+00 +1.7426e+00 +2.6594e+00
11 0 +1.116872455e+01 +1.116872455e+01 -2.529127545e+01 -2.529127545e+01 -7.8415e-01 +9.0756e-01 -1.0190e+00 +8.7651e-01 +1.4013e+00
22 0 +9.550592531e+00 +9.550592531e+00 -2.690940747e+01 -2.690940747e+01 -2.5855e-01 +1.6597e+00 -1.5295e+00 +3.2528e-01 -1.7480e+00
81 0 +8.723066476e+00 +8.723066476e+00 -2.773693352e+01 -2.773693352e+01 -4.2522e-01 +5.8447e-01 -1.2594e+00 -1.3520e-01 -1.1936e+00
103 0 +8.266353297e+00 +8.266353297e+00 -2.819364670e+01 -2.819364670e+01 -3.9326e-01 +4.9741e-01 -1.2061e+00 -7.0062e-02 -1.4817e+00
122 0 +6.990713481e+00 +6.990713481e+00 -2.946928652e+01 -2.946928652e+01 -4.7063e-01 +4.5018e-01 -1.3033e+00 -2.6108e-01 +1.2275e-01
157 0 +6.862801601e+00 +6.862801601e+00 -2.959719840e+01 -2.959719840e+01 -5.0686e-01 +4.7205e-01 -1.4091e+00 -5.5444e-01 +4.1593e-01
185 0 +6.442466133e+00 +6.442466133e+00 -3.001753387e+01 -3.001753387e+01 -4.8865e-01 +4.2462e-01 -1.3212e+00 -3.0823e-01 +1.8938e-01
220 0 +6.215871186e+00 +6.215871186e+00 -3.024412881e+01 -3.024412881e+01 -4.5952e-01 +4.2479e-01 -1.2830e+00 -2.3924e-01 +2.2434e-01
274 0 +6.131129781e+00 +6.131129781e+00 -3.032887022e+01 -3.032887022e+01 -4.5518e-01 +4.2179e-01 -1.2739e+00 -3.4281e-01 +1.7092e-01
332 0 +6.016497009e+00 +6.016497009e+00 -3.044350299e+01 -3.044350299e+01 -4.5732e-01 +4.2366e-01 -1.2828e+00 -3.2869e-01 +2.2317e-01
4940 0 +5.888284738e+00 +5.888284738e+00 -3.057171526e+01 -3.057171526e+01 -4.2250e-01 +4.2420e-01 -1.2793e+00 -3.5596e-01 +2.5277e-01
% f evaluations | g evaluations | best noise-free fitness - Fopt | noise-free fitness - Fopt (3.920000000000e+01) | measured fitness | best measured fitness | x1 | x2...
1 0 +5.746419379e+01 +5.746419379e+01 +9.666419379e+01 +9.666419379e+01 +3.3502e+00 -4.9419e+00 -7.8677e-01 -4.8001e+00 -5.9144e-01
2 0 +2.142718768e+01 +2.142718768e+01 +6.062718768e+01 +6.062718768e+01 +4.2342e+00 +4.7097e+00 -7.2064e-01 -2.0977e+00 +5.2421e-01
5 0 +9.596834406e+00 +9.596834406e+00 +4.879683441e+01 +4.879683441e+01 +3.4055e-01 +2.0966e+00 +3.1313e+00 +9.2712e-01 -4.1430e-01
7 0 +7.933352645e+00 +7.933352645e+00 +4.713335264e+01 +4.713335264e+01 +4.5429e+00 +3.0083e+00 +9.7977e-01 -1.8480e-01 +3.6692e+00
13 0 +6.439231174e+00 +6.439231174e+00 +4.563923117e+01 +4.563923117e+01 +2.3354e+00 +3.3764e+00 +2.7816e+00 +4.6749e-01 +2.6779e+00
55 0 +5.893534406e+00 +5.893534406e+00 +4.509353441e+01 +4.509353441e+01 +6.1732e-01 +3.3581e+00 +2.9096e+00 +2.2939e-01 +4.6750e+00
56 0 +5.854323117e+00 +5.854323117e+00 +4.505432312e+01 +4.505432312e+01 +2.2445e+00 +1.8192e+00 +5.0000e+00 +5.3164e-01 +2.7086e+00
69 0 +5.701387196e+00 +5.701387196e+00 +4.490138720e+01 +4.490138720e+01 +2.1773e+00 +4.1929e+00 +3.2974e+00 +2.0597e+00 +1.4764e+00
71 0 +3.877146927e+00 +3.877146927e+00 +4.307714693e+01 +4.307714693e+01 +7.9213e-02 +2.7650e+00 +2.3392e+00 +4.8940e-01 +5.0000e+00
98 0 +3.056305123e+00 +3.056305123e+00 +4.225630512e+01 +4.225630512e+01 +2.8468e+00 +2.7492e+00 +2.7695e+00 +2.2611e+00 +3.7794e+00
103 0 +2.516924220e+00 +2.516924220e+00 +4.171692422e+01 +4.171692422e+01 +2.8526e+00 +1.8860e+00 +2.6985e+00 +1.6057e+00 +3.1474e+00
117 0 +2.460938838e+00 +2.460938838e+00 +4.166093884e+01 +4.166093884e+01 +2.8716e+00 +2.4753e+00 +2.8524e+00 +2.7649e+00 +3.0502e+00
121 0 +1.536692773e+00 +1.536692773e+00 +4.073669277e+01 +4.073669277e+01 +3.1593e+00 +1.8826e+00 +2.8062e+00 +2.2625e+00 +2.9012e+00
171 0 +9.785207608e-01 +9.785207608e-01 +4.017852076e+01 +4.017852076e+01 +3.1504e+00 +2.0012e+00 +2.8040e+00 +2.2899e+00 +2.6513e+00
227 0 +9.259507511e-01 +9.259507511e-01 +4.012595075e+01 +4.012595075e+01 +3.2344e+00 +2.0812e+00 +2.7816e+00 +2.3098e+00 +2.5394e+00
294 0 +8.997052287e-01 +8.997052287e-01 +4.009970523e+01 +4.009970523e+01 +3.1994e+00 +1.9907e+00 +2.8038e+00 +2.2804e+00 +2.6598e+00
334 0 +8.532967991e-01 +8.532967991e-01 +4.005329680e+01 +4.005329680e+01 +3.2078e+00 +1.9859e+00 +2.8038e+00 +2.2825e+00 +2.6199e+00
393 0 +8.484851524e-01 +8.484851524e-01 +4.004848515e+01 +4.004848515e+01 +3.2073e+00 +1.9826e+00 +2.8047e+00 +2.2840e+00 +2.6192e+00
759 0 +8.314847167e-01 +8.314847167e-01 +4.003148472e+01 +4.003148472e+01 +3.2205e+00 +1.9844e+00 +2.8038e+00 +2.2828e+00 +2.6213e+00
1101 0 +8.126632010e-01 +8.126632010e-01 +4.001266320e+01 +4.001266320e+01 +3.2406e+00 +1.9844e+00 +2.8038e+00 +2.2828e+00 +2.6213e+00
% f evaluations | g evaluations | best noise-free fitness - Fopt | noise-free fitness - Fopt (-3.225000000000e+01) | measured fitness | best measured fitness | x1 | x2...
1 0 +6.517078684e+01 +6.517078684e+01 +3.292078684e+01 +3.292078684e+01 +3.3428e+00 +3.9199e+00 -4.7394e+00 +4.2862e+00 +3.3859e+00
2 0 +2.301406215e+01 +2.301406215e+01 -9.235937851e+00 -9.235937851e+00 +4.8344e+00 +2.2573e+00 +1.5218e+00 -1.5953e+00 -1.9388e+00
4 0 +1.327832999e+01 +1.327832999e+01 -1.897167001e+01 -1.897167001e+01 +1.5397e+00 -1.5300e+00 -1.1900e+00 -2.7907e+00 +3.8694e+00
13 0 +5.735469619e+00 +5.735469619e+00 -2.651453038e+01 -2.651453038e+01 +4.9284e+00 +1.1633e+00 +6.6472e-01 -4.7042e+00 +1.3802e+00
74 0 +4.740267997e+00 +4.740267997e+00 -2.750973200e+01 -2.750973200e+01 +4.8084e+00 +1.0518e+00 -1.8792e-01 -2.4391e+00 +1.5852e+00
80 0 +3.359053901e+00 +3.359053901e+00 -2.889094610e+01 -2.889094610e+01 +4.1708e+00 +1.6185e+00 -1.6604e-02 -2.0570e+00 +1.3765e+00
114 0 +1.454955488e+00 +1.454955488e+00 -3.079504451e+01 -3.079504451e+01 +3.7629e+00 +1.7973e+00 -3.9100e-01 -2.7418e+00 +3.4293e+00
192 0 +1.432286458e+00 +1.432286458e+00 -3.081771354e+01 -3.081771354e+01 +4.1380e+00 +1.7660e+00 -4.0964e-01 -2.5581e+00 +4.0827e+00
210 0 +1.361209677e+00 +1.361209677e+00 -3.088879032e+01 -3.088879032e+01 +3.9998e+00 +1.7802e+00 -5.4926e-01 -2.3477e+00 +4.2980e+00
235 0 +1.118673803e+00 +1.118673803e+00 -3.113132620e+01 -3.113132620e+01 +3.9865e+00 +1.7832e+00 -4.1153e-01 -2.5586e+00 +3.5963e+00
289 0 +1.081196477e+00 +1.081196477e+00 -3.116880352e+01 -3.116880352e+01 +3.9809e+00 +1.8030e+00 -4.1160e-01 -2.5246e+00 +3.5785e+00
317 0 +9.594176047e-01 +9.594176047e-01 -3.129058240e+01 -3.129058240e+01 +3.9956e+00 +1.7732e+00 -4.2106e-01 -2.5585e+00 +3.5488e+00
319 0 +9.237913415e-01 +9.237913415e-01 -3.132620866e+01 -3.132620866e+01 +4.0168e+00 +1.7745e+00 -4.5569e-01 -2.6084e+00 +3.6027e+00
364 0 +8.967905066e-01 +8.967905066e-01 -3.135320949e+01 -3.135320949e+01 +4.0133e+00 +1.7745e+00 -4.5353e-01 -2.5943e+00 +3.6047e+00
370 0 +8.708328921e-01 +8.708328921e-01 -3.137916711e+01 -3.137916711e+01 +3.9986e+00 +1.7744e+00 -4.4267e-01 -2.6008e+00 +3.6023e+00
% f evaluations | g evaluations | best noise-free fitness - Fopt | noise-free fitness - Fopt (3.681200000000e+02) | measured fitness | best measured fitness | x1 | x2...
1 0 +2.719161449e+01 +2.719161449e+01 +3.953116145e+02 +3.953116145e+02 +2.8134e+00 -3.9309e+00 -4.7383e+00 +2.4564e+00 -1.9515e+00
3 0 +1.835068495e+01 +1.835068495e+01 +3.864706850e+02 +3.864706850e+02 -1.7493e+00 -2.4102e+00 +1.9115e+00 +7.7980e-01 +4.5126e+00
5 0 +1.396744347e+01 +1.396744347e+01 +3.820874435e+02 +3.820874435e+02 -4.6576e+00 -2.8203e+00 +2.1258e+00 -4.5369e+00 -2.5908e+00
7 0 +1.172547433e+01 +1.172547433e+01 +3.798454743e+02 +3.798454743e+02 +1.5532e+00 -4.7471e-01 +4.6628e+00 -3.1588e+00 -2.1515e+00
8 0 +8.042671358e+00 +8.042671358e+00 +3.761626714e+02 +3.761626714e+02 -7.8171e-01 +1.9775e+00 +9.2190e-01 -3.6914e+00 -3.7808e+00
49 0 +7.338273237e+00 +7.338273237e+00 +3.754582732e+02 +3.754582732e+02 +1.9019e-01 +2.4870e+00 +2.4630e+00 -4.7765e+00 +4.5095e-01
69 0 +5.974037708e+00 +5.974037708e+00 +3.740940377e+02 +3.740940377e+02 +1.5670e+00 +3.9710e+00 +3.0318e+00 -3.5617e+00 +8.9706e-01
83 0 +4.544635697e+00 +4.544635697e+00 +3.726646357e+02 +3.726646357e+02 +1.4458e+00 +2.1349e+00 +2.2156e+00 -4.4305e+00 +1.2273e-01
179 0 +4.188744402e+00 +4.188744402e+00 +3.723087444e+02 +3.723087444e+02 +1.6216e+00 +2.1404e+00 +2.4315e+00 -4.3113e+00 +1.7656e-01
232 0 +4.144381598e+00 +4.144381598e+00 +3.722643816e+02 +3.722643816e+02 +1.6340e+00 +2.1424e+00 +2.4311e+00 -4.3125e+00 +1.7002e-01
280 0 +4.061216086e+00 +4.061216086e+00 +3.721812161e+02 +3.721812161e+02 +1.6386e+00 +2.1419e+00 +2.4083e+00 -4.3250e+00 +1.7236e-01
451 0 +3.978715817e+00 +3.978715817e+00 +3.720987158e+02 +3.720987158e+02 +1.6305e+00 +2.1264e+00 +2.3906e+00 -4.3276e+00 +1.7716e-01
% f evaluations | g evaluations | best noise-free fitness - Fopt | noise-free fitness - Fopt (4.739000000000e+01) | measured fitness | best measured fitness | x1 | x2...
1 0 +2.013541001e+01 +2.013541001e+01 +6.752541001e+01 +6.752541001e+01 -2.5534e+00 +2.4617e+00 +4.2359e+00 +1.2491e+00 -1.1731e+00
2 0 +1.234409517e+01 +1.234409517e+01 +5.973409517e+01 +5.973409517e+01 +2.5805e-04 +3.2035e+00 +3.1851e+00 -2.9573e+00 -3.4950e+00
4 0 +9.816877008e+00 +9.816877008e+00 +5.720687701e+01 +5.720687701e+01 +3.7450e+00 +2.3645e+00 +4.9543e+00 +2.5444e+00 -1.4414e+00
5 0 +8.787867962e+00 +8.787867962e+00 +5.617786796e+01 +5.617786796e+01 +7.6986e-01 -4.2259e+00 -1.3156e+00 +2.6710e+00 +9.5447e-01
10 0 +6.645290217e+00 +6.645290217e+00 +5.403529022e+01 +5.403529022e+01 +2.5304e+00 +2.8235e+00 +7.8337e-02 +1.4655e+00 +2.1089e+00
55 0 +5.345545065e+00 +5.345545065e+00 +5.273554506e+01 +5.273554506e+01 +1.4338e+00 +3.0667e+00 +4.9005e-01 +9.0196e-01 +1.7703e+00
61 0 +3.009079274e+00 +3.009079274e+00 +5.039907927e+01 +5.039907927e+01 -1.0812e+00 +2.3458e+00 -1.3108e-01 +8.6654e-01 +1.1901e+00
103 0 +8.643910078e-01 +8.643910078e-01 +4.825439101e+01 +4.825439101e+01 -7.1282e-01 +2.5915e+00 -7.8921e-01 +6.1406e-01 +1.2277e+00
233 0 +8.160662311e-01 +8.160662311e-01 +4.820606623e+01 +4.820606623e+01 -6.5702e-01 +2.4994e+00 -1.0173e+00 +6.4515e-01 +7.2697e-01
270 0 +7.090428745e-01 +7.090428745e-01 +4.809904287e+01 +4.809904287e+01 -6.5745e-01 +2.4816e+00 -1.0095e+00 +6.4323e-01 +7.3363e-01
332 0 +7.055776794e-01 +7.055776794e-01 +4.809557768e+01 +4.809557768e+01 -6.5835e-01 +2.4806e+00 -1.0086e+00 +6.4349e-01 +7.3349e-01
363 0 +6.889650434e-01 +6.889650434e-01 +4.807896504e+01 +4.807896504e+01 -6.7850e-01 +2.4693e+00 -9.9866e-01 +6.4355e-01 +7.3275e-01
531 0 +6.751060642e-01 +6.751060642e-01 +4.806510606e+01 +4.806510606e+01 -6.6953e-01 +2.4626e+00 -1.0037e+00 +6.4381e-01 +7.3234e-01
% f evaluations | g evaluations | best noise-free fitness - Fopt | noise-free fitness - Fopt (-3.428900000000e+02) | measured fitness | best measured fitness | x1 | x2...
1 0 +2.075147338e+01 +2.075147338e+01 -3.221385266e+02 -3.221385266e+02 +2.9425e-01 -9.3950e-01 +2.3231e+00 +2.9402e+00 +1.2703e+00
2 0 +1.993554633e+01 +1.993554633e+01 -3.229544537e+02 -3.229544537e+02 -3.1602e+00 -2.6175e+00 -2.2859e+00 +2.2978e+00 +1.2322e+00
3 0 +1.741803793e+01 +1.741803793e+01 -3.254719621e+02 -3.254719621e+02 -4.5973e+00 -4.7372e+00 -8.3371e-01 -2.7820e+00 -1.5810e+00
6 0 +1.459147299e+01 +1.459147299e+01 -3.282985270e+02 -3.282985270e+02 +3.0004e+00 -4.1747e+00 +2.2854e+00 +3.2852e+00 +2.1308e+00
13 0 +1.382014458e+01 +1.382014458e+01 -3.290698554e+02 -3.290698554e+02 -4.0120e+00 -8.4702e-01 +4.3218e+00 -3.1628e+00 -4.4121e+00
21 0 +1.320412950e+01 +1.320412950e+01 -3.296858705e+02 -3.296858705e+02 +2.9237e+00 -6.7101e-01 +1.5336e+00 -3.5696e+00 +3.3840e+00
22 0 +1.303860051e+01 +1.303860051e+01 -3.298513995e+02 -3.298513995e+02 -4.1611e-01 -4.5283e-01 -3.7653e+00 +1.8861e-01 -1.0899e+00
25 0 +9.940124584e+00 +9.940124584e+00 -3.329498754e+02 -3.329498754e+02 -1.4459e+00 -4.2617e+00 +8.8519e-01 +1.2203e+00 -2.5159e+00
42 0 +8.820379527e+00 +8.820379527e+00 -3.340696205e+02 -3.340696205e+02 -1.0026e+00 -3.2634e+00 +9.6212e-01 -1.8242e-01 +2.1388e+00
85 0 +6.219425721e+00 +6.219425721e+00 -3.366705743e+02 -3.366705743e+02 -2.6524e-01 -5.0000e+00 +7.6916e-01 -1.6451e-01 -7.2975e-02
111 0 +5.261183988e+00 +5.261183988e+00 -3.376288160e+02 -3.376288160e+02 -8.2105e-01 -5.0000e+00 +8.2454e-01 -1.8253e-02 -1.5793e+00
157 0 +5.243431762e+00 +5.243431762e+00 -3.376465682e+02 -3.376465682e+02 -6.7933e-01 -5.0000e+00 +8.4587e-01 +2.8576e-01 -2.2249e+00
162 0 +5.003655289e+00 +5.003655289e+00 -3.378863447e+02 -3.378863447e+02 -1.0012e+00 -5.0000e+00 +8.7411e-01 -1.5261e-02 -1.5096e+00
168 0 +3.967160928e+00 +3.967160928e+00 -3.389228391e+02 -3.389228391e+02 -8.4712e-01 -5.0000e+00 +9.1548e-01 +1.6804e-01 -1.5077e+00
214 0 +3.803982877e+00 +3.803982877e+00 -3.390860171e+02 -3.390860171e+02 -8.3976e-01 -5.0000e+00 +9.0514e-01 +2.2051e-01 -1.5076e+00
219 0 +3.710861384e+00 +3.710861384e+00 -3.391791386e+02 -3.391791386e+02 -8.3838e-01 -5.0000e+00 +9.6570e-01 +2.3497e-01 -1.5137e+00
267 0 +3.601876696e+00 +3.601876696e+00 -3.392881233e+02 -3.392881233e+02 -8.3895e-01 -5.0000e+00 +9.8548e-01 +2.4503e-01 -1.5171e+00
275 0 +3.547602838e+00 +3.547602838e+00 -3.393423972e+02 -3.393423972e+02 -8.4028e-01 -5.0000e+00 +9.6014e-01 +2.5252e-01 -1.5324e+00
327 0 +3.424327338e+00 +3.424327338e+00 -3.394656727e+02 -3.394656727e+02 -8.1467e-01 -5.0000e+00 +9.4760e-01 +2.5876e-01 -1.5437e+00
431 0 +3.387894025e+00 +3.387894025e+00 -3.395021060e+02 -3.395021060e+02 -8.1135e-01 -5.0000e+00 +9.5354e-01 +2.4454e-01 -1.5313e+00
% f evaluations | g evaluations | best noise-free fitness - Fopt | noise-free fitness - Fopt (9.102000000000e+01) | measured fitness | best measured fitness | x1 | x2...
1 0 +1.430023634e+02 +1.430023634e+02 +2.340223634e+02 +2.340223634e+02 +2.7325e+00 +9.6951e-02 -4.7304e+00 -1.6672e+00 -3.4280e+00
2 0 +1.656605091e+01 +1.656605091e+01 +1.075860509e+02 +1.075860509e+02 -2.4250e+00 -3.0023e+00 +3.6064e+00 +1.0526e+00 +2.3770e+00
8 0 +8.828209985e+00 +8.828209985e+00 +9.984820999e+01 +9.984820999e+01 +3.1276e+00 +3.1129e+00 -2.3236e-01 -3.7596e+00 +7.4805e-01
69 0 +7.681815329e+00 +7.681815329e+00 +9.870181533e+01 +9.870181533e+01 +3.0587e+00 +1.8819e+00 +2.1101e+00 -2.2220e+00 +7.1063e-01
87 0 +7.145174387e+00 +7.145174387e+00 +9.816517439e+01 +9.816517439e+01 +3.2419e+00 +6.6242e-01 -8.8079e-02 -4.7725e+00 -1.0857e+00
97 0 +6.819209306e+00 +6.819209306e+00 +9.783920931e+01 +9.783920931e+01 +3.4867e+00 +2.9824e+00 -2.4442e-01 -2.7784e+00 +1.6228e+00
115 0 +6.078645747e+00 +6.078645747e+00 +9.709864575e+01 +9.709864575e+01 +3.6283e+00 +3.0838e+00 -5.3313e-01 -1.9811e+00 +1.6521e+00
166 0 +4.935454344e+00 +4.935454344e+00 +9.595545434e+01 +9.595545434e+01 +3.5755e+00 +2.9280e+00 -5.9627e-01 -2.1307e+00 +1.6964e+00
270 0 +4.893228900e+00 +4.893228900e+00 +9.591322890e+01 +9.591322890e+01 +3.5887e+00 +2.9291e+00 -6.0881e-01 -2.1625e+00 +1.6845e+00
318 0 +4.699345208e+00 +4.699345208e+00 +9.571934521e+01 +9.571934521e+01 +3.5691e+00 +2.9291e+00 -5.9525e-01 -2.1656e+00 +1.6851e+00
372 0 +4.644857905e+00 +4.644857905e+00 +9.566485790e+01 +9.566485790e+01 +3.5637e+00 +2.9222e+00 -5.9117e-01 -2.1651e+00 +1.6849e+00
588 0 +4.561420333e+00 +4.561420333e+00 +9.558142033e+01 +9.558142033e+01 +3.5501e+00 +2.9176e+00 -5.8421e-01 -2.1661e+00 +1.6851e+00
% f evaluations | g evaluations | best noise-free fitness - Fopt | noise-free fitness - Fopt (7.324200000000e+02) | measured fitness | best measured fitness | x1 | x2...
1 0 +3.644487949e+01 +3.644487949e+01 +7.688648795e+02 +7.688648795e+02 +4.0480e+00 -2.7329e+00 +9.0707e-01 -3.6666e+00 -4.2299e+00
3 0 +1.251315329e+01 +1.251315329e+01 +7.449331533e+02 +7.449331533e+02 -1.2067e+00 +4.0273e+00 +9.8941e-01 -7.7975e-01 -3.0475e-01
19 0 +6.082505311e+00 +6.082505311e+00 +7.385025053e+02 +7.385025053e+02 -3.1802e+00 -2.6782e+00 +2.6507e+00 -1.4373e-01 -3.9183e+00
77 0 +4.679591512e+00 +4.679591512e+00 +7.370995915e+02 +7.370995915e+02 -2.7698e+00 -3.5861e+00 +2.4376e+00 +6.3971e-02 -3.8913e+00
109 0 +4.325372626e+00 +4.325372626e+00 +7.367453726e+02 +7.367453726e+02 -2.8009e+00 -3.4654e+00 +2.4509e+00 +8.8056e-01 -3.8974e+00
162 0 +2.675228486e+00 +2.675228486e+00 +7.350952285e+02 +7.350952285e+02 -2.8065e+00 -3.6609e+00 +2.4586e+00 +1.5895e+00 -3.4199e+00
215 0 +2.394642727e+00 +2.394642727e+00 +7.348146427e+02 +7.348146427e+02 -2.8077e+00 -3.4552e+00 +2.4575e+00 +1.6462e+00 -3.7355e+00
217 0 +2.064937138e+00 +2.064937138e+00 +7.344849371e+02 +7.344849371e+02 -2.8078e+00 -3.6106e+00 +2.4570e+00 +1.6161e+00 -3.3291e+00
276 0 +2.037326065e+00 +2.037326065e+00 +7.344573261e+02 +7.344573261e+02 -2.8074e+00 -3.6038e+00 +2.4561e+00 +1.6166e+00 -3.3563e+00
283 0 +1.905019939e+00 +1.905019939e+00 +7.343250199e+02 +7.343250199e+02 -2.8075e+00 -3.6123e+00 +2.4557e+00 +1.6376e+00 -3.3922e+00
314 0 +1.845223614e+00 +1.845223614e+00 +7.342652236e+02 +7.342652236e+02 -2.8075e+00 -3.5905e+00 +2.4534e+00 +1.6376e+00 -3.3827e+00
377 0 +1.816018530e+00 +1.816018530e+00 +7.342360185e+02 +7.342360185e+02 -2.8075e+00 -3.5798e+00 +2.4529e+00 +1.6366e+00 -3.4068e+00
418 0 +1.759613791e+00 +1.759613791e+00 +7.341796138e+02 +7.341796138e+02 -2.8075e+00 -3.5863e+00 +2.4530e+00 +1.6367e+00 -3.4199e+00
1472 0 +1.737790013e+00 +1.737790013e+00 +7.341577900e+02 +7.341577900e+02 -2.8075e+00 -3.5835e+00 +2.4528e+00 +1.6330e+00 -3.4158e+00
% f evaluations | g evaluations | best noise-free fitness - Fopt | noise-free fitness - Fopt (3.542000000000e+01) | measured fitness | best measured fitness | x1 | x2...
1 0 +3.356159467e+01 +3.356159467e+01 +6.898159467e+01 +6.898159467e+01 +5.5869e-01 -1.9918e+00 -1.6936e+00 -3.0895e+00 +1.8555e-01
2 0 +2.095737544e+01 +2.095737544e+01 +5.637737544e+01 +5.637737544e+01 +4.0152e+00 +1.3948e+00 +2.4497e+00 +3.5955e+00 +2.3735e+00
5 0 +1.500929736e+01 +1.500929736e+01 +5.042929736e+01 +5.042929736e+01 +4.7498e+00 +4.6698e-02 -2.5434e+00 -1.4243e-01 -3.3440e+00
22 0 +1.219287850e+01 +1.219287850e+01 +4.761287850e+01 +4.761287850e+01 +4.1288e+00 +3.6224e+00 -4.4607e+00 +4.8244e+00 -4.3276e+00
26 0 +9.463810701e+00 +9.463810701e+00 +4.488381070e+01 +4.488381070e+01 +3.4657e+00 -8.4068e-01 +1.4955e+00 -7.3535e-01 +4.4566e+00
32 0 +7.547408788e+00 +7.547408788e+00 +4.296740879e+01 +4.296740879e+01 +3.5228e+00 -6.4504e-01 -2.6676e+00 +8.7547e-01 -2.6068e+00
51 0 +6.768775520e+00 +6.768775520e+00 +4.218877552e+01 +4.218877552e+01 +2.9657e+00 -5.0839e-01 -2.5022e+00 +1.7887e+00 -2.8594e+00
70 0 +5.158823547e+00 +5.158823547e+00 +4.057882355e+01 +4.057882355e+01 +4.7104e+00 -4.2657e-02 -3.8443e+00 +1.1363e+00 -1.0605e+00
106 0 +4.690426361e+00 +4.690426361e+00 +4.011042636e+01 +4.011042636e+01 +3.5723e+00 -6.0979e-01 -6.2743e-01 -1.4447e-01 -3.5419e-01
118 0 +3.955601631e+00 +3.955601631e+00 +3.937560163e+01 +3.937560163e+01 +3.5543e+00 -1.6432e-01 -1.9831e+00 -6.2627e-02 -1.9540e-01
147 0 +3.682568033e+00 +3.682568033e+00 +3.910256803e+01 +3.910256803e+01 +2.5086e+00 -7.3469e-01 -1.0917e+00 +1.5318e+00 +1.3741e+00
171 0 +3.549472637e+00 +3.549472637e+00 +3.896947264e+01 +3.896947264e+01 +2.4106e+00 -6.7523e-01 -8.9137e-01 +1.1406e+00 +2.3203e+00
196 0 +3.290325261e+00 +3.290325261e+00 +3.871032526e+01 +3.871032526e+01 +2.7379e+00 -7.4957e-01 -1.3899e+00 +1.2469e+00 +1.1997e+00
197 0 +3.029710083e+00 +3.029710083e+00 +3.844971008e+01 +3.844971008e+01 +2.4207e+00 -7.0837e-01 -1.9924e+00 +1.7446e+00 +1.8151e+00
207 0 +2.874894900e+00 +2.874894900e+00 +3.829489490e+01 +3.829489490e+01 +2.4614e+00 -7.0301e-01 -2.3056e+00 +1.7449e+00 +1.8051e+00
218 0 +2.631186264e+00 +2.631186264e+00 +3.805118626e+01 +3.805118626e+01 +2.4826e+00 -6.9890e-01 -2.0981e+00 +1.7176e+00 +1.8743e+00
238 0 +2.185903324e+00 +2.185903324e+00 +3.760590332e+01 +3.760590332e+01 +2.4399e+00 -7.0944e-01 -2.1554e+00 +1.7396e+00 +1.8318e+00
254 0 +2.048268884e+00 +2.048268884e+00 +3.746826888e+01 +3.746826888e+01 +2.4402e+00 -6.9801e-01 -2.2701e+00 +1.7047e+00 +1.8853e+00
259 0 +1.915855529e+00 +1.915855529e+00 +3.733585553e+01 +3.733585553e+01 +2.4517e+00 -6.9536e-01 -2.2705e+00 +1.7159e+00 +1.9153e+00
263 0 +1.895943378e+00 +1.895943378e+00 +3.731594338e+01 +3.731594338e+01 +2.3981e+00 -6.9805e-01 -2.2678e+00 +1.6851e+00 +1.9856e+00
345 0 +1.842058416e+00 +1.842058416e+00 +3.726205842e+01 +3.726205842e+01 +2.3883e+00 -6.9928e-01 -2.2264e+00 +1.6868e+00 +1.9653e+00
