% f evaluations | g evaluations | best noise-free fitness - Fopt | noise-free fitness - Fopt (3.590000000000e+01) | measured fitness | best measured fitness | x1 | x2...
1 0 +2.990186359e+05 +2.990186359e+05 +2.990545359e+05 +2.990545359e+05 -7.3083e-01 +7.6296e-01
2 0 +1.519422626e+01 +1.519422626e+01 +5.109422626e+01 +5.109422626e+01 +4.6347e+00 -3.3110e-03
8 0 +1.231962957e+01 +1.231962957e+01 +4.821962957e+01 +4.821962957e+01 +3.8338e+00 +1.8397e+00
53 0 +5.487069388e+00 +5.487069388e+00 +4.138706939e+01 +4.138706939e+01 +3.8240e+00 -1.0530e+00
88 0 +3.894600257e+00 +3.894600257e+00 +3.979460026e+01 +3.979460026e+01 +3.6681e+00 -6.7592e-01
105 0 +2.930351556e+00 +2.930351556e+00 +3.883035156e+01 +3.883035156e+01 +3.5624e+00 -3.9075e-01
127 0 +2.332164830e+00 +2.332164830e+00 +3.823216483e+01 +3.823216483e+01 +3.4124e+00 -2.3207e-01
155 0 +8.166774947e-01 +8.166774947e-01 +3.671667749e+01 +3.671667749e+01 +3.1812e+00 +7.3246e-01
170 0 +3.362681992e-01 +3.362681992e-01 +3.623626820e+01 +3.623626820e+01 +3.0080e+00 +6.6748e-01
209 0 +2.445553211e-01 +2.445553211e-01 +3.614455532e+01 +3.614455532e+01 +2.9488e+00 +6.9386e-01
212 0 +1.473163062e-01 +1.473163062e-01 +3.604731631e+01 +3.604731631e+01 +2.9279e+00 +8.4347e-01
244 0 +3.969333181e-02 +3.969333181e-02 +3.593969333e+01 +3.593969333e+01 +2.8431e+00 +9.6836e-01
261 0 +3.778549968e-02 +3.778549968e-02 +3.593778550e+01 +3.593778550e+01 +2.8512e+00 +1.0132e+00
269 0 +2.394477584e-02 +2.394477584e-02 +3.592394478e+01 +3.592394478e+01 +2.8369e+00 +1.0557e+00
293 0 +2.161801958e-02 +2.161801958e-02 +3.592161802e+01 +3.592161802e+01 +2.8206e+00 +1.1146e+00
311 0 +1.862335017e-02 +1.862335017e-02 +3.591862335e+01 +3.591862335e+01 +2.8173e+00 +1.1156e+00
312 0 +1.135163353e-02 +1.135163353e-02 +3.591135163e+01 +3.591135163e+01 +2.8183e+00 +1.0513e+00
314 0 +3.600801521e-03 +3.600801521e-03 +3.590360080e+01 +3.590360080e+01 +2.7968e+00 +1.1111e+00
326 0 +2.361064200e-03 +2.361064200e-03 +3.590236106e+01 +3.590236106e+01 +2.7921e+00 +1.1160e+00
363 0 +1.683285313e-03 +1.683285313e-03 +3.590168329e+01 +3.590168329e+01 +2.7905e+00 +1.1161e+00
369 0 +1.394920884e-03 +1.394920884e-03 +3.590139492e+01 +3.590139492e+01 +2.7898e+00 +1.1152e+00
371 0 +9.523336258e-04 +9.523336258e-04 +3.590095233e+01 +3.590095233e+01 +2.7895e+00 +1.1104e+00
388 0 +3.344742895e-04 +3.344742895e-04 +3.590033447e+01 +3.590033447e+01 +2.7848e+00 +1.1159e+00
423 0 +8.326863865e-05 +8.326863865e-05 +3.590008327e+01 +3.590008327e+01 +2.7837e+00 +1.1127e+00
468 0 +8.288775736e-05 +8.288775736e-05 +3.590008289e+01 +3.590008289e+01 +2.7836e+00 +1.1128e+00
474 0 +6.044829348e-05 +6.044829348e-05 +3.590006045e+01 +3.590006045e+01 +2.7836e+00 +1.1100e+00
476 0 +5.072011798e-05 +5.072011798e-05 +3.590005072e+01 +3.590005072e+01 +2.7833e+00 +1.1123e+00
481 0 +4.206660524e-05 +4.206660524e-05 +3.590004207e+01 +3.590004207e+01 +2.7832e+00 +1.1112e+00
486 0 +2.935894013e-05 +2.935894013e-05 +3.590002936e+01 +3.590002936e+01 +2.7829e+00 +1.1119e+00
509 0 +1.653596747e-05 +1.653596747e-05 +3.590001654e+01 +3.590001654e+01 +2.7826e+00 +1.1125e+00
519 0 +1.608880619e-05 +1.608880619e-05 +3.590001609e+01 +3.590001609e+01 +2.7826e+00 +1.1122e+00
528 0 +1.375392988e-05 +1.375392988e-05 +3.590001375e+01 +3.590001375e+01 +2.7824e+00 +1.1127e+00
529 0 +1.032483657e-05 +1.032483657e-05 +3.590001032e+01 +3.590001032e+01 +2.7822e+00 +1.1120e+00
533 0 +6.461076161e-06 +6.461076161e-06 +3.590000646e+01 +3.590000646e+01 +2.7821e+00 +1.1125e+00
571 0 +4.991704046e-06 +4.991704046e-06 +3.590000499e+01 +3.590000499e+01 +2.7820e+00 +1.1126e+00
572 0 +3.880923636e-06 +3.880923636e-06 +3.590000388e+01 +3.590000388e+01 +2.7820e+00 +1.1127e+00
632 0 +3.715472090e-06 +3.715472090e-06 +3.590000372e+01 +3.590000372e+01 +2.7820e+00 +1.1128e+00
636 0 +3.390113989e-06 +3.390113989e-06 +3.590000339e+01 +3.590000339e+01 +2.7820e+00 +1.1128e+00
642 0 +3.359361266e-06 +3.359361266e-06 +3.590000336e+01 +3.590000336e+01 +2.7820e+00 +1.1129e+00
657 0 +3.256324526e-06 +3.256324526e-06 +3.590000326e+01 +3.590000326e+01 +2.7820e+00 +1.1130e+00
679 0 +3.208540129e-06 +3.208540129e-06 +3.590000321e+01 +3.590000321e+01 +2.7820e+00 +1.1130e+00
682 0 +2.759749137e-06 +2.759749137e-06 +3.590000276e+01 +3.590000276e+01 +2.7820e+00 +1.1131e+00
686 0 +2.137911743e-06 +2.137911743e-06 +3.590000214e+01 +3.590000214e+01 +2.7819e+00 +1.1131e+00
718 0 +1.715793012e-06 +1.715793012e-06 +3.590000172e+01 +3.590000172e+01 +2.7818e+00 +1.1130e+00
732 0 +1.663067103e-06 +1.663067103e-06 +3.590000166e+01 +3.590000166e+01 +2.7818e+00 +1.1131e+00
755 0 +1.549826990e-06 +1.549826990e-06 +3.590000155e+01 +3.590000155e+01 +2.7818e+00 +1.1131e+00
779 0 +1.304632860e-06 +1.304632860e-06 +3.590000130e+01 +3.590000130e+01 +2.7818e+00 +1.1131e+00
828 0 +9.822789764e-07 +9.822789764e-07 +3.590000098e+01 +3.590000098e+01 +2.7818e+00 +1.1132e+00
833 0 +9.593534642e-07 +9.593534642e-07 +3.590000096e+01 +3.590000096e+01 +2.7818e+00 +1.1132e+00
840 0 +9.413023108e-07 +9.413023108e-07 +3.590000094e+01 +3.590000094e+01 +2.7818e+00 +1.1132e+00
845 0 +9.199607973e-07 +9.199607973e-07 +3.590000092e+01 +3.590000092e+01 +2.7818e+00 +1.1132e+00
868 0 +9.061228354e-07 +9.061228354e-07 +3.590000091e+01 +3.590000091e+01 +2.7818e+00 +1.1132e+00
886 0 +8.603611050e-07 +8.603611050e-07 +3.590000086e+01 +3.590000086e+01 +2.7818e+00 +1.1133e+00
926 0 +8.221189418e-07 +8.221189418e-07 +3.590000082e+01 +3.590000082e+01 +2.7818e+00 +1.1133e+00
935 0 +7.245116009e-07 +7.245116009e-07 +3.590000072e+01 +3.590000072e+01 +2.7818e+00 +1.1133e+00
938 0 +7.228641294e-07 +7.228641294e-07 +3.590000072e+01 +3.590000072e+01 +2.7818e+00 +1.1133e+00
988 0 +6.749664507e-07 +6.749664507e-07 +3.590000067e+01 +3.590000067e+01 +2.7817e+00 +1.1133e+00
1002 0 +6.394333028e-07 +6.394333028e-07 +3.590000064e+01 +3.590000064e+01 +2.7817e+00 +1.1133e+00
1042 0 +6.245652671e-07 +6.245652671e-07 +3.590000062e+01 +3.590000062e+01 +2.7817e+00 +1.1133e+00
1048 0 +6.038768987e-07 +6.038768987e-07 +3.590000060e+01 +3.590000060e+01 +2.7817e+00 +1.1133e+00
1077 0 +6.020978063e-07 +6.020978063e-07 +3.590000060e+01 +3.590000060e+01 +2.7817e+00 +1.1133e+00
1092 0 +5.857546057e-07 +5.857546057e-07 +3.590000059e+01 +3.590000059e+01 +2.7817e+00 +1.1133e+00
1146 0 +5.708588375e-07 +5.708588375e-07 +3.590000057e+01 +3.590000057e+01 +2.7817e+00 +1.1133e+00
1210 0 +5.604123672e-07 +5.604123672e-07 +3.590000056e+01 +3.590000056e+01 +2.7817e+00 +1.1133e+00
1252 0 +5.485829675e-07 +5.485829675e-07 +3.590000055e+01 +3.590000055e+01 +2.7817e+00 +1.1133e+00
1300 0 +5.267556134e-07 +5.267556134e-07 +3.590000053e+01 +3.590000053e+01 +2.7817e+00 +1.1133e+00
1351 0 +5.203692126e-07 +5.203692126e-07 +3.590000052e+01 +3.590000052e+01 +2.7817e+00 +1.1133e+00
1383 0 +5.123188060e-07 +5.123188060e-07 +3.590000051e+01 +3.590000051e+01 +2.7817e+00 +1.1133e+00
1425 0 +4.958550548e-07 +4.958550548e-07 +3.590000050e+01 +3.590000050e+01 +2.7817e+00 +1.1133e+00
1455 0 +4.891177952e-07 +4.891177952e-07 +3.590000049e+01 +3.590000049e+01 +2.7817e+00 +1.1133e+00
1466 0 +4.775677880e-07 +4.775677880e-07 +3.590000048e+01 +3.590000048e+01 +2.7817e+00 +1.1133e+00
1525 0 +4.673309206e-07 +4.673309206e-07 +3.590000047e+01 +3.590000047e+01 +2.7817e+00 +1.1133e+00
1526 0 +4.567490137e-07 +4.567490137e-07 +3.590000046e+01 +3.590000046e+01 +2.7817e+00 +1.1134e+00
1573 0 +4.451694693e-07 +4.451694693e-07 +3.590000045e+01 +3.590000045e+01 +2.7817e+00 +1.1134e+00
1611 0 +4.326975969e-07 +4.326975969e-07 +3.590000043e+01 +3.590000043e+01 +2.7817e+00 +1.1134e+00
1666 0 +4.256204846e-07 +4.256204846e-07 +3.590000043e+01 +3.590000043e+01 +2.7817e+00 +1.1134e+00
6613 0 +4.167148617e-07 +4.167148617e-07 +3.590000042e+01 +3.590000042e+01 +2.7817e+00 +1.1134e+00
7550 0 +4.073094289e-07 +4.073094289e-07 +3.590000041e+01 +3.590000041e+01 +2.7817e+00 +1.1134e+00
7959 0 +3.980150041e-07 +3.980150041e-07 +3.590000040e+01 +3.590000040e+01 +2.7817e+00 +1.1134e+00
8475 0 +3.888082674e-07 +3.888082674e-07 +3.590000039e+01 +3.590000039e+01 +2.7817e+00 +1.1134e+00
8850 0 +3.793787116e-07 +3.793787116e-07 +3.590000038e+01 +3.590000038e+01 +2.7817e+00 +1.1134e+00
9208 0 +3.709242122e-07 +3.709242122e-07 +3.590000037e+01 +3.590000037e+01 +2.7817e+00 +1.1134e+00
9413 0 +3.625192733e-07 +3.625192733e-07 +3.590000036e+01 +3.590000036e+01 +2.7817e+00 +1.1134e+00
9624 0 +3.547188285e-07 +3.547188285e-07 +3.590000035e+01 +3.590000035e+01 +2.7817e+00 +1.1134e+00
9832 0 +3.466109249e-07 +3.466109249e-07 +3.590000035e+01 +3.590000035e+01 +2.7817e+00 +1.1134e+00
10048 0 +3.384424687e-07 +3.384424687e-07 +3.590000034e+01 +3.590000034e+01 +2.7817e+00 +1.1134e+00
% f evaluations | g evaluations | best noise-free fitness - Fopt | noise-free fitness - Fopt (3.137000000000e+01) | measured fitness | best measured fitness | x1 | x2...
1 0 +1.472742886e+05 +1.472742886e+05 +1.473056586e+05 +1.473056586e+05 -1.8502e+00 -2.3342e+00
2 0 +1.049461613e+04 +1.049461613e+04 +1.052598613e+04 +1.052598613e+04 +1.9504e+00 -5.4186e-01
3 0 +1.128263548e+02 +1.128263548e+02 +1.441963548e+02 +1.441963548e+02 +3.9930e+00 +2.6460e+00
4 0 +1.082955316e+02 +1.082955316e+02 +1.396655316e+02 +1.396655316e+02 +3.7882e+00 +3.0031e+00
8 0 +1.045864251e+02 +1.045864251e+02 +1.359564251e+02 +1.359564251e+02 +3.6792e+00 +3.1527e+00
36 0 +1.078318224e+01 +1.078318224e+01 +4.215318224e+01 +4.215318224e+01 +1.0555e-01 +4.8647e+00
57 0 +6.352067091e+00 +6.352067091e+00 +3.772206709e+01 +3.772206709e+01 -3.4898e-01 +4.5767e+00
74 0 +3.835766536e+00 +3.835766536e+00 +3.520576654e+01 +3.520576654e+01 -3.3982e-01 +3.9634e+00
76 0 +1.128172831e+00 +1.128172831e+00 +3.249817283e+01 +3.249817283e+01 -5.7658e-02 +2.4951e+00
113 0 +7.506021684e-01 +7.506021684e-01 +3.212060217e+01 +3.212060217e+01 +9.5905e-03 +1.9009e+00
129 0 +2.606359760e-01 +2.606359760e-01 +3.163063598e+01 +3.163063598e+01 -1.3423e-01 +1.9983e+00
165 0 +1.587284699e-01 +1.587284699e-01 +3.152872847e+01 +3.152872847e+01 -1.6597e-01 +1.9791e+00
169 0 +1.583725160e-01 +1.583725160e-01 +3.152837252e+01 +3.152837252e+01 -1.8473e-01 +2.0675e+00
182 0 +1.480180781e-01 +1.480180781e-01 +3.151801808e+01 +3.151801808e+01 -1.9408e-01 +2.0704e+00
209 0 +1.438827565e-01 +1.438827565e-01 +3.151388276e+01 +3.151388276e+01 -1.9871e-01 +2.0726e+00
212 0 +8.240411101e-02 +8.240411101e-02 +3.145240411e+01 +3.145240411e+01 -1.9038e-01 +1.9069e+00
229 0 +5.676665974e-02 +5.676665974e-02 +3.142676666e+01 +3.142676666e+01 -2.2427e-01 +1.9959e+00
262 0 +1.650124127e-02 +1.650124127e-02 +3.138650124e+01 +3.138650124e+01 -2.6862e-01 +1.9914e+00
313 0 +1.442070412e-02 +1.442070412e-02 +3.138442070e+01 +3.138442070e+01 -2.7690e-01 +1.9894e+00
369 0 +1.374434198e-02 +1.374434198e-02 +3.138374434e+01 +3.138374434e+01 -2.7418e-01 +1.9856e+00
398 0 +7.531353730e-03 +7.531353730e-03 +3.137753135e+01 +3.137753135e+01 -2.7443e-01 +1.9595e+00
415 0 +6.658457686e-03 +6.658457686e-03 +3.137665846e+01 +3.137665846e+01 -2.7416e-01 +1.9568e+00
420 0 +5.845494428e-03 +5.845494428e-03 +3.137584549e+01 +3.137584549e+01 -2.7394e-01 +1.9543e+00
421 0 +4.631834208e-03 +4.631834208e-03 +3.137463183e+01 +3.137463183e+01 -2.7436e-01 +1.9459e+00
440 0 +4.384312573e-03 +4.384312573e-03 +3.137438431e+01 +3.137438431e+01 -2.7297e-01 +1.9422e+00
467 0 +4.064521215e-03 +4.064521215e-03 +3.137406452e+01 +3.137406452e+01 -2.7349e-01 +1.9409e+00
470 0 +2.292526384e-03 +2.292526384e-03 +3.137229253e+01 +3.137229253e+01 -2.7270e-01 +1.9290e+00
481 0 +1.703730046e-03 +1.703730046e-03 +3.137170373e+01 +3.137170373e+01 -2.7326e-01 +1.9256e+00
503 0 +1.011829377e-03 +1.011829377e-03 +3.137101183e+01 +3.137101183e+01 -2.7177e-01 +1.9175e+00
521 0 +4.053907577e-04 +4.053907577e-04 +3.137040539e+01 +3.137040539e+01 -2.7082e-01 +1.9076e+00
532 0 +8.541140234e-05 +8.541140234e-05 +3.137008541e+01 +3.137008541e+01 -2.7134e-01 +1.9012e+00
554 0 +2.703316009e-05 +2.703316009e-05 +3.137002703e+01 +3.137002703e+01 -2.7181e-01 +1.8992e+00
576 0 +1.805913833e-06 +1.805913833e-06 +3.137000181e+01 +3.137000181e+01 -2.7199e-01 +1.8974e+00
637 0 +8.498051116e-07 +8.498051116e-07 +3.137000085e+01 +3.137000085e+01 -2.7196e-01 +1.8971e+00
643 0 +3.455072957e-07 +3.455072957e-07 +3.137000035e+01 +3.137000035e+01 -2.7192e-01 +1.8968e+00
694 0 +2.825873970e-07 +2.825873970e-07 +3.137000028e+01 +3.137000028e+01 -2.7193e-01 +1.8968e+00
731 0 +1.889156422e-07 +1.889156422e-07 +3.137000019e+01 +3.137000019e+01 -2.7195e-01 +1.8969e+00
739 0 +9.848643501e-08 +9.848643501e-08 +3.137000010e+01 +3.137000010e+01 -2.7196e-01 +1.8968e+00
751 0 +9.457037820e-08 +9.457037820e-08 +3.137000009e+01 +3.137000009e+01 -2.7197e-01 +1.8969e+00
779 0 +5.511176582e-08 +5.511176582e-08 +3.137000006e+01 +3.137000006e+01 -2.7198e-01 +1.8969e+00
781 0 +3.633425649e-08 +3.633425649e-08 +3.137000004e+01 +3.137000004e+01 -2.7199e-01 +1.8968e+00
793 0 +2.213691630e-08 +2.213691630e-08 +3.137000002e+01 +3.137000002e+01 -2.7200e-01 +1.8969e+00
841 0 +1.463036625e-08 +1.463036625e-08 +3.137000001e+01 +3.137000001e+01 -2.7200e-01 +1.8968e+00
885 0 +1.001919614e-08 +1.001919614e-08 +3.137000001e+01 +3.137000001e+01 -2.7200e-01 +1.8968e+00
925 0 +8.367301518e-09 +8.367301518e-09 +3.137000001e+01 +3.137000001e+01 -2.7200e-01 +1.8968e+00
1433 0 +0.000000000e+00 +0.000000000e+00 +3.137000000e+01 +3.137000000e+01 -2.7200e-01 +1.8968e+00
% f evaluations | g evaluations | best noise-free fitness - Fopt | noise-free fitness - Fopt (-1.000000000000e+03) | measured fitness | best measured fitness | x1 | x2...
1 0 +3.315446854e+05 +3.315446854e+05 +3.305446854e+05 +3.305446854e+05 -1.8946e+00 +1.7915e+00
2 0 +1.805355757e+05 +1.805355757e+05 +1.795355757e+05 +1.795355757e+05 +2.2369e-01 +3.1115e+00
5 0 +8.147028419e+02 +8.147028419e+02 -1.852971581e+02 -1.852971581e+02 +3.7123e+00 +4.0859e+00
6 0 +2.931959352e+01 +2.931959352e+01 -9.706804065e+02 -9.706804065e+02 +1.5884e+00 -4.5219e+00
33 0 +1.336814484e+01 +1.336814484e+01 -9.866318552e+02 -9.866318552e+02 +1.9323e+00 -1.1316e+00
60 0 +1.315453960e+01 +1.315453960e+01 -9.868454604e+02 -9.868454604e+02 +1.8433e+00 -1.5387e+00
71 0 +6.781416201e+00 +6.781416201e+00 -9.932185838e+02 -9.932185838e+02 +1.2387e+00 -1.1122e+00
75 0 +8.566417186e-01 +8.566417186e-01 -9.991433583e+02 -9.991433583e+02 +2.7383e-01 -2.8198e+00
159 0 +5.374479596e-01 +5.374479596e-01 -9.994625520e+02 -9.994625520e+02 +1.4416e-01 -2.7423e+00
198 0 +4.292335406e-01 +4.292335406e-01 -9.995707665e+02 -9.995707665e+02 +1.2889e-01 -2.8658e+00
210 0 +2.836881059e-01 +2.836881059e-01 -9.997163119e+02 -9.997163119e+02 +4.4874e-02 -2.9144e+00
259 0 +1.874993873e-01 +1.874993873e-01 -9.998125006e+02 -9.998125006e+02 +9.3815e-03 -3.0472e+00
271 0 +1.605421326e-01 +1.605421326e-01 -9.998394579e+02 -9.998394579e+02 -1.1280e-02 -3.1565e+00
315 0 +1.555726925e-01 +1.555726925e-01 -9.998444273e+02 -9.998444273e+02 -9.3028e-03 -3.1077e+00
316 0 +6.134273682e-02 +6.134273682e-02 -9.999386573e+02 -9.999386573e+02 -8.6511e-02 -3.1626e+00
371 0 +5.293910887e-02 +5.293910887e-02 -9.999470609e+02 -9.999470609e+02 -9.0643e-02 -3.2302e+00
380 0 +3.803122909e-02 +3.803122909e-02 -9.999619688e+02 -9.999619688e+02 -1.1195e-01 -3.2029e+00
420 0 +2.586944848e-02 +2.586944848e-02 -9.999741306e+02 -9.999741306e+02 -1.2258e-01 -3.2216e+00
445 0 +2.298425800e-02 +2.298425800e-02 -9.999770157e+02 -9.999770157e+02 -1.2586e-01 -3.2537e+00
467 0 +1.451827175e-02 +1.451827175e-02 -9.999854817e+02 -9.999854817e+02 -1.4219e-01 -3.2526e+00
535 0 +1.279885576e-02 +1.279885576e-02 -9.999872011e+02 -9.999872011e+02 -1.4432e-01 -3.2601e+00
573 0 +9.187035408e-03 +9.187035408e-03 -9.999908130e+02 -9.999908130e+02 -1.5096e-01 -3.2673e+00
582 0 +8.918098794e-03 +8.918098794e-03 -9.999910819e+02 -9.999910819e+02 -1.5019e-01 -3.2788e+00
588 0 +8.265800211e-03 +8.265800211e-03 -9.999917342e+02 -9.999917342e+02 -1.5434e-01 -3.2769e+00
623 0 +8.096485897e-03 +8.096485897e-03 -9.999919035e+02 -9.999919035e+02 -1.5429e-01 -3.2803e+00
625 0 +7.743813236e-03 +7.743813236e-03 -9.999922562e+02 -9.999922562e+02 -1.5513e-01 -3.2808e+00
626 0 +4.953814617e-03 +4.953814617e-03 -9.999950462e+02 -9.999950462e+02 -1.5960e-01 -3.2894e+00
675 0 +4.546383065e-03 +4.546383065e-03 -9.999954536e+02 -9.999954536e+02 -1.6297e-01 -3.2946e+00
687 0 +3.516933001e-03 +3.516933001e-03 -9.999964831e+02 -9.999964831e+02 -1.6550e-01 -3.2982e+00
729 0 +3.103921652e-03 +3.103921652e-03 -9.999968961e+02 -9.999968961e+02 -1.6610e-01 -3.3021e+00
730 0 +2.962702107e-03 +2.962702107e-03 -9.999970373e+02 -9.999970373e+02 -1.6702e-01 -3.2978e+00
731 0 +2.488553566e-03 +2.488553566e-03 -9.999975114e+02 -9.999975114e+02 -1.6888e-01 -3.3033e+00
737 0 +2.347126786e-03 +2.347126786e-03 -9.999976529e+02 -9.999976529e+02 -1.7040e-01 -3.3032e+00
780 0 +2.096157025e-03 +2.096157025e-03 -9.999979038e+02 -9.999979038e+02 -1.7135e-01 -3.3046e+00
785 0 +1.930503932e-03 +1.930503932e-03 -9.999980695e+02 -9.999980695e+02 -1.7221e-01 -3.3044e+00
810 0 +1.684931265e-03 +1.684931265e-03 -9.999983151e+02 -9.999983151e+02 -1.7235e-01 -3.3079e+00
836 0 +1.552093073e-03 +1.552093073e-03 -9.999984479e+02 -9.999984479e+02 -1.7270e-01 -3.3106e+00
852 0 +1.522822563e-03 +1.522822563e-03 -9.999984772e+02 -9.999984772e+02 -1.7295e-01 -3.3096e+00
864 0 +1.504854815e-03 +1.504854815e-03 -9.999984951e+02 -9.999984951e+02 -1.7315e-01 -3.3091e+00
884 0 +1.468881192e-03 +1.468881192e-03 -9.999985311e+02 -9.999985311e+02 -1.7332e-01 -3.3096e+00
891 0 +1.407788761e-03 +1.407788761e-03 -9.999985922e+02 -9.999985922e+02 -1.7365e-01 -3.3105e+00
922 0 +1.302686591e-03 +1.302686591e-03 -9.999986973e+02 -9.999986973e+02 -1.7428e-01 -3.3115e+00
938 0 +1.279661366e-03 +1.279661366e-03 -9.999987203e+02 -9.999987203e+02 -1.7476e-01 -3.3101e+00
940 0 +1.203023837e-03 +1.203023837e-03 -9.999987970e+02 -9.999987970e+02 -1.7479e-01 -3.3124e+00
954 0 +1.192791835e-03 +1.192791835e-03 -9.999988072e+02 -9.999988072e+02 -1.7500e-01 -3.3116e+00
980 0 +1.124790898e-03 +1.124790898e-03 -9.999988752e+02 -9.999988752e+02 -1.7540e-01 -3.3118e+00
987 0 +1.098669998e-03 +1.098669998e-03 -9.999989013e+02 -9.999989013e+02 -1.7559e-01 -3.3118e+00
995 0 +1.088767509e-03 +1.088767509e-03 -9.999989112e+02 -9.999989112e+02 -1.7568e-01 -3.3118e+00
998 0 +1.057010835e-03 +1.057010835e-03 -9.999989430e+02 -9.999989430e+02 -1.7591e-01 -3.3119e+00
1008 0 +1.038175643e-03 +1.038175643e-03 -9.999989618e+02 -9.999989618e+02 -1.7574e-01 -3.3131e+00
1041 0 +1.020499654e-03 +1.020499654e-03 -9.999989795e+02 -9.999989795e+02 -1.7585e-01 -3.3133e+00
1052 0 +9.780926536e-04 +9.780926536e-04 -9.999990219e+02 -9.999990219e+02 -1.7605e-01 -3.3141e+00
1071 0 +9.739929808e-04 +9.739929808e-04 -9.999990260e+02 -9.999990260e+02 -1.7624e-01 -3.3134e+00
1092 0 +9.376852507e-04 +9.376852507e-04 -9.999990623e+02 -9.999990623e+02 -1.7663e-01 -3.3134e+00
1127 0 +9.263480666e-04 +9.263480666e-04 -9.999990737e+02 -9.999990737e+02 -1.7659e-01 -3.3140e+00
1145 0 +9.105037760e-04 +9.105037760e-04 -9.999990895e+02 -9.999990895e+02 -1.7680e-01 -3.3140e+00
1174 0 +8.830941263e-04 +8.830941263e-04 -9.999991169e+02 -9.999991169e+02 -1.7701e-01 -3.3144e+00
1199 0 +8.681046140e-04 +8.681046140e-04 -9.999991319e+02 -9.999991319e+02 -1.7716e-01 -3.3144e+00
1219 0 +8.480255322e-04 +8.480255322e-04 -9.999991520e+02 -9.999991520e+02 -1.7730e-01 -3.3147e+00
1254 0 +8.301189839e-04 +8.301189839e-04 -9.999991699e+02 -9.999991699e+02 -1.7755e-01 -3.3145e+00
1273 0 +8.089295246e-04 +8.089295246e-04 -9.999991911e+02 -9.999991911e+02 -1.7756e-01 -3.3150e+00
1304 0 +7.932730897e-04 +7.932730897e-04 -9.999992067e+02 -9.999992067e+02 -1.7770e-01 -3.3150e+00
1312 0 +7.702909849e-04 +7.702909849e-04 -9.999992297e+02 -9.999992297e+02 -1.7777e-01 -3.3153e+00
1352 0 +7.532093349e-04 +7.532093349e-04 -9.999992468e+02 -9.999992468e+02 -1.7799e-01 -3.3150e+00
1419 0 +7.362375636e-04 +7.362375636e-04 -9.999992638e+02 -9.999992638e+02 -1.7807e-01 -3.3152e+00
1642 0 +7.244042372e-04 +7.244042372e-04 -9.999992756e+02 -9.999992756e+02 -1.7810e-01 -3.3153e+00
1923 0 +7.073475684e-04 +7.073475684e-04 -9.999992927e+02 -9.999992927e+02 -1.7810e-01 -3.3156e+00
2085 0 +6.917754317e-04 +6.917754317e-04 -9.999993082e+02 -9.999993082e+02 -1.7810e-01 -3.3160e+00
2237 0 +6.740050659e-04 +6.740050659e-04 -9.999993260e+02 -9.999993260e+02 -1.7810e-01 -3.3164e+00
2395 0 +6.589420390e-04 +6.589420390e-04 -9.999993411e+02 -9.999993411e+02 -1.7810e-01 -3.3167e+00
2600 0 +6.448970305e-04 +6.448970305e-04 -9.999993551e+02 -9.999993551e+02 -1.7810e-01 -3.3172e+00
2820 0 +6.297955250e-04 +6.297955250e-04 -9.999993702e+02 -9.999993702e+02 -1.7810e-01 -3.3178e+00
% f evaluations | g evaluations | best noise-free fitness - Fopt | noise-free fitness - Fopt (1.319200000000e+02) | measured fitness | best measured fitness | x1 | x2...
1 0 +3.426926941e+05 +3.426926941e+05 +3.428246141e+05 +3.428246141e+05 +2.3123e+00 +3.9092e+00
2 0 +6.628305036e+01 +6.628305036e+01 +1.982030504e+02 +1.982030504e+02 +2.9846e+00 -2.2840e+00
3 0 +1.262949095e+01 +1.262949095e+01 +1.445494909e+02 +1.445494909e+02 -1.4894e+00 +2.0026e-01
35 0 +2.296048471e+00 +2.296048471e+00 +1.342160485e+02 +1.342160485e+02 -2.5791e+00 +1.3886e+00
64 0 +3.358370419e-01 +3.358370419e-01 +1.322558370e+02 +1.322558370e+02 -4.1107e+00 +1.7720e+00
111 0 +1.473853078e-01 +1.473853078e-01 +1.320673853e+02 +1.320673853e+02 -3.6933e+00 +1.7840e+00
123 0 +1.405206812e-01 +1.405206812e-01 +1.320605207e+02 +1.320605207e+02 -3.7153e+00 +1.7869e+00
131 0 +1.130510958e-01 +1.130510958e-01 +1.320330511e+02 +1.320330511e+02 -3.9544e+00 +1.8070e+00
156 0 +6.359060852e-02 +6.359060852e-02 +1.319835906e+02 +1.319835906e+02 -3.9462e+00 +1.8331e+00
165 0 +3.517158461e-02 +3.517158461e-02 +1.319551716e+02 +1.319551716e+02 -4.0108e+00 +1.8688e+00
228 0 +1.881215540e-02 +1.881215540e-02 +1.319388122e+02 +1.319388122e+02 -3.9441e+00 +1.8673e+00
256 0 +1.705262643e-02 +1.705262643e-02 +1.319370526e+02 +1.319370526e+02 -3.9889e+00 +1.8780e+00
266 0 +9.260157783e-03 +9.260157783e-03 +1.319292602e+02 +1.319292602e+02 -3.9828e+00 +1.8855e+00
276 0 +6.602099083e-03 +6.602099083e-03 +1.319266021e+02 +1.319266021e+02 -3.9736e+00 +1.8885e+00
291 0 +2.463071388e-03 +2.463071388e-03 +1.319224631e+02 +1.319224631e+02 -3.9621e+00 +1.8959e+00
311 0 +1.320837378e-03 +1.320837378e-03 +1.319213208e+02 +1.319213208e+02 -3.9652e+00 +1.9002e+00
315 0 +6.376549708e-04 +6.376549708e-04 +1.319206377e+02 +1.319206377e+02 -3.9764e+00 +1.9037e+00
326 0 +5.432188160e-04 +5.432188160e-04 +1.319205432e+02 +1.319205432e+02 -3.9760e+00 +1.9041e+00
367 0 +5.179611190e-04 +5.179611190e-04 +1.319205180e+02 +1.319205180e+02 -3.9758e+00 +1.9043e+00
375 0 +5.040310724e-04 +5.040310724e-04 +1.319205040e+02 +1.319205040e+02 -3.9758e+00 +1.9046e+00
376 0 +2.377142377e-04 +2.377142377e-04 +1.319202377e+02 +1.319202377e+02 -3.9842e+00 +1.9079e+00
380 0 +1.457048372e-04 +1.457048372e-04 +1.319201457e+02 +1.319201457e+02 -3.9757e+00 +1.9078e+00
405 0 +7.066817591e-05 +7.066817591e-05 +1.319200707e+02 +1.319200707e+02 -3.9821e+00 +1.9087e+00
429 0 +3.037871235e-05 +3.037871235e-05 +1.319200304e+02 +1.319200304e+02 -3.9816e+00 +1.9092e+00
442 0 +1.464258079e-05 +1.464258079e-05 +1.319200146e+02 +1.319200146e+02 -3.9808e+00 +1.9096e+00
469 0 +9.087657304e-06 +9.087657304e-06 +1.319200091e+02 +1.319200091e+02 -3.9809e+00 +1.9099e+00
506 0 +6.674722556e-06 +6.674722556e-06 +1.319200067e+02 +1.319200067e+02 -3.9815e+00 +1.9099e+00
511 0 +4.150279835e-06 +4.150279835e-06 +1.319200042e+02 +1.319200042e+02 -3.9817e+00 +1.9102e+00
525 0 +1.148000251e-06 +1.148000251e-06 +1.319200011e+02 +1.319200011e+02 -3.9822e+00 +1.9102e+00
540 0 +5.208275411e-07 +5.208275411e-07 +1.319200005e+02 +1.319200005e+02 -3.9822e+00 +1.9103e+00
542 0 +2.972088566e-07 +2.972088566e-07 +1.319200003e+02 +1.319200003e+02 -3.9822e+00 +1.9103e+00
598 0 +1.918000407e-07 +1.918000407e-07 +1.319200002e+02 +1.319200002e+02 -3.9823e+00 +1.9103e+00
603 0 +1.020723630e-07 +1.020723630e-07 +1.319200001e+02 +1.319200001e+02 -3.9823e+00 +1.9103e+00
629 0 +8.481697478e-08 +8.481697478e-08 +1.319200001e+02 +1.319200001e+02 -3.9824e+00 +1.9104e+00
644 0 +3.400879223e-08 +3.400879223e-08 +1.319200000e+02 +1.319200000e+02 -3.9824e+00 +1.9104e+00
676 0 +3.147056304e-08 +3.147056304e-08 +1.319200000e+02 +1.319200000e+02 -3.9824e+00 +1.9104e+00
683 0 +1.253832238e-08 +1.253832238e-08 +1.319200000e+02 +1.319200000e+02 -3.9824e+00 +1.9104e+00
687 0 +1.084794121e-08 +1.084794121e-08 +1.319200000e+02 +1.319200000e+02 -3.9824e+00 +1.9104e+00
730 0 +1.069020072e-08 +1.069020072e-08 +1.319200000e+02 +1.319200000e+02 -3.9824e+00 +1.9104e+00
743 0 +9.189506045e-09 +9.189506045e-09 +1.319200000e+02 +1.319200000e+02 -3.9824e+00 +1.9104e+00
% f evaluations | g evaluations | best noise-free fitness - Fopt | noise-free fitness - Fopt (5.908400000000e+02) | measured fitness | best measured fitness | x1 | x2...
1 0 +2.109830612e+05 +2.109830612e+05 +2.115739012e+05 +2.115739012e+05 +2.8805e+00 +1.0756e-01
2 0 +4.042956759e+04 +4.042956759e+04 +4.102040759e+04 +4.102040759e+04 -2.9792e+00 +3.9610e+00
6 0 +2.623169564e+01 +2.623169564e+01 +6.170716956e+02 +6.170716956e+02 -1.1648e+00 -2.2706e+00
13 0 +2.333890228e+01 +2.333890228e+01 +6.141789023e+02 +6.141789023e+02 -1.1275e+00 -1.6008e+00
22 0 +2.399378336e+00 +2.399378336e+00 +5.932393783e+02 +5.932393783e+02 +1.4496e+00 -4.3141e+00
74 0 +1.929336646e+00 +1.929336646e+00 +5.927693366e+02 +5.927693366e+02 +1.1814e+00 -3.8103e+00
85 0 +7.480775952e-01 +7.480775952e-01 +5.915880776e+02 +5.915880776e+02 +1.5039e+00 -3.9509e+00
105 0 +7.169759447e-01 +7.169759447e-01 +5.915569759e+02 +5.915569759e+02 +1.4567e+00 -3.8474e+00
107 0 +4.068403082e-01 +4.068403082e-01 +5.912468403e+02 +5.912468403e+02 +1.4730e+00 -3.7503e+00
178 0 +3.601850800e-01 +3.601850800e-01 +5.912001851e+02 +5.912001851e+02 +1.4810e+00 -3.7231e+00
189 0 +2.629344027e-01 +2.629344027e-01 +5.911029344e+02 +5.911029344e+02 +1.4688e+00 -3.6576e+00
194 0 +5.614758600e-02 +5.614758600e-02 +5.908961476e+02 +5.908961476e+02 +1.4257e+00 -3.4327e+00
212 0 +4.903031717e-02 +4.903031717e-02 +5.908890303e+02 +5.908890303e+02 +1.4430e+00 -3.4521e+00
220 0 +3.503848504e-02 +3.503848504e-02 +5.908750385e+02 +5.908750385e+02 +1.4383e+00 -3.4192e+00
223 0 +4.655367318e-03 +4.655367318e-03 +5.908446554e+02 +5.908446554e+02 +1.4229e+00 -3.3216e+00
281 0 +4.307541314e-03 +4.307541314e-03 +5.908443075e+02 +5.908443075e+02 +1.4250e+00 -3.3233e+00
306 0 +9.844733048e-04 +9.844733048e-04 +5.908409845e+02 +5.908409845e+02 +1.4423e+00 -3.3442e+00
317 0 +9.487192509e-04 +9.487192509e-04 +5.908409487e+02 +5.908409487e+02 +1.4442e+00 -3.3469e+00
349 0 +1.810578718e-04 +1.810578718e-04 +5.908401811e+02 +5.908401811e+02 +1.4415e+00 -3.3323e+00
363 0 +1.381110598e-04 +1.381110598e-04 +5.908401381e+02 +5.908401381e+02 +1.4421e+00 -3.3327e+00
383 0 +1.140477225e-04 +1.140477225e-04 +5.908401140e+02 +5.908401140e+02 +1.4430e+00 -3.3351e+00
423 0 +9.846202670e-05 +9.846202670e-05 +5.908400985e+02 +5.908400985e+02 +1.4431e+00 -3.3348e+00
425 0 +1.169731115e-05 +1.169731115e-05 +5.908400117e+02 +5.908400117e+02 +1.4448e+00 -3.3355e+00
478 0 +7.364360499e-07 +7.364360499e-07 +5.908400007e+02 +5.908400007e+02 +1.4455e+00 -3.3360e+00
529 0 +1.971845904e-07 +1.971845904e-07 +5.908400002e+02 +5.908400002e+02 +1.4455e+00 -3.3359e+00
571 0 +1.010525921e-07 +1.010525921e-07 +5.908400001e+02 +5.908400001e+02 +1.4455e+00 -3.3360e+00
625 0 +7.602250207e-08 +7.602250207e-08 +5.908400001e+02 +5.908400001e+02 +1.4455e+00 -3.3359e+00
642 0 +5.381218671e-08 +5.381218671e-08 +5.908400001e+02 +5.908400001e+02 +1.4456e+00 -3.3360e+00
666 0 +3.208413091e-08 +3.208413091e-08 +5.908400000e+02 +5.908400000e+02 +1.4456e+00 -3.3360e+00
677 0 +2.645413133e-08 +2.645413133e-08 +5.908400000e+02 +5.908400000e+02 +1.4456e+00 -3.3360e+00
681 0 +2.565695922e-08 +2.565695922e-08 +5.908400000e+02 +5.908400000e+02 +1.4456e+00 -3.3360e+00
685 0 +1.200442057e-08 +1.200442057e-08 +5.908400000e+02 +5.908400000e+02 +1.4456e+00 -3.3360e+00
705 0 +1.066450750e-08 +1.066450750e-08 +5.908400000e+02 +5.908400000e+02 +1.4456e+00 -3.3360e+00
723 0 +1.020748641e-08 +1.020748641e-08 +5.908400000e+02 +5.908400000e+02 +1.4456e+00 -3.3360e+00
727 0 +9.752739061e-09 +9.752739061e-09 +5.908400000e+02 +5.908400000e+02 +1.4456e+00 -3.3360e+00
1013 0 +0.000000000e+00 +0.000000000e+00 +5.908400000e+02 +5.908400000e+02 +1.4456e+00 -3.3360e+00
% f evaluations | g evaluations | best noise-free fitness - Fopt | noise-free fitness - Fopt (6.749000000000e+01) | measured fitness | best measured fitness | x1 | x2...
1 0 +1.450992272e+05 +1.450992272e+05 +1.451667172e+05 +1.451667172e+05 +4.2160e+00 +4.4501e+00
2 0 +3.661986074e+03 +3.661986074e+03 +3.729476074e+03 +3.729476074e+03 -2.2422e-01 -6.1487e-01
7 0 +1.347045323e+01 +1.347045323e+01 +8.096045323e+01 +8.096045323e+01 -4.2213e+00 -3.4646e+00
8 0 +5.624655284e+00 +5.624655284e+00 +7.311465528e+01 +7.311465528e+01 -2.0728e+00 -2.7052e+00
10 0 +2.405590255e+00 +2.405590255e+00 +6.989559026e+01 +6.989559026e+01 -1.9604e+00 -2.0526e+00
11 0 +1.399712650e+00 +1.399712650e+00 +6.888971265e+01 +6.888971265e+01 -1.2105e+00 -1.6571e+00
60 0 +6.747041256e-01 +6.747041256e-01 +6.816470413e+01 +6.816470413e+01 -1.2854e+00 -1.4608e+00
72 0 +4.094044325e-01 +4.094044325e-01 +6.789940443e+01 +6.789940443e+01 -1.2334e+00 -1.3591e+00
93 0 +8.039030371e-02 +8.039030371e-02 +6.757039030e+01 +6.757039030e+01 -1.0053e+00 -1.0843e+00
115 0 +5.557084203e-02 +5.557084203e-02 +6.754557084e+01 +6.754557084e+01 -1.0051e+00 -1.0551e+00
126 0 +9.010640681e-03 +9.010640681e-03 +6.749901064e+01 +6.749901064e+01 -9.1154e-01 -9.5609e-01
185 0 +2.566676174e-03 +2.566676174e-03 +6.749256668e+01 +6.749256668e+01 -9.1007e-01 -9.3269e-01
210 0 +2.410533489e-03 +2.410533489e-03 +6.749241053e+01 +6.749241053e+01 -9.0806e-01 -9.3023e-01
228 0 +1.932120271e-03 +1.932120271e-03 +6.749193212e+01 +6.749193212e+01 -9.0266e-01 -9.2886e-01
261 0 +1.227671995e-03 +1.227671995e-03 +6.749122767e+01 +6.749122767e+01 -9.0010e-01 -9.2354e-01
286 0 +1.039808594e-03 +1.039808594e-03 +6.749103981e+01 +6.749103981e+01 -8.9800e-01 -9.2246e-01
313 0 +1.003646645e-03 +1.003646645e-03 +6.749100365e+01 +6.749100365e+01 -8.9690e-01 -9.2227e-01
325 0 +6.680312784e-04 +6.680312784e-04 +6.749066803e+01 +6.749066803e+01 -8.9460e-01 -9.1905e-01
366 0 +5.218733830e-04 +5.218733830e-04 +6.749052187e+01 +6.749052187e+01 -8.9467e-01 -9.1629e-01
369 0 +4.754728438e-04 +4.754728438e-04 +6.749047547e+01 +6.749047547e+01 -8.9164e-01 -9.1638e-01
420 0 +3.222586441e-04 +3.222586441e-04 +6.749032226e+01 +6.749032226e+01 -8.9205e-01 -9.1412e-01
430 0 +3.118845931e-04 +3.118845931e-04 +6.749031188e+01 +6.749031188e+01 -8.9146e-01 -9.1473e-01
470 0 +2.820371836e-04 +2.820371836e-04 +6.749028204e+01 +6.749028204e+01 -8.9143e-01 -9.1387e-01
479 0 +2.765991066e-04 +2.765991066e-04 +6.749027660e+01 +6.749027660e+01 -8.9142e-01 -9.1278e-01
491 0 +2.711893089e-04 +2.711893089e-04 +6.749027119e+01 +6.749027119e+01 -8.9093e-01 -9.1338e-01
520 0 +2.452606457e-04 +2.452606457e-04 +6.749024526e+01 +6.749024526e+01 -8.8737e-01 -9.1294e-01
577 0 +2.118957152e-04 +2.118957152e-04 +6.749021190e+01 +6.749021190e+01 -8.8739e-01 -9.1269e-01
580 0 +1.645478166e-04 +1.645478166e-04 +6.749016455e+01 +6.749016455e+01 -8.8869e-01 -9.1234e-01
628 0 +1.552375426e-04 +1.552375426e-04 +6.749015524e+01 +6.749015524e+01 -8.8816e-01 -9.1221e-01
630 0 +1.501799123e-04 +1.501799123e-04 +6.749015018e+01 +6.749015018e+01 -8.8820e-01 -9.1204e-01
675 0 +1.400734743e-04 +1.400734743e-04 +6.749014007e+01 +6.749014007e+01 -8.8778e-01 -9.1161e-01
735 0 +1.312319141e-04 +1.312319141e-04 +6.749013123e+01 +6.749013123e+01 -8.8784e-01 -9.1131e-01
780 0 +1.270134331e-04 +1.270134331e-04 +6.749012701e+01 +6.749012701e+01 -8.8779e-01 -9.1121e-01
788 0 +1.253803164e-04 +1.253803164e-04 +6.749012538e+01 +6.749012538e+01 -8.8794e-01 -9.1107e-01
795 0 +1.190223903e-04 +1.190223903e-04 +6.749011902e+01 +6.749011902e+01 -8.8768e-01 -9.1106e-01
831 0 +1.148557688e-04 +1.148557688e-04 +6.749011486e+01 +6.749011486e+01 -8.8767e-01 -9.1096e-01
835 0 +1.142858241e-04 +1.142858241e-04 +6.749011429e+01 +6.749011429e+01 -8.8737e-01 -9.1106e-01
851 0 +1.116051774e-04 +1.116051774e-04 +6.749011161e+01 +6.749011161e+01 -8.8759e-01 -9.1091e-01
885 0 +1.095391489e-04 +1.095391489e-04 +6.749010954e+01 +6.749010954e+01 -8.8760e-01 -9.1085e-01
893 0 +1.071271270e-04 +1.071271270e-04 +6.749010713e+01 +6.749010713e+01 -8.8760e-01 -9.1078e-01
928 0 +1.031528648e-04 +1.031528648e-04 +6.749010315e+01 +6.749010315e+01 -8.8757e-01 -9.1067e-01
946 0 +1.004757892e-04 +1.004757892e-04 +6.749010048e+01 +6.749010048e+01 -8.8756e-01 -9.1057e-01
950 0 +9.822610174e-05 +9.822610174e-05 +6.749009823e+01 +6.749009823e+01 -8.8758e-01 -9.1044e-01
989 0 +9.760995117e-05 +9.760995117e-05 +6.749009761e+01 +6.749009761e+01 -8.8758e-01 -9.1039e-01
1000 0 +9.504574479e-05 +9.504574479e-05 +6.749009505e+01 +6.749009505e+01 -8.8752e-01 -9.1033e-01
1040 0 +9.249806514e-05 +9.249806514e-05 +6.749009250e+01 +6.749009250e+01 -8.8751e-01 -9.1014e-01
1091 0 +9.068849224e-05 +9.068849224e-05 +6.749009069e+01 +6.749009069e+01 -8.8747e-01 -9.1006e-01
1195 0 +8.884869226e-05 +8.884869226e-05 +6.749008885e+01 +6.749008885e+01 -8.8741e-01 -9.1005e-01
1300 0 +8.651249655e-05 +8.651249655e-05 +6.749008651e+01 +6.749008651e+01 -8.8732e-01 -9.1004e-01
1354 0 +8.484360018e-05 +8.484360018e-05 +6.749008484e+01 +6.749008484e+01 -8.8726e-01 -9.1004e-01
1473 0 +8.278502824e-05 +8.278502824e-05 +6.749008279e+01 +6.749008279e+01 -8.8717e-01 -9.1004e-01
1559 0 +8.119276534e-05 +8.119276534e-05 +6.749008119e+01 +6.749008119e+01 -8.8709e-01 -9.1004e-01
1666 0 +7.916226467e-05 +7.916226467e-05 +6.749007916e+01 +6.749007916e+01 -8.8700e-01 -9.1004e-01
1721 0 +7.730983178e-05 +7.730983178e-05 +6.749007731e+01 +6.749007731e+01 -8.8690e-01 -9.1004e-01
1770 0 +7.564909295e-05 +7.564909295e-05 +6.749007565e+01 +6.749007565e+01 -8.8681e-01 -9.1004e-01
1824 0 +7.393084985e-05 +7.393084985e-05 +6.749007393e+01 +6.749007393e+01 -8.8669e-01 -9.1004e-01
1925 0 +7.243816673e-05 +7.243816673e-05 +6.749007244e+01 +6.749007244e+01 -8.8657e-01 -9.1004e-01
% f evaluations | g evaluations | best noise-free fitness - Fopt | noise-free fitness - Fopt (3.085000000000e+01) | measured fitness | best measured fitness | x1 | x2...
1 0 +1.506538227e+04 +1.506538227e+04 +1.509623227e+04 +1.509623227e+04 +3.3927e+00 -4.9988e+00
2 0 +1.769504595e+02 +1.769504595e+02 +2.078004595e+02 +2.078004595e+02 -2.5515e+00 -4.3935e+00
3 0 +1.092885970e+01 +1.092885970e+01 +4.177885970e+01 +4.177885970e+01 +2.0167e+00 -1.6772e+00
14 0 +7.897280881e+00 +7.897280881e+00 +3.874728088e+01 +3.874728088e+01 +2.0674e+00 -2.0821e+00
38 0 +6.676232216e+00 +6.676232216e+00 +3.752623222e+01 +3.752623222e+01 +2.3992e+00 -1.4833e+00
62 0 +4.364975008e+00 +4.364975008e+00 +3.521497501e+01 +3.521497501e+01 +2.2212e+00 -3.2037e+00
75 0 +7.610093122e-01 +7.610093122e-01 +3.161100931e+01 +3.161100931e+01 +2.6574e+00 -3.3743e+00
151 0 +7.485943082e-01 +7.485943082e-01 +3.159859431e+01 +3.159859431e+01 +2.6307e+00 -3.7103e+00
156 0 +6.785494959e-01 +6.785494959e-01 +3.152854950e+01 +3.152854950e+01 +2.6650e+00 -3.7611e+00
157 0 +3.692279782e-01 +3.692279782e-01 +3.121922798e+01 +3.121922798e+01 +2.7541e+00 -3.4800e+00
158 0 +3.566363619e-01 +3.566363619e-01 +3.120663636e+01 +3.120663636e+01 +2.7343e+00 -3.7303e+00
176 0 +2.437889651e-01 +2.437889651e-01 +3.109378897e+01 +3.109378897e+01 +2.7767e+00 -3.9270e+00
185 0 +2.170408022e-01 +2.170408022e-01 +3.106704080e+01 +3.106704080e+01 +2.7865e+00 -3.5835e+00
210 0 +1.083723234e-01 +1.083723234e-01 +3.095837232e+01 +3.095837232e+01 +2.8214e+00 -3.6637e+00
214 0 +9.446652355e-02 +9.446652355e-02 +3.094446652e+01 +3.094446652e+01 +2.8304e+00 -3.6233e+00
253 0 +7.784955402e-02 +7.784955402e-02 +3.092784955e+01 +3.092784955e+01 +2.8650e+00 -3.5505e+00
262 0 +4.069202377e-02 +4.069202377e-02 +3.089069202e+01 +3.089069202e+01 +2.8864e+00 -3.5830e+00
288 0 +3.604454618e-02 +3.604454618e-02 +3.088604455e+01 +3.088604455e+01 +2.8662e+00 -3.6683e+00
312 0 +1.326166553e-02 +1.326166553e-02 +3.086326167e+01 +3.086326167e+01 +2.8851e+00 -3.6869e+00
321 0 +7.419052894e-03 +7.419052894e-03 +3.085741905e+01 +3.085741905e+01 +2.8920e+00 -3.7002e+00
344 0 +8.466493969e-04 +8.466493969e-04 +3.085084665e+01 +3.085084665e+01 +2.9058e+00 -3.7094e+00
393 0 +5.528314727e-05 +5.528314727e-05 +3.085005528e+01 +3.085005528e+01 +2.9091e+00 -3.7203e+00
419 0 +4.871014109e-05 +4.871014109e-05 +3.085004871e+01 +3.085004871e+01 +2.9097e+00 -3.7179e+00
469 0 +4.315748335e-05 +4.315748335e-05 +3.085004316e+01 +3.085004316e+01 +2.9097e+00 -3.7179e+00
474 0 +1.356654325e-05 +1.356654325e-05 +3.085001357e+01 +3.085001357e+01 +2.9098e+00 -3.7212e+00
497 0 +1.027096229e-05 +1.027096229e-05 +3.085001027e+01 +3.085001027e+01 +2.9099e+00 -3.7203e+00
526 0 +9.291712608e-06 +9.291712608e-06 +3.085000929e+01 +3.085000929e+01 +2.9099e+00 -3.7203e+00
534 0 +9.092534825e-06 +9.092534825e-06 +3.085000909e+01 +3.085000909e+01 +2.9099e+00 -3.7212e+00
547 0 +7.631151810e-06 +7.631151810e-06 +3.085000763e+01 +3.085000763e+01 +2.9100e+00 -3.7213e+00
556 0 +5.465271101e-06 +5.465271101e-06 +3.085000547e+01 +3.085000547e+01 +2.9101e+00 -3.7203e+00
573 0 +3.623339875e-06 +3.623339875e-06 +3.085000362e+01 +3.085000362e+01 +2.9101e+00 -3.7207e+00
575 0 +2.576978382e-06 +2.576978382e-06 +3.085000258e+01 +3.085000258e+01 +2.9102e+00 -3.7208e+00
597 0 +4.102824036e-07 +4.102824036e-07 +3.085000041e+01 +3.085000041e+01 +2.9103e+00 -3.7208e+00
632 0 +3.689853365e-07 +3.689853365e-07 +3.085000037e+01 +3.085000037e+01 +2.9103e+00 -3.7208e+00
633 0 +3.173471654e-07 +3.173471654e-07 +3.085000032e+01 +3.085000032e+01 +2.9103e+00 -3.7206e+00
641 0 +1.045847178e-07 +1.045847178e-07 +3.085000010e+01 +3.085000010e+01 +2.9104e+00 -3.7208e+00
655 0 +9.925224376e-08 +9.925224376e-08 +3.085000010e+01 +3.085000010e+01 +2.9104e+00 -3.7208e+00
678 0 +1.718185416e-08 +1.718185416e-08 +3.085000002e+01 +3.085000002e+01 +2.9104e+00 -3.7208e+00
714 0 +5.968644246e-09 +5.968644246e-09 +3.085000001e+01 +3.085000001e+01 +2.9104e+00 -3.7208e+00
1203 0 +0.000000000e+00 +0.000000000e+00 +3.085000000e+01 +3.085000000e+01 +2.9104e+00 -3.7208e+00
% f evaluations | g evaluations | best noise-free fitness - Fopt | noise-free fitness - Fopt (-1.255000000000e+01) | measured fitness | best measured fitness | x1 | x2...
1 0 +2.157845375e+02 +2.157845375e+02 +2.032345375e+02 +2.032345375e+02 -2.2046e+00 -2.6800e+00
2 0 +1.485614566e+02 +1.485614566e+02 +1.360114566e+02 +1.360114566e+02 -1.3966e+00 -4.1660e-01
5 0 +4.066542555e+01 +4.066542555e+01 +2.811542555e+01 +2.811542555e+01 +2.6660e+00 -3.6982e+00
12 0 +2.892525358e+01 +2.892525358e+01 +1.637525358e+01 +1.637525358e+01 +2.4036e+00 -2.1041e+00
14 0 +1.215747692e+01 +1.215747692e+01 -3.925230757e-01 -3.925230757e-01 +2.0892e+00 +4.3050e+00
24 0 +2.554664474e+00 +2.554664474e+00 -9.995335526e+00 -9.995335526e+00 +3.1797e+00 +2.8755e+00
62 0 +1.066121405e+00 +1.066121405e+00 -1.148387860e+01 -1.148387860e+01 +3.2820e+00 +1.7125e+00
79 0 +8.003380036e-01 +8.003380036e-01 -1.174966200e+01 -1.174966200e+01 +3.0839e+00 +2.5151e+00
106 0 +7.286292508e-01 +7.286292508e-01 -1.182137075e+01 -1.182137075e+01 +3.0939e+00 +2.8559e+00
113 0 +1.123418160e-01 +1.123418160e-01 -1.243765818e+01 -1.243765818e+01 +3.2769e+00 +2.6092e+00
135 0 +4.179521846e-02 +4.179521846e-02 -1.250820478e+01 -1.250820478e+01 +3.3197e+00 +2.6146e+00
157 0 +1.221678279e-02 +1.221678279e-02 -1.253778322e+01 -1.253778322e+01 +3.3601e+00 +2.4878e+00
210 0 +2.604281257e-03 +2.604281257e-03 -1.254739572e+01 -1.254739572e+01 +3.3726e+00 +2.5089e+00
265 0 +2.518843580e-03 +2.518843580e-03 -1.254748116e+01 -1.254748116e+01 +3.3736e+00 +2.5138e+00
269 0 +1.268736225e-03 +1.268736225e-03 -1.254873126e+01 -1.254873126e+01 +3.3707e+00 +2.5276e+00
271 0 +2.812741805e-04 +2.812741805e-04 -1.254971873e+01 -1.254971873e+01 +3.3746e+00 +2.5316e+00
317 0 +2.642069323e-04 +2.642069323e-04 -1.254973579e+01 -1.254973579e+01 +3.3746e+00 +2.5330e+00
364 0 +1.291576143e-04 +1.291576143e-04 -1.254987084e+01 -1.254987084e+01 +3.3746e+00 +2.5365e+00
379 0 +6.378905582e-05 +6.378905582e-05 -1.254993621e+01 -1.254993621e+01 +3.3746e+00 +2.5391e+00
392 0 +8.351603189e-06 +8.351603189e-06 -1.254999165e+01 -1.254999165e+01 +3.3757e+00 +2.5392e+00
420 0 +5.012851911e-06 +5.012851911e-06 -1.254999499e+01 -1.254999499e+01 +3.3758e+00 +2.5394e+00
448 0 +4.032967748e-06 +4.032967748e-06 -1.254999597e+01 -1.254999597e+01 +3.3757e+00 +2.5398e+00
453 0 +2.200587309e-06 +2.200587309e-06 -1.254999780e+01 -1.254999780e+01 +3.3758e+00 +2.5401e+00
472 0 +2.182682641e-06 +2.182682641e-06 -1.254999782e+01 -1.254999782e+01 +3.3758e+00 +2.5401e+00
475 0 +1.542357573e-06 +1.542357573e-06 -1.254999846e+01 -1.254999846e+01 +3.3758e+00 +2.5402e+00
503 0 +2.873149718e-07 +2.873149718e-07 -1.254999971e+01 -1.254999971e+01 +3.3759e+00 +2.5401e+00
519 0 +6.814812004e-08 +6.814812004e-08 -1.254999993e+01 -1.254999993e+01 +3.3760e+00 +2.5400e+00
576 0 +3.404954718e-08 +3.404954718e-08 -1.254999997e+01 -1.254999997e+01 +3.3760e+00 +2.5400e+00
578 0 +2.169156410e-08 +2.169156410e-08 -1.254999998e+01 -1.254999998e+01 +3.3760e+00 +2.5400e+00
629 0 +1.723595844e-08 +1.723595844e-08 -1.254999998e+01 -1.254999998e+01 +3.3760e+00 +2.5400e+00
633 0 +5.925885560e-09 +5.925885560e-09 -1.254999999e+01 -1.254999999e+01 +3.3760e+00 +2.5400e+00
1219 0 +0.000000000e+00 +0.000000000e+00 -1.255000000e+01 -1.255000000e+01 +3.3760e+00 +2.5400e+00
% f evaluations | g evaluations | best noise-free fitness - Fopt | noise-free fitness - Fopt (5.383900000000e+02) | measured fitness | best measured fitness | x1 | x2...
1 0 +9.697140635e+01 +9.697140635e+01 +6.353614063e+02 +6.353614063e+02 -3.9941e+00 -4.6582e-01
8 0 +8.637786382e+01 +8.637786382e+01 +6.247678638e+02 +6.247678638e+02 -2.5416e+00 +1.3802e+00
11 0 +5.479625022e+01 +5.479625022e+01 +5.931862502e+02 +5.931862502e+02 -1.6661e+00 +1.0453e+00
12 0 +6.622226607e+00 +6.622226607e+00 +5.450122266e+02 +5.450122266e+02 +2.8863e+00 +3.4229e+00
42 0 +5.880761306e+00 +5.880761306e+00 +5.442707613e+02 +5.442707613e+02 +3.1923e+00 +3.6153e+00
57 0 +2.954976417e+00 +2.954976417e+00 +5.413449764e+02 +5.413449764e+02 +3.4506e+00 +3.5098e+00
60 0 +2.274162142e+00 +2.274162142e+00 +5.406641621e+02 +5.406641621e+02 +3.3435e+00 +3.2796e+00
104 0 +1.380779739e+00 +1.380779739e+00 +5.397707797e+02 +5.397707797e+02 +3.1416e+00 +2.9438e+00
115 0 +1.367006807e+00 +1.367006807e+00 +5.397570068e+02 +5.397570068e+02 +3.3636e+00 +3.1449e+00
126 0 +1.334085821e+00 +1.334085821e+00 +5.397240858e+02 +5.397240858e+02 +3.4786e+00 +3.2210e+00
136 0 +9.914711783e-01 +9.914711783e-01 +5.393814712e+02 +5.393814712e+02 +3.3476e+00 +3.0511e+00
165 0 +3.894150129e-01 +3.894150129e-01 +5.387794150e+02 +5.387794150e+02 +3.3675e+00 +2.8929e+00
174 0 +3.377149087e-01 +3.377149087e-01 +5.387277149e+02 +5.387277149e+02 +3.3829e+00 +2.8840e+00
195 0 +4.047230902e-03 +4.047230902e-03 +5.383940472e+02 +5.383940472e+02 +3.4275e+00 +2.7075e+00
221 0 +1.891964748e-03 +1.891964748e-03 +5.383918920e+02 +5.383918920e+02 +3.4240e+00 +2.6916e+00
279 0 +2.961132147e-04 +2.961132147e-04 +5.383902961e+02 +5.383902961e+02 +3.4445e+00 +2.7104e+00
314 0 +2.831348733e-04 +2.831348733e-04 +5.383902831e+02 +5.383902831e+02 +3.4467e+00 +2.7121e+00
325 0 +1.341530362e-04 +1.341530362e-04 +5.383901342e+02 +5.383901342e+02 +3.4442e+00 +2.7081e+00
372 0 +8.441715295e-06 +8.441715295e-06 +5.383900084e+02 +5.383900084e+02 +3.4445e+00 +2.7057e+00
433 0 +6.181124377e-06 +6.181124377e-06 +5.383900062e+02 +5.383900062e+02 +3.4453e+00 +2.7066e+00
474 0 +3.072932373e-06 +3.072932373e-06 +5.383900031e+02 +5.383900031e+02 +3.4453e+00 +2.7064e+00
478 0 +1.984959113e-06 +1.984959113e-06 +5.383900020e+02 +5.383900020e+02 +3.4453e+00 +2.7063e+00
491 0 +4.911101996e-07 +4.911101996e-07 +5.383900005e+02 +5.383900005e+02 +3.4454e+00 +2.7064e+00
522 0 +3.946983043e-07 +3.946983043e-07 +5.383900004e+02 +5.383900004e+02 +3.4454e+00 +2.7063e+00
524 0 +3.369674459e-07 +3.369674459e-07 +5.383900003e+02 +5.383900003e+02 +3.4454e+00 +2.7063e+00
538 0 +1.010838560e-07 +1.010838560e-07 +5.383900001e+02 +5.383900001e+02 +3.4455e+00 +2.7063e+00
585 0 +9.593873074e-08 +9.593873074e-08 +5.383900001e+02 +5.383900001e+02 +3.4455e+00 +2.7063e+00
600 0 +2.721060355e-08 +2.721060355e-08 +5.383900000e+02 +5.383900000e+02 +3.4456e+00 +2.7064e+00
637 0 +2.647129804e-08 +2.647129804e-08 +5.383900000e+02 +5.383900000e+02 +3.4456e+00 +2.7064e+00
677 0 +1.760224677e-08 +1.760224677e-08 +5.383900000e+02 +5.383900000e+02 +3.4456e+00 +2.7064e+00
681 0 +1.702960617e-08 +1.702960617e-08 +5.383900000e+02 +5.383900000e+02 +3.4456e+00 +2.7064e+00
685 0 +5.975607564e-09 +5.975607564e-09 +5.383900000e+02 +5.383900000e+02 +3.4456e+00 +2.7064e+00
% f evaluations | g evaluations | best noise-free fitness - Fopt | noise-free fitness - Fopt (-1.055600000000e+02) | measured fitness | best measured fitness | x1 | x2...
1 0 +3.267612136e+05 +3.267612136e+05 +3.266556536e+05 +3.266556536e+05 +2.3275e+00 +3.4262e+00
2 0 +2.844575435e+05 +2.844575435e+05 +2.843519835e+05 +2.843519835e+05 +1.7912e+00 +3.2729e+00
3 0 +7.179491211e-01 +7.179491211e-01 -1.048420509e+02 -1.048420509e+02 +1.1854e+00 -3.9553e+00
67 0 +1.875248208e-01 +1.875248208e-01 -1.053724752e+02 -1.053724752e+02 +1.2688e+00 -3.8089e+00
68 0 +1.556684635e-01 +1.556684635e-01 -1.054043315e+02 -1.054043315e+02 +1.4430e+00 -4.0326e+00
104 0 +1.205554700e-01 +1.205554700e-01 -1.054394445e+02 -1.054394445e+02 +1.4178e+00 -3.9710e+00
143 0 +7.725751845e-02 +7.725751845e-02 -1.054827425e+02 -1.054827425e+02 +1.3299e+00 -3.8089e+00
159 0 +5.643943878e-02 +5.643943878e-02 -1.055035606e+02 -1.055035606e+02 +1.3360e+00 -3.8004e+00
166 0 +5.196012124e-02 +5.196012124e-02 -1.055080399e+02 -1.055080399e+02 +1.3394e+00 -3.8028e+00
173 0 +4.157513574e-02 +4.157513574e-02 -1.055184249e+02 -1.055184249e+02 +1.3313e+00 -3.7623e+00
177 0 +3.432419761e-02 +3.432419761e-02 -1.055256758e+02 -1.055256758e+02 +1.3795e+00 -3.8239e+00
190 0 +2.891074872e-02 +2.891074872e-02 -1.055310893e+02 -1.055310893e+02 +1.3627e+00 -3.7983e+00
208 0 +2.803923637e-02 +2.803923637e-02 -1.055319608e+02 -1.055319608e+02 +1.3523e+00 -3.7814e+00
218 0 +2.219065493e-02 +2.219065493e-02 -1.055378093e+02 -1.055378093e+02 +1.3761e+00 -3.7978e+00
243 0 +1.646340392e-02 +1.646340392e-02 -1.055435366e+02 -1.055435366e+02 +1.3677e+00 -3.7759e+00
245 0 +8.716072379e-03 +8.716072379e-03 -1.055512839e+02 -1.055512839e+02 +1.3670e+00 -3.7525e+00
261 0 +3.084799031e-03 +3.084799031e-03 -1.055569152e+02 -1.055569152e+02 +1.3706e+00 -3.7312e+00
265 0 +2.816479769e-03 +2.816479769e-03 -1.055571835e+02 -1.055571835e+02 +1.3729e+00 -3.7297e+00
270 0 +1.406736815e-03 +1.406736815e-03 -1.055585933e+02 -1.055585933e+02 +1.3684e+00 -3.7169e+00
316 0 +8.724778793e-04 +8.724778793e-04 -1.055591275e+02 -1.055591275e+02 +1.3618e+00 -3.7085e+00
367 0 +5.066628289e-04 +5.066628289e-04 -1.055594933e+02 -1.055594933e+02 +1.3614e+00 -3.7043e+00
403 0 +4.683498570e-04 +4.683498570e-04 -1.055595317e+02 -1.055595317e+02 +1.3642e+00 -3.7048e+00
416 0 +3.955239596e-04 +3.955239596e-04 -1.055596045e+02 -1.055596045e+02 +1.3642e+00 -3.7040e+00
439 0 +3.634256458e-04 +3.634256458e-04 -1.055596366e+02 -1.055596366e+02 +1.3635e+00 -3.7038e+00
443 0 +3.616890764e-04 +3.616890764e-04 -1.055596383e+02 -1.055596383e+02 +1.3638e+00 -3.7037e+00
461 0 +2.481682340e-04 +2.481682340e-04 -1.055597518e+02 -1.055597518e+02 +1.3625e+00 -3.7010e+00
470 0 +1.885416742e-04 +1.885416742e-04 -1.055598115e+02 -1.055598115e+02 +1.3621e+00 -3.7002e+00
474 0 +1.664404116e-04 +1.664404116e-04 -1.055598336e+02 -1.055598336e+02 +1.3622e+00 -3.6998e+00
502 0 +1.297743374e-04 +1.297743374e-04 -1.055598702e+02 -1.055598702e+02 +1.3619e+00 -3.6985e+00
510 0 +9.613626571e-05 +9.613626571e-05 -1.055599039e+02 -1.055599039e+02 +1.3616e+00 -3.6976e+00
521 0 +6.054334206e-05 +6.054334206e-05 -1.055599395e+02 -1.055599395e+02 +1.3612e+00 -3.6964e+00
523 0 +5.882469394e-05 +5.882469394e-05 -1.055599412e+02 -1.055599412e+02 +1.3610e+00 -3.6962e+00
550 0 +5.527790026e-05 +5.527790026e-05 -1.055599447e+02 -1.055599447e+02 +1.3611e+00 -3.6961e+00
555 0 +3.889279192e-05 +3.889279192e-05 -1.055599611e+02 -1.055599611e+02 +1.3610e+00 -3.6954e+00
578 0 +3.541629000e-05 +3.541629000e-05 -1.055599646e+02 -1.055599646e+02 +1.3610e+00 -3.6953e+00
580 0 +3.105800128e-05 +3.105800128e-05 -1.055599689e+02 -1.055599689e+02 +1.3600e+00 -3.6944e+00
594 0 +2.917309499e-05 +2.917309499e-05 -1.055599708e+02 -1.055599708e+02 +1.3608e+00 -3.6948e+00
617 0 +5.988835312e-06 +5.988835312e-06 -1.055599940e+02 -1.055599940e+02 +1.3602e+00 -3.6931e+00
626 0 +2.174387362e-06 +2.174387362e-06 -1.055599978e+02 -1.055599978e+02 +1.3599e+00 -3.6924e+00
646 0 +1.742097112e-06 +1.742097112e-06 -1.055599983e+02 -1.055599983e+02 +1.3600e+00 -3.6925e+00
667 0 +1.073316014e-08 +1.073316014e-08 -1.055600000e+02 -1.055600000e+02 +1.3600e+00 -3.6920e+00
750 0 +1.058636201e-08 +1.058636201e-08 -1.055600000e+02 -1.055600000e+02 +1.3600e+00 -3.6920e+00
776 0 +7.164672411e-09 +7.164672411e-09 -1.055600000e+02 -1.055600000e+02 +1.3600e+00 -3.6920e+00
% f evaluations | g evaluations | best noise-free fitness - Fopt | noise-free fitness - Fopt (9.803000000000e+01) | measured fitness | best measured fitness | x1 | x2...
1 0 +1.183499191e+05 +1.183499191e+05 +1.184479491e+05 +1.184479491e+05 +2.9351e+00 +4.1487e+00
2 0 +1.191182808e+01 +1.191182808e+01 +1.099418281e+02 +1.099418281e+02 -3.2411e+00 -2.1366e+00
24 0 +9.420788566e+00 +9.420788566e+00 +1.074507886e+02 +1.074507886e+02 -3.4958e+00 -2.9315e+00
26 0 +6.364057257e+00 +6.364057257e+00 +1.043940573e+02 +1.043940573e+02 -1.7201e+00 -8.6228e-01
48 0 +4.450133190e+00 +4.450133190e+00 +1.024801332e+02 +1.024801332e+02 -2.4827e+00 -2.0424e+00
49 0 +2.639733714e+00 +2.639733714e+00 +1.006697337e+02 +1.006697337e+02 -2.2595e+00 -2.2889e+00
60 0 +2.623518734e+00 +2.623518734e+00 +1.006535187e+02 +1.006535187e+02 -2.2547e+00 -2.3043e+00
88 0 +1.987015917e+00 +1.987015917e+00 +1.000170159e+02 +1.000170159e+02 -2.0403e+00 -2.2416e+00
108 0 +1.667359302e+00 +1.667359302e+00 +9.969735930e+01 +9.969735930e+01 -1.9836e+00 -2.1510e+00
155 0 +1.505916599e+00 +1.505916599e+00 +9.953591660e+01 +9.953591660e+01 -1.9342e+00 -2.1548e+00
156 0 +1.386364177e+00 +1.386364177e+00 +9.941636418e+01 +9.941636418e+01 -1.8777e+00 -2.0277e+00
164 0 +1.375893726e+00 +1.375893726e+00 +9.940589373e+01 +9.940589373e+01 -1.8416e+00 -2.1182e+00
209 0 +1.332265563e+00 +1.332265563e+00 +9.936226556e+01 +9.936226556e+01 -1.7898e+00 -2.0576e+00
259 0 +1.307839904e+00 +1.307839904e+00 +9.933783990e+01 +9.933783990e+01 -1.7900e+00 -1.9849e+00
288 0 +1.282418028e+00 +1.282418028e+00 +9.931241803e+01 +9.931241803e+01 -1.7700e+00 -2.0254e+00
312 0 +1.252173313e+00 +1.252173313e+00 +9.928217331e+01 +9.928217331e+01 -1.7667e+00 -1.9875e+00
318 0 +1.194003774e+00 +1.194003774e+00 +9.922400377e+01 +9.922400377e+01 -1.7412e+00 -2.0078e+00
359 0 +1.173938946e+00 +1.173938946e+00 +9.920393895e+01 +9.920393895e+01 -1.7228e+00 -2.0278e+00
363 0 +1.138452494e+00 +1.138452494e+00 +9.916845249e+01 +9.916845249e+01 -1.7094e+00 -2.0268e+00
382 0 +1.105768178e+00 +1.105768178e+00 +9.913576818e+01 +9.913576818e+01 -1.7112e+00 -2.0077e+00
387 0 +1.058078156e+00 +1.058078156e+00 +9.908807816e+01 +9.908807816e+01 -1.6893e+00 -2.0135e+00
423 0 +1.041916998e+00 +1.041916998e+00 +9.907191700e+01 +9.907191700e+01 -1.6897e+00 -2.0059e+00
470 0 +1.013023933e+00 +1.013023933e+00 +9.904302393e+01 +9.904302393e+01 -1.6848e+00 -1.9985e+00
484 0 +9.937378445e-01 +9.937378445e-01 +9.902373784e+01 +9.902373784e+01 -1.6810e+00 -1.9941e+00
533 0 +9.685494587e-01 +9.685494587e-01 +9.899854946e+01 +9.899854946e+01 -1.6741e+00 -1.9907e+00
573 0 +9.533752380e-01 +9.533752380e-01 +9.898337524e+01 +9.898337524e+01 -1.6676e+00 -1.9912e+00
627 0 +9.256786068e-01 +9.256786068e-01 +9.895567861e+01 +9.895567861e+01 -1.6705e+00 -1.9728e+00
690 0 +9.117715778e-01 +9.117715778e-01 +9.894177158e+01 +9.894177158e+01 -1.6703e+00 -1.9643e+00
733 0 +8.903538556e-01 +8.903538556e-01 +9.892035386e+01 +9.892035386e+01 -1.6711e+00 -1.9461e+00
837 0 +8.703595536e-01 +8.703595536e-01 +9.890035955e+01 +9.890035955e+01 -1.6720e+00 -1.9195e+00
1716 0 +8.506362617e-01 +8.506362617e-01 +9.888063626e+01 +9.888063626e+01 -1.6693e+00 -1.8806e+00
2659 0 +8.308756401e-01 +8.308756401e-01 +9.886087564e+01 +9.886087564e+01 -1.6628e+00 -1.8806e+00
3015 0 +8.124113675e-01 +8.124113675e-01 +9.884241137e+01 +9.884241137e+01 -1.6559e+00 -1.8806e+00
3327 0 +7.941084497e-01 +7.941084497e-01 +9.882410845e+01 +9.882410845e+01 -1.6479e+00 -1.8806e+00
3537 0 +7.753077041e-01 +7.753077041e-01 +9.880530770e+01 +9.880530770e+01 -1.6377e+00 -1.8806e+00
3801 0 +7.583095979e-01 +7.583095979e-01 +9.878830960e+01 +9.878830960e+01 -1.6252e+00 -1.8806e+00
4056 0 +7.409422666e-01 +7.409422666e-01 +9.877094227e+01 +9.877094227e+01 -1.6036e+00 -1.8806e+00
4849 0 +7.238740654e-01 +7.238740654e-01 +9.875387407e+01 +9.875387407e+01 -1.5483e+00 -1.8806e+00
% f evaluations | g evaluations | best noise-free fitness - Fopt | noise-free fitness - Fopt (1.000000000000e+03) | measured fitness | best measured fitness | x1 | x2...
1 0 +1.219132636e+03 +1.219132636e+03 +2.219132636e+03 +2.219132636e+03 +9.6833e-01 +2.7028e+00
2 0 +1.046934917e+01 +1.046934917e+01 +1.010469349e+03 +1.010469349e+03 +4.1632e-01 -1.9640e-01
40 0 +1.687265251e-01 +1.687265251e-01 +1.000168727e+03 +1.000168727e+03 -2.5318e+00 -1.3208e+00
96 0 +3.583871430e-02 +3.583871430e-02 +1.000035839e+03 +1.000035839e+03 -2.7651e+00 -1.3532e+00
143 0 +2.631088868e-02 +2.631088868e-02 +1.000026311e+03 +1.000026311e+03 -2.7691e+00 -1.3672e+00
170 0 +1.956296257e-02 +1.956296257e-02 +1.000019563e+03 +1.000019563e+03 -2.7897e+00 -1.3777e+00
215 0 +1.571189046e-02 +1.571189046e-02 +1.000015712e+03 +1.000015712e+03 -2.8011e+00 -1.3833e+00
225 0 +5.886897069e-03 +5.886897069e-03 +1.000005887e+03 +1.000005887e+03 -2.8409e+00 -1.3926e+00
265 0 +2.597414443e-03 +2.597414443e-03 +1.000002597e+03 +1.000002597e+03 -2.8644e+00 -1.3971e+00
325 0 +1.292626757e-03 +1.292626757e-03 +1.000001293e+03 +1.000001293e+03 -2.8722e+00 -1.4058e+00
363 0 +1.232975944e-03 +1.232975944e-03 +1.000001233e+03 +1.000001233e+03 -2.8761e+00 -1.4024e+00
369 0 +1.087048443e-03 +1.087048443e-03 +1.000001087e+03 +1.000001087e+03 -2.8770e+00 -1.4032e+00
374 0 +9.205572005e-04 +9.205572005e-04 +1.000000921e+03 +1.000000921e+03 -2.8792e+00 -1.4039e+00
417 0 +6.187132518e-04 +6.187132518e-04 +1.000000619e+03 +1.000000619e+03 -2.8803e+00 -1.4063e+00
433 0 +5.683897105e-04 +5.683897105e-04 +1.000000568e+03 +1.000000568e+03 -2.8817e+00 -1.4059e+00
451 0 +5.080877377e-04 +5.080877377e-04 +1.000000508e+03 +1.000000508e+03 -2.8819e+00 -1.4076e+00
467 0 +4.529209389e-04 +4.529209389e-04 +1.000000453e+03 +1.000000453e+03 -2.8835e+00 -1.4095e+00
475 0 +4.454079401e-04 +4.454079401e-04 +1.000000445e+03 +1.000000445e+03 -2.8838e+00 -1.4075e+00
510 0 +3.546751994e-04 +3.546751994e-04 +1.000000355e+03 +1.000000355e+03 -2.8852e+00 -1.4074e+00
519 0 +3.163384375e-04 +3.163384375e-04 +1.000000316e+03 +1.000000316e+03 -2.8849e+00 -1.4082e+00
526 0 +3.152112408e-04 +3.152112408e-04 +1.000000315e+03 +1.000000315e+03 -2.8861e+00 -1.4074e+00
532 0 +2.999017045e-04 +2.999017045e-04 +1.000000300e+03 +1.000000300e+03 -2.8861e+00 -1.4076e+00
533 0 +2.764058249e-04 +2.764058249e-04 +1.000000276e+03 +1.000000276e+03 -2.8861e+00 -1.4081e+00
552 0 +2.746004772e-04 +2.746004772e-04 +1.000000275e+03 +1.000000275e+03 -2.8878e+00 -1.4075e+00
581 0 +1.519664808e-04 +1.519664808e-04 +1.000000152e+03 +1.000000152e+03 -2.8908e+00 -1.4087e+00
625 0 +1.298268719e-04 +1.298268719e-04 +1.000000130e+03 +1.000000130e+03 -2.8928e+00 -1.4092e+00
658 0 +1.251364762e-04 +1.251364762e-04 +1.000000125e+03 +1.000000125e+03 -2.8913e+00 -1.4092e+00
659 0 +1.078243606e-04 +1.078243606e-04 +1.000000108e+03 +1.000000108e+03 -2.8911e+00 -1.4095e+00
661 0 +1.050497718e-04 +1.050497718e-04 +1.000000105e+03 +1.000000105e+03 -2.8920e+00 -1.4094e+00
667 0 +9.734915079e-05 +9.734915079e-05 +1.000000097e+03 +1.000000097e+03 -2.8925e+00 -1.4095e+00
675 0 +8.363769211e-05 +8.363769211e-05 +1.000000084e+03 +1.000000084e+03 -2.8922e+00 -1.4097e+00
677 0 +8.263685243e-05 +8.263685243e-05 +1.000000083e+03 +1.000000083e+03 -2.8925e+00 -1.4097e+00
684 0 +8.024461113e-05 +8.024461113e-05 +1.000000080e+03 +1.000000080e+03 -2.8934e+00 -1.4098e+00
688 0 +7.256204049e-05 +7.256204049e-05 +1.000000073e+03 +1.000000073e+03 -2.8925e+00 -1.4099e+00
691 0 +4.107927475e-05 +4.107927475e-05 +1.000000041e+03 +1.000000041e+03 -2.8925e+00 -1.4110e+00
733 0 +2.901966786e-05 +2.901966786e-05 +1.000000029e+03 +1.000000029e+03 -2.8932e+00 -1.4112e+00
779 0 +2.387695054e-05 +2.387695054e-05 +1.000000024e+03 +1.000000024e+03 -2.8935e+00 -1.4112e+00
780 0 +2.093797707e-05 +2.093797707e-05 +1.000000021e+03 +1.000000021e+03 -2.8936e+00 -1.4113e+00
821 0 +2.062592989e-05 +2.062592989e-05 +1.000000021e+03 +1.000000021e+03 -2.8936e+00 -1.4114e+00
831 0 +1.950808178e-05 +1.950808178e-05 +1.000000020e+03 +1.000000020e+03 -2.8937e+00 -1.4115e+00
835 0 +1.914581458e-05 +1.914581458e-05 +1.000000019e+03 +1.000000019e+03 -2.8936e+00 -1.4114e+00
838 0 +1.738952949e-05 +1.738952949e-05 +1.000000017e+03 +1.000000017e+03 -2.8937e+00 -1.4114e+00
841 0 +1.587779923e-05 +1.587779923e-05 +1.000000016e+03 +1.000000016e+03 -2.8939e+00 -1.4114e+00
872 0 +1.297345045e-05 +1.297345045e-05 +1.000000013e+03 +1.000000013e+03 -2.8942e+00 -1.4114e+00
883 0 +1.262026285e-05 +1.262026285e-05 +1.000000013e+03 +1.000000013e+03 -2.8943e+00 -1.4114e+00
884 0 +1.018258979e-05 +1.018258979e-05 +1.000000010e+03 +1.000000010e+03 -2.8946e+00 -1.4113e+00
886 0 +9.986885630e-06 +9.986885630e-06 +1.000000010e+03 +1.000000010e+03 -2.8945e+00 -1.4113e+00
892 0 +9.034942423e-06 +9.034942423e-06 +1.000000009e+03 +1.000000009e+03 -2.8946e+00 -1.4114e+00
920 0 +8.593663210e-06 +8.593663210e-06 +1.000000009e+03 +1.000000009e+03 -2.8948e+00 -1.4114e+00
939 0 +8.113171134e-06 +8.113171134e-06 +1.000000008e+03 +1.000000008e+03 -2.8949e+00 -1.4114e+00
971 0 +7.160140285e-06 +7.160140285e-06 +1.000000007e+03 +1.000000007e+03 -2.8947e+00 -1.4116e+00
990 0 +7.068937293e-06 +7.068937293e-06 +1.000000007e+03 +1.000000007e+03 -2.8947e+00 -1.4117e+00
991 0 +6.558196219e-06 +6.558196219e-06 +1.000000007e+03 +1.000000007e+03 -2.8948e+00 -1.4116e+00
993 0 +5.875917395e-06 +5.875917395e-06 +1.000000006e+03 +1.000000006e+03 -2.8949e+00 -1.4116e+00
1006 0 +5.594824984e-06 +5.594824984e-06 +1.000000006e+03 +1.000000006e+03 -2.8948e+00 -1.4116e+00
1029 0 +5.399721545e-06 +5.399721545e-06 +1.000000005e+03 +1.000000005e+03 -2.8949e+00 -1.4116e+00
1039 0 +4.980094673e-06 +4.980094673e-06 +1.000000005e+03 +1.000000005e+03 -2.8949e+00 -1.4116e+00
1052 0 +4.200929084e-06 +4.200929084e-06 +1.000000004e+03 +1.000000004e+03 -2.8951e+00 -1.4116e+00
1082 0 +4.133411494e-06 +4.133411494e-06 +1.000000004e+03 +1.000000004e+03 -2.8950e+00 -1.4117e+00
1086 0 +3.954021281e-06 +3.954021281e-06 +1.000000004e+03 +1.000000004e+03 -2.8951e+00 -1.4116e+00
1092 0 +3.598727062e-06 +3.598727062e-06 +1.000000004e+03 +1.000000004e+03 -2.8953e+00 -1.4116e+00
1103 0 +3.404743211e-06 +3.404743211e-06 +1.000000003e+03 +1.000000003e+03 -2.8953e+00 -1.4116e+00
1110 0 +3.356428806e-06 +3.356428806e-06 +1.000000003e+03 +1.000000003e+03 -2.8953e+00 -1.4116e+00
1112 0 +3.258982929e-06 +3.258982929e-06 +1.000000003e+03 +1.000000003e+03 -2.8952e+00 -1.4117e+00
1122 0 +3.206704378e-06 +3.206704378e-06 +1.000000003e+03 +1.000000003e+03 -2.8952e+00 -1.4117e+00
1143 0 +3.103841436e-06 +3.103841436e-06 +1.000000003e+03 +1.000000003e+03 -2.8952e+00 -1.4118e+00
1159 0 +3.062104611e-06 +3.062104611e-06 +1.000000003e+03 +1.000000003e+03 -2.8952e+00 -1.4118e+00
1166 0 +2.210714229e-06 +2.210714229e-06 +1.000000002e+03 +1.000000002e+03 -2.8953e+00 -1.4117e+00
1195 0 +2.128895858e-06 +2.128895858e-06 +1.000000002e+03 +1.000000002e+03 -2.8954e+00 -1.4117e+00
1198 0 +2.020846750e-06 +2.020846750e-06 +1.000000002e+03 +1.000000002e+03 -2.8954e+00 -1.4117e+00
1199 0 +1.985727977e-06 +1.985727977e-06 +1.000000002e+03 +1.000000002e+03 -2.8954e+00 -1.4117e+00
1205 0 +1.913349934e-06 +1.913349934e-06 +1.000000002e+03 +1.000000002e+03 -2.8954e+00 -1.4117e+00
1209 0 +1.752853905e-06 +1.752853905e-06 +1.000000002e+03 +1.000000002e+03 -2.8955e+00 -1.4117e+00
1250 0 +1.716541419e-06 +1.716541419e-06 +1.000000002e+03 +1.000000002e+03 -2.8955e+00 -1.4118e+00
1256 0 +1.678984859e-06 +1.678984859e-06 +1.000000002e+03 +1.000000002e+03 -2.8956e+00 -1.4118e+00
1304 0 +1.633086413e-06 +1.633086413e-06 +1.000000002e+03 +1.000000002e+03 -2.8957e+00 -1.4118e+00
1326 0 +1.538072866e-06 +1.538072866e-06 +1.000000002e+03 +1.000000002e+03 -2.8956e+00 -1.4118e+00
1359 0 +1.475075806e-06 +1.475075806e-06 +1.000000001e+03 +1.000000001e+03 -2.8956e+00 -1.4118e+00
1360 0 +1.423260755e-06 +1.423260755e-06 +1.000000001e+03 +1.000000001e+03 -2.8956e+00 -1.4118e+00
1361 0 +1.397759092e-06 +1.397759092e-06 +1.000000001e+03 +1.000000001e+03 -2.8956e+00 -1.4118e+00
1382 0 +1.355418590e-06 +1.355418590e-06 +1.000000001e+03 +1.000000001e+03 -2.8956e+00 -1.4118e+00
1396 0 +1.243946713e-06 +1.243946713e-06 +1.000000001e+03 +1.000000001e+03 -2.8956e+00 -1.4118e+00
1403 0 +1.115963187e-06 +1.115963187e-06 +1.000000001e+03 +1.000000001e+03 -2.8956e+00 -1.4118e+00
1408 0 +1.076537387e-06 +1.076537387e-06 +1.000000001e+03 +1.000000001e+03 -2.8956e+00 -1.4118e+00
1418 0 +1.054239988e-06 +1.054239988e-06 +1.000000001e+03 +1.000000001e+03 -2.8956e+00 -1.4118e+00
1431 0 +1.022696893e-06 +1.022696893e-06 +1.000000001e+03 +1.000000001e+03 -2.8956e+00 -1.4118e+00
1459 0 +9.315631360e-07 +9.315631360e-07 +1.000000001e+03 +1.000000001e+03 -2.8956e+00 -1.4118e+00
1518 0 +9.012015880e-07 +9.012015880e-07 +1.000000001e+03 +1.000000001e+03 -2.8956e+00 -1.4119e+00
1568 0 +8.897726502e-07 +8.897726502e-07 +1.000000001e+03 +1.000000001e+03 -2.8956e+00 -1.4119e+00
1666 0 +8.685922239e-07 +8.685922239e-07 +1.000000001e+03 +1.000000001e+03 -2.8956e+00 -1.4119e+00
1722 0 +8.473488151e-07 +8.473488151e-07 +1.000000001e+03 +1.000000001e+03 -2.8956e+00 -1.4119e+00
1820 0 +8.281544979e-07 +8.281544979e-07 +1.000000001e+03 +1.000000001e+03 -2.8956e+00 -1.4119e+00
1821 0 +8.065659358e-07 +8.065659358e-07 +1.000000001e+03 +1.000000001e+03 -2.8956e+00 -1.4119e+00
1876 0 +7.915098195e-07 +7.915098195e-07 +1.000000001e+03 +1.000000001e+03 -2.8956e+00 -1.4119e+00
1927 0 +7.498829291e-07 +7.498829291e-07 +1.000000001e+03 +1.000000001e+03 -2.8956e+00 -1.4119e+00
1976 0 +7.252587011e-07 +7.252587011e-07 +1.000000001e+03 +1.000000001e+03 -2.8956e+00 -1.4119e+00
1990 0 +7.183822390e-07 +7.183822390e-07 +1.000000001e+03 +1.000000001e+03 -2.8956e+00 -1.4119e+00
2027 0 +7.035563385e-07 +7.035563385e-07 +1.000000001e+03 +1.000000001e+03 -2.8956e+00 -1.4119e+00
2080 0 +6.904959946e-07 +6.904959946e-07 +1.000000001e+03 +1.000000001e+03 -2.8956e+00 -1.4119e+00
2084 0 +6.650486739e-07 +6.650486739e-07 +1.000000001e+03 +1.000000001e+03 -2.8956e+00 -1.4119e+00
2131 0 +6.552814966e-07 +6.552814966e-07 +1.000000001e+03 +1.000000001e+03 -2.8956e+00 -1.4119e+00
2141 0 +6.441986216e-07 +6.441986216e-07 +1.000000001e+03 +1.000000001e+03 -2.8957e+00 -1.4119e+00
2186 0 +6.276451359e-07 +6.276451359e-07 +1.000000001e+03 +1.000000001e+03 -2.8957e+00 -1.4119e+00
2189 0 +6.122122613e-07 +6.122122613e-07 +1.000000001e+03 +1.000000001e+03 -2.8957e+00 -1.4119e+00
2239 0 +6.021854233e-07 +6.021854233e-07 +1.000000001e+03 +1.000000001e+03 -2.8957e+00 -1.4119e+00
2287 0 +5.728286396e-07 +5.728286396e-07 +1.000000001e+03 +1.000000001e+03 -2.8957e+00 -1.4119e+00
2347 0 +5.563427976e-07 +5.563427976e-07 +1.000000001e+03 +1.000000001e+03 -2.8957e+00 -1.4119e+00
2394 0 +5.310806728e-07 +5.310806728e-07 +1.000000001e+03 +1.000000001e+03 -2.8957e+00 -1.4119e+00
2443 0 +5.224038659e-07 +5.224038659e-07 +1.000000001e+03 +1.000000001e+03 -2.8957e+00 -1.4119e+00
2495 0 +5.107362995e-07 +5.107362995e-07 +1.000000001e+03 +1.000000001e+03 -2.8957e+00 -1.4119e+00
2518 0 +5.004256991e-07 +5.004256991e-07 +1.000000001e+03 +1.000000001e+03 -2.8957e+00 -1.4119e+00
2563 0 +4.824954658e-07 +4.824954658e-07 +1.000000000e+03 +1.000000000e+03 -2.8957e+00 -1.4119e+00
2601 0 +4.708158485e-07 +4.708158485e-07 +1.000000000e+03 +1.000000000e+03 -2.8957e+00 -1.4119e+00
2608 0 +4.639927056e-07 +4.639927056e-07 +1.000000000e+03 +1.000000000e+03 -2.8957e+00 -1.4119e+00
2654 0 +4.569999419e-07 +4.569999419e-07 +1.000000000e+03 +1.000000000e+03 -2.8957e+00 -1.4119e+00
2658 0 +4.438059023e-07 +4.438059023e-07 +1.000000000e+03 +1.000000000e+03 -2.8957e+00 -1.4119e+00
2703 0 +4.305437642e-07 +4.305437642e-07 +1.000000000e+03 +1.000000000e+03 -2.8957e+00 -1.4119e+00
2736 0 +4.246242042e-07 +4.246242042e-07 +1.000000000e+03 +1.000000000e+03 -2.8958e+00 -1.4119e+00
2763 0 +4.090021548e-07 +4.090021548e-07 +1.000000000e+03 +1.000000000e+03 -2.8958e+00 -1.4119e+00
2775 0 +4.045080004e-07 +4.045080004e-07 +1.000000000e+03 +1.000000000e+03 -2.8958e+00 -1.4119e+00
2808 0 +3.928113301e-07 +3.928113301e-07 +1.000000000e+03 +1.000000000e+03 -2.8958e+00 -1.4119e+00
2809 0 +3.865187637e-07 +3.865187637e-07 +1.000000000e+03 +1.000000000e+03 -2.8958e+00 -1.4119e+00
2859 0 +3.789415359e-07 +3.789415359e-07 +1.000000000e+03 +1.000000000e+03 -2.8958e+00 -1.4119e+00
2902 0 +3.688040806e-07 +3.688040806e-07 +1.000000000e+03 +1.000000000e+03 -2.8958e+00 -1.4119e+00
2917 0 +3.620592679e-07 +3.620592679e-07 +1.000000000e+03 +1.000000000e+03 -2.8958e+00 -1.4119e+00
3009 0 +3.541881597e-07 +3.541881597e-07 +1.000000000e+03 +1.000000000e+03 -2.8958e+00 -1.4119e+00
3069 0 +3.458449100e-07 +3.458449100e-07 +1.000000000e+03 +1.000000000e+03 -2.8958e+00 -1.4119e+00
% f evaluations | g evaluations | best noise-free fitness - Fopt | noise-free fitness - Fopt (1.490000000000e+00) | measured fitness | best measured fitness | x1 | x2...
1 0 +5.263605135e+04 +5.263605135e+04 +5.263754135e+04 +5.263754135e+04 -1.9544e+00 -3.9932e+00
3 0 +1.415740997e+00 +1.415740997e+00 +2.905740997e+00 +2.905740997e+00 +3.8975e+00 -3.0130e+00
55 0 +1.276680241e+00 +1.276680241e+00 +2.766680241e+00 +2.766680241e+00 +3.9782e+00 -2.9046e+00
68 0 +9.813249355e-01 +9.813249355e-01 +2.471324936e+00 +2.471324936e+00 +3.8952e+00 -2.7495e+00
70 0 +8.190059838e-01 +8.190059838e-01 +2.309005984e+00 +2.309005984e+00 +3.9539e+00 -2.7412e+00
78 0 +6.340140334e-01 +6.340140334e-01 +2.124014033e+00 +2.124014033e+00 +3.9268e+00 -2.5375e+00
114 0 +3.923789142e-01 +3.923789142e-01 +1.882378914e+00 +1.882378914e+00 +3.8531e+00 -2.2654e+00
128 0 +3.556163476e-01 +3.556163476e-01 +1.845616348e+00 +1.845616348e+00 +3.9250e+00 -2.3434e+00
143 0 +2.800699199e-01 +2.800699199e-01 +1.770069920e+00 +1.770069920e+00 +3.9594e+00 -2.3088e+00
157 0 +2.443944088e-01 +2.443944088e-01 +1.734394409e+00 +1.734394409e+00 +3.9598e+00 -2.2717e+00
167 0 +2.033310500e-01 +2.033310500e-01 +1.693331050e+00 +1.693331050e+00 +3.9524e+00 -2.2266e+00
170 0 +1.488604613e-01 +1.488604613e-01 +1.638860461e+00 +1.638860461e+00 +3.9486e+00 -2.1570e+00
178 0 +1.458160494e-01 +1.458160494e-01 +1.635816049e+00 +1.635816049e+00 +3.9468e+00 -2.1474e+00
181 0 +9.265350040e-02 +9.265350040e-02 +1.582653500e+00 +1.582653500e+00 +3.9498e+00 -2.0907e+00
208 0 +4.213297999e-02 +4.213297999e-02 +1.532132980e+00 +1.532132980e+00 +3.9552e+00 -1.9893e+00
234 0 +1.863591474e-02 +1.863591474e-02 +1.508635915e+00 +1.508635915e+00 +3.9492e+00 -1.9248e+00
260 0 +1.468814278e-02 +1.468814278e-02 +1.504688143e+00 +1.504688143e+00 +3.9515e+00 -1.9127e+00
263 0 +8.778536943e-03 +8.778536943e-03 +1.498778537e+00 +1.498778537e+00 +3.9502e+00 -1.8891e+00
268 0 +7.658889427e-03 +7.658889427e-03 +1.497658889e+00 +1.497658889e+00 +3.9468e+00 -1.8762e+00
279 0 +2.362731973e-03 +2.362731973e-03 +1.492362732e+00 +1.492362732e+00 +3.9459e+00 -1.8377e+00
298 0 +2.268950912e-03 +2.268950912e-03 +1.492268951e+00 +1.492268951e+00 +3.9494e+00 -1.8475e+00
316 0 +1.647965305e-03 +1.647965305e-03 +1.491647965e+00 +1.491647965e+00 +3.9574e+00 -1.8500e+00
328 0 +9.601866500e-04 +9.601866500e-04 +1.490960187e+00 +1.490960187e+00 +3.9493e+00 -1.8323e+00
332 0 +5.203553192e-04 +5.203553192e-04 +1.490520355e+00 +1.490520355e+00 +3.9502e+00 -1.8272e+00
375 0 +4.949626026e-04 +4.949626026e-04 +1.490494963e+00 +1.490494963e+00 +3.9505e+00 -1.8266e+00
380 0 +4.823697962e-04 +4.823697962e-04 +1.490482370e+00 +1.490482370e+00 +3.9506e+00 -1.8264e+00
381 0 +1.482095117e-04 +1.482095117e-04 +1.490148210e+00 +1.490148210e+00 +3.9536e+00 -1.8282e+00
424 0 +1.265659613e-04 +1.265659613e-04 +1.490126566e+00 +1.490126566e+00 +3.9539e+00 -1.8277e+00
429 0 +7.773792911e-05 +7.773792911e-05 +1.490077738e+00 +1.490077738e+00 +3.9542e+00 -1.8266e+00
431 0 +2.978890621e-05 +2.978890621e-05 +1.490029789e+00 +1.490029789e+00 +3.9544e+00 -1.8247e+00
475 0 +2.879484963e-05 +2.879484963e-05 +1.490028795e+00 +1.490028795e+00 +3.9541e+00 -1.8241e+00
485 0 +4.959039195e-06 +4.959039195e-06 +1.490004959e+00 +1.490004959e+00 +3.9545e+00 -1.8227e+00
520 0 +2.117024358e-06 +2.117024358e-06 +1.490002117e+00 +1.490002117e+00 +3.9544e+00 -1.8223e+00
535 0 +1.701216016e-06 +1.701216016e-06 +1.490001701e+00 +1.490001701e+00 +3.9545e+00 -1.8222e+00
558 0 +4.649781287e-07 +4.649781287e-07 +1.490000465e+00 +1.490000465e+00 +3.9544e+00 -1.8219e+00
591 0 +3.824341532e-07 +3.824341532e-07 +1.490000382e+00 +1.490000382e+00 +3.9544e+00 -1.8219e+00
593 0 +6.038797196e-08 +6.038797196e-08 +1.490000060e+00 +1.490000060e+00 +3.9544e+00 -1.8217e+00
623 0 +2.462625748e-08 +2.462625748e-08 +1.490000025e+00 +1.490000025e+00 +3.9544e+00 -1.8216e+00
641 0 +1.379622150e-08 +1.379622150e-08 +1.490000014e+00 +1.490000014e+00 +3.9544e+00 -1.8216e+00
682 0 +1.391703419e-09 +1.391703419e-09 +1.490000001e+00 +1.490000001e+00 +3.9544e+00 -1.8216e+00
1202 0 +0.000000000e+00 +0.000000000e+00 +1.490000000e+00 +1.490000000e+00 +3.9544e+00 -1.8216e+00
% f evaluations | g evaluations | best noise-free fitness - Fopt | noise-free fitness - Fopt (5.963500000000e+02) | measured fitness | best measured fitness | x1 | x2...
1 0 +1.202344473e+02 +1.202344473e+02 +7.165844473e+02 +7.165844473e+02 -4.1653e+00 -4.8306e+00
4 0 +7.117188810e+01 +7.117188810e+01 +6.675218881e+02 +6.675218881e+02 -2.4939e+00 -3.6076e+00
5 0 +2.326197394e+01 +2.326197394e+01 +6.196119739e+02 +6.196119739e+02 -3.2502e+00 -1.9468e+00
8 0 +2.609755230e+00 +2.609755230e+00 +5.989597552e+02 +5.989597552e+02 -2.7391e+00 -6.4125e-01
60 0 +2.115782383e+00 +2.115782383e+00 +5.984657824e+02 +5.984657824e+02 -2.8167e+00 -5.6765e-01
65 0 +1.616470672e+00 +1.616470672e+00 +5.979664707e+02 +5.979664707e+02 -3.9687e+00 -5.6028e-01
90 0 +7.520969198e-01 +7.520969198e-01 +5.971020969e+02 +5.971020969e+02 -3.5153e+00 -4.3709e-01
95 0 +6.568521663e-01 +6.568521663e-01 +5.970068522e+02 +5.970068522e+02 -4.0213e+00 -3.5641e-01
107 0 +4.656810338e-01 +4.656810338e-01 +5.968156810e+02 +5.968156810e+02 -3.9667e+00 -3.3523e-01
112 0 +2.173510054e-01 +2.173510054e-01 +5.965673510e+02 +5.965673510e+02 -3.8699e+00 -2.6773e-01
114 0 +8.671653165e-02 +8.671653165e-02 +5.964367165e+02 +5.964367165e+02 -3.8819e+00 -2.0222e-01
159 0 +8.401884015e-02 +8.401884015e-02 +5.964340188e+02 +5.964340188e+02 -3.8810e+00 -2.0017e-01
179 0 +4.312509205e-02 +4.312509205e-02 +5.963931251e+02 +5.963931251e+02 -3.5905e+00 -2.0694e-01
189 0 +4.241078543e-02 +4.241078543e-02 +5.963924108e+02 +5.963924108e+02 -3.7446e+00 -2.0222e-01
207 0 +1.274383915e-02 +1.274383915e-02 +5.963627438e+02 +5.963627438e+02 -3.7158e+00 -1.7803e-01
264 0 +9.303234746e-03 +9.303234746e-03 +5.963593032e+02 +5.963593032e+02 -3.7317e+00 -1.6950e-01
280 0 +8.958947460e-03 +8.958947460e-03 +5.963589589e+02 +5.963589589e+02 -3.6550e+00 -1.7756e-01
285 0 +8.764378121e-03 +8.764378121e-03 +5.963587644e+02 +5.963587644e+02 -3.7238e+00 -1.7021e-01
288 0 +6.724396727e-03 +6.724396727e-03 +5.963567244e+02 +5.963567244e+02 -3.7186e+00 -1.6733e-01
295 0 +5.298775165e-03 +5.298775165e-03 +5.963552988e+02 +5.963552988e+02 -3.6568e+00 -1.7187e-01
316 0 +5.166095734e-03 +5.166095734e-03 +5.963551661e+02 +5.963551661e+02 -3.6899e+00 -1.7129e-01
321 0 +2.440443328e-03 +2.440443328e-03 +5.963524404e+02 +5.963524404e+02 -3.6588e+00 -1.6442e-01
325 0 +3.682823088e-04 +3.682823088e-04 +5.963503683e+02 +5.963503683e+02 -3.6821e+00 -1.5789e-01
368 0 +2.640632977e-04 +2.640632977e-04 +5.963502641e+02 +5.963502641e+02 -3.6810e+00 -1.5722e-01
397 0 +2.593610994e-04 +2.593610994e-04 +5.963502594e+02 +5.963502594e+02 -3.6852e+00 -1.5607e-01
416 0 +1.486692857e-04 +1.486692857e-04 +5.963501487e+02 +5.963501487e+02 -3.6829e+00 -1.5596e-01
451 0 +1.321991042e-04 +1.321991042e-04 +5.963501322e+02 +5.963501322e+02 -3.6818e+00 -1.5594e-01
455 0 +2.764494423e-05 +2.764494423e-05 +5.963500276e+02 +5.963500276e+02 -3.6792e+00 -1.5508e-01
467 0 +1.295988523e-05 +1.295988523e-05 +5.963500130e+02 +5.963500130e+02 -3.6781e+00 -1.5495e-01
491 0 +8.154537909e-06 +8.154537909e-06 +5.963500082e+02 +5.963500082e+02 -3.6780e+00 -1.5483e-01
519 0 +7.372993537e-06 +7.372993537e-06 +5.963500074e+02 +5.963500074e+02 -3.6780e+00 -1.5480e-01
534 0 +5.109520771e-06 +5.109520771e-06 +5.963500051e+02 +5.963500051e+02 -3.6771e+00 -1.5474e-01
548 0 +4.030684750e-06 +4.030684750e-06 +5.963500040e+02 +5.963500040e+02 -3.6777e+00 -1.5471e-01
571 0 +3.426440230e-06 +3.426440230e-06 +5.963500034e+02 +5.963500034e+02 -3.6777e+00 -1.5469e-01
574 0 +1.749607918e-06 +1.749607918e-06 +5.963500017e+02 +5.963500017e+02 -3.6778e+00 -1.5459e-01
596 0 +1.729250243e-06 +1.729250243e-06 +5.963500017e+02 +5.963500017e+02 -3.6776e+00 -1.5460e-01
623 0 +9.852813037e-07 +9.852813037e-07 +5.963500010e+02 +5.963500010e+02 -3.6776e+00 -1.5455e-01
627 0 +8.907323945e-07 +8.907323945e-07 +5.963500009e+02 +5.963500009e+02 -3.6778e+00 -1.5451e-01
628 0 +4.610285487e-07 +4.610285487e-07 +5.963500005e+02 +5.963500005e+02 -3.6775e+00 -1.5449e-01
677 0 +3.014861250e-07 +3.014861250e-07 +5.963500003e+02 +5.963500003e+02 -3.6775e+00 -1.5447e-01
683 0 +2.067623655e-07 +2.067623655e-07 +5.963500002e+02 +5.963500002e+02 -3.6775e+00 -1.5446e-01
689 0 +1.848344482e-07 +1.848344482e-07 +5.963500002e+02 +5.963500002e+02 -3.6775e+00 -1.5445e-01
693 0 +1.674773102e-07 +1.674773102e-07 +5.963500002e+02 +5.963500002e+02 -3.6775e+00 -1.5445e-01
697 0 +9.072323337e-08 +9.072323337e-08 +5.963500001e+02 +5.963500001e+02 -3.6776e+00 -1.5444e-01
711 0 +8.827453257e-08 +8.827453257e-08 +5.963500001e+02 +5.963500001e+02 -3.6775e+00 -1.5443e-01
729 0 +3.193281373e-08 +3.193281373e-08 +5.963500000e+02 +5.963500000e+02 -3.6776e+00 -1.5442e-01
782 0 +2.040758318e-08 +2.040758318e-08 +5.963500000e+02 +5.963500000e+02 -3.6776e+00 -1.5442e-01
803 0 +1.097907898e-08 +1.097907898e-08 +5.963500000e+02 +5.963500000e+02 -3.6776e+00 -1.5441e-01
809 0 +6.971276889e-10 +6.971276889e-10 +5.963500000e+02 +5.963500000e+02 -3.6776e+00 -1.5440e-01
1385 0 +0.000000000e+00 +0.000000000e+00 +5.963500000e+02 +5.963500000e+02 -3.6776e+00 -1.5440e-01
% f evaluations | g evaluations | best noise-free fitness - Fopt | noise-free fitness - Fopt (-1.189700000000e+02) | measured fitness | best measured fitness | x1 | x2...
1 0 +2.305009138e+00 +2.305009138e+00 -1.166649909e+02 -1.166649909e+02 -1.2304e+00 +3.3455e+00
57 0 +2.254486152e+00 +2.254486152e+00 -1.167155138e+02 -1.167155138e+02 -1.3607e+00 +3.3278e+00
59 0 +2.143236687e+00 +2.143236687e+00 -1.168267633e+02 -1.168267633e+02 -9.9051e-01 +3.4162e+00
86 0 +2.878001503e-01 +2.878001503e-01 -1.186821998e+02 -1.186821998e+02 -1.0962e+00 +3.7135e+00
109 0 +2.145575263e-01 +2.145575263e-01 -1.187554425e+02 -1.187554425e+02 -1.0833e+00 +3.7427e+00
134 0 +4.485121418e-02 +4.485121418e-02 -1.189251488e+02 -1.189251488e+02 -1.2496e+00 +3.7829e+00
155 0 +2.251275064e-02 +2.251275064e-02 -1.189474872e+02 -1.189474872e+02 -1.2832e+00 +3.8066e+00
172 0 +1.970670358e-02 +1.970670358e-02 -1.189502933e+02 -1.189502933e+02 -1.2001e+00 +3.8144e+00
173 0 +1.681303564e-02 +1.681303564e-02 -1.189531870e+02 -1.189531870e+02 -1.2755e+00 +3.8141e+00
179 0 +8.717814079e-03 +8.717814079e-03 -1.189612822e+02 -1.189612822e+02 -1.2083e+00 +3.8262e+00
188 0 +4.711517946e-03 +4.711517946e-03 -1.189652885e+02 -1.189652885e+02 -1.2364e+00 +3.8322e+00
207 0 +4.627084685e-03 +4.627084685e-03 -1.189653729e+02 -1.189653729e+02 -1.2343e+00 +3.8333e+00
212 0 +4.557488123e-03 +4.557488123e-03 -1.189654425e+02 -1.189654425e+02 -1.2371e+00 +3.8347e+00
259 0 +4.462610451e-03 +4.462610451e-03 -1.189655374e+02 -1.189655374e+02 -1.2321e+00 +3.8340e+00
260 0 +4.331321036e-03 +4.331321036e-03 -1.189656687e+02 -1.189656687e+02 -1.2202e+00 +3.8336e+00
261 0 +3.218103021e-03 +3.218103021e-03 -1.189667819e+02 -1.189667819e+02 -1.2330e+00 +3.8373e+00
272 0 +3.057077128e-03 +3.057077128e-03 -1.189669429e+02 -1.189669429e+02 -1.2255e+00 +3.8360e+00
276 0 +2.552123948e-03 +2.552123948e-03 -1.189674479e+02 -1.189674479e+02 -1.2303e+00 +3.8392e+00
312 0 +2.506502779e-03 +2.506502779e-03 -1.189674935e+02 -1.189674935e+02 -1.2115e+00 +3.8375e+00
315 0 +2.223311841e-03 +2.223311841e-03 -1.189677767e+02 -1.189677767e+02 -1.2180e+00 +3.8390e+00
317 0 +1.781230348e-03 +1.781230348e-03 -1.189682188e+02 -1.189682188e+02 -1.2049e+00 +3.8404e+00
318 0 +1.013223262e-04 +1.013223262e-04 -1.189698987e+02 -1.189698987e+02 -1.2026e+00 +3.8491e+00
390 0 +5.798426203e-05 +5.798426203e-05 -1.189699420e+02 -1.189699420e+02 -1.1986e+00 +3.8496e+00
416 0 +5.637302372e-05 +5.637302372e-05 -1.189699436e+02 -1.189699436e+02 -1.1984e+00 +3.8497e+00
419 0 +5.444122567e-05 +5.444122567e-05 -1.189699456e+02 -1.189699456e+02 -1.1985e+00 +3.8497e+00
420 0 +3.313824574e-05 +3.313824574e-05 -1.189699669e+02 -1.189699669e+02 -1.1989e+00 +3.8499e+00
425 0 +2.997001803e-05 +2.997001803e-05 -1.189699700e+02 -1.189699700e+02 -1.2005e+00 +3.8503e+00
456 0 +2.748118540e-05 +2.748118540e-05 -1.189699725e+02 -1.189699725e+02 -1.1987e+00 +3.8502e+00
474 0 +1.595196073e-05 +1.595196073e-05 -1.189699840e+02 -1.189699840e+02 -1.1989e+00 +3.8504e+00
491 0 +1.403919744e-05 +1.403919744e-05 -1.189699860e+02 -1.189699860e+02 -1.1984e+00 +3.8505e+00
523 0 +8.763032184e-06 +8.763032184e-06 -1.189699912e+02 -1.189699912e+02 -1.1986e+00 +3.8506e+00
524 0 +7.231082520e-06 +7.231082520e-06 -1.189699928e+02 -1.189699928e+02 -1.1984e+00 +3.8507e+00
544 0 +4.158914692e-06 +4.158914692e-06 -1.189699958e+02 -1.189699958e+02 -1.1985e+00 +3.8509e+00
576 0 +3.730647563e-06 +3.730647563e-06 -1.189699963e+02 -1.189699963e+02 -1.1984e+00 +3.8509e+00
611 0 +3.650836575e-06 +3.650836575e-06 -1.189699963e+02 -1.189699963e+02 -1.1984e+00 +3.8509e+00
614 0 +3.317826526e-06 +3.317826526e-06 -1.189699967e+02 -1.189699967e+02 -1.1984e+00 +3.8509e+00
631 0 +3.266479169e-06 +3.266479169e-06 -1.189699967e+02 -1.189699967e+02 -1.1984e+00 +3.8509e+00
638 0 +2.579916227e-06 +2.579916227e-06 -1.189699974e+02 -1.189699974e+02 -1.1981e+00 +3.8509e+00
670 0 +2.523768018e-06 +2.523768018e-06 -1.189699975e+02 -1.189699975e+02 -1.1981e+00 +3.8509e+00
676 0 +1.929010168e-06 +1.929010168e-06 -1.189699981e+02 -1.189699981e+02 -1.1980e+00 +3.8509e+00
688 0 +1.586478888e-06 +1.586478888e-06 -1.189699984e+02 -1.189699984e+02 -1.1979e+00 +3.8510e+00
727 0 +9.760865396e-07 +9.760865396e-07 -1.189699990e+02 -1.189699990e+02 -1.1979e+00 +3.8510e+00
729 0 +8.676530285e-07 +8.676530285e-07 -1.189699991e+02 -1.189699991e+02 -1.1979e+00 +3.8510e+00
784 0 +6.359630191e-07 +6.359630191e-07 -1.189699994e+02 -1.189699994e+02 -1.1979e+00 +3.8511e+00
785 0 +5.209450791e-07 +5.209450791e-07 -1.189699995e+02 -1.189699995e+02 -1.1979e+00 +3.8511e+00
835 0 +4.595068503e-07 +4.595068503e-07 -1.189699995e+02 -1.189699995e+02 -1.1979e+00 +3.8511e+00
890 0 +4.517496563e-07 +4.517496563e-07 -1.189699995e+02 -1.189699995e+02 -1.1979e+00 +3.8511e+00
911 0 +4.464842078e-07 +4.464842078e-07 -1.189699996e+02 -1.189699996e+02 -1.1979e+00 +3.8511e+00
921 0 +4.355912750e-07 +4.355912750e-07 -1.189699996e+02 -1.189699996e+02 -1.1979e+00 +3.8511e+00
938 0 +4.183689555e-07 +4.183689555e-07 -1.189699996e+02 -1.189699996e+02 -1.1978e+00 +3.8511e+00
940 0 +4.089559837e-07 +4.089559837e-07 -1.189699996e+02 -1.189699996e+02 -1.1979e+00 +3.8511e+00
946 0 +4.027949103e-07 +4.027949103e-07 -1.189699996e+02 -1.189699996e+02 -1.1978e+00 +3.8511e+00
989 0 +3.959555102e-07 +3.959555102e-07 -1.189699996e+02 -1.189699996e+02 -1.1978e+00 +3.8511e+00
994 0 +3.746018251e-07 +3.746018251e-07 -1.189699996e+02 -1.189699996e+02 -1.1978e+00 +3.8511e+00
1040 0 +3.684930476e-07 +3.684930476e-07 -1.189699996e+02 -1.189699996e+02 -1.1978e+00 +3.8511e+00
1061 0 +3.614527202e-07 +3.614527202e-07 -1.189699996e+02 -1.189699996e+02 -1.1978e+00 +3.8511e+00
1094 0 +3.529324886e-07 +3.529324886e-07 -1.189699996e+02 -1.189699996e+02 -1.1978e+00 +3.8511e+00
1117 0 +3.438554614e-07 +3.438554614e-07 -1.189699997e+02 -1.189699997e+02 -1.1978e+00 +3.8511e+00
1143 0 +3.371450674e-07 +3.371450674e-07 -1.189699997e+02 -1.189699997e+02 -1.1978e+00 +3.8511e+00
1199 0 +3.290489872e-07 +3.290489872e-07 -1.189699997e+02 -1.189699997e+02 -1.1978e+00 +3.8511e+00
1259 0 +3.194724343e-07 +3.194724343e-07 -1.189699997e+02 -1.189699997e+02 -1.1978e+00 +3.8511e+00
1302 0 +3.101029336e-07 +3.101029336e-07 -1.189699997e+02 -1.189699997e+02 -1.1978e+00 +3.8511e+00
1351 0 +3.056131987e-07 +3.056131987e-07 -1.189699997e+02 -1.189699997e+02 -1.1977e+00 +3.8511e+00
3938 0 +3.019781474e-07 +3.019781474e-07 -1.189699997e+02 -1.189699997e+02 -1.1977e+00 +3.8511e+00
5098 0 +2.950514215e-07 +2.950514215e-07 -1.189699997e+02 -1.189699997e+02 -1.1977e+00 +3.8511e+00
5565 0 +2.880518224e-07 +2.880518224e-07 -1.189699997e+02 -1.189699997e+02 -1.1977e+00 +3.8511e+00
6031 0 +2.818265301e-07 +2.818265301e-07 -1.189699997e+02 -1.189699997e+02 -1.1977e+00 +3.8511e+00
6395 0 +2.753923525e-07 +2.753923525e-07 -1.189699997e+02 -1.189699997e+02 -1.1977e+00 +3.8511e+00
6553 0 +2.688653353e-07 +2.688653353e-07 -1.189699997e+02 -1.189699997e+02 -1.1977e+00 +3.8511e+00
6707 0 +2.629797535e-07 +2.629797535e-07 -1.189699997e+02 -1.189699997e+02 -1.1977e+00 +3.8511e+00
6828 0 +2.568153690e-07 +2.568153690e-07 -1.189699997e+02 -1.189699997e+02 -1.1977e+00 +3.8511e+00
6932 0 +2.510961679e-07 +2.510961679e-07 -1.189699997e+02 -1.189699997e+02 -1.1977e+00 +3.8511e+00
7025 0 +2.417571210e-07 +2.417571210e-07 -1.189699998e+02 -1.189699998e+02 -1.1977e+00 +3.8511e+00
7071 0 +2.389482745e-07 +2.389482745e-07 -1.189699998e+02 -1.189699998e+02 -1.1977e+00 +3.8511e+00
7125 0 +2.329348376e-07 +2.329348376e-07 -1.189699998e+02 -1.189699998e+02 -1.1977e+00 +3.8511e+00
7179 0 +2.285510305e-07 +2.285510305e-07 -1.189699998e+02 -1.189699998e+02 -1.1977e+00 +3.8511e+00
7236 0 +2.217264949e-07 +2.217264949e-07 -1.189699998e+02 -1.189699998e+02 -1.1977e+00 +3.8511e+00
7309 0 +2.177441019e-07 +2.177441019e-07 -1.189699998e+02 -1.189699998e+02 -1.1977e+00 +3.8511e+00
7353 0 +2.092305920e-07 +2.092305920e-07 -1.189699998e+02 -1.189699998e+02 -1.1977e+00 +3.8511e+00
7383 0 +2.086427600e-07 +2.086427600e-07 -1.189699998e+02 -1.189699998e+02 -1.1977e+00 +3.8511e+00
7436 0 +2.039724478e-07 +2.039724478e-07 -1.189699998e+02 -1.189699998e+02 -1.1977e+00 +3.8511e+00
7488 0 +1.992549130e-07 +1.992549130e-07 -1.189699998e+02 -1.189699998e+02 -1.1977e+00 +3.8511e+00
7513 0 +1.936954561e-07 +1.936954561e-07 -1.189699998e+02 -1.189699998e+02 -1.1977e+00 +3.8511e+00
7572 0 +1.902308640e-07 +1.902308640e-07 -1.189699998e+02 -1.189699998e+02 -1.1977e+00 +3.8511e+00
7650 0 +1.860189798e-07 +1.860189798e-07 -1.189699998e+02 -1.189699998e+02 -1.1977e+00 +3.8511e+00
7698 0 +1.809484758e-07 +1.809484758e-07 -1.189699998e+02 -1.189699998e+02 -1.1977e+00 +3.8511e+00
7711 0 +1.752724614e-07 +1.752724614e-07 -1.189699998e+02 -1.189699998e+02 -1.1977e+00 +3.8511e+00
7747 0 +1.664655542e-07 +1.664655542e-07 -1.189699998e+02 -1.189699998e+02 -1.1977e+00 +3.8511e+00
7800 0 +1.564089303e-07 +1.564089303e-07 -1.189699998e+02 -1.189699998e+02 -1.1977e+00 +3.8511e+00
7833 0 +1.537818974e-07 +1.537818974e-07 -1.189699998e+02 -1.189699998e+02 -1.1977e+00 +3.8511e+00
7853 0 +1.508274750e-07 +1.508274750e-07 -1.189699998e+02 -1.189699998e+02 -1.1977e+00 +3.8511e+00
7854 0 +1.444305866e-07 +1.444305866e-07 -1.189699999e+02 -1.189699999e+02 -1.1977e+00 +3.8511e+00
7904 0 +1.393205480e-07 +1.393205480e-07 -1.189699999e+02 -1.189699999e+02 -1.1977e+00 +3.8511e+00
7909 0 +1.351996559e-07 +1.351996559e-07 -1.189699999e+02 -1.189699999e+02 -1.1977e+00 +3.8511e+00
7930 0 +1.332831374e-07 +1.332831374e-07 -1.189699999e+02 -1.189699999e+02 -1.1977e+00 +3.8511e+00
7948 0 +1.316583820e-07 +1.316583820e-07 -1.189699999e+02 -1.189699999e+02 -1.1977e+00 +3.8511e+00
7956 0 +1.283742677e-07 +1.283742677e-07 -1.189699999e+02 -1.189699999e+02 -1.1977e+00 +3.8511e+00
7958 0 +1.258305531e-07 +1.258305531e-07 -1.189699999e+02 -1.189699999e+02 -1.1977e+00 +3.8511e+00
7980 0 +1.216013601e-07 +1.216013601e-07 -1.189699999e+02 -1.189699999e+02 -1.1977e+00 +3.8511e+00
8007 0 +1.179779900e-07 +1.179779900e-07 -1.189699999e+02 -1.189699999e+02 -1.1977e+00 +3.8511e+00
8013 0 +1.156321474e-07 +1.156321474e-07 -1.189699999e+02 -1.189699999e+02 -1.1977e+00 +3.8512e+00
8035 0 +1.147074897e-07 +1.147074897e-07 -1.189699999e+02 -1.189699999e+02 -1.1977e+00 +3.8512e+00
8056 0 +1.103855141e-07 +1.103855141e-07 -1.189699999e+02 -1.189699999e+02 -1.1977e+00 +3.8512e+00
8059 0 +1.082770922e-07 +1.082770922e-07 -1.189699999e+02 -1.189699999e+02 -1.1977e+00 +3.8512e+00
8060 0 +1.070120703e-07 +1.070120703e-07 -1.189699999e+02 -1.189699999e+02 -1.1977e+00 +3.8512e+00
8113 0 +1.044646467e-07 +1.044646467e-07 -1.189699999e+02 -1.189699999e+02 -1.1977e+00 +3.8512e+00
8120 0 +1.021165588e-07 +1.021165588e-07 -1.189699999e+02 -1.189699999e+02 -1.1977e+00 +3.8512e+00
