% f evaluations | g evaluations | best noise-free fitness - Fopt | noise-free fitness - Fopt (3.590000000000e+01) | measured fitness | best measured fitness | x1 | x2...
1 0 +4.406802282e+05 +4.406802282e+05 +4.407161282e+05 +4.407161282e+05 +3.2457e+00 +2.0990e+00 -9.9179e-01 -2.5718e+00 +3.0285e+00
2 0 +3.517699080e+05 +3.517699080e+05 +3.518058080e+05 +3.518058080e+05 +3.3824e+00 +2.0691e+00 +2.9970e+00 -2.8572e+00 -2.7389e+00
3 0 +1.233272135e+02 +1.233272135e+02 +1.592272135e+02 +1.592272135e+02 -2.6990e+00 +1.3207e+00 -1.8554e+00 -4.7705e-02 -2.9107e+00
58 0 +1.165499122e+02 +1.165499122e+02 +1.524499122e+02 +1.524499122e+02 -3.3372e+00 +2.0891e+00 -2.6480e-01 -4.2293e-01 -4.1724e+00
73 0 +1.081813854e+02 +1.081813854e+02 +1.440813854e+02 +1.440813854e+02 -1.6064e+00 +1.2076e+00 -1.5206e+00 +7.6547e-01 -2.6648e+00
104 0 +9.389390123e+01 +9.389390123e+01 +1.297939012e+02 +1.297939012e+02 -1.9741e+00 +1.2308e+00 -5.4771e-01 +9.4288e-01 -2.6795e+00
126 0 +8.398464505e+01 +8.398464505e+01 +1.198846451e+02 +1.198846451e+02 -1.3027e+00 +1.1228e+00 -8.0738e-01 +7.3734e-01 -2.9747e+00
157 0 +6.763572029e+01 +6.763572029e+01 +1.035357203e+02 +1.035357203e+02 -1.0183e+00 +1.1673e+00 -3.6573e-01 +7.6739e-01 -2.8714e+00
210 0 +6.692763430e+01 +6.692763430e+01 +1.028276343e+02 +1.028276343e+02 -1.0558e+00 +1.1283e+00 -2.9120e-01 +7.6579e-01 -2.8289e+00
211 0 +6.560055461e+01 +6.560055461e+01 +1.015005546e+02 +1.015005546e+02 -9.9809e-01 +1.4340e+00 -2.3273e-01 +1.3153e+00 -2.8717e+00
222 0 +5.559780820e+01 +5.559780820e+01 +9.149780820e+01 +9.149780820e+01 -8.2767e-01 +1.1429e+00 +1.1629e-01 +7.6569e-01 -2.6192e+00
260 0 +5.303597425e+01 +5.303597425e+01 +8.893597425e+01 +8.893597425e+01 -6.3681e-01 +1.1386e+00 +1.0281e-01 +7.6588e-01 -2.6688e+00
273 0 +5.146582589e+01 +5.146582589e+01 +8.736582589e+01 +8.736582589e+01 -8.5621e-01 +1.1972e+00 +4.3338e-01 +7.6398e-01 -2.7482e+00
301 0 +4.929690417e+01 +4.929690417e+01 +8.519690417e+01 +8.519690417e+01 -6.4921e-01 +1.1364e+00 +3.8644e-01 +7.5999e-01 -2.7725e+00
316 0 +4.522200611e+01 +4.522200611e+01 +8.112200611e+01 +8.112200611e+01 -5.5559e-01 +1.1348e+00 +6.1869e-01 +7.7435e-01 -2.7959e+00
363 0 +4.465837375e+01 +4.465837375e+01 +8.055837375e+01 +8.055837375e+01 -4.5648e-01 +1.1354e+00 +5.7030e-01 +7.5747e-01 -2.7902e+00
365 0 +4.363641828e+01 +4.363641828e+01 +7.953641828e+01 +7.953641828e+01 -5.2149e-01 +1.1373e+00 +6.8927e-01 +7.7466e-01 -2.6991e+00
417 0 +4.253576105e+01 +4.253576105e+01 +7.843576105e+01 +7.843576105e+01 -5.6901e-01 +1.1353e+00 +9.4511e-01 +8.1215e-01 -2.7888e+00
573 0 +4.163858123e+01 +4.163858123e+01 +7.753858123e+01 +7.753858123e+01 -5.6153e-01 +1.1349e+00 +1.0452e+00 +8.0273e-01 -2.8322e+00
% f evaluations | g evaluations | best noise-free fitness - Fopt | noise-free fitness - Fopt (3.137000000000e+01) | measured fitness | best measured fitness | x1 | x2...
1 0 +1.973118836e+02 +1.973118836e+02 +2.286818836e+02 +2.286818836e+02 -2.7372e+00 -3.7548e+00 -2.8768e+00 -3.6433e+00 -3.2839e+00
48 0 +1.955768353e+02 +1.955768353e+02 +2.269468353e+02 +2.269468353e+02 -5.3348e-01 -9.0150e-01 -3.4414e+00 -3.1362e+00 +2.9311e+00
52 0 +1.889415964e+02 +1.889415964e+02 +2.203115964e+02 +2.203115964e+02 +1.5075e-01 -5.7690e-01 -3.7210e+00 -4.1055e+00 +2.1446e+00
54 0 +1.187826346e+02 +1.187826346e+02 +1.501526346e+02 +1.501526346e+02 -1.0938e+00 -3.1787e-01 -2.1403e+00 -3.4293e+00 -1.6871e-02
105 0 +1.143957933e+02 +1.143957933e+02 +1.457657933e+02 +1.457657933e+02 -9.1300e-01 +3.4560e-01 -4.5288e+00 -2.8229e+00 -7.8574e-02
111 0 +1.093002591e+02 +1.093002591e+02 +1.406702591e+02 +1.406702591e+02 -8.4022e-01 +3.1793e-01 -4.7842e+00 -2.4128e+00 -3.5079e-01
115 0 +9.915527942e+01 +9.915527942e+01 +1.305252794e+02 +1.305252794e+02 -1.0868e+00 +1.0041e+00 -5.0000e+00 -2.0924e+00 -1.0396e+00
117 0 +6.668619698e+01 +6.668619698e+01 +9.805619698e+01 +9.805619698e+01 -7.6856e-01 +1.2860e-01 -3.8350e+00 -7.4291e-01 +5.1192e-02
156 0 +5.178592091e+01 +5.178592091e+01 +8.315592091e+01 +8.315592091e+01 -1.7110e-01 +1.3689e-01 -3.5059e+00 +9.3044e-01 +6.7010e-03
164 0 +3.610996152e+01 +3.610996152e+01 +6.747996152e+01 +6.747996152e+01 -7.3952e-01 -3.3472e-02 -3.8190e+00 +1.0529e+00 -7.1813e-01
208 0 +3.371211704e+01 +3.371211704e+01 +6.508211704e+01 +6.508211704e+01 -7.2943e-01 +3.3724e-02 -3.8873e+00 +1.1147e+00 -7.8649e-01
210 0 +2.527135250e+01 +2.527135250e+01 +5.664135250e+01 +5.664135250e+01 -7.3940e-01 -8.2107e-02 -3.8095e+00 +1.9154e+00 -7.0984e-01
235 0 +2.403415277e+01 +2.403415277e+01 +5.540415277e+01 +5.540415277e+01 -7.2267e-01 -1.9042e-01 -3.8196e+00 +1.6190e+00 -1.3402e+00
243 0 +2.387460526e+01 +2.387460526e+01 +5.524460526e+01 +5.524460526e+01 -7.5816e-01 -7.9498e-02 -4.5818e+00 +2.4917e+00 -1.0356e+00
244 0 +2.322674666e+01 +2.322674666e+01 +5.459674666e+01 +5.459674666e+01 -1.1780e+00 +7.7907e-02 -3.7086e+00 +2.0342e+00 -1.3238e+00
259 0 +1.824409522e+01 +1.824409522e+01 +4.961409522e+01 +4.961409522e+01 -9.7531e-01 +1.6221e-02 -3.7263e+00 +2.2213e+00 -1.6338e+00
279 0 +1.416674942e+01 +1.416674942e+01 +4.553674942e+01 +4.553674942e+01 -8.5622e-01 +7.3480e-02 -3.5384e+00 +2.0694e+00 -2.0156e+00
311 0 +1.332474612e+01 +1.332474612e+01 +4.469474612e+01 +4.469474612e+01 -8.7652e-01 +9.0454e-02 -3.5416e+00 +2.1344e+00 -2.1256e+00
327 0 +1.260445278e+01 +1.260445278e+01 +4.397445278e+01 +4.397445278e+01 -7.5664e-01 +7.9366e-02 -3.4471e+00 +2.2157e+00 -2.1000e+00
341 0 +1.253490549e+01 +1.253490549e+01 +4.390490549e+01 +4.390490549e+01 -7.6683e-01 +7.2453e-02 -3.5234e+00 +2.3343e+00 -2.0468e+00
424 0 +1.225368140e+01 +1.225368140e+01 +4.362368140e+01 +4.362368140e+01 -7.1659e-01 +7.2401e-02 -3.5252e+00 +2.4638e+00 -2.1059e+00
467 0 +1.174312070e+01 +1.174312070e+01 +4.311312070e+01 +4.311312070e+01 -5.5652e-01 +6.9966e-02 -3.5497e+00 +2.4704e+00 -2.0769e+00
539 0 +1.147564296e+01 +1.147564296e+01 +4.284564296e+01 +4.284564296e+01 -4.9209e-01 +6.9979e-02 -3.5469e+00 +2.4772e+00 -2.0766e+00
623 0 +1.117108455e+01 +1.117108455e+01 +4.254108455e+01 +4.254108455e+01 -3.8575e-01 +7.0778e-02 -3.5491e+00 +2.4760e+00 -2.0767e+00
690 0 +1.095828076e+01 +1.095828076e+01 +4.232828076e+01 +4.232828076e+01 -2.8016e-01 +7.1464e-02 -3.5488e+00 +2.4761e+00 -2.0770e+00
2021 0 +1.071377093e+01 +1.071377093e+01 +4.208377093e+01 +4.208377093e+01 -1.8115e-01 +9.0015e-02 -3.5480e+00 +2.4761e+00 -2.0769e+00
2818 0 +1.046610158e+01 +1.046610158e+01 +4.183610158e+01 +4.183610158e+01 -1.8115e-01 +1.1529e-01 -3.5480e+00 +2.4761e+00 -2.0769e+00
3176 0 +1.023159047e+01 +1.023159047e+01 +4.160159047e+01 +4.160159047e+01 -1.8115e-01 +1.3861e-01 -3.5480e+00 +2.4761e+00 -2.0769e+00
3398 0 +9.989748387e+00 +9.989748387e+00 +4.135974839e+01 +4.135974839e+01 -1.8115e-01 +1.6235e-01 -3.5480e+00 +2.4761e+00 -2.0769e+00
3692 0 +9.765555594e+00 +9.765555594e+00 +4.113555559e+01 +4.113555559e+01 -1.8115e-01 +1.8429e-01 -3.5480e+00 +2.4761e+00 -2.0769e+00
3798 0 +9.531160235e+00 +9.531160235e+00 +4.090116024e+01 +4.090116024e+01 -1.8115e-01 +2.0739e-01 -3.5480e+00 +2.4761e+00 -2.0769e+00
3956 0 +9.309672333e+00 +9.309672333e+00 +4.067967233e+01 +4.067967233e+01 -1.8115e-01 +2.2956e-01 -3.5480e+00 +2.4761e+00 -2.0769e+00
4156 0 +9.104964349e+00 +9.104964349e+00 +4.047496435e+01 +4.047496435e+01 -1.8115e-01 +2.5054e-01 -3.5480e+00 +2.4761e+00 -2.0769e+00
4323 0 +8.899280687e+00 +8.899280687e+00 +4.026928069e+01 +4.026928069e+01 -1.8115e-01 +2.7228e-01 -3.5480e+00 +2.4761e+00 -2.0769e+00
4525 0 +8.700489507e+00 +8.700489507e+00 +4.007048951e+01 +4.007048951e+01 -1.8115e-01 +2.9412e-01 -3.5480e+00 +2.4761e+00 -2.0769e+00
4662 0 +8.506069455e+00 +8.506069455e+00 +3.987606945e+01 +3.987606945e+01 -1.8115e-01 +3.1652e-01 -3.5480e+00 +2.4761e+00 -2.0769e+00
4836 0 +8.272621977e+00 +8.272621977e+00 +3.964262198e+01 +3.964262198e+01 -1.8115e-01 +3.4516e-01 -3.5480e+00 +2.4761e+00 -2.0769e+00
4957 0 +8.098958234e+00 +8.098958234e+00 +3.946895823e+01 +3.946895823e+01 -1.8115e-01 +3.6811e-01 -3.5480e+00 +2.4761e+00 -2.0769e+00
5006 0 +7.917637979e+00 +7.917637979e+00 +3.928763798e+01 +3.928763798e+01 -1.8115e-01 +3.9402e-01 -3.5480e+00 +2.4761e+00 -2.0769e+00
5131 0 +7.758327126e+00 +7.758327126e+00 +3.912832713e+01 +3.912832713e+01 -1.8115e-01 +4.1895e-01 -3.5480e+00 +2.4761e+00 -2.0769e+00
5154 0 +7.540147553e+00 +7.540147553e+00 +3.891014755e+01 +3.891014755e+01 -1.8115e-01 +4.5765e-01 -3.5480e+00 +2.4761e+00 -2.0769e+00
5251 0 +7.405617578e+00 +7.405617578e+00 +3.877561758e+01 +3.877561758e+01 -1.8115e-01 +4.8520e-01 -3.5480e+00 +2.4761e+00 -2.0769e+00
5328 0 +7.231057582e+00 +7.231057582e+00 +3.860105758e+01 +3.860105758e+01 -1.8115e-01 +5.2726e-01 -3.5480e+00 +2.4761e+00 -2.0769e+00
5409 0 +7.023461580e+00 +7.023461580e+00 +3.839346158e+01 +3.839346158e+01 -1.8115e-01 +5.9241e-01 -3.5480e+00 +2.4761e+00 -2.0769e+00
5517 0 +6.885721187e+00 +6.885721187e+00 +3.825572119e+01 +3.825572119e+01 -1.8115e-01 +6.5061e-01 -3.5480e+00 +2.4761e+00 -2.0769e+00
5667 0 +6.757743001e+00 +6.757743001e+00 +3.812774300e+01 +3.812774300e+01 -1.8115e-01 +7.1784e-01 -3.5480e+00 +2.4761e+00 -2.0769e+00
5927 0 +6.589389893e+00 +6.589389893e+00 +3.795938989e+01 +3.795938989e+01 -1.8115e-01 +8.1049e-01 -3.5480e+00 +2.4761e+00 -2.0769e+00
6038 0 +6.445244709e+00 +6.445244709e+00 +3.781524471e+01 +3.781524471e+01 -1.8115e-01 +8.7858e-01 -3.5480e+00 +2.4761e+00 -2.0769e+00
6093 0 +6.287478239e+00 +6.287478239e+00 +3.765747824e+01 +3.765747824e+01 -1.8115e-01 +9.4154e-01 -3.5480e+00 +2.4761e+00 -2.0769e+00
6136 0 +6.137500523e+00 +6.137500523e+00 +3.750750052e+01 +3.750750052e+01 -1.8115e-01 +9.9441e-01 -3.5480e+00 +2.4761e+00 -2.0769e+00
6240 0 +5.944768834e+00 +5.944768834e+00 +3.731476883e+01 +3.731476883e+01 -1.8115e-01 +1.0571e+00 -3.5480e+00 +2.4761e+00 -2.0769e+00
6299 0 +5.864455844e+00 +5.864455844e+00 +3.723445584e+01 +3.723445584e+01 -1.8115e-01 +1.0823e+00 -3.5480e+00 +2.4761e+00 -2.0769e+00
6345 0 +5.744541535e+00 +5.744541535e+00 +3.711454154e+01 +3.711454154e+01 -1.8115e-01 +1.1198e+00 -3.5480e+00 +2.4761e+00 -2.0769e+00
6398 0 +5.576668011e+00 +5.576668011e+00 +3.694666801e+01 +3.694666801e+01 -1.8115e-01 +1.1728e+00 -3.5480e+00 +2.4761e+00 -2.0769e+00
6447 0 +5.475163176e+00 +5.475163176e+00 +3.684516318e+01 +3.684516318e+01 -1.8115e-01 +1.2060e+00 -3.5480e+00 +2.4761e+00 -2.0769e+00
6499 0 +5.292160904e+00 +5.292160904e+00 +3.666216090e+01 +3.666216090e+01 -1.8115e-01 +1.2699e+00 -3.5480e+00 +2.4761e+00 -2.0769e+00
% f evaluations | g evaluations | best noise-free fitness - Fopt | noise-free fitness - Fopt (-1.000000000000e+03) | measured fitness | best measured fitness | x1 | x2...
1 0 +3.557799713e+05 +3.557799713e+05 +3.547799713e+05 +3.547799713e+05 +3.3619e+00 -4.5116e+00 -1.2302e+00 +2.0733e+00 -3.3703e+00
2 0 +1.838141464e+04 +1.838141464e+04 +1.738141464e+04 +1.738141464e+04 -1.7582e+00 +1.9162e+00 +3.9168e+00 -5.4011e-01 +4.3391e+00
3 0 +6.879452456e+03 +6.879452456e+03 +5.879452456e+03 +5.879452456e+03 -2.4865e+00 -2.1901e+00 +2.2422e+00 +2.3663e+00 +8.4852e-01
57 0 +6.619561496e+03 +6.619561496e+03 +5.619561496e+03 +5.619561496e+03 -2.3145e+00 -2.1656e+00 +2.2080e+00 +2.9249e+00 +2.9497e-01
59 0 +4.908392685e+01 +4.908392685e+01 -9.509160732e+02 -9.509160732e+02 -3.4399e+00 -1.5533e+00 +5.0000e+00 +2.6748e+00 +9.3007e-01
85 0 +2.011456132e+01 +2.011456132e+01 -9.798854387e+02 -9.798854387e+02 -2.5796e+00 -2.2335e+00 +3.5856e+00 +2.5014e+00 -8.4815e-02
112 0 +1.490818939e+01 +1.490818939e+01 -9.850918106e+02 -9.850918106e+02 -2.6543e+00 -2.2008e+00 +3.5613e+00 +2.6300e+00 -5.5937e-01
117 0 +1.284964880e+01 +1.284964880e+01 -9.871503512e+02 -9.871503512e+02 -2.6580e+00 -2.2483e+00 +3.4651e+00 +2.4976e+00 -8.5090e-01
121 0 +6.311290106e+00 +6.311290106e+00 -9.936887099e+02 -9.936887099e+02 -1.8358e+00 -3.0836e+00 +3.9195e+00 +3.3210e+00 -8.8639e-01
160 0 +4.763069738e+00 +4.763069738e+00 -9.952369303e+02 -9.952369303e+02 -1.7364e+00 -3.1424e+00 +3.5778e+00 +3.1733e+00 -8.7061e-01
172 0 +4.432220057e+00 +4.432220057e+00 -9.955677799e+02 -9.955677799e+02 -1.4491e+00 -3.1581e+00 +3.9208e+00 +2.9906e+00 -1.1430e+00
181 0 +4.148751975e+00 +4.148751975e+00 -9.958512480e+02 -9.958512480e+02 -1.2795e+00 -2.7965e+00 +3.7989e+00 +3.1818e+00 -1.1290e+00
209 0 +3.852437034e+00 +3.852437034e+00 -9.961475630e+02 -9.961475630e+02 -1.3123e+00 -2.8050e+00 +3.7077e+00 +3.1326e+00 -1.0870e+00
271 0 +3.487569046e+00 +3.487569046e+00 -9.965124310e+02 -9.965124310e+02 -1.2543e+00 -2.8687e+00 +3.7027e+00 +3.2691e+00 -1.1263e+00
303 0 +3.440914874e+00 +3.440914874e+00 -9.965590851e+02 -9.965590851e+02 -1.2815e+00 -2.8346e+00 +3.6392e+00 +3.1670e+00 -1.0913e+00
313 0 +3.274054502e+00 +3.274054502e+00 -9.967259455e+02 -9.967259455e+02 -1.2673e+00 -2.8366e+00 +3.6060e+00 +3.1766e+00 -1.0928e+00
321 0 +2.926448102e+00 +2.926448102e+00 -9.970735519e+02 -9.970735519e+02 -1.2821e+00 -2.8208e+00 +3.4475e+00 +3.1688e+00 -1.0854e+00
330 0 +2.801308508e+00 +2.801308508e+00 -9.971986915e+02 -9.971986915e+02 -1.2501e+00 -2.8344e+00 +3.4464e+00 +3.1851e+00 -1.0848e+00
404 0 +2.712365513e+00 +2.712365513e+00 -9.972876345e+02 -9.972876345e+02 -1.2293e+00 -2.8368e+00 +3.4264e+00 +3.2167e+00 -1.0846e+00
419 0 +2.661930735e+00 +2.661930735e+00 -9.973380693e+02 -9.973380693e+02 -1.2262e+00 -2.8366e+00 +3.3842e+00 +3.2176e+00 -1.0703e+00
525 0 +2.628366445e+00 +2.628366445e+00 -9.973716336e+02 -9.973716336e+02 -1.2103e+00 -2.8369e+00 +3.3861e+00 +3.2284e+00 -1.0841e+00
% f evaluations | g evaluations | best noise-free fitness - Fopt | noise-free fitness - Fopt (1.319200000000e+02) | measured fitness | best measured fitness | x1 | x2...
1 0 +1.018391332e+06 +1.018391332e+06 +1.018523252e+06 +1.018523252e+06 +1.7494e-01 -3.4986e+00 +3.4555e-01 -4.4889e+00 -2.1690e+00
3 0 +3.859426027e+05 +3.859426027e+05 +3.860745227e+05 +3.860745227e+05 +5.8035e-01 +2.4350e+00 -3.5219e+00 -4.1258e+00 -4.0956e+00
4 0 +2.627856913e+05 +2.627856913e+05 +2.629176113e+05 +2.629176113e+05 -4.7579e+00 +2.4918e+00 +1.8172e+00 +3.5611e+00 +2.7768e+00
10 0 +1.787341152e+05 +1.787341152e+05 +1.788660352e+05 +1.788660352e+05 -2.4046e+00 +1.1281e+00 -2.8223e+00 +1.2256e+00 +2.4801e+00
49 0 +1.298612718e+05 +1.298612718e+05 +1.299931918e+05 +1.299931918e+05 -3.6085e+00 -3.0289e-01 -4.1712e+00 -2.2507e+00 +3.4937e+00
51 0 +6.292481376e+04 +6.292481376e+04 +6.305673376e+04 +6.305673376e+04 -5.0000e+00 +1.0407e+00 -1.6204e+00 -2.5040e+00 +3.2018e+00
104 0 +3.479577074e+04 +3.479577074e+04 +3.492769074e+04 +3.492769074e+04 -3.9743e+00 +5.9341e-01 -2.5818e+00 -1.9787e+00 -7.4827e-01
117 0 +2.783858137e+04 +2.783858137e+04 +2.797050137e+04 +2.797050137e+04 -3.6402e+00 +1.4020e+00 -3.7763e+00 -1.5746e+00 +2.4181e-01
121 0 +2.698204074e+04 +2.698204074e+04 +2.711396074e+04 +2.711396074e+04 -4.1964e+00 +9.5233e-01 -2.2493e+00 -1.3302e+00 -3.7320e-01
157 0 +2.433109345e+04 +2.433109345e+04 +2.446301345e+04 +2.446301345e+04 -4.3202e+00 +1.2249e+00 -2.1759e+00 -1.3808e+00 -8.5198e-01
158 0 +1.851613514e+04 +1.851613514e+04 +1.864805514e+04 +1.864805514e+04 -4.0887e+00 +1.3580e+00 -2.5318e+00 -1.3306e+00 -1.2855e-02
162 0 +1.208635904e+04 +1.208635904e+04 +1.221827904e+04 +1.221827904e+04 -4.6533e+00 +1.3580e+00 -2.2494e+00 -1.4130e+00 -4.6998e-02
186 0 +1.027320602e+04 +1.027320602e+04 +1.040512602e+04 +1.040512602e+04 -4.0042e+00 +8.0451e-01 -3.9832e+00 -1.3077e+00 -1.7466e+00
190 0 +6.897129438e+03 +6.897129438e+03 +7.029049438e+03 +7.029049438e+03 -4.7624e+00 +1.5779e+00 -2.4705e+00 -1.4014e+00 -4.3967e-01
207 0 +4.674306000e+03 +4.674306000e+03 +4.806226000e+03 +4.806226000e+03 -5.0000e+00 +1.9113e+00 -2.4548e+00 -1.3937e+00 -4.5808e-01
222 0 +2.030438035e+03 +2.030438035e+03 +2.162358035e+03 +2.162358035e+03 -5.0000e+00 +1.5680e+00 -2.8138e+00 -1.2931e+00 -5.5304e-01
259 0 +1.725012408e+03 +1.725012408e+03 +1.856932408e+03 +1.856932408e+03 -5.0000e+00 +1.4808e+00 -2.8728e+00 -1.2244e+00 -5.6691e-01
283 0 +1.339154255e+03 +1.339154255e+03 +1.471074255e+03 +1.471074255e+03 -5.0000e+00 +1.5179e+00 -2.9466e+00 -1.2865e+00 -8.3937e-01
316 0 +9.206993359e+02 +9.206993359e+02 +1.052619336e+03 +1.052619336e+03 -5.0000e+00 +1.5180e+00 -3.0796e+00 -1.2866e+00 -9.7772e-01
329 0 +8.671584887e+02 +8.671584887e+02 +9.990784887e+02 +9.990784887e+02 -5.0000e+00 +1.5280e+00 -3.1322e+00 -1.2739e+00 -8.5656e-01
364 0 +7.968153996e+02 +7.968153996e+02 +9.287353996e+02 +9.287353996e+02 -5.0000e+00 +1.4940e+00 -3.1543e+00 -1.2673e+00 -8.8543e-01
369 0 +7.467400008e+02 +7.467400008e+02 +8.786600008e+02 +8.786600008e+02 -5.0000e+00 +1.5270e+00 -3.1785e+00 -1.2634e+00 -8.4988e-01
370 0 +7.389070777e+02 +7.389070777e+02 +8.708270777e+02 +8.708270777e+02 -5.0000e+00 +1.5365e+00 -3.1369e+00 -1.2630e+00 -9.1190e-01
375 0 +4.952755361e+02 +4.952755361e+02 +6.271955361e+02 +6.271955361e+02 -5.0000e+00 +1.5224e+00 -3.2947e+00 -1.2724e+00 -9.3526e-01
401 0 +4.044573929e+02 +4.044573929e+02 +5.363773929e+02 +5.363773929e+02 -4.9998e+00 +1.5285e+00 -3.4088e+00 -1.2726e+00 -9.2744e-01
415 0 +3.863748769e+02 +3.863748769e+02 +5.182948769e+02 +5.182948769e+02 -4.9998e+00 +1.5285e+00 -3.4926e+00 -1.2726e+00 -9.0818e-01
417 0 +2.104784971e+02 +2.104784971e+02 +3.423984971e+02 +3.423984971e+02 -4.9999e+00 +1.5284e+00 -3.6558e+00 -1.2726e+00 -9.5810e-01
472 0 +1.332327591e+02 +1.332327591e+02 +2.651527591e+02 +2.651527591e+02 -4.9999e+00 +1.5284e+00 -3.8062e+00 -1.2725e+00 -9.2587e-01
502 0 +1.119080203e+02 +1.119080203e+02 +2.438280203e+02 +2.438280203e+02 -4.9999e+00 +1.5282e+00 -3.8236e+00 -1.2724e+00 -9.5933e-01
504 0 +9.598541769e+01 +9.598541769e+01 +2.279054177e+02 +2.279054177e+02 -4.9999e+00 +1.5343e+00 -3.7641e+00 -1.2724e+00 -1.0253e+00
509 0 +7.193238590e+01 +7.193238590e+01 +2.038523859e+02 +2.038523859e+02 -4.9999e+00 +1.5100e+00 -3.8713e+00 -1.2731e+00 -9.7375e-01
524 0 +6.396888879e+01 +6.396888879e+01 +1.958888888e+02 +1.958888888e+02 -5.0000e+00 +1.5045e+00 -3.8706e+00 -1.2732e+00 -9.8744e-01
525 0 +6.240837320e+01 +6.240837320e+01 +1.943283732e+02 +1.943283732e+02 -4.9999e+00 +1.4996e+00 -3.9017e+00 -1.2733e+00 -9.7550e-01
556 0 +5.544853049e+01 +5.544853049e+01 +1.873685305e+02 +1.873685305e+02 -4.9999e+00 +1.5206e+00 -3.8872e+00 -1.2730e+00 -1.0157e+00
572 0 +5.059538800e+01 +5.059538800e+01 +1.825153880e+02 +1.825153880e+02 -4.9999e+00 +1.5126e+00 -3.8886e+00 -1.2730e+00 -1.0298e+00
597 0 +4.967486743e+01 +4.967486743e+01 +1.815948674e+02 +1.815948674e+02 -4.9999e+00 +1.5203e+00 -3.8623e+00 -1.2730e+00 -1.0328e+00
609 0 +4.833473499e+01 +4.833473499e+01 +1.802547350e+02 +1.802547350e+02 -5.0000e+00 +1.5260e+00 -3.8530e+00 -1.2730e+00 -1.0438e+00
615 0 +4.655617400e+01 +4.655617400e+01 +1.784761740e+02 +1.784761740e+02 -4.9999e+00 +1.5223e+00 -3.8738e+00 -1.2729e+00 -1.0494e+00
626 0 +4.530699343e+01 +4.530699343e+01 +1.772269934e+02 +1.772269934e+02 -4.9999e+00 +1.5198e+00 -3.8738e+00 -1.2730e+00 -1.0580e+00
636 0 +4.428001479e+01 +4.428001479e+01 +1.762000148e+02 +1.762000148e+02 -4.9999e+00 +1.5211e+00 -3.8689e+00 -1.2729e+00 -1.0589e+00
638 0 +4.270207388e+01 +4.270207388e+01 +1.746220739e+02 +1.746220739e+02 -4.9999e+00 +1.5216e+00 -3.8635e+00 -1.2729e+00 -1.0682e+00
675 0 +4.135785557e+01 +4.135785557e+01 +1.732778556e+02 +1.732778556e+02 -4.9999e+00 +1.5211e+00 -3.8555e+00 -1.2729e+00 -1.0697e+00
698 0 +4.026737670e+01 +4.026737670e+01 +1.721873767e+02 +1.721873767e+02 -4.9999e+00 +1.5212e+00 -3.8539e+00 -1.2729e+00 -1.0764e+00
709 0 +3.935195832e+01 +3.935195832e+01 +1.712719583e+02 +1.712719583e+02 -4.9999e+00 +1.5214e+00 -3.8546e+00 -1.2729e+00 -1.0912e+00
729 0 +3.880075990e+01 +3.880075990e+01 +1.707207599e+02 +1.707207599e+02 -4.9999e+00 +1.5213e+00 -3.8533e+00 -1.2729e+00 -1.0948e+00
730 0 +3.765947312e+01 +3.765947312e+01 +1.695794731e+02 +1.695794731e+02 -4.9999e+00 +1.5219e+00 -3.8479e+00 -1.2729e+00 -1.0890e+00
739 0 +3.585346237e+01 +3.585346237e+01 +1.677734624e+02 +1.677734624e+02 -4.9999e+00 +1.5214e+00 -3.8448e+00 -1.2729e+00 -1.0954e+00
782 0 +3.533686521e+01 +3.533686521e+01 +1.672568652e+02 +1.672568652e+02 -4.9999e+00 +1.5212e+00 -3.8446e+00 -1.2729e+00 -1.0989e+00
796 0 +3.322306203e+01 +3.322306203e+01 +1.651430620e+02 +1.651430620e+02 -4.9999e+00 +1.5213e+00 -3.8380e+00 -1.2729e+00 -1.0996e+00
833 0 +3.219402813e+01 +3.219402813e+01 +1.641140281e+02 +1.641140281e+02 -4.9999e+00 +1.5214e+00 -3.8344e+00 -1.2729e+00 -1.1007e+00
837 0 +3.085615512e+01 +3.085615512e+01 +1.627761551e+02 +1.627761551e+02 -4.9999e+00 +1.5214e+00 -3.8325e+00 -1.2729e+00 -1.1047e+00
900 0 +2.959900826e+01 +2.959900826e+01 +1.615190083e+02 +1.615190083e+02 -4.9999e+00 +1.5214e+00 -3.8276e+00 -1.2729e+00 -1.1067e+00
913 0 +2.933238569e+01 +2.933238569e+01 +1.612523857e+02 +1.612523857e+02 -4.9999e+00 +1.5214e+00 -3.8301e+00 -1.2729e+00 -1.1094e+00
944 0 +2.872908470e+01 +2.872908470e+01 +1.606490847e+02 +1.606490847e+02 -4.9999e+00 +1.5214e+00 -3.8298e+00 -1.2729e+00 -1.1123e+00
987 0 +2.793265759e+01 +2.793265759e+01 +1.598526576e+02 +1.598526576e+02 -4.9999e+00 +1.5214e+00 -3.8283e+00 -1.2729e+00 -1.1150e+00
1041 0 +2.752285009e+01 +2.752285009e+01 +1.594428501e+02 +1.594428501e+02 -4.9999e+00 +1.5214e+00 -3.8286e+00 -1.2729e+00 -1.1186e+00
1183 0 +2.686890577e+01 +2.686890577e+01 +1.587889058e+02 +1.587889058e+02 -4.9999e+00 +1.5214e+00 -3.8280e+00 -1.2729e+00 -1.1242e+00
1773 0 +2.628575759e+01 +2.628575759e+01 +1.582057576e+02 +1.582057576e+02 -4.9999e+00 +1.5214e+00 -3.8270e+00 -1.2729e+00 -1.1316e+00
2451 0 +2.569132172e+01 +2.569132172e+01 +1.576113217e+02 +1.576113217e+02 -4.9999e+00 +1.5214e+00 -3.8251e+00 -1.2729e+00 -1.1316e+00
2860 0 +2.508738810e+01 +2.508738810e+01 +1.570073881e+02 +1.570073881e+02 -4.9999e+00 +1.5214e+00 -3.8225e+00 -1.2729e+00 -1.1316e+00
3124 0 +2.454529949e+01 +2.454529949e+01 +1.564652995e+02 +1.564652995e+02 -4.9999e+00 +1.5214e+00 -3.8191e+00 -1.2729e+00 -1.1316e+00
3650 0 +2.398701926e+01 +2.398701926e+01 +1.559070193e+02 +1.559070193e+02 -4.9999e+00 +1.5214e+00 -3.8100e+00 -1.2729e+00 -1.1316e+00
% f evaluations | g evaluations | best noise-free fitness - Fopt | noise-free fitness - Fopt (5.908400000000e+02) | measured fitness | best measured fitness | x1 | x2...
1 0 +6.216881612e+04 +6.216881612e+04 +6.275965612e+04 +6.275965612e+04 +3.7549e+00 -1.9718e+00 -3.2921e+00 -3.3196e+00 -4.2722e-01
26 0 +9.496615682e+01 +9.496615682e+01 +6.858061568e+02 +6.858061568e+02 -4.1220e-01 -4.2346e+00 -4.9497e+00 -3.0584e+00 -4.5445e+00
53 0 +6.796749353e+01 +6.796749353e+01 +6.588074935e+02 +6.588074935e+02 +1.7373e-01 -5.0000e+00 -5.0000e+00 -3.1764e+00 -2.0724e+00
54 0 +6.675986208e+01 +6.675986208e+01 +6.575998621e+02 +6.575998621e+02 -9.0013e-01 -3.2176e+00 -4.4703e+00 -2.3168e+00 -5.0000e+00
56 0 +5.076275428e+01 +5.076275428e+01 +6.416027543e+02 +6.416027543e+02 +2.4581e-01 -5.0000e+00 -5.0000e+00 -3.0075e+00 -4.7909e-01
110 0 +4.483949961e+01 +4.483949961e+01 +6.356794996e+02 +6.356794996e+02 +7.0424e-01 -5.0000e+00 -5.0000e+00 -2.6319e+00 -7.5157e-01
116 0 +4.312352407e+01 +4.312352407e+01 +6.339635241e+02 +6.339635241e+02 +1.3048e-01 -4.8579e+00 -5.0000e+00 -2.8442e+00 +8.3636e-01
122 0 +4.026102825e+01 +4.026102825e+01 +6.311010282e+02 +6.311010282e+02 +1.2139e+00 -4.2736e+00 -5.0000e+00 -2.9736e+00 -1.6272e+00
130 0 +3.969325980e+01 +3.969325980e+01 +6.305332598e+02 +6.305332598e+02 +1.0943e+00 -4.9776e+00 -5.0000e+00 -2.7428e+00 -5.0005e-02
134 0 +3.105107151e+01 +3.105107151e+01 +6.218910715e+02 +6.218910715e+02 +1.3266e+00 -4.9321e+00 -5.0000e+00 -2.6564e+00 +1.4817e+00
155 0 +2.970732929e+01 +2.970732929e+01 +6.205473293e+02 +6.205473293e+02 +1.3436e+00 -4.9423e+00 -5.0000e+00 -2.5813e+00 +1.3802e+00
168 0 +2.760505249e+01 +2.760505249e+01 +6.184450525e+02 +6.184450525e+02 +1.8488e+00 -4.8848e+00 -5.0000e+00 -2.7447e+00 +1.0571e+00
188 0 +2.503155572e+01 +2.503155572e+01 +6.158715557e+02 +6.158715557e+02 +1.7997e+00 -4.9137e+00 -5.0000e+00 -2.4507e+00 +1.5826e+00
194 0 +2.329811534e+01 +2.329811534e+01 +6.141381153e+02 +6.141381153e+02 +2.1979e+00 -4.9472e+00 -4.7966e+00 -2.2475e+00 +6.7271e-01
211 0 +2.276329752e+01 +2.276329752e+01 +6.136032975e+02 +6.136032975e+02 +1.9938e+00 -4.9377e+00 -4.7174e+00 -2.2200e+00 +1.0618e+00
227 0 +2.218316473e+01 +2.218316473e+01 +6.130231647e+02 +6.130231647e+02 +2.3214e+00 -4.9606e+00 -4.6992e+00 -2.1884e+00 +9.8153e-01
241 0 +2.033076719e+01 +2.033076719e+01 +6.111707672e+02 +6.111707672e+02 +2.8036e+00 -4.9436e+00 -4.7739e+00 -1.8053e+00 +6.2212e-01
262 0 +1.911317962e+01 +1.911317962e+01 +6.099531796e+02 +6.099531796e+02 +2.7183e+00 -4.9436e+00 -4.7260e+00 -1.5973e+00 +4.2261e-01
277 0 +1.869375632e+01 +1.869375632e+01 +6.095337563e+02 +6.095337563e+02 +2.8421e+00 -4.9437e+00 -4.7533e+00 -1.6038e+00 +5.7065e-01
284 0 +1.860237009e+01 +1.860237009e+01 +6.094423701e+02 +6.094423701e+02 +2.7362e+00 -4.9466e+00 -4.8543e+00 -1.4930e+00 +6.5597e-01
292 0 +1.770644859e+01 +1.770644859e+01 +6.085464486e+02 +6.085464486e+02 +2.7338e+00 -4.9429e+00 -4.7951e+00 -1.4720e+00 +6.1557e-01
294 0 +1.622726262e+01 +1.622726262e+01 +6.070672626e+02 +6.070672626e+02 +2.4401e+00 -4.9337e+00 -4.8047e+00 -1.3275e+00 +6.1813e-01
312 0 +1.593561399e+01 +1.593561399e+01 +6.067756140e+02 +6.067756140e+02 +2.4885e+00 -4.9303e+00 -4.8023e+00 -1.2959e+00 +6.1081e-01
319 0 +1.457943784e+01 +1.457943784e+01 +6.054194378e+02 +6.054194378e+02 +2.4465e+00 -4.9399e+00 -4.7976e+00 -1.2480e+00 +8.3773e-01
354 0 +1.440806822e+01 +1.440806822e+01 +6.052480682e+02 +6.052480682e+02 +2.4403e+00 -4.9372e+00 -4.8051e+00 -1.1709e+00 +7.8278e-01
373 0 +1.404202962e+01 +1.404202962e+01 +6.048820296e+02 +6.048820296e+02 +2.4614e+00 -4.9367e+00 -4.8043e+00 -1.1501e+00 +8.4942e-01
395 0 +1.364575865e+01 +1.364575865e+01 +6.044857587e+02 +6.044857587e+02 +2.3208e+00 -4.9362e+00 -4.8059e+00 -9.8395e-01 +8.0942e-01
445 0 +1.343478165e+01 +1.343478165e+01 +6.042747816e+02 +6.042747816e+02 +2.3107e+00 -4.9363e+00 -4.8057e+00 -9.9918e-01 +8.5491e-01
% f evaluations | g evaluations | best noise-free fitness - Fopt | noise-free fitness - Fopt (6.749000000000e+01) | measured fitness | best measured fitness | x1 | x2...
1 0 +6.835030471e+01 +6.835030471e+01 +1.358403047e+02 +1.358403047e+02 -6.9693e-01 +7.7198e-01 -2.2698e+00 +3.1709e+00 +2.5112e+00
13 0 +6.781001284e+01 +6.781001284e+01 +1.353000128e+02 +1.353000128e+02 -5.4237e-01 -1.1652e+00 -2.4059e+00 +1.2599e+00 +5.1379e-01
65 0 +3.858805748e+01 +3.858805748e+01 +1.060780575e+02 +1.060780575e+02 -6.8178e-01 -1.1490e+00 -7.8188e-01 +1.5185e+00 +1.1584e+00
100 0 +3.445950678e+01 +3.445950678e+01 +1.019495068e+02 +1.019495068e+02 -3.6679e-01 -1.1778e+00 -1.7492e+00 +1.4017e+00 +2.1358e+00
104 0 +2.988502218e+01 +2.988502218e+01 +9.737502218e+01 +9.737502218e+01 -3.4715e-01 -1.3860e+00 -1.8026e+00 +1.4516e+00 +2.7565e+00
110 0 +2.468782390e+01 +2.468782390e+01 +9.217782390e+01 +9.217782390e+01 -4.5465e-01 -1.1576e+00 -1.1803e+00 +1.3594e+00 +2.1507e+00
126 0 +2.434906066e+01 +2.434906066e+01 +9.183906066e+01 +9.183906066e+01 -4.0596e-01 -1.3795e+00 -1.6276e+00 +1.3764e+00 +3.3947e+00
127 0 +2.391120625e+01 +2.391120625e+01 +9.140120625e+01 +9.140120625e+01 -3.1670e-01 -1.1738e+00 -1.6873e+00 +2.9466e-01 +2.1695e+00
134 0 +2.130751403e+01 +2.130751403e+01 +8.879751403e+01 +8.879751403e+01 -5.0239e-01 -9.6921e-01 -1.1136e+00 +1.3577e+00 +2.9033e+00
156 0 +2.054645978e+01 +2.054645978e+01 +8.803645978e+01 +8.803645978e+01 -4.9872e-01 -1.1043e+00 -9.9514e-01 +1.3996e+00 +2.9290e+00
157 0 +1.523802322e+01 +1.523802322e+01 +8.272802322e+01 +8.272802322e+01 -6.7370e-01 -9.0481e-01 -9.3521e-01 +1.2743e+00 +3.0607e+00
171 0 +1.363152920e+01 +1.363152920e+01 +8.112152920e+01 +8.112152920e+01 -5.5653e-01 -8.3842e-01 -2.3048e-01 +1.4530e+00 +2.4481e+00
191 0 +1.277902089e+01 +1.277902089e+01 +8.026902089e+01 +8.026902089e+01 -6.2183e-01 -8.8313e-01 -5.7099e-01 +1.3080e+00 +2.9005e+00
208 0 +1.254320831e+01 +1.254320831e+01 +8.003320831e+01 +8.003320831e+01 -4.9245e-01 -9.0556e-01 -1.0338e+00 +7.3911e-01 +2.9494e+00
229 0 +1.210525578e+01 +1.210525578e+01 +7.959525578e+01 +7.959525578e+01 -4.9416e-01 -9.2924e-01 -1.1193e+00 +4.0947e-01 +3.0030e+00
231 0 +9.996879830e+00 +9.996879830e+00 +7.748687983e+01 +7.748687983e+01 -4.9252e-01 -9.1380e-01 -9.7214e-01 +2.7415e-01 +3.0035e+00
259 0 +9.727370756e+00 +9.727370756e+00 +7.721737076e+01 +7.721737076e+01 -4.9375e-01 -9.2095e-01 -9.8095e-01 +4.1039e-01 +3.1059e+00
262 0 +8.308649309e+00 +8.308649309e+00 +7.579864931e+01 +7.579864931e+01 -4.9363e-01 -9.1749e-01 -9.8346e-01 +3.5533e-01 +3.2185e+00
292 0 +6.956179917e+00 +6.956179917e+00 +7.444617992e+01 +7.444617992e+01 -4.9258e-01 -9.0056e-01 -9.6169e-01 +2.6694e-01 +3.4026e+00
312 0 +6.683448354e+00 +6.683448354e+00 +7.417344835e+01 +7.417344835e+01 -4.9261e-01 -9.0496e-01 -9.5027e-01 +1.6854e-01 +3.4404e+00
372 0 +6.562384149e+00 +6.562384149e+00 +7.405238415e+01 +7.405238415e+01 -4.9422e-01 -8.9385e-01 -9.5903e-01 +6.7339e-02 +3.4517e+00
373 0 +5.964012428e+00 +5.964012428e+00 +7.345401243e+01 +7.345401243e+01 -4.9169e-01 -8.9414e-01 -9.5315e-01 -4.2509e-02 +3.5873e+00
6398 0 +5.888006586e+00 +5.888006586e+00 +7.337800659e+01 +7.337800659e+01 -4.9161e-01 -9.3540e-01 -9.5276e-01 -4.4832e-02 +3.5910e+00
7653 0 +5.754179691e+00 +5.754179691e+00 +7.324417969e+01 +7.324417969e+01 -4.9161e-01 -1.0698e+00 -9.5276e-01 -4.4832e-02 +3.5910e+00
% f evaluations | g evaluations | best noise-free fitness - Fopt | noise-free fitness - Fopt (3.085000000000e+01) | measured fitness | best measured fitness | x1 | x2...
1 0 +5.945522861e+05 +5.945522861e+05 +5.945831361e+05 +5.945831361e+05 -4.4569e+00 +9.7665e-01 +2.6852e+00 -3.5542e+00 -1.6591e+00
2 0 +1.651122550e+05 +1.651122550e+05 +1.651431050e+05 +1.651431050e+05 +1.8940e+00 +1.3792e+00 -1.8389e+00 -4.9585e-01 -1.5251e+00
7 0 +2.626788928e+04 +2.626788928e+04 +2.629873928e+04 +2.629873928e+04 +3.5059e+00 -4.7173e+00 -5.4034e-01 +3.8550e+00 +1.4798e+00
11 0 +1.945971168e+02 +1.945971168e+02 +2.254471168e+02 +2.254471168e+02 +3.7533e+00 +1.9890e+00 -1.0053e+00 +3.9489e+00 +1.9775e+00
27 0 +5.437388157e+01 +5.437388157e+01 +8.522388157e+01 +8.522388157e+01 +3.5939e+00 +2.9217e-01 -6.5139e-02 -9.8002e-01 +3.9770e+00
36 0 +2.832822773e+01 +2.832822773e+01 +5.917822773e+01 +5.917822773e+01 +3.4073e+00 -3.3108e+00 -1.6282e+00 +2.1498e+00 +1.6696e+00
75 0 +2.467510365e+01 +2.467510365e+01 +5.552510365e+01 +5.552510365e+01 +3.5526e+00 -2.3345e+00 -1.0038e+00 +3.0863e-01 +1.0485e+00
87 0 +2.364280305e+01 +2.364280305e+01 +5.449280305e+01 +5.449280305e+01 +3.2401e+00 -2.7540e+00 -9.6758e-01 +1.2641e+00 +2.0070e+00
105 0 +1.911331711e+01 +1.911331711e+01 +4.996331711e+01 +4.996331711e+01 +3.7359e+00 -3.9658e+00 -1.2385e+00 +1.4307e+00 +2.0766e+00
128 0 +1.783469374e+01 +1.783469374e+01 +4.868469374e+01 +4.868469374e+01 +3.7705e+00 -2.9141e+00 -9.0227e-01 +7.7512e-01 +1.6869e+00
157 0 +1.533052920e+01 +1.533052920e+01 +4.618052920e+01 +4.618052920e+01 +3.7535e+00 -3.1851e+00 -1.2059e+00 +6.7651e-01 +1.5258e+00
158 0 +1.289507088e+01 +1.289507088e+01 +4.374507088e+01 +4.374507088e+01 +3.6966e+00 -3.3100e+00 -8.6916e-01 +7.9175e-01 +1.6328e+00
166 0 +1.271782107e+01 +1.271782107e+01 +4.356782107e+01 +4.356782107e+01 +3.6882e+00 -2.9298e+00 -4.5292e-01 +5.0488e-01 +1.7594e+00
182 0 +1.122003327e+01 +1.122003327e+01 +4.207003327e+01 +4.207003327e+01 +3.6991e+00 -3.9093e+00 -9.1628e-01 +6.4748e-01 +1.6555e+00
220 0 +9.236222894e+00 +9.236222894e+00 +4.008622289e+01 +4.008622289e+01 +3.8380e+00 -3.8116e+00 -9.1860e-01 +3.3758e-01 +1.6143e+00
243 0 +7.124105457e+00 +7.124105457e+00 +3.797410546e+01 +3.797410546e+01 +3.6349e+00 -3.9802e+00 -9.1875e-01 +1.2295e-01 +1.6791e+00
280 0 +7.039586665e+00 +7.039586665e+00 +3.788958667e+01 +3.788958667e+01 +3.6645e+00 -3.9810e+00 -9.2364e-01 +1.2113e-01 +1.6777e+00
297 0 +6.839906155e+00 +6.839906155e+00 +3.768990615e+01 +3.768990615e+01 +3.6747e+00 -3.9193e+00 -9.1978e-01 -1.6039e-03 +1.6892e+00
357 0 +6.603246229e+00 +6.603246229e+00 +3.745324623e+01 +3.745324623e+01 +3.6906e+00 -3.8782e+00 -8.6695e-01 -1.0003e-01 +1.6835e+00
374 0 +6.336472007e+00 +6.336472007e+00 +3.718647201e+01 +3.718647201e+01 +3.6905e+00 -3.8941e+00 -8.4159e-01 -1.8134e-01 +1.6819e+00
416 0 +6.228147734e+00 +6.228147734e+00 +3.707814773e+01 +3.707814773e+01 +3.6934e+00 -3.9047e+00 -8.2697e-01 -2.0466e-01 +1.6815e+00
424 0 +6.154046802e+00 +6.154046802e+00 +3.700404680e+01 +3.700404680e+01 +3.6913e+00 -3.8788e+00 -8.2320e-01 -2.3089e-01 +1.6808e+00
456 0 +6.025340692e+00 +6.025340692e+00 +3.687534069e+01 +3.687534069e+01 +3.6907e+00 -3.8977e+00 -8.2883e-01 -2.5972e-01 +1.6821e+00
467 0 +5.847868058e+00 +5.847868058e+00 +3.669786806e+01 +3.669786806e+01 +3.6908e+00 -3.8977e+00 -8.2699e-01 -3.0088e-01 +1.6818e+00
485 0 +5.668020965e+00 +5.668020965e+00 +3.651802096e+01 +3.651802096e+01 +3.6908e+00 -3.8990e+00 -8.2559e-01 -3.4011e-01 +1.6821e+00
490 0 +5.503158126e+00 +5.503158126e+00 +3.635315813e+01 +3.635315813e+01 +3.6910e+00 -3.8994e+00 -8.2410e-01 -3.7544e-01 +1.6819e+00
521 0 +5.479879290e+00 +5.479879290e+00 +3.632987929e+01 +3.632987929e+01 +3.6911e+00 -3.8983e+00 -8.2256e-01 -4.0669e-01 +1.6820e+00
532 0 +5.356188888e+00 +5.356188888e+00 +3.620618889e+01 +3.620618889e+01 +3.6914e+00 -3.8993e+00 -8.0881e-01 -4.6051e-01 +1.6819e+00
576 0 +5.201537125e+00 +5.201537125e+00 +3.605153713e+01 +3.605153713e+01 +3.6918e+00 -3.8998e+00 -8.0682e-01 -4.6246e-01 +1.6819e+00
611 0 +5.088268460e+00 +5.088268460e+00 +3.593826846e+01 +3.593826846e+01 +3.6916e+00 -3.8993e+00 -8.0275e-01 -4.5622e-01 +1.6819e+00
626 0 +4.994455183e+00 +4.994455183e+00 +3.584445518e+01 +3.584445518e+01 +3.6915e+00 -3.8993e+00 -7.9861e-01 -4.7535e-01 +1.6809e+00
675 0 +4.874403916e+00 +4.874403916e+00 +3.572440392e+01 +3.572440392e+01 +3.6914e+00 -3.8993e+00 -7.9161e-01 -5.0034e-01 +1.6803e+00
1064 0 +4.786136560e+00 +4.786136560e+00 +3.563613656e+01 +3.563613656e+01 +3.6914e+00 -3.8992e+00 -7.8785e-01 -5.2097e-01 +1.6804e+00
3149 0 +4.674727714e+00 +4.674727714e+00 +3.552472771e+01 +3.552472771e+01 +3.6914e+00 -3.8992e+00 -7.3385e-01 -5.2106e-01 +1.6804e+00
3749 0 +4.570235823e+00 +4.570235823e+00 +3.542023582e+01 +3.542023582e+01 +3.6914e+00 -3.8992e+00 -6.7045e-01 -5.2106e-01 +1.6804e+00
4215 0 +4.464070974e+00 +4.464070974e+00 +3.531407097e+01 +3.531407097e+01 +3.6914e+00 -3.8992e+00 -5.8008e-01 -5.2106e-01 +1.6804e+00
% f evaluations | g evaluations | best noise-free fitness - Fopt | noise-free fitness - Fopt (-1.255000000000e+01) | measured fitness | best measured fitness | x1 | x2...
1 0 +6.448898028e+04 +6.448898028e+04 +6.447643028e+04 +6.447643028e+04 -1.3933e+00 -1.3104e+00 +2.3827e+00 +8.1787e-01 +3.6234e+00
13 0 +3.627692295e+04 +3.627692295e+04 +3.626437295e+04 +3.626437295e+04 +6.9946e-01 +4.8014e+00 +2.6687e+00 -2.6855e+00 +2.9867e+00
23 0 +5.809144352e+02 +5.809144352e+02 +5.683644352e+02 +5.683644352e+02 +3.5966e+00 +2.5661e+00 +3.6674e+00 +1.4214e+00 +2.6165e+00
50 0 +2.166597648e+02 +2.166597648e+02 +2.041097648e+02 +2.041097648e+02 +2.8913e+00 +3.2529e+00 +3.2121e+00 +1.3759e+00 +1.8658e+00
86 0 +2.689755403e+00 +2.689755403e+00 -9.860244597e+00 -9.860244597e+00 +2.5636e+00 +3.2507e+00 +3.3057e+00 +1.2369e+00 +1.8866e+00
155 0 +2.615943131e+00 +2.615943131e+00 -9.934056869e+00 -9.934056869e+00 +2.6184e+00 +3.2472e+00 +3.3108e+00 +1.2330e+00 +1.8816e+00
163 0 +2.526200731e+00 +2.526200731e+00 -1.002379927e+01 -1.002379927e+01 +2.5544e+00 +3.2828e+00 +3.3244e+00 +1.0328e+00 +1.8639e+00
167 0 +2.379972668e+00 +2.379972668e+00 -1.017002733e+01 -1.017002733e+01 +2.5725e+00 +3.0860e+00 +3.3313e+00 +1.2371e+00 +1.8569e+00
174 0 +1.866343181e+00 +1.866343181e+00 -1.068365682e+01 -1.068365682e+01 +2.5672e+00 +2.8776e+00 +3.2908e+00 +1.2074e+00 +1.8762e+00
209 0 +1.469020108e+00 +1.469020108e+00 -1.108097989e+01 -1.108097989e+01 +2.5637e+00 +2.9972e+00 +3.1838e+00 +1.2024e+00 +1.8129e+00
214 0 +1.432434924e+00 +1.432434924e+00 -1.111756508e+01 -1.111756508e+01 +2.5684e+00 +2.8881e+00 +3.1556e+00 +1.2591e+00 +1.8723e+00
261 0 +1.385901865e+00 +1.385901865e+00 -1.116409814e+01 -1.116409814e+01 +2.5682e+00 +2.8249e+00 +3.1567e+00 +1.2517e+00 +1.8349e+00
267 0 +1.356197144e+00 +1.356197144e+00 -1.119380286e+01 -1.119380286e+01 +2.5660e+00 +2.6921e+00 +3.0748e+00 +1.2401e+00 +1.8663e+00
314 0 +1.303775497e+00 +1.303775497e+00 -1.124622450e+01 -1.124622450e+01 +2.6133e+00 +2.6991e+00 +3.0781e+00 +1.2280e+00 +1.8674e+00
325 0 +1.253917530e+00 +1.253917530e+00 -1.129608247e+01 -1.129608247e+01 +2.5677e+00 +2.7578e+00 +2.9681e+00 +1.2413e+00 +1.8625e+00
392 0 +1.218157948e+00 +1.218157948e+00 -1.133184205e+01 -1.133184205e+01 +2.5685e+00 +2.7654e+00 +2.9169e+00 +1.2415e+00 +1.8586e+00
520 0 +1.201723450e+00 +1.201723450e+00 -1.134827655e+01 -1.134827655e+01 +2.5689e+00 +2.7150e+00 +2.8931e+00 +1.2412e+00 +1.8639e+00
838 0 +1.174043024e+00 +1.174043024e+00 -1.137595698e+01 -1.137595698e+01 +2.5761e+00 +2.7170e+00 +2.8932e+00 +1.2414e+00 +1.8639e+00
1143 0 +1.145782651e+00 +1.145782651e+00 -1.140421735e+01 -1.140421735e+01 +2.5831e+00 +2.7170e+00 +2.8932e+00 +1.2414e+00 +1.8639e+00
1414 0 +1.121045728e+00 +1.121045728e+00 -1.142895427e+01 -1.142895427e+01 +2.5890e+00 +2.7170e+00 +2.8932e+00 +1.2414e+00 +1.8639e+00
1563 0 +1.095466333e+00 +1.095466333e+00 -1.145453367e+01 -1.145453367e+01 +2.5949e+00 +2.7170e+00 +2.8932e+00 +1.2414e+00 +1.8639e+00
1767 0 +1.071432883e+00 +1.071432883e+00 -1.147856712e+01 -1.147856712e+01 +2.6004e+00 +2.7170e+00 +2.8932e+00 +1.2414e+00 +1.8639e+00
1925 0 +1.046736765e+00 +1.046736765e+00 -1.150326324e+01 -1.150326324e+01 +2.6061e+00 +2.7170e+00 +2.8932e+00 +1.2414e+00 +1.8639e+00
2079 0 +1.022365509e+00 +1.022365509e+00 -1.152763449e+01 -1.152763449e+01 +2.6116e+00 +2.7170e+00 +2.8932e+00 +1.2414e+00 +1.8639e+00
2231 0 +9.988292840e-01 +9.988292840e-01 -1.155117072e+01 -1.155117072e+01 +2.6171e+00 +2.7170e+00 +2.8932e+00 +1.2414e+00 +1.8639e+00
2361 0 +9.762276597e-01 +9.762276597e-01 -1.157377234e+01 -1.157377234e+01 +2.6224e+00 +2.7170e+00 +2.8932e+00 +1.2414e+00 +1.8639e+00
2448 0 +9.492234945e-01 +9.492234945e-01 -1.160077651e+01 -1.160077651e+01 +2.6289e+00 +2.7170e+00 +2.8932e+00 +1.2414e+00 +1.8639e+00
2528 0 +9.326582880e-01 +9.326582880e-01 -1.161734171e+01 -1.161734171e+01 +2.6331e+00 +2.7170e+00 +2.8932e+00 +1.2414e+00 +1.8639e+00
2614 0 +9.112518880e-01 +9.112518880e-01 -1.163874811e+01 -1.163874811e+01 +2.6387e+00 +2.7170e+00 +2.8932e+00 +1.2414e+00 +1.8639e+00
2722 0 +8.891245359e-01 +8.891245359e-01 -1.166087546e+01 -1.166087546e+01 +2.6448e+00 +2.7170e+00 +2.8932e+00 +1.2414e+00 +1.8639e+00
2820 0 +8.698262559e-01 +8.698262559e-01 -1.168017374e+01 -1.168017374e+01 +2.6504e+00 +2.7170e+00 +2.8932e+00 +1.2414e+00 +1.8639e+00
2912 0 +8.464228913e-01 +8.464228913e-01 -1.170357711e+01 -1.170357711e+01 +2.6578e+00 +2.7170e+00 +2.8932e+00 +1.2414e+00 +1.8639e+00
3021 0 +8.313513546e-01 +8.313513546e-01 -1.171864865e+01 -1.171864865e+01 +2.6630e+00 +2.7170e+00 +2.8932e+00 +1.2414e+00 +1.8639e+00
3125 0 +8.091511658e-01 +8.091511658e-01 -1.174084883e+01 -1.174084883e+01 +2.6716e+00 +2.7170e+00 +2.8932e+00 +1.2414e+00 +1.8639e+00
3233 0 +7.934217296e-01 +7.934217296e-01 -1.175657827e+01 -1.175657827e+01 +2.6786e+00 +2.7170e+00 +2.8932e+00 +1.2414e+00 +1.8639e+00
3342 0 +7.729437219e-01 +7.729437219e-01 -1.177705628e+01 -1.177705628e+01 +2.6896e+00 +2.7170e+00 +2.8932e+00 +1.2414e+00 +1.8639e+00
3568 0 +7.585018131e-01 +7.585018131e-01 -1.179149819e+01 -1.179149819e+01 +2.6998e+00 +2.7170e+00 +2.8932e+00 +1.2414e+00 +1.8639e+00
3795 0 +7.404694213e-01 +7.404694213e-01 -1.180953058e+01 -1.180953058e+01 +2.7200e+00 +2.7170e+00 +2.8932e+00 +1.2414e+00 +1.8639e+00
% f evaluations | g evaluations | best noise-free fitness - Fopt | noise-free fitness - Fopt (5.383900000000e+02) | measured fitness | best measured fitness | x1 | x2...
1 0 +1.438847438e+06 +1.438847438e+06 +1.439385828e+06 +1.439385828e+06 -2.2918e+00 -4.0040e+00 -2.8739e+00 +4.5213e+00 +2.6816e+00
2 0 +1.079771844e+06 +1.079771844e+06 +1.080310234e+06 +1.080310234e+06 -2.5922e+00 -4.2552e+00 +4.4224e+00 -3.9670e+00 -4.4631e-01
3 0 +5.902602790e+05 +5.902602790e+05 +5.907986690e+05 +5.907986690e+05 -4.2601e+00 +2.5161e+00 -3.6525e+00 +1.8422e+00 -4.7874e+00
5 0 +5.853003235e+05 +5.853003235e+05 +5.858387135e+05 +5.858387135e+05 -5.9040e-01 -5.3462e-01 +3.2282e+00 +4.2126e+00 -1.3063e+00
6 0 +7.113566176e+04 +7.113566176e+04 +7.167405176e+04 +7.167405176e+04 +3.0313e+00 +3.4719e+00 -3.0479e+00 +4.5547e+00 -4.0615e+00
8 0 +3.881297169e+04 +3.881297169e+04 +3.935136169e+04 +3.935136169e+04 +4.5064e+00 +4.4989e+00 -3.5032e+00 -4.4682e+00 +4.3899e+00
19 0 +3.331743609e+04 +3.331743609e+04 +3.385582609e+04 +3.385582609e+04 +2.7208e+00 +2.5084e+00 -1.8783e+00 -4.1385e+00 -3.8038e+00
35 0 +2.049424596e+02 +2.049424596e+02 +7.433324596e+02 +7.433324596e+02 +3.4495e+00 +4.4785e+00 -3.8027e+00 -4.1973e+00 -2.1250e+00
60 0 +1.749455651e+02 +1.749455651e+02 +7.133355651e+02 +7.133355651e+02 +2.8980e+00 +5.0000e+00 -3.7652e+00 -3.8267e+00 -2.1069e+00
71 0 +1.482729058e+02 +1.482729058e+02 +6.866629058e+02 +6.866629058e+02 +3.2942e+00 +4.0168e+00 -3.5822e+00 -3.4069e+00 -2.3760e+00
80 0 +1.260708076e+02 +1.260708076e+02 +6.644608076e+02 +6.644608076e+02 +3.4471e+00 +5.0000e+00 -2.5208e+00 -2.5385e+00 -3.0946e+00
92 0 +1.195876864e+02 +1.195876864e+02 +6.579776864e+02 +6.579776864e+02 +3.9983e+00 +4.6379e+00 -3.6685e+00 -2.2483e+00 -6.5237e-01
108 0 +1.141927915e+02 +1.141927915e+02 +6.525827915e+02 +6.525827915e+02 +3.8435e+00 +4.6231e+00 -3.5885e+00 -1.9518e+00 -5.5561e-01
110 0 +9.117699383e+01 +9.117699383e+01 +6.295669938e+02 +6.295669938e+02 +4.1091e+00 +4.7164e+00 -3.6496e+00 -5.7883e-01 -8.3333e-01
122 0 +8.877910790e+01 +8.877910790e+01 +6.271691079e+02 +6.271691079e+02 +2.9197e+00 +4.1780e+00 -3.7034e+00 -1.6537e+00 -6.8171e-01
155 0 +8.063627667e+01 +8.063627667e+01 +6.190262767e+02 +6.190262767e+02 +2.8731e+00 +4.2139e+00 -3.7931e+00 -1.3011e+00 -7.2213e-01
208 0 +7.814715534e+01 +7.814715534e+01 +6.165371553e+02 +6.165371553e+02 +2.7370e+00 +4.2141e+00 -3.6384e+00 -1.4504e+00 -4.1339e-01
213 0 +7.754534832e+01 +7.754534832e+01 +6.159353483e+02 +6.159353483e+02 +2.7643e+00 +4.2554e+00 -3.6397e+00 -1.3959e+00 -4.2777e-01
223 0 +7.509259617e+01 +7.509259617e+01 +6.134825962e+02 +6.134825962e+02 +2.7710e+00 +4.1823e+00 -3.6324e+00 -1.3130e+00 -4.6522e-01
246 0 +7.367862414e+01 +7.367862414e+01 +6.120686241e+02 +6.120686241e+02 +2.7532e+00 +4.2433e+00 -3.1704e+00 -1.4608e+00 -5.0770e-01
262 0 +6.797981860e+01 +6.797981860e+01 +6.063698186e+02 +6.063698186e+02 +2.4172e+00 +4.2329e+00 -2.7850e+00 -1.5256e+00 -4.8135e-01
311 0 +6.734920281e+01 +6.734920281e+01 +6.057392028e+02 +6.057392028e+02 +2.4287e+00 +4.2306e+00 -2.6878e+00 -1.5213e+00 -4.8158e-01
342 0 +6.413589774e+01 +6.413589774e+01 +6.025258977e+02 +6.025258977e+02 +2.1115e+00 +4.2338e+00 -2.6856e+00 -1.4764e+00 -4.7249e-01
363 0 +6.211806389e+01 +6.211806389e+01 +6.005080639e+02 +6.005080639e+02 +2.1135e+00 +4.2328e+00 -2.3300e+00 -1.4906e+00 -5.2703e-01
385 0 +6.053548591e+01 +6.053548591e+01 +5.989254859e+02 +5.989254859e+02 +1.9096e+00 +4.2331e+00 -2.2722e+00 -1.5007e+00 -4.9095e-01
422 0 +5.924875344e+01 +5.924875344e+01 +5.976387534e+02 +5.976387534e+02 +1.8728e+00 +4.2325e+00 -2.0971e+00 -1.5043e+00 -4.7590e-01
482 0 +5.858245138e+01 +5.858245138e+01 +5.969724514e+02 +5.969724514e+02 +1.8583e+00 +4.2326e+00 -2.0062e+00 -1.5040e+00 -4.5789e-01
521 0 +5.740051210e+01 +5.740051210e+01 +5.957905121e+02 +5.957905121e+02 +1.7542e+00 +4.2327e+00 -1.9133e+00 -1.5049e+00 -4.7883e-01
579 0 +5.622291296e+01 +5.622291296e+01 +5.946129130e+02 +5.946129130e+02 +1.6835e+00 +4.2328e+00 -1.7807e+00 -1.5055e+00 -4.7798e-01
1238 0 +5.494828293e+01 +5.494828293e+01 +5.933382829e+02 +5.933382829e+02 +1.5432e+00 +4.2327e+00 -1.6734e+00 -1.5055e+00 -4.8247e-01
% f evaluations | g evaluations | best noise-free fitness - Fopt | noise-free fitness - Fopt (-1.055600000000e+02) | measured fitness | best measured fitness | x1 | x2...
1 0 +4.224982917e+04 +4.224982917e+04 +4.214426917e+04 +4.214426917e+04 +3.6533e+00 -1.0037e+00 +3.7532e+00 +4.9110e+00 -4.9473e+00
14 0 +7.470130681e+03 +7.470130681e+03 +7.364570681e+03 +7.364570681e+03 -1.0177e-01 +2.3001e+00 +3.7859e+00 +3.9038e+00 +4.9244e-01
18 0 +2.747326754e+03 +2.747326754e+03 +2.641766754e+03 +2.641766754e+03 +9.2786e-01 +2.5696e+00 +2.4762e+00 +1.3455e+00 -1.8534e+00
22 0 +2.222345313e+02 +2.222345313e+02 +1.166745313e+02 +1.166745313e+02 +3.0839e+00 +4.3035e+00 +4.6413e+00 +2.5924e+00 -1.2594e+00
53 0 +1.935546603e+02 +1.935546603e+02 +8.799466025e+01 +8.799466025e+01 +2.5457e+00 +2.1674e+00 +5.0000e+00 +2.1733e+00 -6.8200e-01
67 0 +1.200477045e+02 +1.200477045e+02 +1.448770445e+01 +1.448770445e+01 +4.1201e+00 +4.5054e+00 +2.0285e+00 -1.7701e+00 -1.6224e+00
75 0 +1.132273799e+02 +1.132273799e+02 +7.667379923e+00 +7.667379923e+00 +3.2735e+00 +2.5974e+00 +2.0842e+00 +1.4757e+00 -1.7988e+00
108 0 +9.894150494e+01 +9.894150494e+01 -6.618495065e+00 -6.618495065e+00 +3.2432e+00 +2.3928e+00 +2.9870e+00 +1.1570e+00 -2.1418e+00
114 0 +8.750911816e+01 +8.750911816e+01 -1.805088184e+01 -1.805088184e+01 +3.2635e+00 +2.7410e+00 +1.8971e+00 +1.1921e+00 -2.1571e+00
139 0 +7.632195612e+01 +7.632195612e+01 -2.923804388e+01 -2.923804388e+01 +3.0605e+00 +2.1725e+00 +2.2722e+00 +1.0349e+00 -2.0599e+00
160 0 +7.445483038e+01 +7.445483038e+01 -3.110516962e+01 -3.110516962e+01 +3.2112e+00 +2.0126e+00 +2.4902e+00 +1.0600e+00 -2.0529e+00
166 0 +7.075643816e+01 +7.075643816e+01 -3.480356184e+01 -3.480356184e+01 +3.0626e+00 +1.9032e+00 +2.3786e+00 +1.0621e+00 -2.1030e+00
177 0 +6.470047366e+01 +6.470047366e+01 -4.085952634e+01 -4.085952634e+01 +3.0612e+00 +1.6839e+00 +2.3202e+00 +1.0847e+00 -2.2677e+00
218 0 +6.398790687e+01 +6.398790687e+01 -4.157209313e+01 -4.157209313e+01 +3.0617e+00 +1.6606e+00 +2.3250e+00 +1.0797e+00 -2.3120e+00
278 0 +6.285717111e+01 +6.285717111e+01 -4.270282889e+01 -4.270282889e+01 +3.0719e+00 +1.6362e+00 +2.3063e+00 +1.0669e+00 -2.3790e+00
318 0 +6.154016941e+01 +6.154016941e+01 -4.401983059e+01 -4.401983059e+01 +3.0575e+00 +1.5603e+00 +2.3701e+00 +1.0882e+00 -2.4973e+00
428 0 +6.012211308e+01 +6.012211308e+01 -4.543788692e+01 -4.543788692e+01 +3.0575e+00 +1.5524e+00 +2.3401e+00 +1.0918e+00 -2.6769e+00
572 0 +5.877168797e+01 +5.877168797e+01 -4.678831203e+01 -4.678831203e+01 +3.0575e+00 +1.4976e+00 +2.3625e+00 +1.1026e+00 -2.8014e+00
690 0 +5.753673202e+01 +5.753673202e+01 -4.802326798e+01 -4.802326798e+01 +3.0575e+00 +1.4464e+00 +2.3632e+00 +1.1028e+00 -2.8271e+00
% f evaluations | g evaluations | best noise-free fitness - Fopt | noise-free fitness - Fopt (9.803000000000e+01) | measured fitness | best measured fitness | x1 | x2...
1 0 +1.827744121e+04 +1.827744121e+04 +1.837547121e+04 +1.837547121e+04 -1.9304e+00 -4.4870e+00 -4.9874e+00 -4.5670e+00 -3.5423e+00
16 0 +1.065658710e+02 +1.065658710e+02 +2.045958710e+02 +2.045958710e+02 -1.5686e-01 -9.4771e-01 +3.7814e+00 -2.5809e+00 -4.4924e+00
61 0 +2.315573966e+01 +2.315573966e+01 +1.211857397e+02 +1.211857397e+02 -1.5031e-01 -2.0930e+00 -6.2523e-01 -2.2058e+00 -4.6563e+00
103 0 +1.846591833e+01 +1.846591833e+01 +1.164959183e+02 +1.164959183e+02 -2.8697e-01 -1.9971e+00 -8.1004e-01 -1.6790e+00 -4.2015e+00
106 0 +1.168016908e+01 +1.168016908e+01 +1.097101691e+02 +1.097101691e+02 -1.8935e-01 -1.8500e+00 -1.7206e+00 -1.9295e+00 -4.1191e+00
143 0 +9.278692590e+00 +9.278692590e+00 +1.073086926e+02 +1.073086926e+02 -1.6591e-02 -2.2005e+00 -1.1388e+00 -1.2429e+00 -5.0000e+00
151 0 +7.396608027e+00 +7.396608027e+00 +1.054266080e+02 +1.054266080e+02 +7.6053e-02 -1.9243e+00 -1.3939e+00 -1.6261e+00 -5.0000e+00
155 0 +6.225362407e+00 +6.225362407e+00 +1.042553624e+02 +1.042553624e+02 +4.8487e-02 -1.9096e+00 -1.7738e+00 -1.6482e+00 -4.9848e+00
160 0 +5.312121234e+00 +5.312121234e+00 +1.033421212e+02 +1.033421212e+02 -5.1695e-02 -2.3399e+00 -2.0175e+00 -1.3114e+00 -4.9300e+00
172 0 +5.016148271e+00 +5.016148271e+00 +1.030461483e+02 +1.030461483e+02 -3.7796e-01 -1.9087e+00 -2.0932e+00 -1.6154e+00 -4.8443e+00
187 0 +3.712002843e+00 +3.712002843e+00 +1.017420028e+02 +1.017420028e+02 -1.0495e-01 -1.8328e+00 -2.1739e+00 -1.4851e+00 -4.8531e+00
210 0 +3.286874111e+00 +3.286874111e+00 +1.013168741e+02 +1.013168741e+02 -6.8961e-02 -1.8360e+00 -2.3472e+00 -1.4460e+00 -4.9692e+00
213 0 +3.201437225e+00 +3.201437225e+00 +1.012314372e+02 +1.012314372e+02 -1.0475e-01 -1.8708e+00 -2.2623e+00 -1.3871e+00 -4.7854e+00
221 0 +2.887737707e+00 +2.887737707e+00 +1.009177377e+02 +1.009177377e+02 -8.7578e-02 -2.0096e+00 -2.8209e+00 -1.5573e+00 -4.8514e+00
228 0 +2.585875288e+00 +2.585875288e+00 +1.006158753e+02 +1.006158753e+02 -2.3663e-01 -1.8546e+00 -2.5853e+00 -1.4851e+00 -4.8055e+00
259 0 +2.355015202e+00 +2.355015202e+00 +1.003850152e+02 +1.003850152e+02 -2.8168e-01 -1.8518e+00 -2.8184e+00 -1.4750e+00 -4.8214e+00
316 0 +2.314703023e+00 +2.314703023e+00 +1.003447030e+02 +1.003447030e+02 -2.9187e-01 -1.8151e+00 -2.8544e+00 -1.4748e+00 -4.8287e+00
323 0 +2.229350421e+00 +2.229350421e+00 +1.002593504e+02 +1.002593504e+02 -3.2343e-01 -1.8133e+00 -2.9113e+00 -1.4756e+00 -4.8231e+00
392 0 +2.174120359e+00 +2.174120359e+00 +1.002041204e+02 +1.002041204e+02 -3.3815e-01 -1.7994e+00 -2.8922e+00 -1.4659e+00 -4.8201e+00
416 0 +2.130025386e+00 +2.130025386e+00 +1.001600254e+02 +1.001600254e+02 -3.4741e-01 -1.7861e+00 -2.9104e+00 -1.4684e+00 -4.8131e+00
468 0 +2.085157025e+00 +2.085157025e+00 +1.001151570e+02 +1.001151570e+02 -3.7560e-01 -1.7892e+00 -2.9047e+00 -1.4661e+00 -4.8142e+00
523 0 +2.039008629e+00 +2.039008629e+00 +1.000690086e+02 +1.000690086e+02 -4.0026e-01 -1.8029e+00 -2.8988e+00 -1.4561e+00 -4.8176e+00
526 0 +1.993811755e+00 +1.993811755e+00 +1.000238118e+02 +1.000238118e+02 -4.1437e-01 -1.8049e+00 -2.9005e+00 -1.4510e+00 -4.8149e+00
664 0 +1.944393666e+00 +1.944393666e+00 +9.997439367e+01 +9.997439367e+01 -4.3681e-01 -1.8039e+00 -2.9006e+00 -1.4450e+00 -4.8145e+00
734 0 +1.904943646e+00 +1.904943646e+00 +9.993494365e+01 +9.993494365e+01 -4.4973e-01 -1.8039e+00 -2.9006e+00 -1.4378e+00 -4.8145e+00
987 0 +1.861053714e+00 +1.861053714e+00 +9.989105371e+01 +9.989105371e+01 -4.5863e-01 -1.8039e+00 -2.9006e+00 -1.4282e+00 -4.8145e+00
1195 0 +1.817849351e+00 +1.817849351e+00 +9.984784935e+01 +9.984784935e+01 -4.5895e-01 -1.8039e+00 -2.9006e+00 -1.4162e+00 -4.8145e+00
1341 0 +1.777484076e+00 +1.777484076e+00 +9.980748408e+01 +9.980748408e+01 -4.5896e-01 -1.8039e+00 -2.9006e+00 -1.4041e+00 -4.8145e+00
1410 0 +1.734109942e+00 +1.734109942e+00 +9.976410994e+01 +9.976410994e+01 -4.5895e-01 -1.8039e+00 -2.9006e+00 -1.3898e+00 -4.8145e+00
1507 0 +1.693386891e+00 +1.693386891e+00 +9.972338689e+01 +9.972338689e+01 -4.5895e-01 -1.8039e+00 -2.9006e+00 -1.3746e+00 -4.8145e+00
18251 0 +1.659425534e+00 +1.659425534e+00 +9.968942553e+01 +9.968942553e+01 -4.7447e-01 -1.8039e+00 -2.9006e+00 -1.3674e+00 -4.8145e+00
19300 0 +1.621609308e+00 +1.621609308e+00 +9.965160931e+01 +9.965160931e+01 -5.3772e-01 -1.8039e+00 -2.9006e+00 -1.3674e+00 -4.8145e+00
% f evaluations | g evaluations | best noise-free fitness - Fopt | noise-free fitness - Fopt (1.000000000000e+03) | measured fitness | best measured fitness | x1 | x2...
1 0 +6.032302310e+05 +6.032302310e+05 +6.042302310e+05 +6.042302310e+05 -3.9134e+00 -4.7857e+00 -1.1836e+00 +4.6017e+00 -7.9311e-01
2 0 +1.058460698e+04 +1.058460698e+04 +1.158460698e+04 +1.158460698e+04 +7.2469e-01 -1.7741e+00 -1.0510e+00 -2.8780e+00 +3.2979e+00
12 0 +2.152590270e+02 +2.152590270e+02 +1.215259027e+03 +1.215259027e+03 -3.5918e-02 +2.0622e+00 +3.1846e+00 -3.8357e+00 +2.3837e+00
33 0 +6.976330473e+01 +6.976330473e+01 +1.069763305e+03 +1.069763305e+03 -1.2815e-01 -2.1636e+00 +9.6531e-01 -4.1555e+00 +2.8739e+00
59 0 +2.375064535e+01 +2.375064535e+01 +1.023750645e+03 +1.023750645e+03 -3.5477e+00 -3.0859e+00 +4.1112e+00 -2.6749e+00 +3.4226e+00
175 0 +2.314507668e+01 +2.314507668e+01 +1.023145077e+03 +1.023145077e+03 -3.7017e+00 -2.9840e+00 +4.2846e+00 -2.5887e+00 +3.2172e+00
209 0 +2.262207725e+01 +2.262207725e+01 +1.022622077e+03 +1.022622077e+03 -3.7260e+00 -2.9968e+00 +4.2037e+00 -2.5462e+00 +3.1694e+00
211 0 +2.179049822e+01 +2.179049822e+01 +1.021790498e+03 +1.021790498e+03 -3.7462e+00 -2.1923e+00 +4.2328e+00 -2.5543e+00 +3.1726e+00
262 0 +2.049682635e+01 +2.049682635e+01 +1.020496826e+03 +1.020496826e+03 -3.7633e+00 -2.4133e+00 +4.1594e+00 -2.5161e+00 +3.1310e+00
318 0 +2.016213271e+01 +2.016213271e+01 +1.020162133e+03 +1.020162133e+03 -3.7319e+00 -2.2873e+00 +4.1188e+00 -2.5155e+00 +3.1121e+00
322 0 +1.977155652e+01 +1.977155652e+01 +1.019771557e+03 +1.019771557e+03 -3.8147e+00 -1.9559e+00 +4.1298e+00 -2.4687e+00 +3.1118e+00
341 0 +1.938544331e+01 +1.938544331e+01 +1.019385443e+03 +1.019385443e+03 -3.7617e+00 -2.3553e+00 +4.0818e+00 -2.5008e+00 +3.0945e+00
365 0 +1.897243437e+01 +1.897243437e+01 +1.018972434e+03 +1.018972434e+03 -3.7621e+00 -2.1587e+00 +4.0252e+00 -2.4987e+00 +3.0881e+00
422 0 +1.861084358e+01 +1.861084358e+01 +1.018610844e+03 +1.018610844e+03 -3.7649e+00 -2.3739e+00 +4.0187e+00 -2.4808e+00 +3.0866e+00
481 0 +1.818894939e+01 +1.818894939e+01 +1.018188949e+03 +1.018188949e+03 -3.7614e+00 -2.3639e+00 +3.9721e+00 -2.4902e+00 +3.0604e+00
631 0 +1.773778546e+01 +1.773778546e+01 +1.017737785e+03 +1.017737785e+03 -3.7613e+00 -2.3631e+00 +3.8759e+00 -2.4901e+00 +3.0639e+00
3539 0 +1.737532473e+01 +1.737532473e+01 +1.017375325e+03 +1.017375325e+03 -3.7613e+00 -2.3639e+00 +3.8642e+00 -2.4899e+00 +3.0360e+00
4703 0 +1.697703784e+01 +1.697703784e+01 +1.016977038e+03 +1.016977038e+03 -3.7613e+00 -2.3639e+00 +3.8642e+00 -2.4899e+00 +2.9988e+00
5306 0 +1.658357043e+01 +1.658357043e+01 +1.016583570e+03 +1.016583570e+03 -3.7613e+00 -2.3639e+00 +3.8642e+00 -2.4899e+00 +2.9602e+00
5616 0 +1.618240014e+01 +1.618240014e+01 +1.016182400e+03 +1.016182400e+03 -3.7613e+00 -2.3639e+00 +3.8642e+00 -2.4899e+00 +2.9185e+00
5895 0 +1.582930182e+01 +1.582930182e+01 +1.015829302e+03 +1.015829302e+03 -3.7613e+00 -2.3639e+00 +3.8642e+00 -2.4899e+00 +2.8792e+00
6257 0 +1.545892798e+01 +1.545892798e+01 +1.015458928e+03 +1.015458928e+03 -3.7613e+00 -2.3639e+00 +3.8642e+00 -2.4899e+00 +2.8345e+00
6453 0 +1.511388924e+01 +1.511388924e+01 +1.015113889e+03 +1.015113889e+03 -3.7613e+00 -2.3639e+00 +3.8642e+00 -2.4899e+00 +2.7888e+00
6655 0 +1.478770896e+01 +1.478770896e+01 +1.014787709e+03 +1.014787709e+03 -3.7613e+00 -2.3639e+00 +3.8642e+00 -2.4899e+00 +2.7406e+00
6773 0 +1.442636044e+01 +1.442636044e+01 +1.014426360e+03 +1.014426360e+03 -3.7613e+00 -2.3639e+00 +3.8642e+00 -2.4899e+00 +2.6793e+00
6968 0 +1.407349391e+01 +1.407349391e+01 +1.014073494e+03 +1.014073494e+03 -3.7613e+00 -2.3639e+00 +3.8642e+00 -2.4899e+00 +2.6075e+00
7072 0 +1.379505841e+01 +1.379505841e+01 +1.013795058e+03 +1.013795058e+03 -3.7613e+00 -2.3639e+00 +3.8642e+00 -2.4899e+00 +2.5373e+00
7241 0 +1.344761490e+01 +1.344761490e+01 +1.013447615e+03 +1.013447615e+03 -3.7613e+00 -2.3639e+00 +3.8642e+00 -2.4899e+00 +2.4183e+00
7487 0 +1.317350815e+01 +1.317350815e+01 +1.013173508e+03 +1.013173508e+03 -3.7613e+00 -2.3639e+00 +3.8642e+00 -2.4899e+00 +2.2631e+00
% f evaluations | g evaluations | best noise-free fitness - Fopt | noise-free fitness - Fopt (1.490000000000e+00) | measured fitness | best measured fitness | x1 | x2...
1 0 +2.317045842e+05 +2.317045842e+05 +2.317060742e+05 +2.317060742e+05 -3.7013e+00 -3.0999e+00 -2.4236e+00 -1.5444e+00 +1.5997e+00
2 0 +6.311094912e+02 +6.311094912e+02 +6.325994912e+02 +6.325994912e+02 -1.0251e+00 +3.8758e+00 +4.0673e+00 +3.5007e+00 +3.8828e+00
3 0 +2.131383271e+02 +2.131383271e+02 +2.146283271e+02 +2.146283271e+02 +2.3449e+00 +7.6039e-01 -2.3552e+00 +7.1438e-01 -3.1136e+00
4 0 +2.029869314e+02 +2.029869314e+02 +2.044769314e+02 +2.044769314e+02 +4.6069e+00 -6.4581e-01 -9.9009e-01 +1.6568e+00 -6.2471e-01
32 0 +1.855614676e+02 +1.855614676e+02 +1.870514676e+02 +1.870514676e+02 +4.2382e+00 +2.8672e-01 -2.0374e+00 +1.3480e+00 -1.4942e+00
35 0 +1.009609226e+02 +1.009609226e+02 +1.024509226e+02 +1.024509226e+02 +2.2317e+00 -3.0882e+00 +9.4778e-04 -2.9510e+00 +5.9109e-01
55 0 +9.284563636e+01 +9.284563636e+01 +9.433563636e+01 +9.433563636e+01 +1.8902e+00 -3.2494e+00 -2.9932e-02 -2.1484e+00 +1.2637e+00
56 0 +5.662097540e+01 +5.662097540e+01 +5.811097540e+01 +5.811097540e+01 +2.7028e+00 -8.3177e-01 -4.0715e-02 -5.0000e+00 +2.8462e+00
99 0 +4.412567772e+01 +4.412567772e+01 +4.561567772e+01 +4.561567772e+01 +2.2196e+00 -3.0141e+00 -1.2858e+00 -3.8373e+00 +1.3179e+00
109 0 +3.897300371e+01 +3.897300371e+01 +4.046300371e+01 +4.046300371e+01 +2.1977e+00 -2.9754e+00 -2.1533e+00 -2.8470e+00 +9.4064e-01
122 0 +3.647309008e+01 +3.647309008e+01 +3.796309008e+01 +3.796309008e+01 +2.2133e+00 -2.9530e+00 -1.8872e+00 -3.3853e+00 +1.2687e+00
148 0 +3.093751457e+01 +3.093751457e+01 +3.242751457e+01 +3.242751457e+01 +2.2290e+00 -2.4835e+00 -1.0283e+00 -3.6835e+00 +2.8200e+00
166 0 +2.467633204e+01 +2.467633204e+01 +2.616633204e+01 +2.616633204e+01 +2.3021e+00 -2.4833e+00 -1.0864e+00 -3.6116e+00 +3.2641e+00
181 0 +2.370736692e+01 +2.370736692e+01 +2.519736692e+01 +2.519736692e+01 +3.1256e+00 -2.5079e+00 -9.1945e-01 -3.2754e+00 +3.6029e+00
207 0 +1.794358263e+01 +1.794358263e+01 +1.943358263e+01 +1.943358263e+01 +3.7236e+00 -2.5057e+00 -1.1758e+00 -3.0593e+00 +4.0165e+00
261 0 +1.338591851e+01 +1.338591851e+01 +1.487591851e+01 +1.487591851e+01 +3.8408e+00 -2.5046e+00 -1.3742e+00 -3.1103e+00 +3.9774e+00
297 0 +1.312825433e+01 +1.312825433e+01 +1.461825433e+01 +1.461825433e+01 +3.7530e+00 -2.5056e+00 -1.3454e+00 -2.9688e+00 +4.3278e+00
311 0 +1.256085707e+01 +1.256085707e+01 +1.405085707e+01 +1.405085707e+01 +3.7672e+00 -2.5056e+00 -1.4444e+00 -2.9479e+00 +4.4478e+00
421 0 +1.228705775e+01 +1.228705775e+01 +1.377705775e+01 +1.377705775e+01 +3.7257e+00 -2.5057e+00 -1.4821e+00 -3.0611e+00 +4.5691e+00
468 0 +1.201102792e+01 +1.201102792e+01 +1.350102792e+01 +1.350102792e+01 +3.7999e+00 -2.5061e+00 -1.5140e+00 -3.1088e+00 +4.4959e+00
519 0 +1.174248097e+01 +1.174248097e+01 +1.323248097e+01 +1.323248097e+01 +3.8143e+00 -2.5062e+00 -1.5096e+00 -3.1878e+00 +4.4988e+00
636 0 +1.147933851e+01 +1.147933851e+01 +1.296933851e+01 +1.296933851e+01 +3.7975e+00 -2.5065e+00 -1.5174e+00 -3.2254e+00 +4.4946e+00
883 0 +1.121977888e+01 +1.121977888e+01 +1.270977888e+01 +1.270977888e+01 +3.7955e+00 -2.5070e+00 -1.5178e+00 -3.2769e+00 +4.4945e+00
% f evaluations | g evaluations | best noise-free fitness - Fopt | noise-free fitness - Fopt (5.963500000000e+02) | measured fitness | best measured fitness | x1 | x2...
1 0 +6.576900174e+05 +6.576900174e+05 +6.582863674e+05 +6.582863674e+05 +3.3199e+00 -4.0887e+00 -2.0077e+00 -3.2517e+00 +3.0466e+00
2 0 +3.339485838e+05 +3.339485838e+05 +3.345449338e+05 +3.345449338e+05 +2.5121e+00 -2.0525e-01 -4.5478e+00 +3.9516e+00 -2.0744e+00
3 0 +8.055556638e+03 +8.055556638e+03 +8.651906638e+03 +8.651906638e+03 -4.5979e-01 +3.8982e+00 +3.2519e+00 -1.9366e+00 -4.8402e+00
9 0 +1.152735189e+02 +1.152735189e+02 +7.116235189e+02 +7.116235189e+02 -2.1230e+00 +3.6470e+00 +1.3171e+00 +3.2515e+00 -2.0410e+00
52 0 +1.045888723e+02 +1.045888723e+02 +7.009388723e+02 +7.009388723e+02 -5.0000e+00 +3.5009e+00 +1.8246e+00 +3.0908e+00 -2.0201e+00
73 0 +9.861604629e+01 +9.861604629e+01 +6.949660463e+02 +6.949660463e+02 -1.9766e+00 +3.4868e+00 +7.0268e-01 +2.2069e+00 -1.0736e+00
75 0 +8.957361585e+01 +8.957361585e+01 +6.859236159e+02 +6.859236159e+02 -3.1262e+00 +3.6609e+00 +1.7582e+00 +3.2400e+00 -1.3737e+00
94 0 +7.385014508e+01 +7.385014508e+01 +6.702001451e+02 +6.702001451e+02 -4.8946e+00 +3.3675e+00 +1.6259e+00 +3.5815e+00 -7.5139e-01
96 0 +3.085948277e+01 +3.085948277e+01 +6.272094828e+02 +6.272094828e+02 -2.0126e+00 +1.9849e+00 +1.4550e+00 +3.0360e+00 +1.9575e+00
105 0 +2.946958949e+01 +2.946958949e+01 +6.258195895e+02 +6.258195895e+02 -2.2585e+00 +2.4271e+00 +1.6396e+00 +3.4902e+00 +2.2678e+00
120 0 +2.645827003e+01 +2.645827003e+01 +6.228082700e+02 +6.228082700e+02 -2.3391e+00 +2.1708e+00 +1.6817e+00 +3.7759e+00 +2.5434e+00
129 0 +2.567816995e+01 +2.567816995e+01 +6.220281699e+02 +6.220281699e+02 -1.9952e+00 +1.7823e+00 +1.6792e+00 +2.9696e+00 +1.9907e+00
155 0 +2.375590627e+01 +2.375590627e+01 +6.201059063e+02 +6.201059063e+02 -2.0510e+00 +1.6749e+00 +1.6713e+00 +2.9971e+00 +2.2825e+00
166 0 +2.286399178e+01 +2.286399178e+01 +6.192139918e+02 +6.192139918e+02 -2.0007e+00 +1.4973e+00 +1.7680e+00 +3.0143e+00 +2.4585e+00
214 0 +1.914116434e+01 +1.914116434e+01 +6.154911643e+02 +6.154911643e+02 -2.4312e+00 +1.3181e+00 +1.8736e+00 +2.9492e+00 +2.4779e+00
260 0 +1.885401066e+01 +1.885401066e+01 +6.152040107e+02 +6.152040107e+02 -2.5915e+00 +1.4073e+00 +1.8702e+00 +2.9446e+00 +2.4642e+00
263 0 +1.837946047e+01 +1.837946047e+01 +6.147294605e+02 +6.147294605e+02 -2.6021e+00 +1.4645e+00 +1.8673e+00 +2.9339e+00 +2.5093e+00
277 0 +1.245150926e+01 +1.245150926e+01 +6.088015093e+02 +6.088015093e+02 -2.0980e+00 +1.2867e+00 +2.6268e+00 +2.9492e+00 +2.5569e+00
311 0 +9.342130809e+00 +9.342130809e+00 +6.056921308e+02 +6.056921308e+02 -2.1645e+00 +1.1820e+00 +3.0117e+00 +2.9492e+00 +2.6151e+00
342 0 +9.220615636e+00 +9.220615636e+00 +6.055706156e+02 +6.055706156e+02 -2.1539e+00 +1.2683e+00 +3.1539e+00 +2.9411e+00 +2.5813e+00
363 0 +9.022580348e+00 +9.022580348e+00 +6.053725803e+02 +6.053725803e+02 -2.1483e+00 +1.2795e+00 +3.1918e+00 +2.9422e+00 +2.5906e+00
368 0 +8.805854627e+00 +8.805854627e+00 +6.051558546e+02 +6.051558546e+02 -2.1318e+00 +1.2739e+00 +3.2367e+00 +2.9418e+00 +2.5961e+00
373 0 +8.349598167e+00 +8.349598167e+00 +6.046995982e+02 +6.046995982e+02 -2.1243e+00 +1.2485e+00 +3.3243e+00 +2.9429e+00 +2.5984e+00
404 0 +7.975030509e+00 +7.975030509e+00 +6.043250305e+02 +6.043250305e+02 -2.1698e+00 +1.2160e+00 +3.4111e+00 +2.9377e+00 +2.5729e+00
405 0 +7.915141297e+00 +7.915141297e+00 +6.042651413e+02 +6.042651413e+02 -2.3164e+00 +1.2699e+00 +3.3544e+00 +2.9347e+00 +2.5632e+00
430 0 +7.704790246e+00 +7.704790246e+00 +6.040547902e+02 +6.040547902e+02 -2.2759e+00 +1.2748e+00 +3.6919e+00 +2.9350e+00 +2.5640e+00
458 0 +7.400411367e+00 +7.400411367e+00 +6.037504114e+02 +6.037504114e+02 -2.4138e+00 +1.2699e+00 +3.5478e+00 +2.9283e+00 +2.5626e+00
472 0 +7.148942000e+00 +7.148942000e+00 +6.034989420e+02 +6.034989420e+02 -2.5671e+00 +1.2703e+00 +3.4949e+00 +2.9278e+00 +2.5686e+00
479 0 +7.025792671e+00 +7.025792671e+00 +6.033757927e+02 +6.033757927e+02 -2.6138e+00 +1.2469e+00 +3.5838e+00 +2.9258e+00 +2.5613e+00
521 0 +6.873755326e+00 +6.873755326e+00 +6.032237553e+02 +6.032237553e+02 -2.7699e+00 +1.2413e+00 +3.6424e+00 +2.9249e+00 +2.5605e+00
583 0 +6.748782819e+00 +6.748782819e+00 +6.030987828e+02 +6.030987828e+02 -2.9636e+00 +1.2449e+00 +3.5835e+00 +2.9255e+00 +2.5610e+00
660 0 +6.577449683e+00 +6.577449683e+00 +6.029274497e+02 +6.029274497e+02 -3.2711e+00 +1.2372e+00 +3.5536e+00 +2.9255e+00 +2.5614e+00
728 0 +6.440191363e+00 +6.440191363e+00 +6.027901914e+02 +6.027901914e+02 -3.7190e+00 +1.2377e+00 +3.5449e+00 +2.9255e+00 +2.5615e+00
24547 0 +6.309042431e+00 +6.309042431e+00 +6.026590424e+02 +6.026590424e+02 -3.8349e+00 +1.1891e+00 +3.5082e+00 +2.9255e+00 +2.5617e+00
25459 0 +6.149180477e+00 +6.149180477e+00 +6.024991805e+02 +6.024991805e+02 -3.8349e+00 +1.1278e+00 +3.5082e+00 +2.9255e+00 +2.5617e+00
25749 0 +6.014916676e+00 +6.014916676e+00 +6.023649167e+02 +6.023649167e+02 -3.8349e+00 +1.0755e+00 +3.5082e+00 +2.9255e+00 +2.5617e+00
% f evaluations | g evaluations | best noise-free fitness - Fopt | noise-free fitness - Fopt (-1.189700000000e+02) | measured fitness | best measured fitness | x1 | x2...
1 0 +5.459525417e+05 +5.459525417e+05 +5.458335717e+05 +5.458335717e+05 +3.6741e+00 -4.4863e+00 +4.9721e+00 +2.1046e+00 +1.5371e+00
2 0 +7.239529318e+04 +7.239529318e+04 +7.227632318e+04 +7.227632318e+04 -8.9563e-01 +7.1290e-01 -8.2593e-01 +1.8893e+00 -2.8132e+00
6 0 +1.111776324e+04 +1.111776324e+04 +1.099879324e+04 +1.099879324e+04 +4.7365e+00 +2.2397e-01 -4.5725e+00 +4.1090e+00 +4.5127e+00
8 0 +9.878175402e+03 +9.878175402e+03 +9.759205402e+03 +9.759205402e+03 -1.9826e+00 -4.2223e+00 -2.5042e+00 +3.5316e+00 -1.2531e+00
48 0 +6.982002470e+03 +6.982002470e+03 +6.863032470e+03 +6.863032470e+03 -3.5589e-01 -2.9594e+00 -3.2475e+00 +3.7585e+00 +4.8747e-01
52 0 +1.174182349e+02 +1.174182349e+02 -1.551765116e+00 -1.551765116e+00 -4.0153e-01 -2.9364e+00 -3.6510e+00 +5.0000e+00 +7.2458e-01
100 0 +8.335249372e+01 +8.335249372e+01 -3.561750628e+01 -3.561750628e+01 -1.3515e+00 -2.0437e+00 -5.0000e+00 +3.6979e+00 +1.0169e-02
105 0 +7.575346075e+01 +7.575346075e+01 -4.321653925e+01 -4.321653925e+01 -1.3770e+00 -1.3576e+00 -4.8450e+00 +4.5731e+00 -4.4410e-01
115 0 +7.382274104e+01 +7.382274104e+01 -4.514725896e+01 -4.514725896e+01 -1.4090e+00 -1.5709e+00 -4.8992e+00 +3.7515e+00 +1.9407e-01
121 0 +6.280229829e+01 +6.280229829e+01 -5.616770171e+01 -5.616770171e+01 -3.3256e-01 -1.3995e+00 -5.0000e+00 +3.7000e+00 +6.3718e-01
171 0 +4.885373549e+01 +4.885373549e+01 -7.011626451e+01 -7.011626451e+01 -7.8412e-01 -3.9341e-01 -5.0000e+00 +3.7234e+00 +4.7364e-01
210 0 +4.167122028e+01 +4.167122028e+01 -7.729877972e+01 -7.729877972e+01 -7.7470e-01 -3.5335e-01 -5.0000e+00 +3.3050e+00 -5.5550e-01
226 0 +3.976465699e+01 +3.976465699e+01 -7.920534301e+01 -7.920534301e+01 -7.5293e-01 +7.6780e-01 -5.0000e+00 +3.7133e+00 +6.2705e-01
260 0 +3.483450574e+01 +3.483450574e+01 -8.413549426e+01 -8.413549426e+01 -7.5800e-01 +1.2836e+00 -5.0000e+00 +3.7232e+00 +6.4269e-01
263 0 +3.256917816e+01 +3.256917816e+01 -8.640082184e+01 -8.640082184e+01 -6.9594e-01 +1.2052e+00 -5.0000e+00 +3.7116e+00 +4.8400e-01
281 0 +3.021455729e+01 +3.021455729e+01 -8.875544271e+01 -8.875544271e+01 -7.3824e-01 +2.2047e+00 -5.0000e+00 +3.6925e+00 +6.3290e-01
313 0 +2.828341855e+01 +2.828341855e+01 -9.068658145e+01 -9.068658145e+01 -7.5546e-01 +2.2298e+00 -5.0000e+00 +3.6818e+00 +5.0890e-01
366 0 +2.775664596e+01 +2.775664596e+01 -9.121335404e+01 -9.121335404e+01 -7.5298e-01 +2.0154e+00 -5.0000e+00 +3.6817e+00 +4.5240e-01
377 0 +2.685495036e+01 +2.685495036e+01 -9.211504964e+01 -9.211504964e+01 -7.6219e-01 +2.2609e+00 -5.0000e+00 +3.6828e+00 +4.0118e-01
423 0 +2.600809158e+01 +2.600809158e+01 -9.296190842e+01 -9.296190842e+01 -7.5086e-01 +2.2593e+00 -5.0000e+00 +3.6847e+00 +3.2867e-01
468 0 +2.563154154e+01 +2.563154154e+01 -9.333845846e+01 -9.333845846e+01 -7.6045e-01 +2.1201e+00 -5.0000e+00 +3.6828e+00 +2.7560e-01
501 0 +2.485667028e+01 +2.485667028e+01 -9.411332972e+01 -9.411332972e+01 -7.6454e-01 +2.2474e+00 -5.0000e+00 +3.6808e+00 +1.8866e-01
521 0 +2.446083026e+01 +2.446083026e+01 -9.450916974e+01 -9.450916974e+01 -7.6490e-01 +2.2261e+00 -5.0000e+00 +3.6821e+00 +1.2089e-01
572 0 +2.379220494e+01 +2.379220494e+01 -9.517779506e+01 -9.517779506e+01 -7.6556e-01 +2.3298e+00 -5.0000e+00 +3.6824e+00 -4.7097e-02
634 0 +2.332932878e+01 +2.332932878e+01 -9.564067122e+01 -9.564067122e+01 -7.6291e-01 +2.2965e+00 -5.0000e+00 +3.6815e+00 -2.8073e-01
728 0 +2.290518767e+01 +2.290518767e+01 -9.606481233e+01 -9.606481233e+01 -7.6303e-01 +2.2955e+00 -5.0000e+00 +3.6816e+00 -4.6018e-01
779 0 +2.230368495e+01 +2.230368495e+01 -9.666631505e+01 -9.666631505e+01 -7.6301e-01 +2.2955e+00 -5.0000e+00 +3.6815e+00 -6.2527e-01
832 0 +2.158157345e+01 +2.158157345e+01 -9.738842655e+01 -9.738842655e+01 -7.6294e-01 +2.2962e+00 -5.0000e+00 +3.6815e+00 -7.7947e-01
844 0 +2.127605827e+01 +2.127605827e+01 -9.769394173e+01 -9.769394173e+01 -7.6294e-01 +2.2962e+00 -5.0000e+00 +3.6815e+00 -8.4008e-01
854 0 +2.076191963e+01 +2.076191963e+01 -9.820808037e+01 -9.820808037e+01 -7.6272e-01 +2.2961e+00 -5.0000e+00 +3.6815e+00 -9.4198e-01
883 0 +2.020196394e+01 +2.020196394e+01 -9.876803606e+01 -9.876803606e+01 -7.6273e-01 +2.2961e+00 -5.0000e+00 +3.6815e+00 -1.0596e+00
910 0 +1.991176212e+01 +1.991176212e+01 -9.905823788e+01 -9.905823788e+01 -7.6273e-01 +2.2962e+00 -5.0000e+00 +3.6815e+00 -1.1271e+00
938 0 +1.937411502e+01 +1.937411502e+01 -9.959588498e+01 -9.959588498e+01 -7.6284e-01 +2.2960e+00 -5.0000e+00 +3.6815e+00 -1.2797e+00
956 0 +1.904885728e+01 +1.904885728e+01 -9.992114272e+01 -9.992114272e+01 -7.6282e-01 +2.2960e+00 -5.0000e+00 +3.6815e+00 -1.4229e+00
5719 0 +1.861003860e+01 +1.861003860e+01 -1.003599614e+02 -1.003599614e+02 -8.2508e-01 +2.2960e+00 -5.0000e+00 +3.6815e+00 -1.5909e+00
6513 0 +1.818439830e+01 +1.818439830e+01 -1.007856017e+02 -1.007856017e+02 -9.3461e-01 +2.2960e+00 -5.0000e+00 +3.6815e+00 -1.5909e+00
7025 0 +1.777841246e+01 +1.777841246e+01 -1.011915875e+02 -1.011915875e+02 -1.1412e+00 +2.2960e+00 -5.0000e+00 +3.6815e+00 -1.5909e+00
