% f evaluations | g evaluations | best noise-free fitness - Fopt | noise-free fitness - Fopt (-2.098800000000e+02) | measured fitness | best measured fitness | x1 | x2...
1 0 +6.724536382e+06 +6.724536382e+06 +6.724326502e+06 +6.724326502e+06 +0.0000e+00 +0.0000e+00 +0.0000e+00 +0.0000e+00 +0.0000e+00 +0.0000e+00 +0.0000e+00 +0.0000e+00 +0.0000e+00 +0.0000e+00
2 0 +3.133423844e+06 +3.133423844e+06 +3.133213964e+06 +3.133213964e+06 +4.7360e+00 +2.8785e+00 -7.9875e-01 +3.3228e+00 +4.6044e+00 -1.9923e+00 +3.1853e+00 +2.7883e+00 -2.7096e+00 +4.0839e+00
3 0 +7.201469009e+05 +7.201469009e+05 +7.199370209e+05 +7.199370209e+05 -4.2953e+00 +2.7988e+00 -1.9473e+00 +9.4851e-01 +6.7615e-01 -1.0101e-01 +8.2745e-01 -1.8168e+00 -1.5136e+00 +3.2737e+00
% f evaluations | g evaluations | best noise-free fitness - Fopt | noise-free fitness - Fopt (-9.209000000000e+01) | measured fitness | best measured fitness | x1 | x2...
1 0 +3.336158548e+06 +3.336158548e+06 +3.336066458e+06 +3.336066458e+06 +0.0000e+00 +0.0000e+00 +0.0000e+00 +0.0000e+00 +0.0000e+00 +0.0000e+00 +0.0000e+00 +0.0000e+00 +0.0000e+00 +0.0000e+00
3 0 +2.130187271e+06 +2.130187271e+06 +2.130095181e+06 +2.130095181e+06 -3.2691e+00 +1.2825e+00 +4.1892e+00 -3.6808e+00 +3.2231e+00 +2.2728e+00 -4.6467e+00 +9.6734e-03 +1.9931e+00 +2.7678e+00
4 0 +1.765900064e+06 +1.765900064e+06 +1.765807974e+06 +1.765807974e+06 +2.0908e+00 +1.8472e+00 +3.8549e+00 -2.6848e+00 +6.8562e-01 +2.6737e+00 +1.7306e+00 -4.3203e+00 +1.5810e+00 +1.4040e+00
10 0 +1.574407314e+06 +1.574407314e+06 +1.574315224e+06 +1.574315224e+06 +1.3051e-01 +2.4197e+00 -2.7780e+00 -1.8597e+00 +3.7560e+00 -4.8271e+00 -2.6553e+00 -4.6314e+00 +1.6057e-01 +1.3294e+00
14 0 +6.540681140e+05 +6.540681140e+05 +6.539760240e+05 +6.539760240e+05 -3.1002e+00 +2.8544e+00 +7.0377e-01 -1.4755e+00 +2.6423e+00 +2.1531e-01 +4.6977e+00 -1.0935e+00 -4.9462e-01 +1.8465e+00
% f evaluations | g evaluations | best noise-free fitness - Fopt | noise-free fitness - Fopt (-8.789000000000e+01) | measured fitness | best measured fitness | x1 | x2...
1 0 +1.333357179e+07 +1.333357179e+07 +1.333348390e+07 +1.333348390e+07 +0.0000e+00 +0.0000e+00 +0.0000e+00 +0.0000e+00 +0.0000e+00 +0.0000e+00 +0.0000e+00 +0.0000e+00 +0.0000e+00 +0.0000e+00
2 0 +1.226664557e+07 +1.226664557e+07 +1.226655768e+07 +1.226655768e+07 -7.3073e-01 -1.5160e+00 +2.1609e+00 -4.1587e+00 +3.0926e+00 -2.0821e+00 -1.1928e+00 -1.0211e+00 +3.0183e-01 +1.9012e-01
3 0 +1.022956006e+07 +1.022956006e+07 +1.022947217e+07 +1.022947217e+07 +1.0803e+00 +2.8879e+00 -4.0153e+00 -2.9158e+00 -1.7248e+00 +4.0002e+00 +4.2712e+00 +3.1479e+00 -3.2878e+00 +3.0320e-01
4 0 +6.756391328e+06 +6.756391328e+06 +6.756303438e+06 +6.756303438e+06 +1.4732e+00 +4.6948e+00 +2.0066e+00 +1.9146e+00 +1.8501e+00 +1.7628e+00 +4.9770e+00 -1.6625e+00 +2.3876e+00 +4.1601e+00
6 0 +3.356973046e+06 +3.356973046e+06 +3.356885156e+06 +3.356885156e+06 +5.9530e-01 -3.0639e+00 -4.7426e+00 +9.5489e-01 -3.8532e+00 -2.4335e+00 +5.4934e-01 -3.6887e+00 -2.4010e+00 +4.9130e+00
19 0 +1.915911830e+06 +1.915911830e+06 +1.915823940e+06 +1.915823940e+06 -4.8270e+00 -2.0563e+00 -4.8625e+00 +1.0613e+00 +2.5375e+00 -4.7334e+00 +3.9948e+00 +4.0371e+00 -3.7564e+00 +4.3038e+00
% f evaluations | g evaluations | best noise-free fitness - Fopt | noise-free fitness - Fopt (3.201900000000e+02) | measured fitness | best measured fitness | x1 | x2...
1 0 +2.959906569e+06 +2.959906569e+06 +2.960226759e+06 +2.960226759e+06 +0.0000e+00 +0.0000e+00 +0.0000e+00 +0.0000e+00 +0.0000e+00 +0.0000e+00 +0.0000e+00 +0.0000e+00 +0.0000e+00 +0.0000e+00
11 0 +2.247509830e+06 +2.247509830e+06 +2.247830020e+06 +2.247830020e+06 +8.7007e-01 +3.5478e-01 -3.3772e+00 +1.0083e+00 -1.9826e+00 +1.9202e+00 -3.1569e-01 -2.3208e+00 -3.7997e+00 +1.3710e+00
% f evaluations | g evaluations | best noise-free fitness - Fopt | noise-free fitness - Fopt (-1.042400000000e+02) | measured fitness | best measured fitness | x1 | x2...
1 0 +1.113766513e+07 +1.113766513e+07 +1.113756089e+07 +1.113756089e+07 +0.0000e+00 +0.0000e+00 +0.0000e+00 +0.0000e+00 +0.0000e+00 +0.0000e+00 +0.0000e+00 +0.0000e+00 +0.0000e+00 +0.0000e+00
3 0 +7.250432894e+06 +7.250432894e+06 +7.250328654e+06 +7.250328654e+06 +1.5273e+00 -2.4144e+00 -4.4402e+00 -2.6000e+00 -3.1203e+00 +3.5640e+00 +3.1316e+00 +4.0009e+00 -1.5589e+00 -4.5143e+00
10 0 +7.107503659e+06 +7.107503659e+06 +7.107399419e+06 +7.107399419e+06 -4.7718e+00 -4.4602e-01 +1.0283e+00 -6.3859e-01 +1.9527e+00 +1.1442e+00 -4.1538e+00 +4.2320e+00 +4.9538e+00 -7.2233e-01
12 0 +2.930960928e+06 +2.930960928e+06 +2.930856688e+06 +2.930856688e+06 -1.6732e+00 +7.8240e-01 -2.9379e+00 +4.9161e+00 -3.6127e+00 -5.3035e-01 +1.3997e-01 +3.6919e+00 +1.2506e-01 -1.9448e+00
% f evaluations | g evaluations | best noise-free fitness - Fopt | noise-free fitness - Fopt (-6.785000000000e+01) | measured fitness | best measured fitness | x1 | x2...
1 0 +1.154233696e+07 +1.154233696e+07 +1.154226911e+07 +1.154226911e+07 +0.0000e+00 +0.0000e+00 +0.0000e+00 +0.0000e+00 +0.0000e+00 +0.0000e+00 +0.0000e+00 +0.0000e+00 +0.0000e+00 +0.0000e+00
3 0 +5.336290758e+06 +5.336290758e+06 +5.336222908e+06 +5.336222908e+06 -1.1231e+00 -4.0963e+00 -1.7291e+00 -3.5894e+00 +2.4520e+00 -4.3642e+00 -2.1703e+00 +2.4442e+00 +2.1618e+00 +2.3119e+00
5 0 +3.924969407e+06 +3.924969407e+06 +3.924901557e+06 +3.924901557e+06 -6.0831e-01 +1.3074e+00 +4.8095e+00 +3.5037e-01 +3.6157e+00 -2.9860e+00 +2.3893e+00 +1.7346e+00 +3.1666e-01 +4.7073e+00
10 0 +1.553247565e+06 +1.553247565e+06 +1.553179715e+06 +1.553179715e+06 -1.4981e+00 -1.9284e-01 +2.4277e+00 -4.0575e+00 -1.8979e+00 +9.5735e-01 -2.1108e-01 -1.3919e+00 -4.3379e+00 +3.5749e+00
17 0 +6.452084813e+05 +6.452084813e+05 +6.451406313e+05 +6.451406313e+05 -1.2150e+00 -1.6070e+00 +1.7288e+00 +3.7430e+00 -8.0467e-01 +1.7684e+00 -4.2981e+00 +3.6193e+00 -3.6767e+00 +3.0212e+00
% f evaluations | g evaluations | best noise-free fitness - Fopt | noise-free fitness - Fopt (-3.639800000000e+02) | measured fitness | best measured fitness | x1 | x2...
1 0 +3.796282955e+06 +3.796282955e+06 +3.795918975e+06 +3.795918975e+06 +0.0000e+00 +0.0000e+00 +0.0000e+00 +0.0000e+00 +0.0000e+00 +0.0000e+00 +0.0000e+00 +0.0000e+00 +0.0000e+00 +0.0000e+00
6 0 +2.667939370e+06 +2.667939370e+06 +2.667575390e+06 +2.667575390e+06 +1.0080e+00 -4.2522e+00 -1.7785e+00 +7.7410e-01 -1.4787e+00 -2.3756e+00 -2.4387e+00 +1.5796e-01 -2.5013e+00 +3.0938e+00
7 0 +1.486156394e+06 +1.486156394e+06 +1.485792414e+06 +1.485792414e+06 -4.5264e+00 +1.9310e+00 -4.1887e+00 -3.1200e+00 -4.5916e+00 -3.1741e+00 -3.6635e-02 -1.3718e+00 +3.7007e-01 +2.7769e+00
% f evaluations | g evaluations | best noise-free fitness - Fopt | noise-free fitness - Fopt (-1.865000000000e+01) | measured fitness | best measured fitness | x1 | x2...
1 0 +7.636579944e+06 +7.636579944e+06 +7.636561294e+06 +7.636561294e+06 +0.0000e+00 +0.0000e+00 +0.0000e+00 +0.0000e+00 +0.0000e+00 +0.0000e+00 +0.0000e+00 +0.0000e+00 +0.0000e+00 +0.0000e+00
6 0 +6.705818849e+06 +6.705818849e+06 +6.705800199e+06 +6.705800199e+06 +4.4613e+00 -4.3762e+00 -1.8568e+00 +1.9372e+00 -1.3225e+00 +4.6544e+00 +1.2369e+00 +1.4869e+00 -1.8204e+00 +1.9814e+00
8 0 +1.662663815e+06 +1.662663815e+06 +1.662645165e+06 +1.662645165e+06 +4.3108e+00 +9.8066e-01 +1.9682e+00 -4.2880e+00 -1.6433e+00 -7.4583e-01 -2.1466e+00 +3.7735e+00 +1.4153e+00 +1.6717e+00
11 0 +9.295032411e+05 +9.295032411e+05 +9.294845911e+05 +9.294845911e+05 +3.6016e+00 -4.1687e+00 -9.1335e-01 -3.6682e+00 -2.0763e+00 -3.3552e+00 -1.8569e+00 +3.2713e+00 +4.6107e+00 +2.5587e+00
% f evaluations | g evaluations | best noise-free fitness - Fopt | noise-free fitness - Fopt (1.749200000000e+02) | measured fitness | best measured fitness | x1 | x2...
1 0 +7.832824138e+06 +7.832824138e+06 +7.832999058e+06 +7.832999058e+06 +0.0000e+00 +0.0000e+00 +0.0000e+00 +0.0000e+00 +0.0000e+00 +0.0000e+00 +0.0000e+00 +0.0000e+00 +0.0000e+00 +0.0000e+00
4 0 +6.755874255e+06 +6.755874255e+06 +6.756049175e+06 +6.756049175e+06 +1.2499e+00 -3.4521e+00 -3.9999e+00 -3.7705e+00 -4.1275e+00 +3.1022e+00 -1.3144e-01 -4.5259e+00 -2.9220e+00 -4.9740e-01
6 0 +1.735398530e+06 +1.735398530e+06 +1.735573450e+06 +1.735573450e+06 +5.1251e-01 +2.5381e+00 +1.1938e+00 -4.5738e+00 +4.7325e+00 +1.9830e-01 -4.4208e+00 -3.6504e-01 -2.6646e+00 -1.7036e+00
13 0 +1.133002658e+06 +1.133002658e+06 +1.133177578e+06 +1.133177578e+06 +4.0403e+00 -5.8335e-01 +4.0977e+00 -2.7541e+00 +2.6629e+00 -7.0088e-01 +3.5952e+00 +1.5154e+00 +5.3045e-02 -3.4292e+00
% f evaluations | g evaluations | best noise-free fitness - Fopt | noise-free fitness - Fopt (-5.659600000000e+02) | measured fitness | best measured fitness | x1 | x2...
1 0 +4.153802641e+06 +4.153802641e+06 +4.153236681e+06 +4.153236681e+06 +0.0000e+00 +0.0000e+00 +0.0000e+00 +0.0000e+00 +0.0000e+00 +0.0000e+00 +0.0000e+00 +0.0000e+00 +0.0000e+00 +0.0000e+00
2 0 +8.278149835e+05 +8.278149835e+05 +8.272490235e+05 +8.272490235e+05 -1.1382e-02 +4.4098e+00 +1.3403e+00 +4.1691e+00 +3.3927e-01 +3.8082e+00 +4.4449e+00 +1.4174e+00 +1.1873e+00 +1.4337e+00
% f evaluations | g evaluations | best noise-free fitness - Fopt | noise-free fitness - Fopt (7.095000000000e+01) | measured fitness | best measured fitness | x1 | x2...
1 0 +4.680357108e+06 +4.680357108e+06 +4.680428058e+06 +4.680428058e+06 +0.0000e+00 +0.0000e+00 +0.0000e+00 +0.0000e+00 +0.0000e+00 +0.0000e+00 +0.0000e+00 +0.0000e+00 +0.0000e+00 +0.0000e+00
6 0 +1.541909910e+06 +1.541909910e+06 +1.541980860e+06 +1.541980860e+06 -2.2381e+00 -2.0395e-01 -1.4143e+00 +4.6582e+00 +3.9589e+00 -2.7866e+00 +4.0493e+00 +1.6255e-01 -4.0790e+00 +7.0850e-01
21 0 +1.290294184e+06 +1.290294184e+06 +1.290365134e+06 +1.290365134e+06 +3.3022e+00 +3.2378e+00 -1.9439e+00 -1.9423e+00 -2.8763e+00 +2.1426e+00 -1.0599e+00 -4.4585e+00 -2.3827e+00 +1.4745e+00
% f evaluations | g evaluations | best noise-free fitness - Fopt | noise-free fitness - Fopt (4.728000000000e+01) | measured fitness | best measured fitness | x1 | x2...
1 0 +1.694885104e+07 +1.694885104e+07 +1.694889832e+07 +1.694889832e+07 +0.0000e+00 +0.0000e+00 +0.0000e+00 +0.0000e+00 +0.0000e+00 +0.0000e+00 +0.0000e+00 +0.0000e+00 +0.0000e+00 +0.0000e+00
3 0 +1.589598444e+07 +1.589598444e+07 +1.589603172e+07 +1.589603172e+07 -3.6755e+00 +2.5521e+00 -7.0052e-01 +8.1540e-01 -4.8671e+00 +2.7343e+00 -3.0971e+00 -3.8039e+00 -3.8045e+00 -2.0288e-02
6 0 +6.212398997e+06 +6.212398997e+06 +6.212446277e+06 +6.212446277e+06 +3.1160e-01 -2.6883e-01 -4.3614e+00 -2.2755e+00 -2.1159e+00 -2.3641e+00 -4.0739e+00 -3.4122e+00 +2.3422e+00 -3.6064e+00
7 0 +4.877619020e+05 +4.877619020e+05 +4.878091820e+05 +4.878091820e+05 -1.1188e+00 -7.5006e-01 +2.9604e+00 +4.8447e-01 +2.0867e-01 -3.5533e+00 +4.2092e-01 +1.7817e+00 -2.5602e+00 -4.3511e+00
8 0 +4.684972510e+05 +4.684972510e+05 +4.685445310e+05 +4.685445310e+05 +4.1419e+00 +2.1428e+00 +4.6743e+00 -3.4082e-01 +2.5678e+00 -1.1933e+00 +1.4922e+00 +1.8283e+00 -2.9385e+00 -3.5116e+00
% f evaluations | g evaluations | best noise-free fitness - Fopt | noise-free fitness - Fopt (-5.688800000000e+02) | measured fitness | best measured fitness | x1 | x2...
1 0 +1.279190849e+07 +1.279190849e+07 +1.279133961e+07 +1.279133961e+07 +0.0000e+00 +0.0000e+00 +0.0000e+00 +0.0000e+00 +0.0000e+00 +0.0000e+00 +0.0000e+00 +0.0000e+00 +0.0000e+00 +0.0000e+00
2 0 +2.930516798e+06 +2.930516798e+06 +2.929947918e+06 +2.929947918e+06 +2.0464e+00 +1.5615e+00 -4.7020e+00 -8.9963e-02 -1.3507e+00 +4.1039e+00 -3.1351e+00 -3.5689e+00 -3.9135e-01 -4.4089e+00
10 0 +2.461812673e+06 +2.461812673e+06 +2.461243793e+06 +2.461243793e+06 +4.1217e+00 +1.0014e+00 +3.5056e+00 -1.2139e+00 -3.0117e+00 +1.8100e+00 +5.0487e-01 -2.9922e+00 +1.9581e-01 -4.3307e+00
12 0 +1.252505881e+06 +1.252505881e+06 +1.251937001e+06 +1.251937001e+06 -3.5866e+00 -4.8619e+00 -4.2544e-01 -3.0267e+00 -1.6167e+00 -9.5229e-01 +3.5162e+00 +1.1524e-01 -3.6115e+00 -3.4841e+00
% f evaluations | g evaluations | best noise-free fitness - Fopt | noise-free fitness - Fopt (2.069000000000e+01) | measured fitness | best measured fitness | x1 | x2...
1 0 +2.521520682e+06 +2.521520682e+06 +2.521541372e+06 +2.521541372e+06 +0.0000e+00 +0.0000e+00 +0.0000e+00 +0.0000e+00 +0.0000e+00 +0.0000e+00 +0.0000e+00 +0.0000e+00 +0.0000e+00 +0.0000e+00
4 0 +1.977123919e+06 +1.977123919e+06 +1.977144609e+06 +1.977144609e+06 -3.9518e+00 -4.9033e+00 +3.5600e+00 +1.2372e+00 +2.1955e-01 +2.6095e+00 -1.2126e+00 +5.5680e-01 -4.6178e+00 +1.8682e-01
9 0 +7.929370022e+05 +7.929370022e+05 +7.929576922e+05 +7.929576922e+05 -2.6630e+00 +2.3890e+00 -3.6814e-02 +4.4591e+00 -4.5798e+00 +1.5864e+00 +4.9989e+00 -4.5845e+00 -3.2618e+00 -1.1474e+00
% f evaluations | g evaluations | best noise-free fitness - Fopt | noise-free fitness - Fopt (5.616700000000e+02) | measured fitness | best measured fitness | x1 | x2...
1 0 +8.812179998e+06 +8.812179998e+06 +8.812741668e+06 +8.812741668e+06 +0.0000e+00 +0.0000e+00 +0.0000e+00 +0.0000e+00 +0.0000e+00 +0.0000e+00 +0.0000e+00 +0.0000e+00 +0.0000e+00 +0.0000e+00
2 0 +2.435584764e+06 +2.435584764e+06 +2.436146434e+06 +2.436146434e+06 +1.0746e+00 -3.3842e+00 +3.8354e+00 +1.0041e-01 -1.8195e-01 -8.2782e-01 +4.7788e+00 -4.4112e+00 -3.4249e+00 -2.2259e+00
9 0 +5.730630579e+05 +5.730630579e+05 +5.736247279e+05 +5.736247279e+05 +3.4033e+00 +3.7875e+00 +1.2418e+00 +3.0456e+00 +2.8929e-01 -2.2147e+00 +1.9587e+00 +1.6442e-01 -2.8104e+00 -3.1507e+00
