% f evaluations | g evaluations | best noise-free fitness - Fopt | noise-free fitness - Fopt (-1.000000000000e+03) | measured fitness | best measured fitness | x1 | x2...
1 0 +8.837407381e+00 +8.837407381e+00 -9.911625926e+02 -9.911625926e+02 -3.6758e+00 -1.8403e+00
6 0 +3.667558564e+00 +3.667558564e+00 -9.963324414e+02 -9.963324414e+02 +2.4245e+00 -2.8945e+00
52 0 +2.891104936e+00 +2.891104936e+00 -9.971088951e+02 -9.971088951e+02 +2.5838e+00 -3.0711e+00
55 0 +2.031172368e+00 +2.031172368e+00 -9.979688276e+02 -9.979688276e+02 +2.8361e+00 -3.1048e+00
62 0 +1.990607217e+00 +1.990607217e+00 -9.980093928e+02 -9.980093928e+02 +2.8579e+00 -2.1572e+00
73 0 +1.548565718e+00 +1.548565718e+00 -9.984514343e+02 -9.984514343e+02 +2.6213e+00 -2.7550e+00
81 0 +1.078762127e-01 +1.078762127e-01 -9.998921238e+02 -9.998921238e+02 +2.2103e+00 -1.0697e+00
104 0 +9.251125734e-02 +9.251125734e-02 -9.999074887e+02 -9.999074887e+02 +2.1548e+00 -8.6879e-01
141 0 +6.544256151e-02 +6.544256151e-02 -9.999345574e+02 -9.999345574e+02 +1.9853e+00 -6.5100e-01
177 0 +3.855555353e-02 +3.855555353e-02 -9.999614444e+02 -9.999614444e+02 +2.0138e+00 -5.9849e-01
194 0 +1.582694777e-02 +1.582694777e-02 -9.999841731e+02 -9.999841731e+02 +1.9087e+00 -4.3119e-01
212 0 +1.431127070e-02 +1.431127070e-02 -9.999856887e+02 -9.999856887e+02 +1.8817e+00 -3.4948e-01
261 0 +1.284539438e-02 +1.284539438e-02 -9.999871546e+02 -9.999871546e+02 +1.8614e+00 -3.2433e-01
325 0 +1.229104282e-02 +1.229104282e-02 -9.999877090e+02 -9.999877090e+02 +1.8537e+00 -3.1053e-01
340 0 +1.182793533e-02 +1.182793533e-02 -9.999881721e+02 -9.999881721e+02 +1.8493e+00 -2.9514e-01
346 0 +9.579812188e-03 +9.579812188e-03 -9.999904202e+02 -9.999904202e+02 +1.8278e+00 -2.4877e-01
365 0 +8.217928477e-03 +8.217928477e-03 -9.999917821e+02 -9.999917821e+02 +1.8151e+00 -2.2056e-01
393 0 +6.755419737e-03 +6.755419737e-03 -9.999932446e+02 -9.999932446e+02 +1.8030e+00 -2.0727e-01
418 0 +6.059943143e-03 +6.059943143e-03 -9.999939401e+02 -9.999939401e+02 +1.7933e+00 -1.9204e-01
427 0 +5.734187111e-03 +5.734187111e-03 -9.999942658e+02 -9.999942658e+02 +1.7923e+00 -1.8523e-01
457 0 +5.539909775e-03 +5.539909775e-03 -9.999944601e+02 -9.999944601e+02 +1.7905e+00 -1.7518e-01
482 0 +5.225194705e-03 +5.225194705e-03 -9.999947748e+02 -9.999947748e+02 +1.7866e+00 -1.6807e-01
522 0 +5.100647398e-03 +5.100647398e-03 -9.999948994e+02 -9.999948994e+02 +1.7848e+00 -1.6680e-01
545 0 +4.760631286e-03 +4.760631286e-03 -9.999952394e+02 -9.999952394e+02 +1.7782e+00 -1.4696e-01
575 0 +4.676115767e-03 +4.676115767e-03 -9.999953239e+02 -9.999953239e+02 +1.7754e+00 -1.3879e-01
579 0 +4.540981397e-03 +4.540981397e-03 -9.999954590e+02 -9.999954590e+02 +1.7695e+00 -1.4631e-01
610 0 +4.458599694e-03 +4.458599694e-03 -9.999955414e+02 -9.999955414e+02 +1.7728e+00 -1.4631e-01
651 0 +4.289934578e-03 +4.289934578e-03 -9.999957101e+02 -9.999957101e+02 +1.7696e+00 -1.3833e-01
680 0 +4.181688240e-03 +4.181688240e-03 -9.999958183e+02 -9.999958183e+02 +1.7674e+00 -1.3113e-01
731 0 +4.162108825e-03 +4.162108825e-03 -9.999958379e+02 -9.999958379e+02 +1.7666e+00 -1.2658e-01
783 0 +4.066021341e-03 +4.066021341e-03 -9.999959340e+02 -9.999959340e+02 +1.7639e+00 -1.2476e-01
1085 0 +3.980449358e-03 +3.980449358e-03 -9.999960196e+02 -9.999960196e+02 +1.7605e+00 -1.1993e-01
% f evaluations | g evaluations | best noise-free fitness - Fopt | noise-free fitness - Fopt (1.000000000000e+03) | measured fitness | best measured fitness | x1 | x2...
1 0 +2.670365422e+01 +2.670365422e+01 +1.026703654e+03 +1.026703654e+03 -4.4757e+00 -2.3198e+00
4 0 +9.035538650e+00 +9.035538650e+00 +1.009035539e+03 +1.009035539e+03 -1.3521e+00 +4.8916e-01
5 0 +2.390725060e+00 +2.390725060e+00 +1.002390725e+03 +1.002390725e+03 -2.2855e+00 -1.0206e+00
14 0 +2.334839140e+00 +2.334839140e+00 +1.002334839e+03 +1.002334839e+03 -2.8797e+00 -3.3933e+00
49 0 +2.038890618e+00 +2.038890618e+00 +1.002038891e+03 +1.002038891e+03 -6.1781e-01 -1.2939e+00
55 0 +5.704621009e-01 +5.704621009e-01 +1.000570462e+03 +1.000570462e+03 -4.7971e-01 -1.4058e+00
92 0 +4.427046550e-03 +4.427046550e-03 +1.000004427e+03 +1.000004427e+03 -9.5975e-01 -1.2449e+00
105 0 +9.433554317e-05 +9.433554317e-05 +1.000000094e+03 +1.000000094e+03 -1.0226e+00 -1.2439e+00
253 0 +9.060757554e-05 +9.060757554e-05 +1.000000091e+03 +1.000000091e+03 -1.0184e+00 -1.2460e+00
265 0 +8.632424908e-05 +8.632424908e-05 +1.000000086e+03 +1.000000086e+03 -1.0153e+00 -1.2480e+00
304 0 +7.595169677e-05 +7.595169677e-05 +1.000000076e+03 +1.000000076e+03 -1.0059e+00 -1.2545e+00
313 0 +7.471262313e-05 +7.471262313e-05 +1.000000075e+03 +1.000000075e+03 -1.0026e+00 -1.2542e+00
315 0 +7.265946226e-05 +7.265946226e-05 +1.000000073e+03 +1.000000073e+03 -1.0023e+00 -1.2566e+00
337 0 +6.657462939e-05 +6.657462939e-05 +1.000000067e+03 +1.000000067e+03 -9.9693e-01 -1.2592e+00
382 0 +6.285956886e-05 +6.285956886e-05 +1.000000063e+03 +1.000000063e+03 -9.9392e-01 -1.2600e+00
392 0 +6.106318426e-05 +6.106318426e-05 +1.000000061e+03 +1.000000061e+03 -9.9229e-01 -1.2608e+00
420 0 +5.979041839e-05 +5.979041839e-05 +1.000000060e+03 +1.000000060e+03 -9.9118e-01 -1.2615e+00
491 0 +5.858365432e-05 +5.858365432e-05 +1.000000059e+03 +1.000000059e+03 -9.9009e-01 -1.2622e+00
497 0 +5.678593277e-05 +5.678593277e-05 +1.000000057e+03 +1.000000057e+03 -9.8792e-01 -1.2625e+00
540 0 +5.619788499e-05 +5.619788499e-05 +1.000000056e+03 +1.000000056e+03 -9.8578e-01 -1.2629e+00
585 0 +5.489876480e-05 +5.489876480e-05 +1.000000055e+03 +1.000000055e+03 -9.8573e-01 -1.2634e+00
755 0 +5.366724633e-05 +5.366724633e-05 +1.000000054e+03 +1.000000054e+03 -9.8563e-01 -1.2642e+00
% f evaluations | g evaluations | best noise-free fitness - Fopt | noise-free fitness - Fopt (-4.913000000000e+01) | measured fitness | best measured fitness | x1 | x2...
1 0 +3.756779594e+01 +3.756779594e+01 -1.156220406e+01 -1.156220406e+01 +4.9234e+00 -2.7478e+00
3 0 +3.259941153e+01 +3.259941153e+01 -1.653058847e+01 -1.653058847e+01 +4.4615e+00 -3.2205e+00
6 0 +2.240364341e+01 +2.240364341e+01 -2.672635659e+01 -2.672635659e+01 -4.6520e-01 -1.4814e+00
8 0 +2.441076040e+00 +2.441076040e+00 -4.668892396e+01 -4.668892396e+01 +2.1248e+00 -1.9279e+00
41 0 +1.300828564e-01 +1.300828564e-01 -4.899991714e+01 -4.899991714e+01 +4.3441e+00 +4.1317e+00
105 0 +1.213139117e-01 +1.213139117e-01 -4.900868609e+01 -4.900868609e+01 +4.3428e+00 +4.3679e+00
117 0 +7.487286115e-02 +7.487286115e-02 -4.905512714e+01 -4.905512714e+01 +4.3671e+00 +4.3662e+00
123 0 +3.667784090e-02 +3.667784090e-02 -4.909332216e+01 -4.909332216e+01 +4.2859e+00 +4.0989e+00
149 0 +1.707267198e-02 +1.707267198e-02 -4.911292733e+01 -4.911292733e+01 +4.1788e+00 +3.7566e+00
179 0 +1.456236001e-02 +1.456236001e-02 -4.911543764e+01 -4.911543764e+01 +4.1238e+00 +3.7030e+00
220 0 +1.124611371e-02 +1.124611371e-02 -4.911875389e+01 -4.911875389e+01 +4.1386e+00 +3.6942e+00
224 0 +1.074712189e-02 +1.074712189e-02 -4.911925288e+01 -4.911925288e+01 +4.1231e+00 +3.6176e+00
270 0 +9.865453819e-03 +9.865453819e-03 -4.912013455e+01 -4.912013455e+01 +4.1148e+00 +3.6503e+00
281 0 +6.923048578e-03 +6.923048578e-03 -4.912307695e+01 -4.912307695e+01 +4.1039e+00 +3.6096e+00
315 0 +6.906607608e-03 +6.906607608e-03 -4.912309339e+01 -4.912309339e+01 +4.1096e+00 +3.6126e+00
323 0 +6.298412442e-03 +6.298412442e-03 -4.912370159e+01 -4.912370159e+01 +4.1045e+00 +3.6004e+00
378 0 +6.115497241e-03 +6.115497241e-03 -4.912388450e+01 -4.912388450e+01 +4.1032e+00 +3.5961e+00
416 0 +5.872775487e-03 +5.872775487e-03 -4.912412722e+01 -4.912412722e+01 +4.1019e+00 +3.5882e+00
477 0 +5.449139102e-03 +5.449139102e-03 -4.912455086e+01 -4.912455086e+01 +4.0962e+00 +3.5798e+00
546 0 +5.229224848e-03 +5.229224848e-03 -4.912477078e+01 -4.912477078e+01 +4.0935e+00 +3.5735e+00
589 0 +5.054706134e-03 +5.054706134e-03 -4.912494529e+01 -4.912494529e+01 +4.0939e+00 +3.5640e+00
623 0 +5.006863105e-03 +5.006863105e-03 -4.912499314e+01 -4.912499314e+01 +4.0917e+00 +3.5668e+00
681 0 +4.885606321e-03 +4.885606321e-03 -4.912511439e+01 -4.912511439e+01 +4.0913e+00 +3.5621e+00
786 0 +4.779460740e-03 +4.779460740e-03 -4.912522054e+01 -4.912522054e+01 +4.0897e+00 +3.5588e+00
1008 0 +4.670765170e-03 +4.670765170e-03 -4.912532923e+01 -4.912532923e+01 +4.0884e+00 +3.5546e+00
% f evaluations | g evaluations | best noise-free fitness - Fopt | noise-free fitness - Fopt (2.977300000000e+02) | measured fitness | best measured fitness | x1 | x2...
1 0 +3.395798018e+01 +3.395798018e+01 +3.316879802e+02 +3.316879802e+02 -1.8079e+00 +3.2429e-01
2 0 +3.231787539e+01 +3.231787539e+01 +3.300478754e+02 +3.300478754e+02 +4.9560e+00 +1.9481e+00
3 0 +1.786719892e+01 +1.786719892e+01 +3.155971989e+02 +3.155971989e+02 +1.4068e+00 +4.6115e+00
12 0 +1.196575717e+01 +1.196575717e+01 +3.096957572e+02 +3.096957572e+02 +2.2522e+00 +1.4856e+00
24 0 +6.206639930e+00 +6.206639930e+00 +3.039366399e+02 +3.039366399e+02 +4.9791e+00 +9.9431e-01
35 0 +1.507017787e+00 +1.507017787e+00 +2.992370178e+02 +2.992370178e+02 -4.7174e+00 -4.8139e+00
61 0 +1.351612464e+00 +1.351612464e+00 +2.990816125e+02 +2.990816125e+02 -4.8411e+00 -4.7771e+00
103 0 +1.010815344e+00 +1.010815344e+00 +2.987408153e+02 +2.987408153e+02 -4.7253e+00 -4.7236e+00
132 0 +9.246206983e-01 +9.246206983e-01 +2.986546207e+02 +2.986546207e+02 -4.8779e+00 -4.6252e+00
157 0 +8.691156485e-01 +8.691156485e-01 +2.985991156e+02 +2.985991156e+02 -4.8490e+00 -4.6258e+00
193 0 +7.934307088e-01 +7.934307088e-01 +2.985234307e+02 +2.985234307e+02 -4.7641e+00 -4.6410e+00
209 0 +7.712257897e-01 +7.712257897e-01 +2.985012258e+02 +2.985012258e+02 -4.7409e+00 -4.6345e+00
225 0 +6.950945893e-01 +6.950945893e-01 +2.984250946e+02 +2.984250946e+02 -4.7002e+00 -4.5484e+00
% f evaluations | g evaluations | best noise-free fitness - Fopt | noise-free fitness - Fopt (5.157000000000e+01) | measured fitness | best measured fitness | x1 | x2...
1 0 +1.784560222e+01 +1.784560222e+01 +6.941560222e+01 +6.941560222e+01 +1.2709e+00 +3.5106e+00
6 0 +2.052077811e+00 +2.052077811e+00 +5.362207781e+01 +5.362207781e+01 +2.8690e+00 +1.0791e+00
8 0 +1.927295667e+00 +1.927295667e+00 +5.349729567e+01 +5.349729567e+01 +3.5794e+00 -3.0958e+00
47 0 +5.736762170e-01 +5.736762170e-01 +5.214367622e+01 +5.214367622e+01 +2.5813e+00 +1.1674e+00
60 0 +2.277349438e-02 +2.277349438e-02 +5.159277349e+01 +5.159277349e+01 +2.6169e+00 +1.0826e+00
65 0 +3.582388790e-03 +3.582388790e-03 +5.157358239e+01 +5.157358239e+01 +2.4886e+00 +1.0702e+00
112 0 +1.423339765e-03 +1.423339765e-03 +5.157142334e+01 +5.157142334e+01 +2.5237e+00 +1.0620e+00
138 0 +9.025386840e-04 +9.025386840e-04 +5.157090254e+01 +5.157090254e+01 +2.4897e+00 +1.1096e+00
155 0 +5.877415794e-04 +5.877415794e-04 +5.157058774e+01 +5.157058774e+01 +2.4024e+00 +1.1195e+00
158 0 +2.322136370e-04 +2.322136370e-04 +5.157023221e+01 +5.157023221e+01 +2.4653e+00 +1.1016e+00
175 0 +1.069515732e-05 +1.069515732e-05 +5.157001070e+01 +5.157001070e+01 +2.2068e+00 +1.2257e+00
211 0 +6.325977772e-06 +6.325977772e-06 +5.157000633e+01 +5.157000633e+01 +2.1959e+00 +1.2214e+00
261 0 +8.003220842e-07 +8.003220842e-07 +5.157000080e+01 +5.157000080e+01 +2.1719e+00 +1.2366e+00
314 0 +7.636780310e-07 +7.636780310e-07 +5.157000076e+01 +5.157000076e+01 +2.1543e+00 +1.2459e+00
335 0 +6.982901937e-07 +6.982901937e-07 +5.157000070e+01 +5.157000070e+01 +2.1672e+00 +1.2370e+00
365 0 +6.823763954e-07 +6.823763954e-07 +5.157000068e+01 +5.157000068e+01 +2.1684e+00 +1.2367e+00
370 0 +5.832113814e-07 +5.832113814e-07 +5.157000058e+01 +5.157000058e+01 +2.1670e+00 +1.2384e+00
405 0 +5.478343894e-07 +5.478343894e-07 +5.157000055e+01 +5.157000055e+01 +2.1658e+00 +1.2385e+00
424 0 +5.087620636e-07 +5.087620636e-07 +5.157000051e+01 +5.157000051e+01 +2.1637e+00 +1.2393e+00
482 0 +4.992306728e-07 +4.992306728e-07 +5.157000050e+01 +5.157000050e+01 +2.1628e+00 +1.2395e+00
515 0 +4.793192048e-07 +4.793192048e-07 +5.157000048e+01 +5.157000048e+01 +2.1624e+00 +1.2400e+00
523 0 +4.649223229e-07 +4.649223229e-07 +5.157000046e+01 +5.157000046e+01 +2.1617e+00 +1.2404e+00
623 0 +4.564606115e-07 +4.564606115e-07 +5.157000046e+01 +5.157000046e+01 +2.1611e+00 +1.2406e+00
701 0 +4.466641883e-07 +4.466641883e-07 +5.157000045e+01 +5.157000045e+01 +2.1606e+00 +1.2410e+00
883 0 +4.364444521e-07 +4.364444521e-07 +5.157000044e+01 +5.157000044e+01 +2.1600e+00 +1.2411e+00
% f evaluations | g evaluations | best noise-free fitness - Fopt | noise-free fitness - Fopt (1.527100000000e+02) | measured fitness | best measured fitness | x1 | x2...
1 0 +6.636210962e+01 +6.636210962e+01 +2.190721096e+02 +2.190721096e+02 +1.8959e+00 -1.9110e+00
2 0 +1.395602749e+01 +1.395602749e+01 +1.666660275e+02 +1.666660275e+02 +1.4729e+00 +3.3914e+00
5 0 +7.007114743e+00 +7.007114743e+00 +1.597171147e+02 +1.597171147e+02 -8.8447e-01 -4.7016e+00
6 0 +1.569756271e-01 +1.569756271e-01 +1.528669756e+02 +1.528669756e+02 -4.8643e+00 -5.4841e-01
66 0 +1.313563231e-01 +1.313563231e-01 +1.528413563e+02 +1.528413563e+02 -5.0000e+00 -5.1321e-01
91 0 +5.081752485e-02 +5.081752485e-02 +1.527608175e+02 +1.527608175e+02 -4.5595e+00 -7.4788e-01
179 0 +4.908251570e-02 +4.908251570e-02 +1.527590825e+02 +1.527590825e+02 -4.5379e+00 -7.5717e-01
207 0 +4.776898115e-02 +4.776898115e-02 +1.527577690e+02 +1.527577690e+02 -4.5358e+00 -7.6143e-01
221 0 +4.024464535e-02 +4.024464535e-02 +1.527502446e+02 +1.527502446e+02 -4.4732e+00 -8.0020e-01
277 0 +3.920238770e-02 +3.920238770e-02 +1.527492024e+02 +1.527492024e+02 -4.4609e+00 -8.0400e-01
278 0 +3.665291532e-02 +3.665291532e-02 +1.527466529e+02 +1.527466529e+02 -4.3966e+00 -8.2834e-01
319 0 +2.856099096e-02 +2.856099096e-02 +1.527385610e+02 +1.527385610e+02 -4.3301e+00 -8.6563e-01
366 0 +2.729312488e-02 +2.729312488e-02 +1.527372931e+02 +1.527372931e+02 -4.3376e+00 -8.6536e-01
368 0 +2.454658733e-02 +2.454658733e-02 +1.527345466e+02 +1.527345466e+02 -4.3146e+00 -8.9481e-01
377 0 +2.359959533e-02 +2.359959533e-02 +1.527335996e+02 +1.527335996e+02 -4.3205e+00 -8.8306e-01
419 0 +2.270276911e-02 +2.270276911e-02 +1.527327028e+02 +1.527327028e+02 -4.3093e+00 -8.8692e-01
434 0 +2.194301684e-02 +2.194301684e-02 +1.527319430e+02 +1.527319430e+02 -4.3023e+00 -8.9229e-01
443 0 +2.173368111e-02 +2.173368111e-02 +1.527317337e+02 +1.527317337e+02 -4.3002e+00 -8.9396e-01
496 0 +2.106694456e-02 +2.106694456e-02 +1.527310669e+02 +1.527310669e+02 -4.2915e+00 -9.0114e-01
525 0 +2.088233343e-02 +2.088233343e-02 +1.527308823e+02 +1.527308823e+02 -4.2859e+00 -8.9811e-01
576 0 +2.030688822e-02 +2.030688822e-02 +1.527303069e+02 +1.527303069e+02 -4.2823e+00 -9.0266e-01
625 0 +1.969942138e-02 +1.969942138e-02 +1.527296994e+02 +1.527296994e+02 -4.2736e+00 -9.0666e-01
710 0 +1.949153827e-02 +1.949153827e-02 +1.527294915e+02 +1.527294915e+02 -4.2720e+00 -9.0997e-01
868 0 +1.903912590e-02 +1.903912590e-02 +1.527290391e+02 +1.527290391e+02 -4.2642e+00 -9.1174e-01
1223 0 +1.861437814e-02 +1.861437814e-02 +1.527286144e+02 +1.527286144e+02 -4.2583e+00 -9.1543e-01
% f evaluations | g evaluations | best noise-free fitness - Fopt | noise-free fitness - Fopt (9.980000000000e+01) | measured fitness | best measured fitness | x1 | x2...
1 0 +2.897753611e+01 +2.897753611e+01 +1.287775361e+02 +1.287775361e+02 +1.4489e+00 -4.1606e+00
5 0 +1.180021024e+01 +1.180021024e+01 +1.116002102e+02 +1.116002102e+02 -3.1896e+00 +2.8358e+00
7 0 +1.022514731e+01 +1.022514731e+01 +1.100251473e+02 +1.100251473e+02 +4.5549e+00 -4.0361e+00
15 0 +6.891112333e+00 +6.891112333e+00 +1.066911123e+02 +1.066911123e+02 +1.2106e+00 +1.6850e+00
54 0 +6.051763598e+00 +6.051763598e+00 +1.058517636e+02 +1.058517636e+02 +2.5541e+00 +1.7244e+00
55 0 +5.762912169e+00 +5.762912169e+00 +1.055629122e+02 +1.055629122e+02 -7.8414e-01 +9.6128e-01
72 0 +1.322595713e+00 +1.322595713e+00 +1.011225957e+02 +1.011225957e+02 +9.7081e-01 +1.4632e+00
92 0 +1.164610113e+00 +1.164610113e+00 +1.009646101e+02 +1.009646101e+02 -1.1748e+00 +2.1060e+00
103 0 +9.120181637e-01 +9.120181637e-01 +1.007120182e+02 +1.007120182e+02 -1.4476e+00 +2.9268e+00
128 0 +8.787807859e-01 +8.787807859e-01 +1.006787808e+02 +1.006787808e+02 -1.1307e+00 +2.1170e+00
177 0 +8.477859632e-01 +8.477859632e-01 +1.006477860e+02 +1.006477860e+02 -1.1737e+00 +2.1869e+00
209 0 +8.260380518e-01 +8.260380518e-01 +1.006260381e+02 +1.006260381e+02 -1.1635e+00 +2.2188e+00
212 0 +7.718900332e-01 +7.718900332e-01 +1.005718900e+02 +1.005718900e+02 -1.2120e+00 +2.3126e+00
315 0 +7.369945875e-01 +7.369945875e-01 +1.005369946e+02 +1.005369946e+02 -1.2569e+00 +2.4070e+00
318 0 +7.162500160e-01 +7.162500160e-01 +1.005162500e+02 +1.005162500e+02 -1.3048e+00 +2.4936e+00
419 0 +7.052776347e-01 +7.052776347e-01 +1.005052776e+02 +1.005052776e+02 -1.3274e+00 +2.5485e+00
% f evaluations | g evaluations | best noise-free fitness - Fopt | noise-free fitness - Fopt (-1.194100000000e+02) | measured fitness | best measured fitness | x1 | x2...
1 0 +8.205968351e+00 +8.205968351e+00 -1.112040316e+02 -1.112040316e+02 -6.7756e-01 +8.3441e-02
9 0 +2.104244820e+00 +2.104244820e+00 -1.173057552e+02 -1.173057552e+02 +5.5034e-01 -6.5704e-01
24 0 +1.364835804e+00 +1.364835804e+00 -1.180451642e+02 -1.180451642e+02 +2.2522e-01 -6.3771e-01
57 0 +1.192401676e+00 +1.192401676e+00 -1.182175983e+02 -1.182175983e+02 -1.5955e-01 +7.3690e-01
58 0 +1.695449375e-01 +1.695449375e-01 -1.192404551e+02 -1.192404551e+02 +1.4628e-01 +6.0409e-01
109 0 +5.003337370e-02 +5.003337370e-02 -1.193599666e+02 -1.193599666e+02 +1.7277e-02 +6.1261e-01
137 0 +1.166692603e-02 +1.166692603e-02 -1.193983331e+02 -1.193983331e+02 -7.3847e-01 +5.7602e-01
162 0 +1.368540251e-03 +1.368540251e-03 -1.194086315e+02 -1.194086315e+02 -8.1769e-01 +5.5064e-01
172 0 +9.141290094e-04 +9.141290094e-04 -1.194090859e+02 -1.194090859e+02 -6.5757e-01 +5.5815e-01
223 0 +7.620144309e-04 +7.620144309e-04 -1.194092380e+02 -1.194092380e+02 -7.1280e-01 +5.4950e-01
243 0 +2.040770198e-04 +2.040770198e-04 -1.194097959e+02 -1.194097959e+02 -1.0215e+00 +4.9520e-01
265 0 +1.768875006e-04 +1.768875006e-04 -1.194098231e+02 -1.194098231e+02 -9.2359e-01 +5.1286e-01
278 0 +1.050524104e-04 +1.050524104e-04 -1.194098949e+02 -1.194098949e+02 -9.2951e-01 +5.2123e-01
283 0 +1.448903849e-05 +1.448903849e-05 -1.194099855e+02 -1.194099855e+02 -1.0771e+00 +4.9570e-01
293 0 +8.844741558e-06 +8.844741558e-06 -1.194099912e+02 -1.194099912e+02 -1.0793e+00 +4.9677e-01
337 0 +8.459232077e-06 +8.459232077e-06 -1.194099915e+02 -1.194099915e+02 -1.0767e+00 +4.9823e-01
343 0 +5.719171767e-06 +5.719171767e-06 -1.194099943e+02 -1.194099943e+02 -1.1203e+00 +4.9079e-01
356 0 +2.432670101e-06 +2.432670101e-06 -1.194099976e+02 -1.194099976e+02 -1.1630e+00 +4.8386e-01
367 0 +1.372546720e-06 +1.372546720e-06 -1.194099986e+02 -1.194099986e+02 -1.1955e+00 +4.7956e-01
369 0 +4.814750554e-07 +4.814750554e-07 -1.194099995e+02 -1.194099995e+02 -1.2108e+00 +4.8243e-01
382 0 +4.213163720e-07 +4.213163720e-07 -1.194099996e+02 -1.194099996e+02 -1.1862e+00 +4.8398e-01
395 0 +3.223401137e-07 +3.223401137e-07 -1.194099997e+02 -1.194099997e+02 -1.1942e+00 +4.8181e-01
418 0 +2.841928364e-07 +2.841928364e-07 -1.194099997e+02 -1.194099997e+02 -1.1938e+00 +4.8260e-01
421 0 +2.017879268e-07 +2.017879268e-07 -1.194099998e+02 -1.194099998e+02 -1.2007e+00 +4.8178e-01
432 0 +1.840108013e-07 +1.840108013e-07 -1.194099998e+02 -1.194099998e+02 -1.2061e+00 +4.8158e-01
437 0 +1.271040304e-07 +1.271040304e-07 -1.194099999e+02 -1.194099999e+02 -1.2276e+00 +4.7940e-01
470 0 +5.009236759e-08 +5.009236759e-08 -1.194099999e+02 -1.194099999e+02 -1.2218e+00 +4.7891e-01
501 0 +4.596267900e-08 +4.596267900e-08 -1.194100000e+02 -1.194100000e+02 -1.2302e+00 +4.7831e-01
520 0 +4.548425636e-08 +4.548425636e-08 -1.194100000e+02 -1.194100000e+02 -1.2257e+00 +4.7836e-01
536 0 +3.776705171e-08 +3.776705171e-08 -1.194100000e+02 -1.194100000e+02 -1.2284e+00 +4.7793e-01
537 0 +3.485774869e-08 +3.485774869e-08 -1.194100000e+02 -1.194100000e+02 -1.2294e+00 +4.7754e-01
550 0 +1.472562872e-08 +1.472562872e-08 -1.194100000e+02 -1.194100000e+02 -1.2350e+00 +4.7713e-01
571 0 +1.239357061e-08 +1.239357061e-08 -1.194100000e+02 -1.194100000e+02 -1.2377e+00 +4.7687e-01
572 0 +1.183877885e-08 +1.183877885e-08 -1.194100000e+02 -1.194100000e+02 -1.2388e+00 +4.7631e-01
580 0 +9.347317587e-09 +9.347317587e-09 -1.194100000e+02 -1.194100000e+02 -1.2428e+00 +4.7570e-01
% f evaluations | g evaluations | best noise-free fitness - Fopt | noise-free fitness - Fopt (1.077000000000e+01) | measured fitness | best measured fitness | x1 | x2...
1 0 +2.508139850e+01 +2.508139850e+01 +3.585139850e+01 +3.585139850e+01 +3.7863e+00 +1.6315e+00
2 0 +1.588272753e+01 +1.588272753e+01 +2.665272753e+01 +2.665272753e+01 -3.2151e+00 -4.2467e+00
6 0 +1.008173088e+01 +1.008173088e+01 +2.085173088e+01 +2.085173088e+01 +3.7175e+00 +2.8260e+00
12 0 +7.327096009e+00 +7.327096009e+00 +1.809709601e+01 +1.809709601e+01 +4.7919e+00 +2.9530e+00
16 0 +4.560335705e+00 +4.560335705e+00 +1.533033571e+01 +1.533033571e+01 -9.9251e-01 -6.4301e-01
21 0 +9.157573175e-02 +9.157573175e-02 +1.086157573e+01 +1.086157573e+01 +1.7071e+00 -1.4755e+00
25 0 +1.075889042e-02 +1.075889042e-02 +1.078075889e+01 +1.078075889e+01 +1.3318e+00 -2.0145e+00
52 0 +3.594675284e-03 +3.594675284e-03 +1.077359468e+01 +1.077359468e+01 +1.1994e+00 -2.1099e+00
86 0 +2.866194273e-03 +2.866194273e-03 +1.077286619e+01 +1.077286619e+01 +1.6922e+00 -1.6185e+00
109 0 +9.344983992e-04 +9.344983992e-04 +1.077093450e+01 +1.077093450e+01 +1.6158e+00 -1.6371e+00
111 0 +3.112505462e-04 +3.112505462e-04 +1.077031125e+01 +1.077031125e+01 +1.5643e+00 -1.7381e+00
171 0 +1.034199319e-04 +1.034199319e-04 +1.077010342e+01 +1.077010342e+01 +1.5674e+00 -1.7262e+00
209 0 +8.124709949e-05 +8.124709949e-05 +1.077008125e+01 +1.077008125e+01 +1.5516e+00 -1.7317e+00
213 0 +7.302791392e-05 +7.302791392e-05 +1.077007303e+01 +1.077007303e+01 +1.5677e+00 -1.7223e+00
235 0 +5.586345374e-05 +5.586345374e-05 +1.077005586e+01 +1.077005586e+01 +1.5711e+00 -1.7165e+00
246 0 +5.426205080e-05 +5.426205080e-05 +1.077005426e+01 +1.077005426e+01 +1.5923e+00 -1.6972e+00
260 0 +3.567728247e-05 +3.567728247e-05 +1.077003568e+01 +1.077003568e+01 +1.5873e+00 -1.6929e+00
273 0 +3.350098243e-05 +3.350098243e-05 +1.077003350e+01 +1.077003350e+01 +1.5906e+00 -1.6954e+00
282 0 +3.109408370e-05 +3.109408370e-05 +1.077003109e+01 +1.077003109e+01 +1.5913e+00 -1.6895e+00
312 0 +2.921162595e-05 +2.921162595e-05 +1.077002921e+01 +1.077002921e+01 +1.5936e+00 -1.6878e+00
319 0 +2.510498841e-05 +2.510498841e-05 +1.077002510e+01 +1.077002510e+01 +1.6100e+00 -1.6695e+00
377 0 +2.393885385e-05 +2.393885385e-05 +1.077002394e+01 +1.077002394e+01 +1.6202e+00 -1.6638e+00
390 0 +2.248833769e-05 +2.248833769e-05 +1.077002249e+01 +1.077002249e+01 +1.6148e+00 -1.6664e+00
396 0 +2.144081913e-05 +2.144081913e-05 +1.077002144e+01 +1.077002144e+01 +1.6184e+00 -1.6606e+00
419 0 +1.889662637e-05 +1.889662637e-05 +1.077001890e+01 +1.077001890e+01 +1.6214e+00 -1.6599e+00
435 0 +1.428764493e-05 +1.428764493e-05 +1.077001429e+01 +1.077001429e+01 +1.6274e+00 -1.6530e+00
501 0 +1.393960062e-05 +1.393960062e-05 +1.077001394e+01 +1.077001394e+01 +1.6278e+00 -1.6525e+00
520 0 +1.357405891e-05 +1.357405891e-05 +1.077001357e+01 +1.077001357e+01 +1.6287e+00 -1.6519e+00
544 0 +1.295733993e-05 +1.295733993e-05 +1.077001296e+01 +1.077001296e+01 +1.6305e+00 -1.6504e+00
578 0 +1.250460463e-05 +1.250460463e-05 +1.077001250e+01 +1.077001250e+01 +1.6299e+00 -1.6501e+00
584 0 +1.215186150e-05 +1.215186150e-05 +1.077001215e+01 +1.077001215e+01 +1.6305e+00 -1.6495e+00
625 0 +1.200145930e-05 +1.200145930e-05 +1.077001200e+01 +1.077001200e+01 +1.6307e+00 -1.6491e+00
678 0 +1.170998859e-05 +1.170998859e-05 +1.077001171e+01 +1.077001171e+01 +1.6311e+00 -1.6483e+00
732 0 +1.144184333e-05 +1.144184333e-05 +1.077001144e+01 +1.077001144e+01 +1.6318e+00 -1.6482e+00
938 0 +1.121621547e-05 +1.121621547e-05 +1.077001122e+01 +1.077001122e+01 +1.6321e+00 -1.6477e+00
4627 0 +1.096444860e-05 +1.096444860e-05 +1.077001096e+01 +1.077001096e+01 +1.6326e+00 -1.6473e+00
% f evaluations | g evaluations | best noise-free fitness - Fopt | noise-free fitness - Fopt (2.137000000000e+01) | measured fitness | best measured fitness | x1 | x2...
1 0 +3.476220950e+01 +3.476220950e+01 +5.613220950e+01 +5.613220950e+01 +2.7722e+00 -1.1677e+00
2 0 +8.123482757e+00 +8.123482757e+00 +2.949348276e+01 +2.949348276e+01 +4.5764e+00 +2.3131e+00
10 0 +2.274256448e+00 +2.274256448e+00 +2.364425645e+01 +2.364425645e+01 +2.5339e+00 -2.4642e+00
34 0 +2.011426282e+00 +2.011426282e+00 +2.338142628e+01 +2.338142628e+01 +3.4123e+00 +3.5754e+00
64 0 +1.967205227e+00 +1.967205227e+00 +2.333720523e+01 +2.333720523e+01 +3.2546e+00 +3.4218e+00
76 0 +1.310804317e-01 +1.310804317e-01 +2.150108043e+01 +2.150108043e+01 +3.0016e+00 +3.0918e+00
93 0 +7.962887046e-03 +7.962887046e-03 +2.137796289e+01 +2.137796289e+01 +3.3413e+00 +3.2983e+00
98 0 +8.681974341e-04 +8.681974341e-04 +2.137086820e+01 +2.137086820e+01 +2.9883e+00 +2.9668e+00
128 0 +2.331922423e-04 +2.331922423e-04 +2.137023319e+01 +2.137023319e+01 +2.9851e+00 +2.9764e+00
129 0 +1.591771908e-05 +1.591771908e-05 +2.137001592e+01 +2.137001592e+01 +2.7760e+00 +2.7910e+00
208 0 +4.002209113e-06 +4.002209113e-06 +2.137000400e+01 +2.137000400e+01 +2.7861e+00 +2.7954e+00
238 0 +1.747868950e-06 +1.747868950e-06 +2.137000175e+01 +2.137000175e+01 +2.7772e+00 +2.7838e+00
283 0 +1.668105178e-06 +1.668105178e-06 +2.137000167e+01 +2.137000167e+01 +2.7721e+00 +2.7810e+00
295 0 +1.643136788e-06 +1.643136788e-06 +2.137000164e+01 +2.137000164e+01 +2.7742e+00 +2.7815e+00
301 0 +1.537515821e-06 +1.537515821e-06 +2.137000154e+01 +2.137000154e+01 +2.7669e+00 +2.7760e+00
321 0 +6.480369130e-07 +6.480369130e-07 +2.137000065e+01 +2.137000065e+01 +2.7548e+00 +2.7634e+00
391 0 +4.800040756e-07 +4.800040756e-07 +2.137000048e+01 +2.137000048e+01 +2.7444e+00 +2.7548e+00
415 0 +4.016292294e-07 +4.016292294e-07 +2.137000040e+01 +2.137000040e+01 +2.7450e+00 +2.7545e+00
428 0 +2.987684944e-07 +2.987684944e-07 +2.137000030e+01 +2.137000030e+01 +2.7413e+00 +2.7504e+00
503 0 +2.773230179e-07 +2.773230179e-07 +2.137000028e+01 +2.137000028e+01 +2.7403e+00 +2.7494e+00
507 0 +2.075546028e-07 +2.075546028e-07 +2.137000021e+01 +2.137000021e+01 +2.7355e+00 +2.7442e+00
519 0 +1.684200797e-07 +1.684200797e-07 +2.137000017e+01 +2.137000017e+01 +2.7308e+00 +2.7395e+00
584 0 +1.610515241e-07 +1.610515241e-07 +2.137000016e+01 +2.137000016e+01 +2.7313e+00 +2.7411e+00
589 0 +1.374230436e-07 +1.374230436e-07 +2.137000014e+01 +2.137000014e+01 +2.7279e+00 +2.7383e+00
592 0 +1.187203580e-07 +1.187203580e-07 +2.137000012e+01 +2.137000012e+01 +2.7281e+00 +2.7376e+00
634 0 +1.141962684e-07 +1.141962684e-07 +2.137000011e+01 +2.137000011e+01 +2.7276e+00 +2.7370e+00
639 0 +9.042743443e-08 +9.042743443e-08 +2.137000009e+01 +2.137000009e+01 +2.7248e+00 +2.7339e+00
678 0 +8.668521900e-08 +8.668521900e-08 +2.137000009e+01 +2.137000009e+01 +2.7247e+00 +2.7350e+00
682 0 +7.040973315e-08 +7.040973315e-08 +2.137000007e+01 +2.137000007e+01 +2.7226e+00 +2.7331e+00
689 0 +6.387267604e-08 +6.387267604e-08 +2.137000006e+01 +2.137000006e+01 +2.7210e+00 +2.7318e+00
690 0 +6.171020317e-08 +6.171020317e-08 +2.137000006e+01 +2.137000006e+01 +2.7226e+00 +2.7328e+00
730 0 +6.052694346e-08 +6.052694346e-08 +2.137000006e+01 +2.137000006e+01 +2.7228e+00 +2.7325e+00
740 0 +5.990995433e-08 +5.990995433e-08 +2.137000006e+01 +2.137000006e+01 +2.7228e+00 +2.7325e+00
756 0 +5.825904026e-08 +5.825904026e-08 +2.137000006e+01 +2.137000006e+01 +2.7225e+00 +2.7323e+00
767 0 +5.657489766e-08 +5.657489766e-08 +2.137000006e+01 +2.137000006e+01 +2.7217e+00 +2.7320e+00
779 0 +5.546822734e-08 +5.546822734e-08 +2.137000006e+01 +2.137000006e+01 +2.7220e+00 +2.7319e+00
787 0 +5.400227465e-08 +5.400227465e-08 +2.137000005e+01 +2.137000005e+01 +2.7216e+00 +2.7316e+00
815 0 +5.318522511e-08 +5.318522511e-08 +2.137000005e+01 +2.137000005e+01 +2.7214e+00 +2.7314e+00
843 0 +5.236975298e-08 +5.236975298e-08 +2.137000005e+01 +2.137000005e+01 +2.7212e+00 +2.7311e+00
898 0 +5.118392465e-08 +5.118392465e-08 +2.137000005e+01 +2.137000005e+01 +2.7208e+00 +2.7306e+00
1078 0 +5.010146609e-08 +5.010146609e-08 +2.137000005e+01 +2.137000005e+01 +2.7204e+00 +2.7303e+00
% f evaluations | g evaluations | best noise-free fitness - Fopt | noise-free fitness - Fopt (1.673000000000e+01) | measured fitness | best measured fitness | x1 | x2...
1 0 +2.581937113e+01 +2.581937113e+01 +4.254937113e+01 +4.254937113e+01 -2.9943e+00 -3.7396e+00
2 0 +1.382539473e+01 +1.382539473e+01 +3.055539473e+01 +3.055539473e+01 +4.8716e+00 -3.6844e+00
5 0 +4.134867201e+00 +4.134867201e+00 +2.086486720e+01 +2.086486720e+01 -2.4732e+00 +6.6487e-02
35 0 +9.397761531e-01 +9.397761531e-01 +1.766977615e+01 +1.766977615e+01 +7.0098e-01 -3.6170e+00
55 0 +1.735015979e-01 +1.735015979e-01 +1.690350160e+01 +1.690350160e+01 -4.0398e-01 -2.6938e+00
114 0 +1.046397254e-01 +1.046397254e-01 +1.683463973e+01 +1.683463973e+01 -4.5108e-01 -2.6280e+00
116 0 +3.001672325e-02 +3.001672325e-02 +1.676001672e+01 +1.676001672e+01 -2.1656e-01 -2.7990e+00
138 0 +2.068119408e-02 +2.068119408e-02 +1.675068119e+01 +1.675068119e+01 -3.2380e-01 -2.6647e+00
139 0 +1.521161577e-02 +1.521161577e-02 +1.674521162e+01 +1.674521162e+01 -3.7775e-01 -2.6191e+00
195 0 +1.512947548e-02 +1.512947548e-02 +1.674512948e+01 +1.674512948e+01 -3.7060e-01 -2.6374e+00
208 0 +1.477446803e-02 +1.477446803e-02 +1.674477447e+01 +1.674477447e+01 -3.8122e-01 -2.6266e+00
370 0 +1.442237690e-02 +1.442237690e-02 +1.674442238e+01 +1.674442238e+01 -3.9287e-01 -2.6151e+00
730 0 +1.412402298e-02 +1.412402298e-02 +1.674412402e+01 +1.674412402e+01 -4.0194e-01 -2.6043e+00
% f evaluations | g evaluations | best noise-free fitness - Fopt | noise-free fitness - Fopt (1.000000000000e+03) | measured fitness | best measured fitness | x1 | x2...
1 0 +4.162460972e+01 +4.162460972e+01 +1.041624610e+03 +1.041624610e+03 +1.5682e+00 +3.4902e+00
3 0 +2.866734166e+01 +2.866734166e+01 +1.028667342e+03 +1.028667342e+03 +8.6334e-01 -3.1593e+00
8 0 +1.350987667e+01 +1.350987667e+01 +1.013509877e+03 +1.013509877e+03 +4.9849e+00 -2.2045e+00
20 0 +8.966811415e+00 +8.966811415e+00 +1.008966811e+03 +1.008966811e+03 +1.3300e+00 +3.2627e+00
26 0 +2.036104109e+00 +2.036104109e+00 +1.002036104e+03 +1.002036104e+03 +4.7236e+00 -4.9136e+00
29 0 +1.915096817e+00 +1.915096817e+00 +1.001915097e+03 +1.001915097e+03 -1.3197e+00 -3.3795e+00
44 0 +5.051629616e-01 +5.051629616e-01 +1.000505163e+03 +1.000505163e+03 +4.2467e-01 -4.1694e+00
53 0 +1.352102446e-01 +1.352102446e-01 +1.000135210e+03 +1.000135210e+03 +2.7616e-01 -4.0745e+00
106 0 +1.333078441e-01 +1.333078441e-01 +1.000133308e+03 +1.000133308e+03 +3.1176e-01 -4.0815e+00
117 0 +1.276225103e-01 +1.276225103e-01 +1.000127623e+03 +1.000127623e+03 +3.6184e-01 -4.0678e+00
135 0 +1.225772663e-01 +1.225772663e-01 +1.000122577e+03 +1.000122577e+03 +3.1983e-01 -4.0709e+00
146 0 +1.082605954e-01 +1.082605954e-01 +1.000108261e+03 +1.000108261e+03 +2.3724e-01 -4.0270e+00
156 0 +1.061278066e-01 +1.061278066e-01 +1.000106128e+03 +1.000106128e+03 +2.3666e-01 -4.0335e+00
162 0 +8.751146163e-02 +8.751146163e-02 +1.000087511e+03 +1.000087511e+03 +1.4502e-01 -4.0017e+00
219 0 +8.488162981e-02 +8.488162981e-02 +1.000084882e+03 +1.000084882e+03 +1.3320e-01 -3.9985e+00
221 0 +8.212076602e-02 +8.212076602e-02 +1.000082121e+03 +1.000082121e+03 +5.7016e-02 -3.9911e+00
251 0 +7.551107059e-02 +7.551107059e-02 +1.000075511e+03 +1.000075511e+03 +4.0305e-02 -3.9545e+00
259 0 +5.916852905e-02 +5.916852905e-02 +1.000059169e+03 +1.000059169e+03 -1.6983e-02 -3.9571e+00
271 0 +5.597041677e-02 +5.597041677e-02 +1.000055970e+03 +1.000055970e+03 -2.7767e-02 -3.9482e+00
272 0 +5.256335332e-02 +5.256335332e-02 +1.000052563e+03 +1.000052563e+03 -6.3878e-02 -3.9408e+00
317 0 +4.981083620e-02 +4.981083620e-02 +1.000049811e+03 +1.000049811e+03 -8.5200e-02 -3.9215e+00
330 0 +4.793890616e-02 +4.793890616e-02 +1.000047939e+03 +1.000047939e+03 -9.5123e-02 -3.9263e+00
363 0 +4.775526640e-02 +4.775526640e-02 +1.000047755e+03 +1.000047755e+03 -9.7700e-02 -3.9261e+00
368 0 +4.615154986e-02 +4.615154986e-02 +1.000046152e+03 +1.000046152e+03 -1.2646e-01 -3.9214e+00
422 0 +4.546704405e-02 +4.546704405e-02 +1.000045467e+03 +1.000045467e+03 -1.1768e-01 -3.9153e+00
507 0 +4.444178953e-02 +4.444178953e-02 +1.000044442e+03 +1.000044442e+03 -1.2906e-01 -3.9152e+00
675 0 +4.356740828e-02 +4.356740828e-02 +1.000043567e+03 +1.000043567e+03 -1.4186e-01 -3.9131e+00
3537 0 +4.263916944e-02 +4.263916944e-02 +1.000042639e+03 +1.000042639e+03 -1.4620e-01 -3.9087e+00
% f evaluations | g evaluations | best noise-free fitness - Fopt | noise-free fitness - Fopt (-1.079600000000e+02) | measured fitness | best measured fitness | x1 | x2...
1 0 +3.335849158e+01 +3.335849158e+01 -7.460150842e+01 -7.460150842e+01 +2.1978e+00 -4.6447e+00
3 0 +8.555165184e+00 +8.555165184e+00 -9.940483482e+01 -9.940483482e+01 -1.5648e+00 -4.1850e+00
5 0 +7.863684090e+00 +7.863684090e+00 -1.000963159e+02 -1.000963159e+02 -2.8530e+00 -3.9014e+00
6 0 +2.360609322e+00 +2.360609322e+00 -1.055993907e+02 -1.055993907e+02 +3.2445e+00 +1.9410e+00
27 0 +2.078290314e+00 +2.078290314e+00 -1.058817097e+02 -1.058817097e+02 +2.6901e+00 +1.5956e-01
44 0 +2.002696082e+00 +2.002696082e+00 -1.059573039e+02 -1.059573039e+02 +3.1744e+00 +3.5080e-01
52 0 +1.985732770e+00 +1.985732770e+00 -1.059742672e+02 -1.059742672e+02 +2.6579e+00 +3.7046e-01
68 0 +4.626290546e-01 +4.626290546e-01 -1.074973709e+02 -1.074973709e+02 +2.4823e-02 +8.7634e-01
114 0 +9.591489825e-04 +9.591489825e-04 -1.079590409e+02 -1.079590409e+02 -5.8663e-01 +1.0701e+00
162 0 +6.515731911e-06 +6.515731911e-06 -1.079599935e+02 -1.079599935e+02 -8.8518e-01 +1.1435e+00
263 0 +4.280893350e-06 +4.280893350e-06 -1.079599957e+02 -1.079599957e+02 -9.1867e-01 +1.1526e+00
320 0 +1.940333405e-06 +1.940333405e-06 -1.079599981e+02 -1.079599981e+02 -9.2423e-01 +1.1511e+00
327 0 +1.465942489e-06 +1.465942489e-06 -1.079599985e+02 -1.079599985e+02 -9.4861e-01 +1.1551e+00
370 0 +1.200204153e-06 +1.200204153e-06 -1.079599988e+02 -1.079599988e+02 -9.4688e-01 +1.1561e+00
403 0 +4.839655787e-07 +4.839655787e-07 -1.079599995e+02 -1.079599995e+02 -9.6652e-01 +1.1598e+00
421 0 +4.459770935e-07 +4.459770935e-07 -1.079599996e+02 -1.079599996e+02 -9.7138e-01 +1.1603e+00
429 0 +2.712293821e-07 +2.712293821e-07 -1.079599997e+02 -1.079599997e+02 -9.7950e-01 +1.1625e+00
473 0 +2.495371376e-07 +2.495371376e-07 -1.079599998e+02 -1.079599998e+02 -9.8274e-01 +1.1628e+00
478 0 +1.403353878e-07 +1.403353878e-07 -1.079599999e+02 -1.079599999e+02 -9.9315e-01 +1.1656e+00
522 0 +1.179218430e-07 +1.179218430e-07 -1.079599999e+02 -1.079599999e+02 -1.0000e+00 +1.1660e+00
573 0 +1.087035599e-07 +1.087035599e-07 -1.079599999e+02 -1.079599999e+02 -9.9983e-01 +1.1661e+00
575 0 +9.952377411e-08 +9.952377411e-08 -1.079599999e+02 -1.079599999e+02 -9.9898e-01 +1.1661e+00
603 0 +9.091243669e-08 +9.091243669e-08 -1.079599999e+02 -1.079599999e+02 -1.0001e+00 +1.1663e+00
605 0 +7.084038600e-08 +7.084038600e-08 -1.079599999e+02 -1.079599999e+02 -1.0007e+00 +1.1668e+00
631 0 +6.181916490e-08 +6.181916490e-08 -1.079599999e+02 -1.079599999e+02 -1.0023e+00 +1.1671e+00
636 0 +5.927797986e-08 +5.927797986e-08 -1.079599999e+02 -1.079599999e+02 -1.0028e+00 +1.1675e+00
682 0 +5.391044056e-08 +5.391044056e-08 -1.079599999e+02 -1.079599999e+02 -1.0044e+00 +1.1675e+00
694 0 +5.337776088e-08 +5.337776088e-08 -1.079599999e+02 -1.079599999e+02 -1.0051e+00 +1.1675e+00
730 0 +5.156097416e-08 +5.156097416e-08 -1.079599999e+02 -1.079599999e+02 -1.0053e+00 +1.1677e+00
769 0 +5.085037458e-08 +5.085037458e-08 -1.079599999e+02 -1.079599999e+02 -1.0055e+00 +1.1678e+00
780 0 +5.008509163e-08 +5.008509163e-08 -1.079599999e+02 -1.079599999e+02 -1.0062e+00 +1.1678e+00
834 0 +4.870254600e-08 +4.870254600e-08 -1.079600000e+02 -1.079600000e+02 -1.0072e+00 +1.1680e+00
1005 0 +4.783424856e-08 +4.783424856e-08 -1.079600000e+02 -1.079600000e+02 -1.0082e+00 +1.1682e+00
4784 0 +4.676618914e-08 +4.676618914e-08 -1.079600000e+02 -1.079600000e+02 -1.0089e+00 +1.1685e+00
% f evaluations | g evaluations | best noise-free fitness - Fopt | noise-free fitness - Fopt (-3.025900000000e+02) | measured fitness | best measured fitness | x1 | x2...
1 0 +2.773158460e+01 +2.773158460e+01 -2.748584154e+02 -2.748584154e+02 +2.8659e+00 +9.9677e-01
7 0 +2.741071141e+01 +2.741071141e+01 -2.751792886e+02 -2.751792886e+02 -4.0759e+00 +1.4008e+00
8 0 +1.871565595e+01 +1.871565595e+01 -2.838743441e+02 -2.838743441e+02 +1.7541e+00 +2.2191e+00
18 0 +1.459872794e+01 +1.459872794e+01 -2.879912721e+02 -2.879912721e+02 -9.8083e-01 +2.2297e+00
21 0 +7.781253612e+00 +7.781253612e+00 -2.948087464e+02 -2.948087464e+02 +1.6172e+00 +2.3079e+00
23 0 +7.430980180e+00 +7.430980180e+00 -2.951590198e+02 -2.951590198e+02 +1.5888e+00 +2.5243e+00
25 0 +7.027792529e+00 +7.027792529e+00 -2.955622075e+02 -2.955622075e+02 +3.0388e+00 -4.9292e+00
35 0 +2.074180773e+00 +2.074180773e+00 -3.005158192e+02 -3.005158192e+02 -6.0014e-02 +1.5382e+00
57 0 +6.002868222e-02 +6.002868222e-02 -3.025299713e+02 -3.025299713e+02 -3.9953e-01 +1.5886e+00
137 0 +5.508555149e-02 +5.508555149e-02 -3.025349144e+02 -3.025349144e+02 -3.8163e-01 +1.5527e+00
158 0 +4.429836781e-02 +4.429836781e-02 -3.025457016e+02 -3.025457016e+02 -3.4135e-01 +1.4846e+00
207 0 +4.325157242e-02 +4.325157242e-02 -3.025467484e+02 -3.025467484e+02 -3.1426e-01 +1.4651e+00
222 0 +4.213622713e-02 +4.213622713e-02 -3.025478638e+02 -3.025478638e+02 -3.2940e-01 +1.4579e+00
224 0 +3.980518612e-02 +3.980518612e-02 -3.025501948e+02 -3.025501948e+02 -3.2007e-01 +1.4522e+00
280 0 +3.858204859e-02 +3.858204859e-02 -3.025514180e+02 -3.025514180e+02 -3.1169e-01 +1.4422e+00
313 0 +3.781736643e-02 +3.781736643e-02 -3.025521826e+02 -3.025521826e+02 -3.0950e-01 +1.4349e+00
340 0 +3.714038957e-02 +3.714038957e-02 -3.025528596e+02 -3.025528596e+02 -3.0744e-01 +1.4269e+00
416 0 +3.581458909e-02 +3.581458909e-02 -3.025541854e+02 -3.025541854e+02 -3.0071e-01 +1.4066e+00
474 0 +3.498555226e-02 +3.498555226e-02 -3.025550144e+02 -3.025550144e+02 -2.9750e-01 +1.4047e+00
539 0 +3.460965060e-02 +3.460965060e-02 -3.025553903e+02 -3.025553903e+02 -2.9567e-01 +1.4031e+00
743 0 +3.385006684e-02 +3.385006684e-02 -3.025561499e+02 -3.025561499e+02 -2.9155e-01 +1.3981e+00
% f evaluations | g evaluations | best noise-free fitness - Fopt | noise-free fitness - Fopt (-3.065500000000e+02) | measured fitness | best measured fitness | x1 | x2...
1 0 +2.072419084e+01 +2.072419084e+01 -2.858258092e+02 -2.858258092e+02 +1.6899e+00 +2.8598e+00
7 0 +5.572944214e-02 +5.572944214e-02 -3.064942706e+02 -3.064942706e+02 -1.7721e+00 -4.2959e+00
92 0 +5.266570416e-02 +5.266570416e-02 -3.064973343e+02 -3.064973343e+02 -1.7908e+00 -4.3050e+00
119 0 +3.663572501e-02 +3.663572501e-02 -3.065133643e+02 -3.065133643e+02 -1.9293e+00 -4.2466e+00
151 0 +1.487806027e-02 +1.487806027e-02 -3.065351219e+02 -3.065351219e+02 -2.2919e+00 -4.1198e+00
161 0 +6.821804731e-03 +6.821804731e-03 -3.065431782e+02 -3.065431782e+02 -2.4312e+00 -4.0443e+00
212 0 +3.613337705e-03 +3.613337705e-03 -3.065463867e+02 -3.065463867e+02 -2.5711e+00 -3.9968e+00
263 0 +2.715401066e-03 +2.715401066e-03 -3.065472846e+02 -3.065472846e+02 -2.6594e+00 -3.9670e+00
323 0 +2.366975996e-03 +2.366975996e-03 -3.065476330e+02 -3.065476330e+02 -2.6694e+00 -3.9569e+00
337 0 +1.195222663e-03 +1.195222663e-03 -3.065488048e+02 -3.065488048e+02 -2.7416e+00 -3.9350e+00
373 0 +1.021893202e-03 +1.021893202e-03 -3.065489781e+02 -3.065489781e+02 -2.7633e+00 -3.9196e+00
417 0 +9.526616228e-04 +9.526616228e-04 -3.065490473e+02 -3.065490473e+02 -2.7735e+00 -3.9199e+00
568 0 +9.269685199e-04 +9.269685199e-04 -3.065490730e+02 -3.065490730e+02 -2.7834e+00 -3.9158e+00
701 0 +9.109762441e-04 +9.109762441e-04 -3.065490890e+02 -3.065490890e+02 -2.7920e+00 -3.9118e+00
