% f evaluations | g evaluations | best noise-free fitness - Fopt | noise-free fitness - Fopt (-1.025500000000e+02) | measured fitness | best measured fitness | x1 | x2...
1 0 +2.503737427e-01 +2.503737427e-01 -1.022996263e+02 -1.022996263e+02 +0.0000e+00 +0.0000e+00 +0.0000e+00
2 0 +2.372339456e-01 +2.372339456e-01 -1.023127661e+02 -1.023127661e+02 +2.5000e-04 +0.0000e+00 +0.0000e+00
6 0 +2.242331115e-01 +2.242331115e-01 -1.023257669e+02 -1.023257669e+02 +2.7778e-04 -1.3889e-04 -1.6667e-04
7 0 +2.075783726e-01 +2.075783726e-01 -1.023424216e+02 -1.023424216e+02 +4.1667e-04 -3.3333e-04 -2.5000e-04
9 0 +1.858324660e-01 +1.858324660e-01 -1.023641675e+02 -1.023641675e+02 +8.3333e-04 -1.6667e-04 -5.0000e-04
11 0 +1.575209976e-01 +1.575209976e-01 -1.023924790e+02 -1.023924790e+02 +1.1667e-03 -8.3333e-04 -2.5000e-04
12 0 +1.358173546e-01 +1.358173546e-01 -1.024141826e+02 -1.024141826e+02 +1.3611e-03 -8.8889e-04 -6.6667e-04
13 0 +9.672739522e-02 +9.672739522e-02 -1.024532726e+02 -1.024532726e+02 +1.9167e-03 -1.3333e-03 -1.0000e-03
14 0 +9.387536727e-02 +9.387536727e-02 -1.024561246e+02 -1.024561246e+02 +2.1944e-03 -1.2222e-03 -9.1667e-04
15 0 +5.832167819e-02 +5.832167819e-02 -1.024916783e+02 -1.024916783e+02 +3.0833e-03 -1.6667e-03 -1.2500e-03
16 0 +4.176814131e-02 +4.176814131e-02 -1.025082319e+02 -1.025082319e+02 +3.2778e-03 -2.3889e-03 -1.1667e-03
17 0 +1.704245853e-02 +1.704245853e-02 -1.025329575e+02 -1.025329575e+02 +4.5000e-03 -3.5000e-03 -1.5000e-03
29 0 +1.586999864e-02 +1.586999864e-02 -1.025341300e+02 -1.025341300e+02 +4.7879e-03 -3.8471e-03 -1.3971e-03
38 0 +1.580914909e-02 +1.580914909e-02 -1.025341909e+02 -1.025341909e+02 +4.9273e-03 -3.7210e-03 -1.6928e-03
% f evaluations | g evaluations | best noise-free fitness - Fopt | noise-free fitness - Fopt (7.169000000000e+01) | measured fitness | best measured fitness | x1 | x2...
1 0 +2.503737427e-01 +2.503737427e-01 +7.194037374e+01 +7.194037374e+01 +0.0000e+00 +0.0000e+00 +0.0000e+00
2 0 +2.478331455e-01 +2.478331455e-01 +7.193783315e+01 +7.193783315e+01 +2.5000e-04 +0.0000e+00 +0.0000e+00
4 0 +2.320014660e-01 +2.320014660e-01 +7.192200147e+01 +7.192200147e+01 +0.0000e+00 +0.0000e+00 +2.5000e-04
6 0 +2.249799120e-01 +2.249799120e-01 +7.191497991e+01 +7.191497991e+01 +2.7778e-04 -1.6667e-04 +2.7778e-04
7 0 +2.129503942e-01 +2.129503942e-01 +7.190295039e+01 +7.190295039e+01 +4.1667e-04 -2.5000e-04 +4.1667e-04
8 0 +2.058804904e-01 +2.058804904e-01 +7.189588049e+01 +7.189588049e+01 +1.3889e-04 -3.3333e-04 +5.5556e-04
9 0 +1.879090211e-01 +1.879090211e-01 +7.187790902e+01 +7.187790902e+01 +8.3333e-05 -5.0000e-04 +8.3333e-04
11 0 +1.671522145e-01 +1.671522145e-01 +7.185715221e+01 +7.185715221e+01 +1.6667e-04 -2.5000e-04 +1.1667e-03
12 0 +1.496417675e-01 +1.496417675e-01 +7.183964177e+01 +7.183964177e+01 +4.4444e-04 -6.6667e-04 +1.3611e-03
13 0 +1.161703080e-01 +1.161703080e-01 +7.180617031e+01 +7.180617031e+01 +6.6667e-04 -1.0000e-03 +1.9167e-03
14 0 +1.117519118e-01 +1.117519118e-01 +7.180175191e+01 +7.180175191e+01 +1.9444e-04 -9.1667e-04 +2.1944e-03
15 0 +8.250486473e-02 +8.250486473e-02 +7.177250486e+01 +7.177250486e+01 +8.3333e-05 -1.2500e-03 +3.0833e-03
16 0 +6.410436034e-02 +6.410436034e-02 +7.175410436e+01 +7.175410436e+01 +5.2778e-04 -1.1667e-03 +3.2778e-03
17 0 +3.342781120e-02 +3.342781120e-02 +7.172342781e+01 +7.172342781e+01 +7.5000e-04 -1.5000e-03 +4.5000e-03
22 0 +3.196512410e-02 +3.196512410e-02 +7.172196512e+01 +7.172196512e+01 +1.2593e-03 -1.7778e-03 +4.2500e-03
25 0 +2.906026156e-02 +2.906026156e-02 +7.171906026e+01 +7.171906026e+01 +9.5988e-04 -2.1296e-03 +5.6111e-03
28 0 +2.078637912e-02 +2.078637912e-02 +7.171078638e+01 +7.171078638e+01 +1.4935e-03 -2.0082e-03 +5.0123e-03
29 0 +1.741602011e-02 +1.741602011e-02 +7.170741602e+01 +7.170741602e+01 +1.8652e-03 -2.2623e-03 +5.2685e-03
34 0 +1.634876486e-02 +1.634876486e-02 +7.170634876e+01 +7.170634876e+01 +1.9185e-03 -1.9819e-03 +5.3129e-03
39 0 +1.612003056e-02 +1.612003056e-02 +7.170612003e+01 +7.170612003e+01 +2.0760e-03 -2.2889e-03 +5.3645e-03
45 0 +1.581310770e-02 +1.581310770e-02 +7.170581311e+01 +7.170581311e+01 +2.2676e-03 -2.4253e-03 +5.6160e-03
% f evaluations | g evaluations | best noise-free fitness - Fopt | noise-free fitness - Fopt (2.140100000000e+02) | measured fitness | best measured fitness | x1 | x2...
1 0 +2.503737427e-01 +2.503737427e-01 +2.142603737e+02 +2.142603737e+02 +0.0000e+00 +0.0000e+00 +0.0000e+00
5 0 +2.456841120e-01 +2.456841120e-01 +2.142556841e+02 +2.142556841e+02 +1.6667e-04 +1.6667e-04 -2.5000e-04
6 0 +2.383474533e-01 +2.383474533e-01 +2.142483475e+02 +2.142483475e+02 +2.5000e-04 +2.5000e-04 -5.0000e-04
7 0 +2.316583801e-01 +2.316583801e-01 +2.142416584e+02 +2.142416584e+02 -8.3333e-05 +3.3333e-04 -3.3333e-04
8 0 +2.173989918e-01 +2.173989918e-01 +2.142273990e+02 +2.142273990e+02 -2.5000e-04 +5.0000e-04 -5.0000e-04
10 0 +2.016187131e-01 +2.016187131e-01 +2.142116187e+02 +2.142116187e+02 +0.0000e+00 +2.5000e-04 -1.0000e-03
11 0 +1.959540349e-01 +1.959540349e-01 +2.142059540e+02 +2.142059540e+02 +0.0000e+00 +6.6667e-04 -1.3333e-03
12 0 +1.839054768e-01 +1.839054768e-01 +2.141939055e+02 +2.141939055e+02 +0.0000e+00 +1.0000e-03 -2.0000e-03
13 0 +1.596943650e-01 +1.596943650e-01 +2.141696944e+02 +2.141696944e+02 -4.1667e-04 +9.1667e-04 -1.8333e-03
14 0 +1.302427125e-01 +1.302427125e-01 +2.141402427e+02 +2.141402427e+02 -7.5000e-04 +1.2500e-03 -2.5000e-03
17 0 +1.199144122e-01 +1.199144122e-01 +2.141299144e+02 +2.141299144e+02 -1.1111e-03 +1.9630e-03 -4.5185e-03
19 0 +9.900337040e-02 +9.900337040e-02 +2.141090034e+02 +2.141090034e+02 -1.4352e-03 +2.3272e-03 -4.2531e-03
20 0 +7.831093860e-02 +7.831093860e-02 +2.140883109e+02 +2.140883109e+02 -2.0278e-03 +2.9074e-03 -4.7963e-03
21 0 +6.667487917e-02 +6.667487917e-02 +2.140766749e+02 +2.140766749e+02 -1.9259e-03 +2.0525e-03 -3.7654e-03
22 0 +4.689351066e-02 +4.689351066e-02 +2.140568935e+02 +2.140568935e+02 -2.5556e-03 +2.0648e-03 -3.5926e-03
24 0 +1.847105900e-02 +1.847105900e-02 +2.140284711e+02 +2.140284711e+02 -3.9753e-03 +3.6008e-03 -5.1440e-03
26 0 +1.603933249e-02 +1.603933249e-02 +2.140260393e+02 +2.140260393e+02 -4.3570e-03 +3.1187e-03 -5.0981e-03
41 0 +1.582803510e-02 +1.582803510e-02 +2.140258280e+02 +2.140258280e+02 -4.5669e-03 +3.5778e-03 -5.3562e-03
% f evaluations | g evaluations | best noise-free fitness - Fopt | noise-free fitness - Fopt (-5.848000000000e+01) | measured fitness | best measured fitness | x1 | x2...
1 0 +2.503737427e-01 +2.503737427e-01 -5.822962626e+01 -5.822962626e+01 +0.0000e+00 +0.0000e+00 +0.0000e+00
2 0 +2.497273167e-01 +2.497273167e-01 -5.823027268e+01 -5.823027268e+01 +2.5000e-04 +0.0000e+00 +0.0000e+00
3 0 +2.417581553e-01 +2.417581553e-01 -5.823824184e+01 -5.823824184e+01 +0.0000e+00 +2.5000e-04 +0.0000e+00
4 0 +2.336768788e-01 +2.336768788e-01 -5.824632312e+01 -5.824632312e+01 +0.0000e+00 +0.0000e+00 +2.5000e-04
6 0 +2.242442004e-01 +2.242442004e-01 -5.825575580e+01 -5.825575580e+01 +2.5000e-04 +2.5000e-04 +2.5000e-04
7 0 +2.182396316e-01 +2.182396316e-01 -5.826176037e+01 -5.826176037e+01 -8.3333e-05 +3.3333e-04 +3.3333e-04
8 0 +2.055737915e-01 +2.055737915e-01 -5.827442621e+01 -5.827442621e+01 -2.5000e-04 +5.0000e-04 +5.0000e-04
9 0 +1.993644285e-01 +1.993644285e-01 -5.828063557e+01 -5.828063557e+01 +0.0000e+00 +2.5000e-04 +6.6667e-04
10 0 +1.798284991e-01 +1.798284991e-01 -5.830017150e+01 -5.830017150e+01 +0.0000e+00 +2.5000e-04 +1.0000e-03
11 0 +1.728051164e-01 +1.728051164e-01 -5.830719488e+01 -5.830719488e+01 +0.0000e+00 +6.6667e-04 +9.1667e-04
12 0 +1.465335028e-01 +1.465335028e-01 -5.833346650e+01 -5.833346650e+01 +0.0000e+00 +1.0000e-03 +1.2500e-03
13 0 +1.396430289e-01 +1.396430289e-01 -5.834035697e+01 -5.834035697e+01 -4.1667e-04 +9.1667e-04 +1.5833e-03
14 0 +1.150153983e-01 +1.150153983e-01 -5.836498460e+01 -5.836498460e+01 -7.5000e-04 +1.2500e-03 +2.2500e-03
15 0 +9.137295557e-02 +9.137295557e-02 -5.838862704e+01 -5.838862704e+01 -2.5000e-04 +1.1667e-03 +2.5000e-03
16 0 +5.467867138e-02 +5.467867138e-02 -5.842532133e+01 -5.842532133e+01 -2.5000e-04 +1.5000e-03 +3.5000e-03
19 0 +3.703168676e-02 +3.703168676e-02 -5.844296831e+01 -5.844296831e+01 -6.0185e-04 +2.8056e-03 +5.8796e-03
21 0 +3.088226857e-02 +3.088226857e-02 -5.844911773e+01 -5.844911773e+01 -6.4198e-04 +2.1759e-03 +5.9383e-03
23 0 +1.857735528e-02 +1.857735528e-02 -5.846142264e+01 -5.846142264e+01 +1.1523e-04 +1.9877e-03 +5.1842e-03
28 0 +1.628261960e-02 +1.628261960e-02 -5.846371738e+01 -5.846371738e+01 -1.0098e-05 +1.6939e-03 +5.8920e-03
34 0 +1.572734762e-02 +1.572734762e-02 -5.846427265e+01 -5.846427265e+01 +2.8879e-04 +1.9940e-03 +5.8256e-03
% f evaluations | g evaluations | best noise-free fitness - Fopt | noise-free fitness - Fopt (-6.130800000000e+02) | measured fitness | best measured fitness | x1 | x2...
1 0 +2.503737427e-01 +2.503737427e-01 -6.128296263e+02 -6.128296263e+02 +0.0000e+00 +0.0000e+00 +0.0000e+00
4 0 +2.501159194e-01 +2.501159194e-01 -6.128298841e+02 -6.128298841e+02 +0.0000e+00 +0.0000e+00 +2.5000e-04
5 0 +2.377157792e-01 +2.377157792e-01 -6.128422842e+02 -6.128422842e+02 -2.5000e-04 +1.6667e-04 +1.6667e-04
6 0 +2.232284615e-01 +2.232284615e-01 -6.128567715e+02 -6.128567715e+02 -5.0000e-04 +2.5000e-04 +2.5000e-04
8 0 +2.163621842e-01 +2.163621842e-01 -6.128636378e+02 -6.128636378e+02 -5.5556e-04 +1.1111e-04 +5.5556e-04
9 0 +2.022697738e-01 +2.022697738e-01 -6.128777302e+02 -6.128777302e+02 -8.3333e-04 +1.6667e-04 +8.3333e-04
10 0 +1.844420232e-01 +1.844420232e-01 -6.128955580e+02 -6.128955580e+02 -1.1111e-03 +2.2222e-04 +6.9444e-04
11 0 +1.559289819e-01 +1.559289819e-01 -6.129240710e+02 -6.129240710e+02 -1.6667e-03 +3.3333e-04 +9.1667e-04
13 0 +1.356148929e-01 +1.356148929e-01 -6.129443851e+02 -6.129443851e+02 -2.2778e-03 +4.7222e-04 +1.5833e-03
14 0 +1.121316094e-01 +1.121316094e-01 -6.129678684e+02 -6.129678684e+02 -3.1667e-03 +5.8333e-04 +2.2500e-03
15 0 +8.907900371e-02 +8.907900371e-02 -6.129909210e+02 -6.129909210e+02 -3.5000e-03 +8.3333e-04 +1.9444e-03
16 0 +5.609289254e-02 +5.609289254e-02 -6.130239071e+02 -6.130239071e+02 -4.8333e-03 +1.1667e-03 +2.5000e-03
19 0 +5.446777345e-02 +5.446777345e-02 -6.130255322e+02 -6.130255322e+02 -7.8086e-03 +1.6451e-03 +4.0031e-03
21 0 +4.874947465e-02 +4.874947465e-02 -6.130312505e+02 -6.130312505e+02 -4.7613e-03 +1.0412e-03 +2.0854e-03
23 0 +2.459564236e-02 +2.459564236e-02 -6.130554044e+02 -6.130554044e+02 -6.8244e-03 +1.7630e-03 +2.9479e-03
24 0 +1.803401234e-02 +1.803401234e-02 -6.130619660e+02 -6.130619660e+02 -7.8477e-03 +2.2418e-03 +3.0329e-03
32 0 +1.772835053e-02 +1.772835053e-02 -6.130622716e+02 -6.130622716e+02 -6.8722e-03 +1.9507e-03 +2.3116e-03
35 0 +1.604535102e-02 +1.604535102e-02 -6.130639546e+02 -6.130639546e+02 -7.4378e-03 +2.3206e-03 +2.5278e-03
46 0 +1.577778887e-02 +1.577778887e-02 -6.130642222e+02 -6.130642222e+02 -7.6301e-03 +2.2461e-03 +2.6917e-03
% f evaluations | g evaluations | best noise-free fitness - Fopt | noise-free fitness - Fopt (6.189000000000e+01) | measured fitness | best measured fitness | x1 | x2...
1 0 +2.503737427e-01 +2.503737427e-01 +6.214037374e+01 +6.214037374e+01 +0.0000e+00 +0.0000e+00 +0.0000e+00
2 0 +2.393535119e-01 +2.393535119e-01 +6.212935351e+01 +6.212935351e+01 +2.5000e-04 +0.0000e+00 +0.0000e+00
5 0 +2.298998738e-01 +2.298998738e-01 +6.211989987e+01 +6.211989987e+01 +1.6667e-04 +1.6667e-04 +1.6667e-04
6 0 +2.200150851e-01 +2.200150851e-01 +6.211001509e+01 +6.211001509e+01 +2.5000e-04 +2.5000e-04 +2.5000e-04
7 0 +2.187496619e-01 +2.187496619e-01 +6.210874966e+01 +6.210874966e+01 +3.3333e-04 -8.3333e-05 +3.3333e-04
8 0 +2.063647115e-01 +2.063647115e-01 +6.209636471e+01 +6.209636471e+01 +5.0000e-04 -2.5000e-04 +5.0000e-04
10 0 +1.902420873e-01 +1.902420873e-01 +6.208024209e+01 +6.208024209e+01 +2.5000e-04 +0.0000e+00 +1.0000e-03
11 0 +1.743689022e-01 +1.743689022e-01 +6.206436890e+01 +6.206436890e+01 +6.6667e-04 +0.0000e+00 +9.1667e-04
12 0 +1.471301732e-01 +1.471301732e-01 +6.203713017e+01 +6.203713017e+01 +1.0000e-03 +0.0000e+00 +1.2500e-03
13 0 +1.434367472e-01 +1.434367472e-01 +6.203343675e+01 +6.203343675e+01 +9.1667e-04 -4.1667e-04 +1.5833e-03
14 0 +1.125305000e-01 +1.125305000e-01 +6.200253050e+01 +6.200253050e+01 +1.2500e-03 -7.5000e-04 +2.2500e-03
15 0 +1.043434341e-01 +1.043434341e-01 +6.199434343e+01 +6.199434343e+01 +1.1667e-03 -2.5000e-04 +2.5000e-03
16 0 +7.689804609e-02 +7.689804609e-02 +6.196689805e+01 +6.196689805e+01 +1.5000e-03 -2.5000e-04 +3.5000e-03
17 0 +4.913905177e-02 +4.913905177e-02 +6.193913905e+01 +6.193913905e+01 +2.2500e-03 -6.6667e-04 +3.6667e-03
18 0 +2.139187677e-02 +2.139187677e-02 +6.191139188e+01 +6.191139188e+01 +3.2500e-03 -1.0000e-03 +5.0000e-03
26 0 +2.033871376e-02 +2.033871376e-02 +6.191033871e+01 +6.191033871e+01 +4.1008e-03 -1.0171e-03 +6.0703e-03
28 0 +1.590157733e-02 +1.590157733e-02 +6.190590158e+01 +6.190590158e+01 +4.1557e-03 -1.3825e-03 +5.5349e-03
38 0 +1.577982296e-02 +1.577982296e-02 +6.190577982e+01 +6.190577982e+01 +3.9492e-03 -1.0742e-03 +5.2656e-03
% f evaluations | g evaluations | best noise-free fitness - Fopt | noise-free fitness - Fopt (-8.456000000000e+01) | measured fitness | best measured fitness | x1 | x2...
1 0 +2.503737427e-01 +2.503737427e-01 -8.430962626e+01 -8.430962626e+01 +0.0000e+00 +0.0000e+00 +0.0000e+00
2 0 +2.456151833e-01 +2.456151833e-01 -8.431438482e+01 -8.431438482e+01 +2.5000e-04 +0.0000e+00 +0.0000e+00
4 0 +2.325533188e-01 +2.325533188e-01 -8.432744668e+01 -8.432744668e+01 +0.0000e+00 +0.0000e+00 +2.5000e-04
6 0 +2.262628695e-01 +2.262628695e-01 -8.433373713e+01 -8.433373713e+01 +2.7778e-04 -1.3889e-04 +2.7778e-04
7 0 +2.159867399e-01 +2.159867399e-01 -8.434401326e+01 -8.434401326e+01 +4.1667e-04 -3.3333e-04 +4.1667e-04
8 0 +2.102771404e-01 +2.102771404e-01 -8.434972286e+01 -8.434972286e+01 +1.3889e-04 -1.1111e-04 +5.5556e-04
9 0 +1.951148145e-01 +1.951148145e-01 -8.436488519e+01 -8.436488519e+01 +8.3333e-05 -1.6667e-04 +8.3333e-04
11 0 +1.768806187e-01 +1.768806187e-01 -8.438311938e+01 -8.438311938e+01 +4.4444e-04 -6.6667e-04 +1.1389e-03
12 0 +1.550177790e-01 +1.550177790e-01 -8.440498222e+01 -8.440498222e+01 +6.6667e-04 -1.0000e-03 +1.5833e-03
14 0 +1.406715728e-01 +1.406715728e-01 -8.441932843e+01 -8.441932843e+01 +4.6296e-04 -7.9630e-04 +1.9444e-03
15 0 +1.186764640e-01 +1.186764640e-01 -8.444132354e+01 -8.444132354e+01 +6.1111e-04 -9.4444e-04 +2.5000e-03
16 0 +1.161638815e-01 +1.161638815e-01 -8.444383612e+01 -8.444383612e+01 +8.9815e-04 -1.6481e-03 +3.0556e-03
18 0 +9.375820456e-02 +9.375820456e-02 -8.446624180e+01 -8.446624180e+01 +1.5278e-03 -2.1111e-03 +3.7500e-03
19 0 +8.668633499e-02 +8.668633499e-02 -8.447331367e+01 -8.447331367e+01 +2.1944e-03 -2.7778e-03 +4.7500e-03
24 0 +7.221301805e-02 +7.221301805e-02 -8.448778698e+01 -8.448778698e+01 +2.0895e-03 -2.3395e-03 +4.6481e-03
25 0 +5.553182331e-02 +5.553182331e-02 -8.450446818e+01 -8.450446818e+01 +2.4815e-03 -2.3148e-03 +4.8889e-03
27 0 +4.863845151e-02 +4.863845151e-02 -8.451136155e+01 -8.451136155e+01 +3.3940e-03 -2.9774e-03 +5.4568e-03
29 0 +2.302230077e-02 +2.302230077e-02 -8.453697770e+01 -8.453697770e+01 +3.9146e-03 -2.4979e-03 +5.3673e-03
30 0 +1.628923937e-02 +1.628923937e-02 -8.454371076e+01 -8.454371076e+01 +4.7747e-03 -2.3580e-03 +5.6759e-03
44 0 +1.606104593e-02 +1.606104593e-02 -8.454393895e+01 -8.454393895e+01 +4.5280e-03 -2.0474e-03 +5.6320e-03
52 0 +1.580017578e-02 +1.580017578e-02 -8.454419982e+01 -8.454419982e+01 +4.2601e-03 -2.0118e-03 +5.3723e-03
% f evaluations | g evaluations | best noise-free fitness - Fopt | noise-free fitness - Fopt (-2.602000000000e+01) | measured fitness | best measured fitness | x1 | x2...
1 0 +2.503737427e-01 +2.503737427e-01 -2.576962626e+01 -2.576962626e+01 +0.0000e+00 +0.0000e+00 +0.0000e+00
2 0 +2.453400497e-01 +2.453400497e-01 -2.577465995e+01 -2.577465995e+01 +2.5000e-04 +0.0000e+00 +0.0000e+00
4 0 +2.323661696e-01 +2.323661696e-01 -2.578763383e+01 -2.578763383e+01 +0.0000e+00 +0.0000e+00 +2.5000e-04
6 0 +2.257762268e-01 +2.257762268e-01 -2.579422377e+01 -2.579422377e+01 +2.7778e-04 -1.6667e-04 +2.7778e-04
7 0 +2.149294681e-01 +2.149294681e-01 -2.580507053e+01 -2.580507053e+01 +4.1667e-04 -2.5000e-04 +4.1667e-04
8 0 +2.096428265e-01 +2.096428265e-01 -2.581035717e+01 -2.581035717e+01 +1.3889e-04 -3.3333e-04 +5.5556e-04
9 0 +1.930452588e-01 +1.930452588e-01 -2.582695474e+01 -2.582695474e+01 +8.3333e-05 -5.0000e-04 +8.3333e-04
10 0 +1.903001027e-01 +1.903001027e-01 -2.582969990e+01 -2.582969990e+01 +1.6667e-04 -2.5000e-04 +8.3333e-04
11 0 +1.695502596e-01 +1.695502596e-01 -2.585044974e+01 -2.585044974e+01 +1.6667e-04 -2.5000e-04 +1.1667e-03
12 0 +1.587537221e-01 +1.587537221e-01 -2.586124628e+01 -2.586124628e+01 +4.4444e-04 -6.6667e-04 +1.3611e-03
13 0 +1.332772881e-01 +1.332772881e-01 -2.588672271e+01 -2.588672271e+01 +6.6667e-04 -1.0000e-03 +1.9167e-03
14 0 +1.171723797e-01 +1.171723797e-01 -2.590282762e+01 -2.590282762e+01 +1.9444e-04 -9.1667e-04 +2.1944e-03
15 0 +8.092081891e-02 +8.092081891e-02 -2.593907918e+01 -2.593907918e+01 +8.3333e-05 -1.2500e-03 +3.0833e-03
16 0 +7.259394207e-02 +7.259394207e-02 -2.594740606e+01 -2.594740606e+01 +5.2778e-04 -1.1667e-03 +3.2778e-03
17 0 +4.240144204e-02 +4.240144204e-02 -2.597759856e+01 -2.597759856e+01 +7.5000e-04 -1.5000e-03 +4.5000e-03
19 0 +2.762465736e-02 +2.762465736e-02 -2.599237534e+01 -2.599237534e+01 +4.4444e-04 -2.3333e-03 +6.5833e-03
23 0 +2.266371702e-02 +2.266371702e-02 -2.599733628e+01 -2.599733628e+01 +6.1111e-04 -1.9167e-03 +6.6111e-03
27 0 +2.110474203e-02 +2.110474203e-02 -2.599889526e+01 -2.599889526e+01 +2.6852e-04 -2.0833e-03 +6.9537e-03
28 0 +1.654127585e-02 +1.654127585e-02 -2.600345872e+01 -2.600345872e+01 +2.9630e-04 -1.2778e-03 +5.9352e-03
39 0 +1.600577982e-02 +1.600577982e-02 -2.600399422e+01 -2.600399422e+01 +2.3414e-04 -1.5694e-03 +6.3447e-03
41 0 +1.584515329e-02 +1.584515329e-02 -2.600415485e+01 -2.600415485e+01 +2.8862e-04 -1.4684e-03 +6.3763e-03
% f evaluations | g evaluations | best noise-free fitness - Fopt | noise-free fitness - Fopt (-3.015000000000e+01) | measured fitness | best measured fitness | x1 | x2...
1 0 +2.503737427e-01 +2.503737427e-01 -2.989962626e+01 -2.989962626e+01 +0.0000e+00 +0.0000e+00 +0.0000e+00
2 0 +2.385549063e-01 +2.385549063e-01 -2.991144509e+01 -2.991144509e+01 +2.5000e-04 +0.0000e+00 +0.0000e+00
5 0 +2.340327894e-01 +2.340327894e-01 -2.991596721e+01 -2.991596721e+01 +1.6667e-04 -2.5000e-04 +1.6667e-04
6 0 +2.203130520e-01 +2.203130520e-01 -2.992968695e+01 -2.992968695e+01 +2.5000e-04 -5.0000e-04 +2.5000e-04
7 0 +2.155324053e-01 +2.155324053e-01 -2.993446759e+01 -2.993446759e+01 +3.3333e-04 -3.3333e-04 -8.3333e-05
8 0 +1.962832972e-01 +1.962832972e-01 -2.995371670e+01 -2.995371670e+01 +5.0000e-04 -5.0000e-04 -2.5000e-04
9 0 +1.884169405e-01 +1.884169405e-01 -2.996158306e+01 -2.996158306e+01 +6.6667e-04 -6.6667e-04 +0.0000e+00
10 0 +1.624041085e-01 +1.624041085e-01 -2.998759589e+01 -2.998759589e+01 +1.0000e-03 -1.0000e-03 +0.0000e+00
11 0 +1.507503862e-01 +1.507503862e-01 -2.999924961e+01 -2.999924961e+01 +9.1667e-04 -1.3333e-03 +0.0000e+00
12 0 +1.163323367e-01 +1.163323367e-01 -3.003366766e+01 -3.003366766e+01 +1.2500e-03 -2.0000e-03 +0.0000e+00
13 0 +1.027779234e-01 +1.027779234e-01 -3.004722208e+01 -3.004722208e+01 +1.5833e-03 -1.8333e-03 -4.1667e-04
14 0 +6.289727500e-02 +6.289727500e-02 -3.008710272e+01 -3.008710272e+01 +2.2500e-03 -2.5000e-03 -7.5000e-04
15 0 +5.932824808e-02 +5.932824808e-02 -3.009067175e+01 -3.009067175e+01 +2.5000e-03 -3.1667e-03 -2.5000e-04
16 0 +4.642213569e-02 +4.642213569e-02 -3.010357786e+01 -3.010357786e+01 +3.5000e-03 -4.5000e-03 -2.5000e-04
17 0 +3.129058493e-02 +3.129058493e-02 -3.011870942e+01 -3.011870942e+01 +3.6667e-03 -5.0000e-03 -6.6667e-04
24 0 +2.166724768e-02 +2.166724768e-02 -3.012833275e+01 -3.012833275e+01 +3.8724e-03 -4.8704e-03 -1.2212e-03
25 0 +1.859603478e-02 +1.859603478e-02 -3.013140397e+01 -3.013140397e+01 +4.0586e-03 -5.0556e-03 -1.7068e-03
30 0 +1.600688584e-02 +1.600688584e-02 -3.013399311e+01 -3.013399311e+01 +3.4751e-03 -4.5830e-03 -1.5843e-03
41 0 +1.578360166e-02 +1.578360166e-02 -3.013421640e+01 -3.013421640e+01 +3.7111e-03 -4.6872e-03 -1.7637e-03
% f evaluations | g evaluations | best noise-free fitness - Fopt | noise-free fitness - Fopt (-1.000000000000e+03) | measured fitness | best measured fitness | x1 | x2...
1 0 +2.503737427e-01 +2.503737427e-01 -9.997496263e+02 -9.997496263e+02 +0.0000e+00 +0.0000e+00 +0.0000e+00
3 0 +2.333381550e-01 +2.333381550e-01 -9.997666618e+02 -9.997666618e+02 +0.0000e+00 +2.5000e-04 +0.0000e+00
6 0 +2.252535957e-01 +2.252535957e-01 -9.997747464e+02 -9.997747464e+02 -1.6667e-04 +2.7778e-04 -1.3889e-04
7 0 +2.130444030e-01 +2.130444030e-01 -9.997869556e+02 -9.997869556e+02 -2.5000e-04 +4.1667e-04 -3.3333e-04
8 0 +2.028917645e-01 +2.028917645e-01 -9.997971082e+02 -9.997971082e+02 -3.3333e-04 +5.5556e-04 -1.1111e-04
9 0 +1.811744893e-01 +1.811744893e-01 -9.998188255e+02 -9.998188255e+02 -5.0000e-04 +8.3333e-04 -1.6667e-04
11 0 +1.598136420e-01 +1.598136420e-01 -9.998401864e+02 -9.998401864e+02 -6.6667e-04 +1.1389e-03 -6.6667e-04
12 0 +1.333410702e-01 +1.333410702e-01 -9.998666589e+02 -9.998666589e+02 -1.0000e-03 +1.5833e-03 -1.0000e-03
13 0 +1.232068229e-01 +1.232068229e-01 -9.998767932e+02 -9.998767932e+02 -9.1667e-04 +1.7500e-03 -7.7778e-04
14 0 +9.023236565e-02 +9.023236565e-02 -9.999097676e+02 -9.999097676e+02 -1.2500e-03 +2.4167e-03 -1.0000e-03
15 0 +8.505863849e-02 +8.505863849e-02 -9.999149414e+02 -9.999149414e+02 -1.5833e-03 +2.3889e-03 -9.4444e-04
16 0 +5.364146677e-02 +5.364146677e-02 -9.999463585e+02 -9.999463585e+02 -2.2500e-03 +3.1667e-03 -1.1667e-03
18 0 +3.435952599e-02 +3.435952599e-02 -9.999656405e+02 -9.999656405e+02 -3.0000e-03 +4.7685e-03 -1.7407e-03
21 0 +2.459583728e-02 +2.459583728e-02 -9.999754042e+02 -9.999754042e+02 -3.6111e-03 +5.0144e-03 -1.4835e-03
22 0 +2.191444103e-02 +2.191444103e-02 -9.999780856e+02 -9.999780856e+02 -4.1667e-03 +5.5494e-03 -1.2531e-03
26 0 +1.752163462e-02 +1.752163462e-02 -9.999824784e+02 -9.999824784e+02 -3.6543e-03 +4.5372e-03 -5.5190e-04
30 0 +1.688729955e-02 +1.688729955e-02 -9.999831127e+02 -9.999831127e+02 -3.4143e-03 +4.6584e-03 -7.0574e-04
34 0 +1.636352870e-02 +1.636352870e-02 -9.999836365e+02 -9.999836365e+02 -3.9183e-03 +5.1583e-03 -9.2556e-04
37 0 +1.600286782e-02 +1.600286782e-02 -9.999839971e+02 -9.999839971e+02 -3.8361e-03 +5.0909e-03 -6.8899e-04
41 0 +1.579508219e-02 +1.579508219e-02 -9.999842049e+02 -9.999842049e+02 -3.6315e-03 +4.9024e-03 -7.6085e-04
% f evaluations | g evaluations | best noise-free fitness - Fopt | noise-free fitness - Fopt (-9.243000000000e+02) | measured fitness | best measured fitness | x1 | x2...
1 0 +2.503737427e-01 +2.503737427e-01 -9.240496263e+02 -9.240496263e+02 +0.0000e+00 +0.0000e+00 +0.0000e+00
5 0 +2.332809256e-01 +2.332809256e-01 -9.240667191e+02 -9.240667191e+02 +1.6667e-04 +1.6667e-04 -2.5000e-04
6 0 +2.161258579e-01 +2.161258579e-01 -9.240838741e+02 -9.240838741e+02 +2.5000e-04 +2.5000e-04 -5.0000e-04
8 0 +2.109033632e-01 +2.109033632e-01 -9.240890966e+02 -9.240890966e+02 +1.1111e-04 +1.3889e-04 -5.5556e-04
9 0 +1.927421113e-01 +1.927421113e-01 -9.241072579e+02 -9.241072579e+02 +1.6667e-04 +8.3333e-05 -8.3333e-04
10 0 +1.751485313e-01 +1.751485313e-01 -9.241248515e+02 -9.241248515e+02 +2.2222e-04 +4.4444e-04 -1.1111e-03
11 0 +1.429593361e-01 +1.429593361e-01 -9.241570407e+02 -9.241570407e+02 +3.3333e-04 +6.6667e-04 -1.6667e-03
13 0 +1.129472379e-01 +1.129472379e-01 -9.241870528e+02 -9.241870528e+02 +4.7222e-04 +4.7222e-04 -2.2778e-03
14 0 +7.613693599e-02 +7.613693599e-02 -9.242238631e+02 -9.242238631e+02 +5.8333e-04 +5.8333e-04 -3.1667e-03
15 0 +6.526744368e-02 +6.526744368e-02 -9.242347326e+02 -9.242347326e+02 +8.3333e-04 +9.7222e-04 -3.5000e-03
16 0 +3.317366263e-02 +3.317366263e-02 -9.242668263e+02 -9.242668263e+02 +1.1667e-03 +1.4167e-03 -4.8333e-03
17 0 +2.978122835e-02 +2.978122835e-02 -9.242702188e+02 -9.242702188e+02 +8.0556e-04 +1.4444e-03 -4.7778e-03
18 0 +1.575386849e-02 +1.575386849e-02 -9.242842461e+02 -9.242842461e+02 +9.1667e-04 +2.0000e-03 -6.3333e-03
% f evaluations | g evaluations | best noise-free fitness - Fopt | noise-free fitness - Fopt (-1.035000000000e+01) | measured fitness | best measured fitness | x1 | x2...
1 0 +2.503737427e-01 +2.503737427e-01 -1.009962626e+01 -1.009962626e+01 +0.0000e+00 +0.0000e+00 +0.0000e+00
2 0 +2.416706831e-01 +2.416706831e-01 -1.010832932e+01 -1.010832932e+01 +2.5000e-04 +0.0000e+00 +0.0000e+00
4 0 +2.343723053e-01 +2.343723053e-01 -1.011562769e+01 -1.011562769e+01 +0.0000e+00 +0.0000e+00 +2.5000e-04
6 0 +2.234115895e-01 +2.234115895e-01 -1.012658841e+01 -1.012658841e+01 +2.5000e-04 +2.5000e-04 +2.5000e-04
7 0 +2.177477439e-01 +2.177477439e-01 -1.013225226e+01 -1.013225226e+01 +3.3333e-04 -8.3333e-05 +3.3333e-04
8 0 +2.033754245e-01 +2.033754245e-01 -1.014662458e+01 -1.014662458e+01 +5.0000e-04 -2.5000e-04 +5.0000e-04
10 0 +1.824879463e-01 +1.824879463e-01 -1.016751205e+01 -1.016751205e+01 +2.5000e-04 +0.0000e+00 +1.0000e-03
11 0 +1.723381994e-01 +1.723381994e-01 -1.017766180e+01 -1.017766180e+01 +6.6667e-04 +0.0000e+00 +9.1667e-04
12 0 +1.455740532e-01 +1.455740532e-01 -1.020442595e+01 -1.020442595e+01 +1.0000e-03 +0.0000e+00 +1.2500e-03
13 0 +1.360051131e-01 +1.360051131e-01 -1.021399489e+01 -1.021399489e+01 +9.1667e-04 -4.1667e-04 +1.5833e-03
14 0 +1.046111791e-01 +1.046111791e-01 -1.024538882e+01 -1.024538882e+01 +1.2500e-03 -7.5000e-04 +2.2500e-03
15 0 +9.315165108e-02 +9.315165108e-02 -1.025684835e+01 -1.025684835e+01 +1.1667e-03 -2.5000e-04 +2.5000e-03
16 0 +6.125440448e-02 +6.125440448e-02 -1.028874560e+01 -1.028874560e+01 +1.5000e-03 -2.5000e-04 +3.5000e-03
17 0 +4.275903365e-02 +4.275903365e-02 -1.030724097e+01 -1.030724097e+01 +2.2500e-03 -6.6667e-04 +3.6667e-03
18 0 +2.128961301e-02 +2.128961301e-02 -1.032871039e+01 -1.032871039e+01 +3.2500e-03 -1.0000e-03 +5.0000e-03
27 0 +1.687682580e-02 +1.687682580e-02 -1.033312317e+01 -1.033312317e+01 +3.7840e-03 -7.9321e-04 +5.3642e-03
32 0 +1.650104776e-02 +1.650104776e-02 -1.033349895e+01 -1.033349895e+01 +4.1490e-03 -8.4474e-04 +5.1517e-03
34 0 +1.579949339e-02 +1.579949339e-02 -1.033420051e+01 -1.033420051e+01 +3.8089e-03 -8.0697e-04 +4.9207e-03
% f evaluations | g evaluations | best noise-free fitness - Fopt | noise-free fitness - Fopt (-1.000000000000e+03) | measured fitness | best measured fitness | x1 | x2...
1 0 +2.503737427e-01 +2.503737427e-01 -9.997496263e+02 -9.997496263e+02 +0.0000e+00 +0.0000e+00 +0.0000e+00
2 0 +2.415547268e-01 +2.415547268e-01 -9.997584453e+02 -9.997584453e+02 +2.5000e-04 +0.0000e+00 +0.0000e+00
4 0 +2.378767794e-01 +2.378767794e-01 -9.997621232e+02 -9.997621232e+02 +0.0000e+00 +0.0000e+00 +2.5000e-04
5 0 +2.289906945e-01 +2.289906945e-01 -9.997710093e+02 -9.997710093e+02 +1.6667e-04 +1.6667e-04 +1.6667e-04
6 0 +2.187033215e-01 +2.187033215e-01 -9.997812967e+02 -9.997812967e+02 +2.5000e-04 +2.5000e-04 +2.5000e-04
9 0 +2.041853856e-01 +2.041853856e-01 -9.997958146e+02 -9.997958146e+02 +1.6667e-04 +8.3333e-05 +8.3333e-04
10 0 +1.913605466e-01 +1.913605466e-01 -9.998086395e+02 -9.998086395e+02 +2.2222e-04 +4.4444e-04 +6.9444e-04
11 0 +1.701590955e-01 +1.701590955e-01 -9.998298409e+02 -9.998298409e+02 +3.3333e-04 +6.6667e-04 +9.1667e-04
13 0 +1.537102869e-01 +1.537102869e-01 -9.998462897e+02 -9.998462897e+02 +4.7222e-04 +4.7222e-04 +1.5833e-03
14 0 +1.351726910e-01 +1.351726910e-01 -9.998648273e+02 -9.998648273e+02 +5.8333e-04 +5.8333e-04 +2.2500e-03
15 0 +1.133291740e-01 +1.133291740e-01 -9.998866708e+02 -9.998866708e+02 +8.3333e-04 +9.7222e-04 +1.9444e-03
16 0 +7.957329265e-02 +7.957329265e-02 -9.999204267e+02 -9.999204267e+02 +1.1667e-03 +1.4167e-03 +2.5000e-03
18 0 +7.506084730e-02 +7.506084730e-02 -9.999249392e+02 -9.999249392e+02 +1.3704e-03 +1.6296e-03 +4.1019e-03
20 0 +3.803240185e-02 +3.803240185e-02 -9.999619676e+02 -9.999619676e+02 +1.6451e-03 +2.4105e-03 +4.0031e-03
21 0 +2.492951916e-02 +2.492951916e-02 -9.999750705e+02 -9.999750705e+02 +2.1759e-03 +3.3241e-03 +4.8796e-03
25 0 +1.803917422e-02 +1.803917422e-02 -9.999819608e+02 -9.999819608e+02 +2.6804e-03 +3.7888e-03 +4.7754e-03
29 0 +1.581746712e-02 +1.581746712e-02 -9.999841825e+02 -9.999841825e+02 +2.2216e-03 +3.7081e-03 +4.3613e-03
% f evaluations | g evaluations | best noise-free fitness - Fopt | noise-free fitness - Fopt (2.880000000000e+01) | measured fitness | best measured fitness | x1 | x2...
1 0 +2.503737427e-01 +2.503737427e-01 +2.905037374e+01 +2.905037374e+01 +0.0000e+00 +0.0000e+00 +0.0000e+00
5 0 +2.466982390e-01 +2.466982390e-01 +2.904669824e+01 +2.904669824e+01 +1.6667e-04 -2.5000e-04 +1.6667e-04
6 0 +2.376153398e-01 +2.376153398e-01 +2.903761534e+01 +2.903761534e+01 +2.5000e-04 -5.0000e-04 +2.5000e-04
8 0 +2.276932374e-01 +2.276932374e-01 +2.902769324e+01 +2.902769324e+01 -2.5000e-04 -5.0000e-04 +5.0000e-04
9 0 +2.183673039e-01 +2.183673039e-01 +2.901836730e+01 +2.901836730e+01 +0.0000e+00 -6.6667e-04 +2.5000e-04
10 0 +2.002381663e-01 +2.002381663e-01 +2.900023817e+01 +2.900023817e+01 +0.0000e+00 -1.0000e-03 +2.5000e-04
11 0 +1.936944513e-01 +1.936944513e-01 +2.899369445e+01 +2.899369445e+01 +0.0000e+00 -1.3333e-03 +6.6667e-04
12 0 +1.696523591e-01 +1.696523591e-01 +2.896965236e+01 +2.896965236e+01 +0.0000e+00 -2.0000e-03 +1.0000e-03
14 0 +1.461181738e-01 +1.461181738e-01 +2.894611817e+01 +2.894611817e+01 -7.5000e-04 -2.5000e-03 +1.2500e-03
15 0 +1.172912051e-01 +1.172912051e-01 +2.891729121e+01 +2.891729121e+01 -2.5000e-04 -3.1667e-03 +1.1667e-03
16 0 +7.822492137e-02 +7.822492137e-02 +2.887822492e+01 +2.887822492e+01 -2.5000e-04 -4.5000e-03 +1.5000e-03
20 0 +4.949593871e-02 +4.949593871e-02 +2.884949594e+01 +2.884949594e+01 -6.0185e-04 -7.8333e-03 +2.8056e-03
22 0 +3.731814078e-02 +3.731814078e-02 +2.883731814e+01 +2.883731814e+01 -6.4198e-04 -7.2222e-03 +2.1759e-03
23 0 +2.603670963e-02 +2.603670963e-02 +2.882603671e+01 +2.882603671e+01 -6.2963e-04 -8.3333e-03 +2.1389e-03
26 0 +1.871931207e-02 +1.871931207e-02 +2.881871931e+01 +2.881871931e+01 -5.3498e-05 -8.7407e-03 +2.2716e-03
30 0 +1.680077585e-02 +1.680077585e-02 +2.881680078e+01 +2.881680078e+01 -1.6823e-04 -7.8265e-03 +1.4481e-03
36 0 +1.643632764e-02 +1.643632764e-02 +2.881643633e+01 +2.881643633e+01 -6.8129e-05 -9.0054e-03 +1.8948e-03
38 0 +1.617002095e-02 +1.617002095e-02 +2.881617002e+01 +2.881617002e+01 -6.1085e-06 -8.6807e-03 +1.9712e-03
46 0 +1.579528320e-02 +1.579528320e-02 +2.881579528e+01 +2.881579528e+01 +4.0260e-06 -8.6549e-03 +1.8546e-03
% f evaluations | g evaluations | best noise-free fitness - Fopt | noise-free fitness - Fopt (3.534000000000e+01) | measured fitness | best measured fitness | x1 | x2...
1 0 +2.503737427e-01 +2.503737427e-01 +3.559037374e+01 +3.559037374e+01 +0.0000e+00 +0.0000e+00 +0.0000e+00
4 0 +2.392511495e-01 +2.392511495e-01 +3.557925115e+01 +3.557925115e+01 +0.0000e+00 +0.0000e+00 +2.5000e-04
5 0 +2.303751513e-01 +2.303751513e-01 +3.557037515e+01 +3.557037515e+01 +1.6667e-04 -2.5000e-04 +1.6667e-04
6 0 +2.147441714e-01 +2.147441714e-01 +3.555474417e+01 +3.555474417e+01 +2.5000e-04 -5.0000e-04 +2.5000e-04
8 0 +1.960361001e-01 +1.960361001e-01 +3.553603610e+01 +3.553603610e+01 +1.1111e-04 -5.5556e-04 +5.5556e-04
9 0 +1.716069657e-01 +1.716069657e-01 +3.551160697e+01 +3.551160697e+01 +1.6667e-04 -8.3333e-04 +8.3333e-04
10 0 +1.661959363e-01 +1.661959363e-01 +3.550619594e+01 +3.550619594e+01 +2.2222e-04 -1.1111e-03 +6.9444e-04
11 0 +1.389993115e-01 +1.389993115e-01 +3.547899931e+01 +3.547899931e+01 +3.3333e-04 -1.6667e-03 +9.1667e-04
13 0 +9.817061069e-02 +9.817061069e-02 +3.543817061e+01 +3.543817061e+01 +4.7222e-04 -2.2778e-03 +1.5833e-03
14 0 +6.384583339e-02 +6.384583339e-02 +3.540384583e+01 +3.540384583e+01 +5.8333e-04 -3.1667e-03 +2.2500e-03
16 0 +5.860826734e-02 +5.860826734e-02 +3.539860827e+01 +3.539860827e+01 +5.8333e-04 -3.8889e-03 +2.4074e-03
17 0 +5.137209176e-02 +5.137209176e-02 +3.539137209e+01 +3.539137209e+01 +5.8333e-04 -5.0000e-03 +3.1111e-03
20 0 +4.776938925e-02 +4.776938925e-02 +3.538776939e+01 +3.538776939e+01 +1.8519e-04 -3.3457e-03 +2.4640e-03
23 0 +4.356498649e-02 +4.356498649e-02 +3.538356499e+01 +3.538356499e+01 +3.9815e-04 -5.5988e-03 +3.7953e-03
25 0 +4.116274280e-02 +4.116274280e-02 +3.538116274e+01 +3.538116274e+01 +5.0000e-04 -5.3333e-03 +3.6944e-03
26 0 +2.359977878e-02 +2.359977878e-02 +3.536359978e+01 +3.536359978e+01 +1.3889e-04 -4.5185e-03 +3.5247e-03
27 0 +1.804502964e-02 +1.804502964e-02 +3.535804503e+01 +3.535804503e+01 -8.3333e-05 -4.2778e-03 +3.7315e-03
33 0 +1.726937417e-02 +1.726937417e-02 +3.535726937e+01 +3.535726937e+01 -7.6360e-05 -4.1754e-03 +3.8834e-03
36 0 +1.692504566e-02 +1.692504566e-02 +3.535692505e+01 +3.535692505e+01 -3.5397e-04 -4.3814e-03 +4.3545e-03
40 0 +1.649116429e-02 +1.649116429e-02 +3.535649116e+01 +3.535649116e+01 -2.4464e-04 -4.5674e-03 +4.4911e-03
43 0 +1.595334904e-02 +1.595334904e-02 +3.535595335e+01 +3.535595335e+01 -1.4822e-04 -4.3644e-03 +4.0986e-03
47 0 +1.583385471e-02 +1.583385471e-02 +3.535583385e+01 +3.535583385e+01 -1.3841e-04 -4.5882e-03 +4.1948e-03
