% f evaluations | g evaluations | best noise-free fitness - Fopt | noise-free fitness - Fopt (-1.025500000000e+02) | measured fitness | best measured fitness | x1 | x2...
1 0 +2.503737427e-01 +2.503737427e-01 -1.022996263e+02 -1.022996263e+02
5 0 +2.503162006e-01 +2.503162006e-01 -1.022996838e+02 -1.022996838e+02
230 0 +2.454643864e-01 +2.454643864e-01 -1.023045356e+02 -1.023045356e+02
451 0 +2.398088525e-01 +2.398088525e-01 -1.023101911e+02 -1.023101911e+02
648 0 +2.343171086e-01 +2.343171086e-01 -1.023156829e+02 -1.023156829e+02
805 0 +2.290796077e-01 +2.290796077e-01 -1.023209204e+02 -1.023209204e+02
968 0 +2.238013782e-01 +2.238013782e-01 -1.023261986e+02 -1.023261986e+02
1164 0 +2.186500172e-01 +2.186500172e-01 -1.023313500e+02 -1.023313500e+02
1442 0 +2.137843245e-01 +2.137843245e-01 -1.023362157e+02 -1.023362157e+02
1605 0 +2.085462425e-01 +2.085462425e-01 -1.023414538e+02 -1.023414538e+02
1777 0 +2.039108642e-01 +2.039108642e-01 -1.023460891e+02 -1.023460891e+02
1964 0 +1.994763332e-01 +1.994763332e-01 -1.023505237e+02 -1.023505237e+02
2176 0 +1.949613290e-01 +1.949613290e-01 -1.023550387e+02 -1.023550387e+02
2377 0 +1.901793649e-01 +1.901793649e-01 -1.023598206e+02 -1.023598206e+02
2680 0 +1.861450707e-01 +1.861450707e-01 -1.023638549e+02 -1.023638549e+02
2940 0 +1.819420890e-01 +1.819420890e-01 -1.023680579e+02 -1.023680579e+02
3238 0 +1.777890462e-01 +1.777890462e-01 -1.023722110e+02 -1.023722110e+02
3511 0 +1.737433965e-01 +1.737433965e-01 -1.023762566e+02 -1.023762566e+02
3695 0 +1.696604254e-01 +1.696604254e-01 -1.023803396e+02 -1.023803396e+02
3855 0 +1.659247036e-01 +1.659247036e-01 -1.023840753e+02 -1.023840753e+02
4013 0 +1.620717988e-01 +1.620717988e-01 -1.023879282e+02 -1.023879282e+02
4178 0 +1.584440272e-01 +1.584440272e-01 -1.023915560e+02 -1.023915560e+02
4339 0 +1.547120452e-01 +1.547120452e-01 -1.023952880e+02 -1.023952880e+02
4573 0 +1.512245567e-01 +1.512245567e-01 -1.023987754e+02 -1.023987754e+02
4793 0 +1.477873406e-01 +1.477873406e-01 -1.024022127e+02 -1.024022127e+02
5050 0 +1.444801254e-01 +1.444801254e-01 -1.024055199e+02 -1.024055199e+02
5307 0 +1.411485023e-01 +1.411485023e-01 -1.024088515e+02 -1.024088515e+02
5556 0 +1.380010079e-01 +1.380010079e-01 -1.024119990e+02 -1.024119990e+02
5760 0 +1.347002860e-01 +1.347002860e-01 -1.024152997e+02 -1.024152997e+02
5973 0 +1.316320710e-01 +1.316320710e-01 -1.024183679e+02 -1.024183679e+02
6165 0 +1.287899451e-01 +1.287899451e-01 -1.024212101e+02 -1.024212101e+02
6366 0 +1.258816575e-01 +1.258816575e-01 -1.024241183e+02 -1.024241183e+02
6600 0 +1.229904638e-01 +1.229904638e-01 -1.024270095e+02 -1.024270095e+02
6893 0 +1.200848685e-01 +1.200848685e-01 -1.024299151e+02 -1.024299151e+02
7158 0 +1.174645382e-01 +1.174645382e-01 -1.024325355e+02 -1.024325355e+02
7387 0 +1.146740194e-01 +1.146740194e-01 -1.024353260e+02 -1.024353260e+02
7565 0 +1.120159945e-01 +1.120159945e-01 -1.024379840e+02 -1.024379840e+02
7732 0 +1.095270701e-01 +1.095270701e-01 -1.024404729e+02 -1.024404729e+02
7938 0 +1.071049668e-01 +1.071049668e-01 -1.024428950e+02 -1.024428950e+02
% f evaluations | g evaluations | best noise-free fitness - Fopt | noise-free fitness - Fopt (7.169000000000e+01) | measured fitness | best measured fitness | x1 | x2...
1 0 +2.503737427e-01 +2.503737427e-01 +7.194037374e+01 +7.194037374e+01
2 0 +2.502826509e-01 +2.502826509e-01 +7.194028265e+01 +7.194028265e+01
267 0 +2.451511335e-01 +2.451511335e-01 +7.193515113e+01 +7.193515113e+01
567 0 +2.398235046e-01 +2.398235046e-01 +7.192982350e+01 +7.192982350e+01
797 0 +2.341530924e-01 +2.341530924e-01 +7.192415309e+01 +7.192415309e+01
1017 0 +2.290054694e-01 +2.290054694e-01 +7.191900547e+01 +7.191900547e+01
1184 0 +2.236155850e-01 +2.236155850e-01 +7.191361559e+01 +7.191361559e+01
1354 0 +2.186394972e-01 +2.186394972e-01 +7.190863950e+01 +7.190863950e+01
1574 0 +2.134016466e-01 +2.134016466e-01 +7.190340165e+01 +7.190340165e+01
1763 0 +2.088064439e-01 +2.088064439e-01 +7.189880644e+01 +7.189880644e+01
2189 0 +2.040899200e-01 +2.040899200e-01 +7.189408992e+01 +7.189408992e+01
2701 0 +1.994649033e-01 +1.994649033e-01 +7.188946490e+01 +7.188946490e+01
3169 0 +1.949078425e-01 +1.949078425e-01 +7.188490784e+01 +7.188490784e+01
3753 0 +1.904762545e-01 +1.904762545e-01 +7.188047625e+01 +7.188047625e+01
4603 0 +1.861247152e-01 +1.861247152e-01 +7.187612472e+01 +7.187612472e+01
5629 0 +1.819700446e-01 +1.819700446e-01 +7.187197004e+01 +7.187197004e+01
6471 0 +1.777507744e-01 +1.777507744e-01 +7.186775077e+01 +7.186775077e+01
7292 0 +1.737519244e-01 +1.737519244e-01 +7.186375192e+01 +7.186375192e+01
7799 0 +1.697251897e-01 +1.697251897e-01 +7.185972519e+01 +7.185972519e+01
% f evaluations | g evaluations | best noise-free fitness - Fopt | noise-free fitness - Fopt (2.140100000000e+02) | measured fitness | best measured fitness | x1 | x2...
1 0 +2.503737427e-01 +2.503737427e-01 +2.142603737e+02 +2.142603737e+02
3 0 +2.502105559e-01 +2.502105559e-01 +2.142602106e+02 +2.142602106e+02
250 0 +2.453560755e-01 +2.453560755e-01 +2.142553561e+02 +2.142553561e+02
513 0 +2.398689459e-01 +2.398689459e-01 +2.142498689e+02 +2.142498689e+02
762 0 +2.343391423e-01 +2.343391423e-01 +2.142443391e+02 +2.142443391e+02
944 0 +2.289109037e-01 +2.289109037e-01 +2.142389109e+02 +2.142389109e+02
1166 0 +2.236776685e-01 +2.236776685e-01 +2.142336777e+02 +2.142336777e+02
1422 0 +2.187232788e-01 +2.187232788e-01 +2.142287233e+02 +2.142287233e+02
1710 0 +2.137402822e-01 +2.137402822e-01 +2.142237403e+02 +2.142237403e+02
1886 0 +2.086615243e-01 +2.086615243e-01 +2.142186615e+02 +2.142186615e+02
2100 0 +2.041543213e-01 +2.041543213e-01 +2.142141543e+02 +2.142141543e+02
2356 0 +1.993569449e-01 +1.993569449e-01 +2.142093569e+02 +2.142093569e+02
2702 0 +1.949244338e-01 +1.949244338e-01 +2.142049244e+02 +2.142049244e+02
2977 0 +1.903370375e-01 +1.903370375e-01 +2.142003370e+02 +2.142003370e+02
3248 0 +1.860296965e-01 +1.860296965e-01 +2.141960297e+02 +2.141960297e+02
3558 0 +1.819559160e-01 +1.819559160e-01 +2.141919559e+02 +2.141919559e+02
3837 0 +1.776097238e-01 +1.776097238e-01 +2.141876097e+02 +2.141876097e+02
4091 0 +1.737799584e-01 +1.737799584e-01 +2.141837800e+02 +2.141837800e+02
4363 0 +1.696229058e-01 +1.696229058e-01 +2.141796229e+02 +2.141796229e+02
4627 0 +1.659459172e-01 +1.659459172e-01 +2.141759459e+02 +2.141759459e+02
4828 0 +1.620245571e-01 +1.620245571e-01 +2.141720246e+02 +2.141720246e+02
4928 0 +1.584793985e-01 +1.584793985e-01 +2.141684794e+02 +2.141684794e+02
4990 0 +1.547697050e-01 +1.547697050e-01 +2.141647697e+02 +2.141647697e+02
5034 0 +1.511882742e-01 +1.511882742e-01 +2.141611883e+02 +2.141611883e+02
5071 0 +1.478706528e-01 +1.478706528e-01 +2.141578707e+02 +2.141578707e+02
5131 0 +1.441328053e-01 +1.441328053e-01 +2.141541328e+02 +2.141541328e+02
5304 0 +1.411850174e-01 +1.411850174e-01 +2.141511850e+02 +2.141511850e+02
5536 0 +1.380169996e-01 +1.380169996e-01 +2.141480170e+02 +2.141480170e+02
5654 0 +1.348702473e-01 +1.348702473e-01 +2.141448702e+02 +2.141448702e+02
5718 0 +1.317521008e-01 +1.317521008e-01 +2.141417521e+02 +2.141417521e+02
5782 0 +1.285131160e-01 +1.285131160e-01 +2.141385131e+02 +2.141385131e+02
5839 0 +1.255646194e-01 +1.255646194e-01 +2.141355646e+02 +2.141355646e+02
5899 0 +1.229792621e-01 +1.229792621e-01 +2.141329793e+02 +2.141329793e+02
5951 0 +1.199851926e-01 +1.199851926e-01 +2.141299852e+02 +2.141299852e+02
6020 0 +1.173784557e-01 +1.173784557e-01 +2.141273785e+02 +2.141273785e+02
6101 0 +1.147768946e-01 +1.147768946e-01 +2.141247769e+02 +2.141247769e+02
6190 0 +1.121360465e-01 +1.121360465e-01 +2.141221360e+02 +2.141221360e+02
6262 0 +1.095364935e-01 +1.095364935e-01 +2.141195365e+02 +2.141195365e+02
6379 0 +1.063380275e-01 +1.063380275e-01 +2.141163380e+02 +2.141163380e+02
6482 0 +1.046040676e-01 +1.046040676e-01 +2.141146041e+02 +2.141146041e+02
6682 0 +1.022868490e-01 +1.022868490e-01 +2.141122868e+02 +2.141122868e+02
6749 0 +9.969610494e-02 +9.969610494e-02 +2.141096961e+02 +2.141096961e+02
6802 0 +9.748185454e-02 +9.748185454e-02 +2.141074819e+02 +2.141074819e+02
6857 0 +9.502300523e-02 +9.502300523e-02 +2.141050230e+02 +2.141050230e+02
6917 0 +9.313272481e-02 +9.313272481e-02 +2.141031327e+02 +2.141031327e+02
7014 0 +9.108685540e-02 +9.108685540e-02 +2.141010869e+02 +2.141010869e+02
7166 0 +8.896527010e-02 +8.896527010e-02 +2.140989653e+02 +2.140989653e+02
7249 0 +8.682600888e-02 +8.682600888e-02 +2.140968260e+02 +2.140968260e+02
7330 0 +8.499320664e-02 +8.499320664e-02 +2.140949932e+02 +2.140949932e+02
7527 0 +8.317106473e-02 +8.317106473e-02 +2.140931711e+02 +2.140931711e+02
7608 0 +8.120682541e-02 +8.120682541e-02 +2.140912068e+02 +2.140912068e+02
7669 0 +7.938065556e-02 +7.938065556e-02 +2.140893807e+02 +2.140893807e+02
7705 0 +7.759033543e-02 +7.759033543e-02 +2.140875903e+02 +2.140875903e+02
7762 0 +7.581259843e-02 +7.581259843e-02 +2.140858126e+02 +2.140858126e+02
7793 0 +7.401321347e-02 +7.401321347e-02 +2.140840132e+02 +2.140840132e+02
7876 0 +7.177246772e-02 +7.177246772e-02 +2.140817725e+02 +2.140817725e+02
7932 0 +7.062392620e-02 +7.062392620e-02 +2.140806239e+02 +2.140806239e+02
7990 0 +6.905651055e-02 +6.905651055e-02 +2.140790565e+02 +2.140790565e+02
% f evaluations | g evaluations | best noise-free fitness - Fopt | noise-free fitness - Fopt (-5.848000000000e+01) | measured fitness | best measured fitness | x1 | x2...
1 0 +2.503737427e-01 +2.503737427e-01 -5.822962626e+01 -5.822962626e+01
5 0 +2.500852730e-01 +2.500852730e-01 -5.822991473e+01 -5.822991473e+01
259 0 +2.454403983e-01 +2.454403983e-01 -5.823455960e+01 -5.823455960e+01
480 0 +2.398062895e-01 +2.398062895e-01 -5.824019371e+01 -5.824019371e+01
618 0 +2.343751344e-01 +2.343751344e-01 -5.824562487e+01 -5.824562487e+01
756 0 +2.289322671e-01 +2.289322671e-01 -5.825106773e+01 -5.825106773e+01
868 0 +2.231566123e-01 +2.231566123e-01 -5.825684339e+01 -5.825684339e+01
981 0 +2.185584335e-01 +2.185584335e-01 -5.826144157e+01 -5.826144157e+01
1081 0 +2.137698922e-01 +2.137698922e-01 -5.826623011e+01 -5.826623011e+01
1165 0 +2.088390643e-01 +2.088390643e-01 -5.827116094e+01 -5.827116094e+01
1275 0 +2.040472950e-01 +2.040472950e-01 -5.827595270e+01 -5.827595270e+01
1391 0 +1.994429415e-01 +1.994429415e-01 -5.828055706e+01 -5.828055706e+01
1494 0 +1.948826554e-01 +1.948826554e-01 -5.828511734e+01 -5.828511734e+01
1587 0 +1.897998125e-01 +1.897998125e-01 -5.829020019e+01 -5.829020019e+01
1685 0 +1.858430394e-01 +1.858430394e-01 -5.829415696e+01 -5.829415696e+01
1862 0 +1.817934337e-01 +1.817934337e-01 -5.829820657e+01 -5.829820657e+01
2036 0 +1.774415580e-01 +1.774415580e-01 -5.830255844e+01 -5.830255844e+01
2168 0 +1.737542493e-01 +1.737542493e-01 -5.830624575e+01 -5.830624575e+01
2334 0 +1.695891802e-01 +1.695891802e-01 -5.831041082e+01 -5.831041082e+01
2472 0 +1.659225963e-01 +1.659225963e-01 -5.831407740e+01 -5.831407740e+01
2630 0 +1.621309865e-01 +1.621309865e-01 -5.831786901e+01 -5.831786901e+01
2812 0 +1.579595275e-01 +1.579595275e-01 -5.832204047e+01 -5.832204047e+01
2921 0 +1.548726217e-01 +1.548726217e-01 -5.832512738e+01 -5.832512738e+01
3315 0 +1.513083367e-01 +1.513083367e-01 -5.832869166e+01 -5.832869166e+01
3546 0 +1.478506685e-01 +1.478506685e-01 -5.833214933e+01 -5.833214933e+01
3711 0 +1.442574562e-01 +1.442574562e-01 -5.833574254e+01 -5.833574254e+01
3926 0 +1.411511447e-01 +1.411511447e-01 -5.833884886e+01 -5.833884886e+01
4192 0 +1.379590725e-01 +1.379590725e-01 -5.834204093e+01 -5.834204093e+01
4303 0 +1.347386768e-01 +1.347386768e-01 -5.834526132e+01 -5.834526132e+01
4460 0 +1.316648965e-01 +1.316648965e-01 -5.834833510e+01 -5.834833510e+01
4665 0 +1.288098238e-01 +1.288098238e-01 -5.835119018e+01 -5.835119018e+01
4796 0 +1.258433073e-01 +1.258433073e-01 -5.835415669e+01 -5.835415669e+01
5060 0 +1.229640318e-01 +1.229640318e-01 -5.835703597e+01 -5.835703597e+01
5227 0 +1.201948169e-01 +1.201948169e-01 -5.835980518e+01 -5.835980518e+01
5545 0 +1.174151793e-01 +1.174151793e-01 -5.836258482e+01 -5.836258482e+01
5683 0 +1.147590889e-01 +1.147590889e-01 -5.836524091e+01 -5.836524091e+01
5898 0 +1.121813415e-01 +1.121813415e-01 -5.836781866e+01 -5.836781866e+01
6172 0 +1.095982888e-01 +1.095982888e-01 -5.837040171e+01 -5.837040171e+01
6364 0 +1.071332010e-01 +1.071332010e-01 -5.837286680e+01 -5.837286680e+01
6561 0 +1.047007990e-01 +1.047007990e-01 -5.837529920e+01 -5.837529920e+01
6749 0 +1.022896458e-01 +1.022896458e-01 -5.837771035e+01 -5.837771035e+01
6963 0 +9.996441914e-02 +9.996441914e-02 -5.838003558e+01 -5.838003558e+01
7147 0 +9.772213694e-02 +9.772213694e-02 -5.838227786e+01 -5.838227786e+01
7331 0 +9.541857853e-02 +9.541857853e-02 -5.838458142e+01 -5.838458142e+01
7444 0 +9.322931813e-02 +9.322931813e-02 -5.838677068e+01 -5.838677068e+01
7554 0 +9.102235839e-02 +9.102235839e-02 -5.838897764e+01 -5.838897764e+01
7644 0 +8.906874131e-02 +8.906874131e-02 -5.839093126e+01 -5.839093126e+01
7794 0 +8.706103470e-02 +8.706103470e-02 -5.839293897e+01 -5.839293897e+01
7961 0 +8.507407629e-02 +8.507407629e-02 -5.839492592e+01 -5.839492592e+01
% f evaluations | g evaluations | best noise-free fitness - Fopt | noise-free fitness - Fopt (-6.130800000000e+02) | measured fitness | best measured fitness | x1 | x2...
1 0 +2.503737427e-01 +2.503737427e-01 -6.128296263e+02 -6.128296263e+02
4 0 +2.501758019e-01 +2.501758019e-01 -6.128298242e+02 -6.128298242e+02
233 0 +2.453933431e-01 +2.453933431e-01 -6.128346067e+02 -6.128346067e+02
428 0 +2.398254273e-01 +2.398254273e-01 -6.128401746e+02 -6.128401746e+02
596 0 +2.341640175e-01 +2.341640175e-01 -6.128458360e+02 -6.128458360e+02
734 0 +2.289882855e-01 +2.289882855e-01 -6.128510117e+02 -6.128510117e+02
863 0 +2.238375010e-01 +2.238375010e-01 -6.128561625e+02 -6.128561625e+02
960 0 +2.180179960e-01 +2.180179960e-01 -6.128619820e+02 -6.128619820e+02
1065 0 +2.136009924e-01 +2.136009924e-01 -6.128663990e+02 -6.128663990e+02
1246 0 +2.081310186e-01 +2.081310186e-01 -6.128718690e+02 -6.128718690e+02
1439 0 +2.040509812e-01 +2.040509812e-01 -6.128759490e+02 -6.128759490e+02
1713 0 +1.995055054e-01 +1.995055054e-01 -6.128804945e+02 -6.128804945e+02
2051 0 +1.948988123e-01 +1.948988123e-01 -6.128851012e+02 -6.128851012e+02
2322 0 +1.905207343e-01 +1.905207343e-01 -6.128894793e+02 -6.128894793e+02
2836 0 +1.861882473e-01 +1.861882473e-01 -6.128938118e+02 -6.128938118e+02
3967 0 +1.819640371e-01 +1.819640371e-01 -6.128980360e+02 -6.128980360e+02
5109 0 +1.778243963e-01 +1.778243963e-01 -6.129021756e+02 -6.129021756e+02
6330 0 +1.737274458e-01 +1.737274458e-01 -6.129062726e+02 -6.129062726e+02
7475 0 +1.698069210e-01 +1.698069210e-01 -6.129101931e+02 -6.129101931e+02
% f evaluations | g evaluations | best noise-free fitness - Fopt | noise-free fitness - Fopt (6.189000000000e+01) | measured fitness | best measured fitness | x1 | x2...
1 0 +2.503737427e-01 +2.503737427e-01 +6.214037374e+01 +6.214037374e+01
8 0 +2.503084279e-01 +2.503084279e-01 +6.214030843e+01 +6.214030843e+01
247 0 +2.453734404e-01 +2.453734404e-01 +6.213537344e+01 +6.213537344e+01
478 0 +2.398011476e-01 +2.398011476e-01 +6.212980115e+01 +6.212980115e+01
679 0 +2.342159970e-01 +2.342159970e-01 +6.212421600e+01 +6.212421600e+01
797 0 +2.290753283e-01 +2.290753283e-01 +6.211907533e+01 +6.211907533e+01
961 0 +2.238192771e-01 +2.238192771e-01 +6.211381928e+01 +6.211381928e+01
1122 0 +2.187235198e-01 +2.187235198e-01 +6.210872352e+01 +6.210872352e+01
1277 0 +2.137611844e-01 +2.137611844e-01 +6.210376118e+01 +6.210376118e+01
1476 0 +2.088943278e-01 +2.088943278e-01 +6.209889433e+01 +6.209889433e+01
1644 0 +2.041140147e-01 +2.041140147e-01 +6.209411401e+01 +6.209411401e+01
1832 0 +1.993997232e-01 +1.993997232e-01 +6.208939972e+01 +6.208939972e+01
2038 0 +1.948766735e-01 +1.948766735e-01 +6.208487667e+01 +6.208487667e+01
2198 0 +1.904604145e-01 +1.904604145e-01 +6.208046041e+01 +6.208046041e+01
2365 0 +1.860253973e-01 +1.860253973e-01 +6.207602540e+01 +6.207602540e+01
2468 0 +1.815953612e-01 +1.815953612e-01 +6.207159536e+01 +6.207159536e+01
2538 0 +1.776441600e-01 +1.776441600e-01 +6.206764416e+01 +6.206764416e+01
2612 0 +1.732881021e-01 +1.732881021e-01 +6.206328810e+01 +6.206328810e+01
2698 0 +1.692941734e-01 +1.692941734e-01 +6.205929417e+01 +6.205929417e+01
2814 0 +1.658021394e-01 +1.658021394e-01 +6.205580214e+01 +6.205580214e+01
2977 0 +1.621759528e-01 +1.621759528e-01 +6.205217595e+01 +6.205217595e+01
3110 0 +1.581615584e-01 +1.581615584e-01 +6.204816156e+01 +6.204816156e+01
3249 0 +1.548762701e-01 +1.548762701e-01 +6.204487627e+01 +6.204487627e+01
3396 0 +1.513388562e-01 +1.513388562e-01 +6.204133886e+01 +6.204133886e+01
3582 0 +1.476371247e-01 +1.476371247e-01 +6.203763712e+01 +6.203763712e+01
3699 0 +1.444929021e-01 +1.444929021e-01 +6.203449290e+01 +6.203449290e+01
3856 0 +1.412439709e-01 +1.412439709e-01 +6.203124397e+01 +6.203124397e+01
4012 0 +1.378597860e-01 +1.378597860e-01 +6.202785979e+01 +6.202785979e+01
4170 0 +1.348455729e-01 +1.348455729e-01 +6.202484557e+01 +6.202484557e+01
4405 0 +1.318076948e-01 +1.318076948e-01 +6.202180769e+01 +6.202180769e+01
4574 0 +1.286650981e-01 +1.286650981e-01 +6.201866510e+01 +6.201866510e+01
4693 0 +1.258394081e-01 +1.258394081e-01 +6.201583941e+01 +6.201583941e+01
4873 0 +1.230197494e-01 +1.230197494e-01 +6.201301975e+01 +6.201301975e+01
5056 0 +1.201050118e-01 +1.201050118e-01 +6.201010501e+01 +6.201010501e+01
5273 0 +1.171317908e-01 +1.171317908e-01 +6.200713179e+01 +6.200713179e+01
5432 0 +1.146372886e-01 +1.146372886e-01 +6.200463729e+01 +6.200463729e+01
5631 0 +1.118524578e-01 +1.118524578e-01 +6.200185246e+01 +6.200185246e+01
5800 0 +1.094201292e-01 +1.094201292e-01 +6.199942013e+01 +6.199942013e+01
6039 0 +1.070913610e-01 +1.070913610e-01 +6.199709136e+01 +6.199709136e+01
6248 0 +1.046435211e-01 +1.046435211e-01 +6.199464352e+01 +6.199464352e+01
6450 0 +1.022517883e-01 +1.022517883e-01 +6.199225179e+01 +6.199225179e+01
6660 0 +9.994301536e-02 +9.994301536e-02 +6.198994302e+01 +6.198994302e+01
6788 0 +9.767565510e-02 +9.767565510e-02 +6.198767566e+01 +6.198767566e+01
6889 0 +9.544040237e-02 +9.544040237e-02 +6.198544040e+01 +6.198544040e+01
7014 0 +9.332248512e-02 +9.332248512e-02 +6.198332249e+01 +6.198332249e+01
7148 0 +9.108164880e-02 +9.108164880e-02 +6.198108165e+01 +6.198108165e+01
7261 0 +8.902476539e-02 +8.902476539e-02 +6.197902477e+01 +6.197902477e+01
7403 0 +8.699128455e-02 +8.699128455e-02 +6.197699128e+01 +6.197699128e+01
7569 0 +8.475957216e-02 +8.475957216e-02 +6.197475957e+01 +6.197475957e+01
7693 0 +8.313984053e-02 +8.313984053e-02 +6.197313984e+01 +6.197313984e+01
7818 0 +8.127888253e-02 +8.127888253e-02 +6.197127888e+01 +6.197127888e+01
7942 0 +7.925996521e-02 +7.925996521e-02 +6.196925997e+01 +6.196925997e+01
% f evaluations | g evaluations | best noise-free fitness - Fopt | noise-free fitness - Fopt (-8.456000000000e+01) | measured fitness | best measured fitness | x1 | x2...
1 0 +2.503737427e-01 +2.503737427e-01 -8.430962626e+01 -8.430962626e+01
2 0 +2.501239372e-01 +2.501239372e-01 -8.430987606e+01 -8.430987606e+01
249 0 +2.451180660e-01 +2.451180660e-01 -8.431488193e+01 -8.431488193e+01
421 0 +2.394383965e-01 +2.394383965e-01 -8.432056160e+01 -8.432056160e+01
615 0 +2.342430436e-01 +2.342430436e-01 -8.432575696e+01 -8.432575696e+01
775 0 +2.288361912e-01 +2.288361912e-01 -8.433116381e+01 -8.433116381e+01
944 0 +2.236695486e-01 +2.236695486e-01 -8.433633045e+01 -8.433633045e+01
1060 0 +2.186998031e-01 +2.186998031e-01 -8.434130020e+01 -8.434130020e+01
1152 0 +2.134987543e-01 +2.134987543e-01 -8.434650125e+01 -8.434650125e+01
1308 0 +2.087176628e-01 +2.087176628e-01 -8.435128234e+01 -8.435128234e+01
1487 0 +2.039239028e-01 +2.039239028e-01 -8.435607610e+01 -8.435607610e+01
1706 0 +1.994706868e-01 +1.994706868e-01 -8.436052931e+01 -8.436052931e+01
1936 0 +1.949489426e-01 +1.949489426e-01 -8.436505106e+01 -8.436505106e+01
2119 0 +1.903328247e-01 +1.903328247e-01 -8.436966718e+01 -8.436966718e+01
2386 0 +1.861093745e-01 +1.861093745e-01 -8.437389063e+01 -8.437389063e+01
2539 0 +1.818239542e-01 +1.818239542e-01 -8.437817605e+01 -8.437817605e+01
2622 0 +1.776745920e-01 +1.776745920e-01 -8.438232541e+01 -8.438232541e+01
2687 0 +1.736133595e-01 +1.736133595e-01 -8.438638664e+01 -8.438638664e+01
2799 0 +1.695162113e-01 +1.695162113e-01 -8.439048379e+01 -8.439048379e+01
3087 0 +1.658035250e-01 +1.658035250e-01 -8.439419648e+01 -8.439419648e+01
3302 0 +1.618993000e-01 +1.618993000e-01 -8.439810070e+01 -8.439810070e+01
3427 0 +1.582922595e-01 +1.582922595e-01 -8.440170774e+01 -8.440170774e+01
3582 0 +1.548544644e-01 +1.548544644e-01 -8.440514554e+01 -8.440514554e+01
3787 0 +1.512762187e-01 +1.512762187e-01 -8.440872378e+01 -8.440872378e+01
4034 0 +1.479089530e-01 +1.479089530e-01 -8.441209105e+01 -8.441209105e+01
4236 0 +1.444827709e-01 +1.444827709e-01 -8.441551723e+01 -8.441551723e+01
4478 0 +1.412125133e-01 +1.412125133e-01 -8.441878749e+01 -8.441878749e+01
4723 0 +1.380147071e-01 +1.380147071e-01 -8.442198529e+01 -8.442198529e+01
4960 0 +1.348639939e-01 +1.348639939e-01 -8.442513601e+01 -8.442513601e+01
5173 0 +1.317049998e-01 +1.317049998e-01 -8.442829500e+01 -8.442829500e+01
5363 0 +1.287727231e-01 +1.287727231e-01 -8.443122728e+01 -8.443122728e+01
5492 0 +1.258441266e-01 +1.258441266e-01 -8.443415587e+01 -8.443415587e+01
5601 0 +1.229326432e-01 +1.229326432e-01 -8.443706736e+01 -8.443706736e+01
5689 0 +1.201299933e-01 +1.201299933e-01 -8.443987001e+01 -8.443987001e+01
5775 0 +1.173592120e-01 +1.173592120e-01 -8.444264079e+01 -8.444264079e+01
5835 0 +1.148006220e-01 +1.148006220e-01 -8.444519938e+01 -8.444519938e+01
5936 0 +1.121520907e-01 +1.121520907e-01 -8.444784791e+01 -8.444784791e+01
6071 0 +1.095338823e-01 +1.095338823e-01 -8.445046612e+01 -8.445046612e+01
6210 0 +1.068609362e-01 +1.068609362e-01 -8.445313906e+01 -8.445313906e+01
6368 0 +1.046906464e-01 +1.046906464e-01 -8.445530935e+01 -8.445530935e+01
6535 0 +1.021598107e-01 +1.021598107e-01 -8.445784019e+01 -8.445784019e+01
6729 0 +9.999513108e-02 +9.999513108e-02 -8.446000487e+01 -8.446000487e+01
6936 0 +9.750811845e-02 +9.750811845e-02 -8.446249188e+01 -8.446249188e+01
7035 0 +9.546656507e-02 +9.546656507e-02 -8.446453343e+01 -8.446453343e+01
7189 0 +9.301214357e-02 +9.301214357e-02 -8.446698786e+01 -8.446698786e+01
7358 0 +9.098525292e-02 +9.098525292e-02 -8.446901475e+01 -8.446901475e+01
7604 0 +8.891800016e-02 +8.891800016e-02 -8.447108200e+01 -8.447108200e+01
7896 0 +8.709167186e-02 +8.709167186e-02 -8.447290833e+01 -8.447290833e+01
% f evaluations | g evaluations | best noise-free fitness - Fopt | noise-free fitness - Fopt (-2.602000000000e+01) | measured fitness | best measured fitness | x1 | x2...
1 0 +2.503737427e-01 +2.503737427e-01 -2.576962626e+01 -2.576962626e+01
11 0 +2.501953711e-01 +2.501953711e-01 -2.576980463e+01 -2.576980463e+01
259 0 +2.454554145e-01 +2.454554145e-01 -2.577454459e+01 -2.577454459e+01
472 0 +2.395042418e-01 +2.395042418e-01 -2.578049576e+01 -2.578049576e+01
647 0 +2.342104904e-01 +2.342104904e-01 -2.578578951e+01 -2.578578951e+01
803 0 +2.288372985e-01 +2.288372985e-01 -2.579116270e+01 -2.579116270e+01
978 0 +2.238332047e-01 +2.238332047e-01 -2.579616680e+01 -2.579616680e+01
1186 0 +2.186186078e-01 +2.186186078e-01 -2.580138139e+01 -2.580138139e+01
1524 0 +2.137836940e-01 +2.137836940e-01 -2.580621631e+01 -2.580621631e+01
1741 0 +2.088337771e-01 +2.088337771e-01 -2.581116622e+01 -2.581116622e+01
1939 0 +2.038101737e-01 +2.038101737e-01 -2.581618983e+01 -2.581618983e+01
2050 0 +1.990215577e-01 +1.990215577e-01 -2.582097844e+01 -2.582097844e+01
2189 0 +1.949101267e-01 +1.949101267e-01 -2.582508987e+01 -2.582508987e+01
2357 0 +1.904002770e-01 +1.904002770e-01 -2.582959972e+01 -2.582959972e+01
2570 0 +1.861377184e-01 +1.861377184e-01 -2.583386228e+01 -2.583386228e+01
2872 0 +1.818262793e-01 +1.818262793e-01 -2.583817372e+01 -2.583817372e+01
3133 0 +1.775922437e-01 +1.775922437e-01 -2.584240776e+01 -2.584240776e+01
3370 0 +1.736131142e-01 +1.736131142e-01 -2.584638689e+01 -2.584638689e+01
3550 0 +1.696299412e-01 +1.696299412e-01 -2.585037006e+01 -2.585037006e+01
3823 0 +1.657588597e-01 +1.657588597e-01 -2.585424114e+01 -2.585424114e+01
4014 0 +1.620954112e-01 +1.620954112e-01 -2.585790459e+01 -2.585790459e+01
4299 0 +1.583681015e-01 +1.583681015e-01 -2.586163190e+01 -2.586163190e+01
4656 0 +1.548642005e-01 +1.548642005e-01 -2.586513580e+01 -2.586513580e+01
4897 0 +1.513475990e-01 +1.513475990e-01 -2.586865240e+01 -2.586865240e+01
5136 0 +1.478171641e-01 +1.478171641e-01 -2.587218284e+01 -2.587218284e+01
5372 0 +1.444266405e-01 +1.444266405e-01 -2.587557336e+01 -2.587557336e+01
5600 0 +1.410162221e-01 +1.410162221e-01 -2.587898378e+01 -2.587898378e+01
5840 0 +1.379069325e-01 +1.379069325e-01 -2.588209307e+01 -2.588209307e+01
6026 0 +1.348817744e-01 +1.348817744e-01 -2.588511823e+01 -2.588511823e+01
6248 0 +1.317674860e-01 +1.317674860e-01 -2.588823251e+01 -2.588823251e+01
6436 0 +1.288206451e-01 +1.288206451e-01 -2.589117935e+01 -2.589117935e+01
6653 0 +1.258553135e-01 +1.258553135e-01 -2.589414469e+01 -2.589414469e+01
6918 0 +1.228683328e-01 +1.228683328e-01 -2.589713167e+01 -2.589713167e+01
7087 0 +1.201542156e-01 +1.201542156e-01 -2.589984578e+01 -2.589984578e+01
7264 0 +1.174545979e-01 +1.174545979e-01 -2.590254540e+01 -2.590254540e+01
7459 0 +1.147239006e-01 +1.147239006e-01 -2.590527610e+01 -2.590527610e+01
7642 0 +1.120552031e-01 +1.120552031e-01 -2.590794480e+01 -2.590794480e+01
7835 0 +1.094083355e-01 +1.094083355e-01 -2.591059166e+01 -2.591059166e+01
% f evaluations | g evaluations | best noise-free fitness - Fopt | noise-free fitness - Fopt (-3.015000000000e+01) | measured fitness | best measured fitness | x1 | x2...
1 0 +2.503737427e-01 +2.503737427e-01 -2.989962626e+01 -2.989962626e+01
2 0 +2.503380418e-01 +2.503380418e-01 -2.989966196e+01 -2.989966196e+01
255 0 +2.454438159e-01 +2.454438159e-01 -2.990455618e+01 -2.990455618e+01
505 0 +2.396835494e-01 +2.396835494e-01 -2.991031645e+01 -2.991031645e+01
713 0 +2.344080979e-01 +2.344080979e-01 -2.991559190e+01 -2.991559190e+01
849 0 +2.290563508e-01 +2.290563508e-01 -2.992094365e+01 -2.992094365e+01
983 0 +2.237085808e-01 +2.237085808e-01 -2.992629142e+01 -2.992629142e+01
1086 0 +2.187263926e-01 +2.187263926e-01 -2.993127361e+01 -2.993127361e+01
1180 0 +2.136554096e-01 +2.136554096e-01 -2.993634459e+01 -2.993634459e+01
1264 0 +2.089153574e-01 +2.089153574e-01 -2.994108464e+01 -2.994108464e+01
1334 0 +2.041548077e-01 +2.041548077e-01 -2.994584519e+01 -2.994584519e+01
1389 0 +1.993481030e-01 +1.993481030e-01 -2.995065190e+01 -2.995065190e+01
1478 0 +1.948186291e-01 +1.948186291e-01 -2.995518137e+01 -2.995518137e+01
1548 0 +1.904766363e-01 +1.904766363e-01 -2.995952336e+01 -2.995952336e+01
1660 0 +1.860074376e-01 +1.860074376e-01 -2.996399256e+01 -2.996399256e+01
1816 0 +1.818716015e-01 +1.818716015e-01 -2.996812840e+01 -2.996812840e+01
1906 0 +1.774570782e-01 +1.774570782e-01 -2.997254292e+01 -2.997254292e+01
2004 0 +1.736759786e-01 +1.736759786e-01 -2.997632402e+01 -2.997632402e+01
2125 0 +1.696373604e-01 +1.696373604e-01 -2.998036264e+01 -2.998036264e+01
2281 0 +1.656932028e-01 +1.656932028e-01 -2.998430680e+01 -2.998430680e+01
2466 0 +1.617536052e-01 +1.617536052e-01 -2.998824639e+01 -2.998824639e+01
2579 0 +1.584338569e-01 +1.584338569e-01 -2.999156614e+01 -2.999156614e+01
2746 0 +1.544235842e-01 +1.544235842e-01 -2.999557642e+01 -2.999557642e+01
2847 0 +1.509795330e-01 +1.509795330e-01 -2.999902047e+01 -2.999902047e+01
3003 0 +1.476606468e-01 +1.476606468e-01 -3.000233935e+01 -3.000233935e+01
3162 0 +1.445217635e-01 +1.445217635e-01 -3.000547824e+01 -3.000547824e+01
3463 0 +1.411958143e-01 +1.411958143e-01 -3.000880419e+01 -3.000880419e+01
3598 0 +1.379887021e-01 +1.379887021e-01 -3.001201130e+01 -3.001201130e+01
3805 0 +1.346111858e-01 +1.346111858e-01 -3.001538881e+01 -3.001538881e+01
4003 0 +1.315583461e-01 +1.315583461e-01 -3.001844165e+01 -3.001844165e+01
4234 0 +1.287799830e-01 +1.287799830e-01 -3.002122002e+01 -3.002122002e+01
4414 0 +1.258531599e-01 +1.258531599e-01 -3.002414684e+01 -3.002414684e+01
4656 0 +1.230162222e-01 +1.230162222e-01 -3.002698378e+01 -3.002698378e+01
4884 0 +1.202103512e-01 +1.202103512e-01 -3.002978965e+01 -3.002978965e+01
5163 0 +1.174887756e-01 +1.174887756e-01 -3.003251122e+01 -3.003251122e+01
5268 0 +1.147946416e-01 +1.147946416e-01 -3.003520536e+01 -3.003520536e+01
5326 0 +1.119934428e-01 +1.119934428e-01 -3.003800656e+01 -3.003800656e+01
5409 0 +1.095804731e-01 +1.095804731e-01 -3.004041953e+01 -3.004041953e+01
5472 0 +1.070721326e-01 +1.070721326e-01 -3.004292787e+01 -3.004292787e+01
5563 0 +1.044124922e-01 +1.044124922e-01 -3.004558751e+01 -3.004558751e+01
5625 0 +1.021885454e-01 +1.021885454e-01 -3.004781145e+01 -3.004781145e+01
5709 0 +9.990422506e-02 +9.990422506e-02 -3.005009577e+01 -3.005009577e+01
5823 0 +9.761398379e-02 +9.761398379e-02 -3.005238602e+01 -3.005238602e+01
5941 0 +9.520140520e-02 +9.520140520e-02 -3.005479859e+01 -3.005479859e+01
6033 0 +9.315242177e-02 +9.315242177e-02 -3.005684758e+01 -3.005684758e+01
6121 0 +9.105963628e-02 +9.105963628e-02 -3.005894036e+01 -3.005894036e+01
6202 0 +8.911146718e-02 +8.911146718e-02 -3.006088853e+01 -3.006088853e+01
6265 0 +8.704121134e-02 +8.704121134e-02 -3.006295879e+01 -3.006295879e+01
6323 0 +8.504283870e-02 +8.504283870e-02 -3.006495716e+01 -3.006495716e+01
6392 0 +8.306708501e-02 +8.306708501e-02 -3.006693291e+01 -3.006693291e+01
6465 0 +8.124615562e-02 +8.124615562e-02 -3.006875384e+01 -3.006875384e+01
6532 0 +7.942954876e-02 +7.942954876e-02 -3.007057045e+01 -3.007057045e+01
6628 0 +7.740200619e-02 +7.740200619e-02 -3.007259799e+01 -3.007259799e+01
6715 0 +7.550843892e-02 +7.550843892e-02 -3.007449156e+01 -3.007449156e+01
6760 0 +7.408996753e-02 +7.408996753e-02 -3.007591003e+01 -3.007591003e+01
6816 0 +7.234830645e-02 +7.234830645e-02 -3.007765169e+01 -3.007765169e+01
6855 0 +7.078402959e-02 +7.078402959e-02 -3.007921597e+01 -3.007921597e+01
6942 0 +6.876029893e-02 +6.876029893e-02 -3.008123970e+01 -3.008123970e+01
6983 0 +6.742562117e-02 +6.742562117e-02 -3.008257438e+01 -3.008257438e+01
7066 0 +6.604903734e-02 +6.604903734e-02 -3.008395096e+01 -3.008395096e+01
7157 0 +6.455093643e-02 +6.455093643e-02 -3.008544906e+01 -3.008544906e+01
7224 0 +6.297937223e-02 +6.297937223e-02 -3.008702063e+01 -3.008702063e+01
7301 0 +6.131185854e-02 +6.131185854e-02 -3.008868814e+01 -3.008868814e+01
7357 0 +6.015480415e-02 +6.015480415e-02 -3.008984520e+01 -3.008984520e+01
7441 0 +5.849295605e-02 +5.849295605e-02 -3.009150704e+01 -3.009150704e+01
7534 0 +5.714991889e-02 +5.714991889e-02 -3.009285008e+01 -3.009285008e+01
7632 0 +5.622479987e-02 +5.622479987e-02 -3.009377520e+01 -3.009377520e+01
7731 0 +5.483426621e-02 +5.483426621e-02 -3.009516573e+01 -3.009516573e+01
7816 0 +5.363062925e-02 +5.363062925e-02 -3.009636937e+01 -3.009636937e+01
7896 0 +5.247878429e-02 +5.247878429e-02 -3.009752122e+01 -3.009752122e+01
% f evaluations | g evaluations | best noise-free fitness - Fopt | noise-free fitness - Fopt (-1.000000000000e+03) | measured fitness | best measured fitness | x1 | x2...
1 0 +2.503737427e-01 +2.503737427e-01 -9.997496263e+02 -9.997496263e+02
8 0 +2.503491984e-01 +2.503491984e-01 -9.997496508e+02 -9.997496508e+02
251 0 +2.453323865e-01 +2.453323865e-01 -9.997546676e+02 -9.997546676e+02
487 0 +2.398616939e-01 +2.398616939e-01 -9.997601383e+02 -9.997601383e+02
694 0 +2.344188337e-01 +2.344188337e-01 -9.997655812e+02 -9.997655812e+02
877 0 +2.290824012e-01 +2.290824012e-01 -9.997709176e+02 -9.997709176e+02
1031 0 +2.237230457e-01 +2.237230457e-01 -9.997762770e+02 -9.997762770e+02
1173 0 +2.183754135e-01 +2.183754135e-01 -9.997816246e+02 -9.997816246e+02
1411 0 +2.137322257e-01 +2.137322257e-01 -9.997862678e+02 -9.997862678e+02
1617 0 +2.087900343e-01 +2.087900343e-01 -9.997912100e+02 -9.997912100e+02
1812 0 +2.039788025e-01 +2.039788025e-01 -9.997960212e+02 -9.997960212e+02
2002 0 +1.991118015e-01 +1.991118015e-01 -9.998008882e+02 -9.998008882e+02
2150 0 +1.942231139e-01 +1.942231139e-01 -9.998057769e+02 -9.998057769e+02
2289 0 +1.902585356e-01 +1.902585356e-01 -9.998097415e+02 -9.998097415e+02
2421 0 +1.859146804e-01 +1.859146804e-01 -9.998140853e+02 -9.998140853e+02
2615 0 +1.819480347e-01 +1.819480347e-01 -9.998180520e+02 -9.998180520e+02
2784 0 +1.777687989e-01 +1.777687989e-01 -9.998222312e+02 -9.998222312e+02
2973 0 +1.736675613e-01 +1.736675613e-01 -9.998263324e+02 -9.998263324e+02
3189 0 +1.692801496e-01 +1.692801496e-01 -9.998307199e+02 -9.998307199e+02
3335 0 +1.658500094e-01 +1.658500094e-01 -9.998341500e+02 -9.998341500e+02
3441 0 +1.620085605e-01 +1.620085605e-01 -9.998379914e+02 -9.998379914e+02
3592 0 +1.583160325e-01 +1.583160325e-01 -9.998416840e+02 -9.998416840e+02
3823 0 +1.548398914e-01 +1.548398914e-01 -9.998451601e+02 -9.998451601e+02
3986 0 +1.510946785e-01 +1.510946785e-01 -9.998489053e+02 -9.998489053e+02
4244 0 +1.479108060e-01 +1.479108060e-01 -9.998520892e+02 -9.998520892e+02
4454 0 +1.445338450e-01 +1.445338450e-01 -9.998554662e+02 -9.998554662e+02
4633 0 +1.410822130e-01 +1.410822130e-01 -9.998589178e+02 -9.998589178e+02
4807 0 +1.380194612e-01 +1.380194612e-01 -9.998619805e+02 -9.998619805e+02
5013 0 +1.348719210e-01 +1.348719210e-01 -9.998651281e+02 -9.998651281e+02
5163 0 +1.316954452e-01 +1.316954452e-01 -9.998683046e+02 -9.998683046e+02
5271 0 +1.287158053e-01 +1.287158053e-01 -9.998712842e+02 -9.998712842e+02
5386 0 +1.258026309e-01 +1.258026309e-01 -9.998741974e+02 -9.998741974e+02
5486 0 +1.229744129e-01 +1.229744129e-01 -9.998770256e+02 -9.998770256e+02
5579 0 +1.200156063e-01 +1.200156063e-01 -9.998799844e+02 -9.998799844e+02
5685 0 +1.174554901e-01 +1.174554901e-01 -9.998825445e+02 -9.998825445e+02
5755 0 +1.148123230e-01 +1.148123230e-01 -9.998851877e+02 -9.998851877e+02
5847 0 +1.119797648e-01 +1.119797648e-01 -9.998880202e+02 -9.998880202e+02
5942 0 +1.093201816e-01 +1.093201816e-01 -9.998906798e+02 -9.998906798e+02
6035 0 +1.070633743e-01 +1.070633743e-01 -9.998929366e+02 -9.998929366e+02
6104 0 +1.045730440e-01 +1.045730440e-01 -9.998954270e+02 -9.998954270e+02
6154 0 +1.023285135e-01 +1.023285135e-01 -9.998976715e+02 -9.998976715e+02
6224 0 +9.952548470e-02 +9.952548470e-02 -9.999004745e+02 -9.999004745e+02
6272 0 +9.737586941e-02 +9.737586941e-02 -9.999026241e+02 -9.999026241e+02
6316 0 +9.543269402e-02 +9.543269402e-02 -9.999045673e+02 -9.999045673e+02
6380 0 +9.318527603e-02 +9.318527603e-02 -9.999068147e+02 -9.999068147e+02
6432 0 +9.118482201e-02 +9.118482201e-02 -9.999088152e+02 -9.999088152e+02
6518 0 +8.911899887e-02 +8.911899887e-02 -9.999108810e+02 -9.999108810e+02
6579 0 +8.687332298e-02 +8.687332298e-02 -9.999131267e+02 -9.999131267e+02
6620 0 +8.496664129e-02 +8.496664129e-02 -9.999150334e+02 -9.999150334e+02
6674 0 +8.268373638e-02 +8.268373638e-02 -9.999173163e+02 -9.999173163e+02
6722 0 +8.123420637e-02 +8.123420637e-02 -9.999187658e+02 -9.999187658e+02
6780 0 +7.921642650e-02 +7.921642650e-02 -9.999207836e+02 -9.999207836e+02
6860 0 +7.730138725e-02 +7.730138725e-02 -9.999226986e+02 -9.999226986e+02
6919 0 +7.569892518e-02 +7.569892518e-02 -9.999243011e+02 -9.999243011e+02
7013 0 +7.399588672e-02 +7.399588672e-02 -9.999260041e+02 -9.999260041e+02
7068 0 +7.232532661e-02 +7.232532661e-02 -9.999276747e+02 -9.999276747e+02
7151 0 +7.063337990e-02 +7.063337990e-02 -9.999293666e+02 -9.999293666e+02
7191 0 +6.897706243e-02 +6.897706243e-02 -9.999310229e+02 -9.999310229e+02
7276 0 +6.758059910e-02 +6.758059910e-02 -9.999324194e+02 -9.999324194e+02
7346 0 +6.584354299e-02 +6.584354299e-02 -9.999341565e+02 -9.999341565e+02
7498 0 +6.442577391e-02 +6.442577391e-02 -9.999355742e+02 -9.999355742e+02
7748 0 +6.298431706e-02 +6.298431706e-02 -9.999370157e+02 -9.999370157e+02
7965 0 +6.161562660e-02 +6.161562660e-02 -9.999383844e+02 -9.999383844e+02
% f evaluations | g evaluations | best noise-free fitness - Fopt | noise-free fitness - Fopt (-9.243000000000e+02) | measured fitness | best measured fitness | x1 | x2...
1 0 +2.503737427e-01 +2.503737427e-01 -9.240496263e+02 -9.240496263e+02
4 0 +2.503734594e-01 +2.503734594e-01 -9.240496265e+02 -9.240496265e+02
229 0 +2.454100034e-01 +2.454100034e-01 -9.240545900e+02 -9.240545900e+02
415 0 +2.397221423e-01 +2.397221423e-01 -9.240602779e+02 -9.240602779e+02
605 0 +2.342967783e-01 +2.342967783e-01 -9.240657032e+02 -9.240657032e+02
787 0 +2.288284179e-01 +2.288284179e-01 -9.240711716e+02 -9.240711716e+02
940 0 +2.237851656e-01 +2.237851656e-01 -9.240762148e+02 -9.240762148e+02
1032 0 +2.186222581e-01 +2.186222581e-01 -9.240813777e+02 -9.240813777e+02
1203 0 +2.136155263e-01 +2.136155263e-01 -9.240863845e+02 -9.240863845e+02
1396 0 +2.086218482e-01 +2.086218482e-01 -9.240913782e+02 -9.240913782e+02
1544 0 +2.039140057e-01 +2.039140057e-01 -9.240960860e+02 -9.240960860e+02
1663 0 +1.993562249e-01 +1.993562249e-01 -9.241006438e+02 -9.241006438e+02
1778 0 +1.947774475e-01 +1.947774475e-01 -9.241052226e+02 -9.241052226e+02
1924 0 +1.905431501e-01 +1.905431501e-01 -9.241094568e+02 -9.241094568e+02
2128 0 +1.860507642e-01 +1.860507642e-01 -9.241139492e+02 -9.241139492e+02
2219 0 +1.818802495e-01 +1.818802495e-01 -9.241181198e+02 -9.241181198e+02
2319 0 +1.777208853e-01 +1.777208853e-01 -9.241222791e+02 -9.241222791e+02
2459 0 +1.736297147e-01 +1.736297147e-01 -9.241263703e+02 -9.241263703e+02
2656 0 +1.695747626e-01 +1.695747626e-01 -9.241304252e+02 -9.241304252e+02
2854 0 +1.657753229e-01 +1.657753229e-01 -9.241342247e+02 -9.241342247e+02
3066 0 +1.621074595e-01 +1.621074595e-01 -9.241378925e+02 -9.241378925e+02
3227 0 +1.582372726e-01 +1.582372726e-01 -9.241417627e+02 -9.241417627e+02
3355 0 +1.547227515e-01 +1.547227515e-01 -9.241452772e+02 -9.241452772e+02
3528 0 +1.511025145e-01 +1.511025145e-01 -9.241488975e+02 -9.241488975e+02
3680 0 +1.475062223e-01 +1.475062223e-01 -9.241524938e+02 -9.241524938e+02
3749 0 +1.443301201e-01 +1.443301201e-01 -9.241556699e+02 -9.241556699e+02
3863 0 +1.412050859e-01 +1.412050859e-01 -9.241587949e+02 -9.241587949e+02
4000 0 +1.379449759e-01 +1.379449759e-01 -9.241620550e+02 -9.241620550e+02
4144 0 +1.348236503e-01 +1.348236503e-01 -9.241651763e+02 -9.241651763e+02
4271 0 +1.318207148e-01 +1.318207148e-01 -9.241681793e+02 -9.241681793e+02
4386 0 +1.287560720e-01 +1.287560720e-01 -9.241712439e+02 -9.241712439e+02
4509 0 +1.255559585e-01 +1.255559585e-01 -9.241744440e+02 -9.241744440e+02
4628 0 +1.227803398e-01 +1.227803398e-01 -9.241772197e+02 -9.241772197e+02
4738 0 +1.200888493e-01 +1.200888493e-01 -9.241799112e+02 -9.241799112e+02
4822 0 +1.173985573e-01 +1.173985573e-01 -9.241826014e+02 -9.241826014e+02
4931 0 +1.148113229e-01 +1.148113229e-01 -9.241851887e+02 -9.241851887e+02
5040 0 +1.119329302e-01 +1.119329302e-01 -9.241880671e+02 -9.241880671e+02
5138 0 +1.092414505e-01 +1.092414505e-01 -9.241907585e+02 -9.241907585e+02
5222 0 +1.068420217e-01 +1.068420217e-01 -9.241931580e+02 -9.241931580e+02
5306 0 +1.044849828e-01 +1.044849828e-01 -9.241955150e+02 -9.241955150e+02
5378 0 +1.021907665e-01 +1.021907665e-01 -9.241978092e+02 -9.241978092e+02
5471 0 +9.977562955e-02 +9.977562955e-02 -9.242002244e+02 -9.242002244e+02
5553 0 +9.767466126e-02 +9.767466126e-02 -9.242023253e+02 -9.242023253e+02
5650 0 +9.537234306e-02 +9.537234306e-02 -9.242046277e+02 -9.242046277e+02
5733 0 +9.320113267e-02 +9.320113267e-02 -9.242067989e+02 -9.242067989e+02
5827 0 +9.094264693e-02 +9.094264693e-02 -9.242090574e+02 -9.242090574e+02
5911 0 +8.910691641e-02 +8.910691641e-02 -9.242108931e+02 -9.242108931e+02
6000 0 +8.690036486e-02 +8.690036486e-02 -9.242130996e+02 -9.242130996e+02
6122 0 +8.502276605e-02 +8.502276605e-02 -9.242149772e+02 -9.242149772e+02
6215 0 +8.312926639e-02 +8.312926639e-02 -9.242168707e+02 -9.242168707e+02
6339 0 +8.123376454e-02 +8.123376454e-02 -9.242187662e+02 -9.242187662e+02
6399 0 +7.907975728e-02 +7.907975728e-02 -9.242209202e+02 -9.242209202e+02
6442 0 +7.743557760e-02 +7.743557760e-02 -9.242225644e+02 -9.242225644e+02
6481 0 +7.580220368e-02 +7.580220368e-02 -9.242241978e+02 -9.242241978e+02
6529 0 +7.412433126e-02 +7.412433126e-02 -9.242258757e+02 -9.242258757e+02
6581 0 +7.215634159e-02 +7.215634159e-02 -9.242278437e+02 -9.242278437e+02
6631 0 +7.072262629e-02 +7.072262629e-02 -9.242292774e+02 -9.242292774e+02
6689 0 +6.914403676e-02 +6.914403676e-02 -9.242308560e+02 -9.242308560e+02
6735 0 +6.750996064e-02 +6.750996064e-02 -9.242324900e+02 -9.242324900e+02
6794 0 +6.596601675e-02 +6.596601675e-02 -9.242340340e+02 -9.242340340e+02
6858 0 +6.435558555e-02 +6.435558555e-02 -9.242356444e+02 -9.242356444e+02
6930 0 +6.305441839e-02 +6.305441839e-02 -9.242369456e+02 -9.242369456e+02
6996 0 +6.132630509e-02 +6.132630509e-02 -9.242386737e+02 -9.242386737e+02
7062 0 +6.003637168e-02 +6.003637168e-02 -9.242399636e+02 -9.242399636e+02
7109 0 +5.866314110e-02 +5.866314110e-02 -9.242413369e+02 -9.242413369e+02
7169 0 +5.733828444e-02 +5.733828444e-02 -9.242426617e+02 -9.242426617e+02
7237 0 +5.620557384e-02 +5.620557384e-02 -9.242437944e+02 -9.242437944e+02
7314 0 +5.491584279e-02 +5.491584279e-02 -9.242450842e+02 -9.242450842e+02
7355 0 +5.366505828e-02 +5.366505828e-02 -9.242463349e+02 -9.242463349e+02
7411 0 +5.242341968e-02 +5.242341968e-02 -9.242475766e+02 -9.242475766e+02
7482 0 +5.114001379e-02 +5.114001379e-02 -9.242488600e+02 -9.242488600e+02
7539 0 +5.009975774e-02 +5.009975774e-02 -9.242499002e+02 -9.242499002e+02
7618 0 +4.861012101e-02 +4.861012101e-02 -9.242513899e+02 -9.242513899e+02
7694 0 +4.774528296e-02 +4.774528296e-02 -9.242522547e+02 -9.242522547e+02
7765 0 +4.653138670e-02 +4.653138670e-02 -9.242534686e+02 -9.242534686e+02
7816 0 +4.561584331e-02 +4.561584331e-02 -9.242543842e+02 -9.242543842e+02
7864 0 +4.455121167e-02 +4.455121167e-02 -9.242554488e+02 -9.242554488e+02
7916 0 +4.360318602e-02 +4.360318602e-02 -9.242563968e+02 -9.242563968e+02
7964 0 +4.263231573e-02 +4.263231573e-02 -9.242573677e+02 -9.242573677e+02
% f evaluations | g evaluations | best noise-free fitness - Fopt | noise-free fitness - Fopt (-1.035000000000e+01) | measured fitness | best measured fitness | x1 | x2...
1 0 +2.503737427e-01 +2.503737427e-01 -1.009962626e+01 -1.009962626e+01
2 0 +2.503321346e-01 +2.503321346e-01 -1.009966787e+01 -1.009966787e+01
261 0 +2.451034604e-01 +2.451034604e-01 -1.010489654e+01 -1.010489654e+01
426 0 +2.397213550e-01 +2.397213550e-01 -1.011027864e+01 -1.011027864e+01
623 0 +2.341954660e-01 +2.341954660e-01 -1.011580453e+01 -1.011580453e+01
771 0 +2.290464473e-01 +2.290464473e-01 -1.012095355e+01 -1.012095355e+01
891 0 +2.238321841e-01 +2.238321841e-01 -1.012616782e+01 -1.012616782e+01
998 0 +2.184009954e-01 +2.184009954e-01 -1.013159900e+01 -1.013159900e+01
1107 0 +2.136353132e-01 +2.136353132e-01 -1.013636469e+01 -1.013636469e+01
1279 0 +2.088787014e-01 +2.088787014e-01 -1.014112130e+01 -1.014112130e+01
1523 0 +2.040609440e-01 +2.040609440e-01 -1.014593906e+01 -1.014593906e+01
1651 0 +1.992299854e-01 +1.992299854e-01 -1.015077001e+01 -1.015077001e+01
1729 0 +1.949085985e-01 +1.949085985e-01 -1.015509140e+01 -1.015509140e+01
1830 0 +1.904183318e-01 +1.904183318e-01 -1.015958167e+01 -1.015958167e+01
1905 0 +1.861898419e-01 +1.861898419e-01 -1.016381016e+01 -1.016381016e+01
1999 0 +1.818564509e-01 +1.818564509e-01 -1.016814355e+01 -1.016814355e+01
2123 0 +1.777022900e-01 +1.777022900e-01 -1.017229771e+01 -1.017229771e+01
2247 0 +1.734792727e-01 +1.734792727e-01 -1.017652073e+01 -1.017652073e+01
2376 0 +1.696332458e-01 +1.696332458e-01 -1.018036675e+01 -1.018036675e+01
2518 0 +1.657116021e-01 +1.657116021e-01 -1.018428840e+01 -1.018428840e+01
2724 0 +1.618149182e-01 +1.618149182e-01 -1.018818508e+01 -1.018818508e+01
2856 0 +1.584178810e-01 +1.584178810e-01 -1.019158212e+01 -1.019158212e+01
3007 0 +1.546533096e-01 +1.546533096e-01 -1.019534669e+01 -1.019534669e+01
3282 0 +1.510437989e-01 +1.510437989e-01 -1.019895620e+01 -1.019895620e+01
3643 0 +1.478857138e-01 +1.478857138e-01 -1.020211429e+01 -1.020211429e+01
4056 0 +1.445029752e-01 +1.445029752e-01 -1.020549702e+01 -1.020549702e+01
4595 0 +1.412429294e-01 +1.412429294e-01 -1.020875707e+01 -1.020875707e+01
5106 0 +1.379887814e-01 +1.379887814e-01 -1.021201122e+01 -1.021201122e+01
5669 0 +1.348742046e-01 +1.348742046e-01 -1.021512580e+01 -1.021512580e+01
6139 0 +1.318061172e-01 +1.318061172e-01 -1.021819388e+01 -1.021819388e+01
6940 0 +1.288234101e-01 +1.288234101e-01 -1.022117659e+01 -1.022117659e+01
7498 0 +1.257940219e-01 +1.257940219e-01 -1.022420598e+01 -1.022420598e+01
7694 0 +1.229869214e-01 +1.229869214e-01 -1.022701308e+01 -1.022701308e+01
7865 0 +1.201468521e-01 +1.201468521e-01 -1.022985315e+01 -1.022985315e+01
7988 0 +1.174323857e-01 +1.174323857e-01 -1.023256761e+01 -1.023256761e+01
% f evaluations | g evaluations | best noise-free fitness - Fopt | noise-free fitness - Fopt (-1.000000000000e+03) | measured fitness | best measured fitness | x1 | x2...
1 0 +2.503737427e-01 +2.503737427e-01 -9.997496263e+02 -9.997496263e+02
2 0 +2.502624200e-01 +2.502624200e-01 -9.997497376e+02 -9.997497376e+02
242 0 +2.454660759e-01 +2.454660759e-01 -9.997545339e+02 -9.997545339e+02
474 0 +2.395468175e-01 +2.395468175e-01 -9.997604532e+02 -9.997604532e+02
677 0 +2.340735445e-01 +2.340735445e-01 -9.997659265e+02 -9.997659265e+02
904 0 +2.289594080e-01 +2.289594080e-01 -9.997710406e+02 -9.997710406e+02
1177 0 +2.238408592e-01 +2.238408592e-01 -9.997761591e+02 -9.997761591e+02
1327 0 +2.185511581e-01 +2.185511581e-01 -9.997814488e+02 -9.997814488e+02
1559 0 +2.137960873e-01 +2.137960873e-01 -9.997862039e+02 -9.997862039e+02
1761 0 +2.088501531e-01 +2.088501531e-01 -9.997911498e+02 -9.997911498e+02
2050 0 +2.041441738e-01 +2.041441738e-01 -9.997958558e+02 -9.997958558e+02
2264 0 +1.994970501e-01 +1.994970501e-01 -9.998005029e+02 -9.998005029e+02
2542 0 +1.948542211e-01 +1.948542211e-01 -9.998051458e+02 -9.998051458e+02
2769 0 +1.904161454e-01 +1.904161454e-01 -9.998095839e+02 -9.998095839e+02
3065 0 +1.861757351e-01 +1.861757351e-01 -9.998138243e+02 -9.998138243e+02
3494 0 +1.819015568e-01 +1.819015568e-01 -9.998180984e+02 -9.998180984e+02
3849 0 +1.778180957e-01 +1.778180957e-01 -9.998221819e+02 -9.998221819e+02
4282 0 +1.737132961e-01 +1.737132961e-01 -9.998262867e+02 -9.998262867e+02
4668 0 +1.696736632e-01 +1.696736632e-01 -9.998303263e+02 -9.998303263e+02
5064 0 +1.657595502e-01 +1.657595502e-01 -9.998342404e+02 -9.998342404e+02
5387 0 +1.620863268e-01 +1.620863268e-01 -9.998379137e+02 -9.998379137e+02
5740 0 +1.584597546e-01 +1.584597546e-01 -9.998415402e+02 -9.998415402e+02
6034 0 +1.548713581e-01 +1.548713581e-01 -9.998451286e+02 -9.998451286e+02
6376 0 +1.512199234e-01 +1.512199234e-01 -9.998487801e+02 -9.998487801e+02
6578 0 +1.477408021e-01 +1.477408021e-01 -9.998522592e+02 -9.998522592e+02
6894 0 +1.444543312e-01 +1.444543312e-01 -9.998555457e+02 -9.998555457e+02
7245 0 +1.412039502e-01 +1.412039502e-01 -9.998587960e+02 -9.998587960e+02
7559 0 +1.379440725e-01 +1.379440725e-01 -9.998620559e+02 -9.998620559e+02
7934 0 +1.348784745e-01 +1.348784745e-01 -9.998651215e+02 -9.998651215e+02
% f evaluations | g evaluations | best noise-free fitness - Fopt | noise-free fitness - Fopt (2.880000000000e+01) | measured fitness | best measured fitness | x1 | x2...
1 0 +2.503737427e-01 +2.503737427e-01 +2.905037374e+01 +2.905037374e+01
6 0 +2.502300909e-01 +2.502300909e-01 +2.905023009e+01 +2.905023009e+01
256 0 +2.454007962e-01 +2.454007962e-01 +2.904540080e+01 +2.904540080e+01
494 0 +2.395085399e-01 +2.395085399e-01 +2.903950854e+01 +2.903950854e+01
680 0 +2.341948654e-01 +2.341948654e-01 +2.903419487e+01 +2.903419487e+01
818 0 +2.289656478e-01 +2.289656478e-01 +2.902896565e+01 +2.902896565e+01
1028 0 +2.238109474e-01 +2.238109474e-01 +2.902381095e+01 +2.902381095e+01
1259 0 +2.185737903e-01 +2.185737903e-01 +2.901857379e+01 +2.901857379e+01
1522 0 +2.137025472e-01 +2.137025472e-01 +2.901370255e+01 +2.901370255e+01
1761 0 +2.088914134e-01 +2.088914134e-01 +2.900889141e+01 +2.900889141e+01
1985 0 +2.040792643e-01 +2.040792643e-01 +2.900407926e+01 +2.900407926e+01
2184 0 +1.994433955e-01 +1.994433955e-01 +2.899944340e+01 +2.899944340e+01
2349 0 +1.947791914e-01 +1.947791914e-01 +2.899477919e+01 +2.899477919e+01
2530 0 +1.899551564e-01 +1.899551564e-01 +2.898995516e+01 +2.898995516e+01
2678 0 +1.861579662e-01 +1.861579662e-01 +2.898615797e+01 +2.898615797e+01
2816 0 +1.816801341e-01 +1.816801341e-01 +2.898168013e+01 +2.898168013e+01
2956 0 +1.777759143e-01 +1.777759143e-01 +2.897777591e+01 +2.897777591e+01
3119 0 +1.737606376e-01 +1.737606376e-01 +2.897376064e+01 +2.897376064e+01
3306 0 +1.697847244e-01 +1.697847244e-01 +2.896978472e+01 +2.896978472e+01
3511 0 +1.657263188e-01 +1.657263188e-01 +2.896572632e+01 +2.896572632e+01
3649 0 +1.619943436e-01 +1.619943436e-01 +2.896199434e+01 +2.896199434e+01
3794 0 +1.581985301e-01 +1.581985301e-01 +2.895819853e+01 +2.895819853e+01
3919 0 +1.547245672e-01 +1.547245672e-01 +2.895472457e+01 +2.895472457e+01
4044 0 +1.513198031e-01 +1.513198031e-01 +2.895131980e+01 +2.895131980e+01
4164 0 +1.477282518e-01 +1.477282518e-01 +2.894772825e+01 +2.894772825e+01
4292 0 +1.445286064e-01 +1.445286064e-01 +2.894452861e+01 +2.894452861e+01
4415 0 +1.411812778e-01 +1.411812778e-01 +2.894118128e+01 +2.894118128e+01
4527 0 +1.378802921e-01 +1.378802921e-01 +2.893788029e+01 +2.893788029e+01
4614 0 +1.348818024e-01 +1.348818024e-01 +2.893488180e+01 +2.893488180e+01
4700 0 +1.316720556e-01 +1.316720556e-01 +2.893167206e+01 +2.893167206e+01
4796 0 +1.288163325e-01 +1.288163325e-01 +2.892881633e+01 +2.892881633e+01
4917 0 +1.253203017e-01 +1.253203017e-01 +2.892532030e+01 +2.892532030e+01
4998 0 +1.228104211e-01 +1.228104211e-01 +2.892281042e+01 +2.892281042e+01
5074 0 +1.195666301e-01 +1.195666301e-01 +2.891956663e+01 +2.891956663e+01
5145 0 +1.173799245e-01 +1.173799245e-01 +2.891737992e+01 +2.891737992e+01
5242 0 +1.146296681e-01 +1.146296681e-01 +2.891462967e+01 +2.891462967e+01
5367 0 +1.121601908e-01 +1.121601908e-01 +2.891216019e+01 +2.891216019e+01
5466 0 +1.096307136e-01 +1.096307136e-01 +2.890963071e+01 +2.890963071e+01
5561 0 +1.068353662e-01 +1.068353662e-01 +2.890683537e+01 +2.890683537e+01
5672 0 +1.046778490e-01 +1.046778490e-01 +2.890467785e+01 +2.890467785e+01
5802 0 +1.019334401e-01 +1.019334401e-01 +2.890193344e+01 +2.890193344e+01
5888 0 +9.982096097e-02 +9.982096097e-02 +2.889982096e+01 +2.889982096e+01
5951 0 +9.769332604e-02 +9.769332604e-02 +2.889769333e+01 +2.889769333e+01
6058 0 +9.530151180e-02 +9.530151180e-02 +2.889530151e+01 +2.889530151e+01
6177 0 +9.307001683e-02 +9.307001683e-02 +2.889307002e+01 +2.889307002e+01
6252 0 +9.106732810e-02 +9.106732810e-02 +2.889106733e+01 +2.889106733e+01
6306 0 +8.911558035e-02 +8.911558035e-02 +2.888911558e+01 +2.888911558e+01
6404 0 +8.695223859e-02 +8.695223859e-02 +2.888695224e+01 +2.888695224e+01
6515 0 +8.476789469e-02 +8.476789469e-02 +2.888476789e+01 +2.888476789e+01
6592 0 +8.317459910e-02 +8.317459910e-02 +2.888317460e+01 +2.888317460e+01
6691 0 +8.115090339e-02 +8.115090339e-02 +2.888115090e+01 +2.888115090e+01
6812 0 +7.941376913e-02 +7.941376913e-02 +2.887941377e+01 +2.887941377e+01
6939 0 +7.741119292e-02 +7.741119292e-02 +2.887741119e+01 +2.887741119e+01
7086 0 +7.583550887e-02 +7.583550887e-02 +2.887583551e+01 +2.887583551e+01
7312 0 +7.409292363e-02 +7.409292363e-02 +2.887409292e+01 +2.887409292e+01
7590 0 +7.231084050e-02 +7.231084050e-02 +2.887231084e+01 +2.887231084e+01
7818 0 +7.077726367e-02 +7.077726367e-02 +2.887077726e+01 +2.887077726e+01
% f evaluations | g evaluations | best noise-free fitness - Fopt | noise-free fitness - Fopt (3.534000000000e+01) | measured fitness | best measured fitness | x1 | x2...
1 0 +2.503737427e-01 +2.503737427e-01 +3.559037374e+01 +3.559037374e+01
5 0 +2.502925885e-01 +2.502925885e-01 +3.559029259e+01 +3.559029259e+01
256 0 +2.452690522e-01 +2.452690522e-01 +3.558526905e+01 +3.558526905e+01
454 0 +2.396922215e-01 +2.396922215e-01 +3.557969222e+01 +3.557969222e+01
605 0 +2.342726801e-01 +2.342726801e-01 +3.557427268e+01 +3.557427268e+01
830 0 +2.289812333e-01 +2.289812333e-01 +3.556898123e+01 +3.556898123e+01
1026 0 +2.237918764e-01 +2.237918764e-01 +3.556379188e+01 +3.556379188e+01
1172 0 +2.185157756e-01 +2.185157756e-01 +3.555851578e+01 +3.555851578e+01
1308 0 +2.135905989e-01 +2.135905989e-01 +3.555359060e+01 +3.555359060e+01
1506 0 +2.089288373e-01 +2.089288373e-01 +3.554892884e+01 +3.554892884e+01
1681 0 +2.041683223e-01 +2.041683223e-01 +3.554416832e+01 +3.554416832e+01
1918 0 +1.994992695e-01 +1.994992695e-01 +3.553949927e+01 +3.553949927e+01
2081 0 +1.949547015e-01 +1.949547015e-01 +3.553495470e+01 +3.553495470e+01
2335 0 +1.905282959e-01 +1.905282959e-01 +3.553052830e+01 +3.553052830e+01
2553 0 +1.858648318e-01 +1.858648318e-01 +3.552586483e+01 +3.552586483e+01
2752 0 +1.819117111e-01 +1.819117111e-01 +3.552191171e+01 +3.552191171e+01
2957 0 +1.776332700e-01 +1.776332700e-01 +3.551763327e+01 +3.551763327e+01
3178 0 +1.736829935e-01 +1.736829935e-01 +3.551368299e+01 +3.551368299e+01
3399 0 +1.696470681e-01 +1.696470681e-01 +3.550964707e+01 +3.550964707e+01
3585 0 +1.657250091e-01 +1.657250091e-01 +3.550572501e+01 +3.550572501e+01
3786 0 +1.620731671e-01 +1.620731671e-01 +3.550207317e+01 +3.550207317e+01
3965 0 +1.580534381e-01 +1.580534381e-01 +3.549805344e+01 +3.549805344e+01
4153 0 +1.547837781e-01 +1.547837781e-01 +3.549478378e+01 +3.549478378e+01
4296 0 +1.512368970e-01 +1.512368970e-01 +3.549123690e+01 +3.549123690e+01
4542 0 +1.478448346e-01 +1.478448346e-01 +3.548784483e+01 +3.548784483e+01
4913 0 +1.444114654e-01 +1.444114654e-01 +3.548441147e+01 +3.548441147e+01
5208 0 +1.410279906e-01 +1.410279906e-01 +3.548102799e+01 +3.548102799e+01
5459 0 +1.378935039e-01 +1.378935039e-01 +3.547789350e+01 +3.547789350e+01
5732 0 +1.348426654e-01 +1.348426654e-01 +3.547484267e+01 +3.547484267e+01
5999 0 +1.316316070e-01 +1.316316070e-01 +3.547163161e+01 +3.547163161e+01
6276 0 +1.287217330e-01 +1.287217330e-01 +3.546872173e+01 +3.546872173e+01
6409 0 +1.257702474e-01 +1.257702474e-01 +3.546577025e+01 +3.546577025e+01
6567 0 +1.229790620e-01 +1.229790620e-01 +3.546297906e+01 +3.546297906e+01
6769 0 +1.201121921e-01 +1.201121921e-01 +3.546011219e+01 +3.546011219e+01
6978 0 +1.173369332e-01 +1.173369332e-01 +3.545733693e+01 +3.545733693e+01
7083 0 +1.148142672e-01 +1.148142672e-01 +3.545481427e+01 +3.545481427e+01
7210 0 +1.121007995e-01 +1.121007995e-01 +3.545210080e+01 +3.545210080e+01
7363 0 +1.095303498e-01 +1.095303498e-01 +3.544953035e+01 +3.544953035e+01
7523 0 +1.070638897e-01 +1.070638897e-01 +3.544706389e+01 +3.544706389e+01
7684 0 +1.046920024e-01 +1.046920024e-01 +3.544469200e+01 +3.544469200e+01
7835 0 +1.021514574e-01 +1.021514574e-01 +3.544215146e+01 +3.544215146e+01
7972 0 +9.961259990e-02 +9.961259990e-02 +3.543961260e+01 +3.543961260e+01
