% f evaluations | g evaluations | best noise-free fitness - Fopt | noise-free fitness - Fopt (4.078000000000e+01) | measured fitness | best measured fitness | x1 | x2...
1 0 +8.241332864e+01 +8.241332864e+01 +1.231933286e+02 +1.231933286e+02 +1.5960e+00 -4.1023e+00 +4.4014e-01 +1.6472e+00 +2.6695e+00 -4.2447e+00 -2.7939e+00 +9.5784e-01 -5.4406e-01 -9.1137e-01
2 0 +7.856889210e+01 +7.856889210e+01 +1.193488921e+02 +1.193488921e+02 -9.3153e-01 -2.3524e-01 -2.4857e+00 +5.0085e-01 +3.4617e+00 -1.6905e+00 +1.8684e+00 +3.6965e+00 +3.2468e+00 +8.3846e-02
3 0 +7.729932941e+01 +7.729932941e+01 +1.180793294e+02 +1.180793294e+02 -9.3832e-01 +2.1086e+00 +8.3203e-01 -8.9448e-01 -2.3196e+00 +1.9955e+00 -5.6299e-01 +4.7185e+00 -3.2037e+00 -1.9125e+00
4 0 +6.967801729e+01 +6.967801729e+01 +1.104580173e+02 +1.104580173e+02 +1.6036e+00 -6.9901e-01 -1.0397e+00 +4.6253e+00 +2.5671e+00 -3.6203e+00 -2.9946e+00 +4.9110e+00 +8.7573e-02 -2.1277e+00
20 0 +6.889887298e+01 +6.889887298e+01 +1.096788730e+02 +1.096788730e+02 -8.6559e-01 +3.3729e-01 -8.6945e-02 +2.9889e+00 +3.9977e+00 -2.2516e-01 -3.7743e+00 -2.2386e+00 +4.9552e+00 +2.5718e+00
30 0 +6.747236457e+01 +6.747236457e+01 +1.082523646e+02 +1.082523646e+02 -4.8062e+00 -1.2335e+00 -4.8718e+00 -4.0704e+00 -9.1029e-01 -2.9911e+00 -1.4649e+00 +5.4578e-01 -9.8681e-01 +3.2118e+00
88 0 +6.401353590e+01 +6.401353590e+01 +1.047935359e+02 +1.047935359e+02 +7.7534e-01 -2.2219e-01 -9.9945e-02 +3.1723e+00 -2.6730e+00 -3.0795e+00 +4.9895e-01 +8.5912e-01 -1.0654e+00 +3.8592e+00
107 0 +4.731295273e+01 +4.731295273e+01 +8.809295273e+01 +8.809295273e+01 +2.1655e+00 -2.6515e-01 -1.7341e-01 +3.1248e+00 -2.6743e+00 -3.0826e+00 +2.5119e-01 +2.8847e-01 -1.0546e+00 +3.1946e+00
161 0 +4.481021866e+01 +4.481021866e+01 +8.559021866e+01 +8.559021866e+01 +2.1248e+00 -1.8863e-01 -2.0017e-01 +3.1132e+00 -2.7094e+00 -3.0835e+00 +3.9049e-01 +2.7462e-01 -1.7001e+00 +3.1088e+00
164 0 +3.643238654e+01 +3.643238654e+01 +7.721238654e+01 +7.721238654e+01 +2.2309e+00 -4.2517e-01 +1.7873e-01 +3.1329e+00 -2.6755e+00 -3.0991e+00 +2.5848e-01 +2.8505e-01 -9.1261e-01 +3.7117e+00
190 0 +3.036965410e+01 +3.036965410e+01 +7.114965410e+01 +7.114965410e+01 +2.2950e+00 -1.0780e+00 -1.5712e-01 +3.1137e+00 -2.6438e+00 -2.9391e+00 +1.7293e-01 -9.1841e-02 -1.1885e+00 +3.2532e+00
254 0 +3.001427207e+01 +3.001427207e+01 +7.079427207e+01 +7.079427207e+01 +2.5558e+00 -1.1615e+00 -1.5716e-01 +3.1169e+00 -2.6498e+00 -2.9767e+00 +1.6497e-01 -1.8996e-01 -1.3680e+00 +3.2835e+00
256 0 +2.925721997e+01 +2.925721997e+01 +7.003721997e+01 +7.003721997e+01 +2.3734e+00 -8.1978e-01 -1.0749e-01 +3.1161e+00 -2.5693e+00 -3.0081e+00 +1.7795e-01 -9.0719e-02 -1.2648e+00 +2.9696e+00
259 0 +2.849307797e+01 +2.849307797e+01 +6.927307797e+01 +6.927307797e+01 +2.7410e+00 -7.9308e-01 -9.3696e-02 +3.1174e+00 -2.5506e+00 -3.0082e+00 +1.5804e-01 -9.1409e-02 -1.2877e+00 +2.8582e+00
264 0 +2.786566063e+01 +2.786566063e+01 +6.864566063e+01 +6.864566063e+01 +2.5800e+00 -9.1336e-01 -1.1331e-01 +3.1155e+00 -2.5099e+00 -3.0458e+00 +1.8810e-01 -1.6550e-01 -1.3223e+00 +2.8251e+00
350 0 +2.744301785e+01 +2.744301785e+01 +6.822301785e+01 +6.822301785e+01 +2.6810e+00 -9.5721e-01 -1.2889e-01 +3.1155e+00 -2.5144e+00 -3.0139e+00 +1.7245e-01 -2.3894e-01 -1.3193e+00 +2.7799e+00
1770 0 +2.691533056e+01 +2.691533056e+01 +6.769533056e+01 +6.769533056e+01 +2.6892e+00 -9.5939e-01 -1.2518e-01 +3.1156e+00 -2.5101e+00 -3.0035e+00 +1.6857e-01 -5.0389e-01 -1.3352e+00 +2.6780e+00
% f evaluations | g evaluations | best noise-free fitness - Fopt | noise-free fitness - Fopt (-1.600000000000e+00) | measured fitness | best measured fitness | x1 | x2...
1 0 +8.308757824e+01 +8.308757824e+01 +8.148757824e+01 +8.148757824e+01 +2.3367e+00 +4.2154e-01 +4.4154e+00 -4.2930e+00 +1.9466e+00 -1.7708e-01 +1.3935e+00 -2.1911e+00 +6.1814e-01 +4.5657e+00
4 0 +7.926245172e+01 +7.926245172e+01 +7.766245172e+01 +7.766245172e+01 +2.3307e+00 +1.8675e+00 +2.8920e+00 -3.3979e+00 +9.0426e-01 -3.1333e+00 -4.8772e+00 -4.9049e+00 -3.0939e+00 +3.3644e+00
5 0 +7.507707643e+01 +7.507707643e+01 +7.347707643e+01 +7.347707643e+01 +3.0164e+00 -6.6965e-01 -1.6659e+00 +2.5764e+00 +9.5692e-01 +3.8065e+00 -2.7640e+00 -1.1904e+00 -5.6205e-01 -1.6307e+00
10 0 +7.324539713e+01 +7.324539713e+01 +7.164539713e+01 +7.164539713e+01 +3.6195e-01 +3.7814e+00 +1.4791e+00 +1.1682e+00 -5.3188e-01 +1.8278e+00 +3.8160e+00 +3.2835e+00 -3.3102e+00 +2.9652e+00
21 0 +6.198397035e+01 +6.198397035e+01 +6.038397035e+01 +6.038397035e+01 -7.4340e-01 +1.0114e+00 +4.8957e+00 +2.9468e+00 -1.5583e+00 -3.7456e+00 -6.5026e-01 +1.4069e+00 -2.7512e+00 -4.3222e+00
52 0 +5.839638615e+01 +5.839638615e+01 +5.679638615e+01 +5.679638615e+01 -6.7467e-01 +9.5279e-01 +4.6875e+00 +3.7352e+00 +1.0372e+00 -3.7369e+00 -1.1953e+00 +4.9736e-01 -1.1062e+00 -3.0073e+00
65 0 +4.351582531e+01 +4.351582531e+01 +4.191582531e+01 +4.191582531e+01 -3.1592e-01 +1.3753e+00 +5.0000e+00 +3.1642e+00 -9.5339e-01 -3.6543e+00 -6.9815e-01 +1.7535e+00 -2.8195e+00 -4.3050e+00
104 0 +3.453723715e+01 +3.453723715e+01 +3.293723715e+01 +3.293723715e+01 -2.7449e-01 +1.3307e+00 +5.0000e+00 +2.9830e+00 -3.3440e-01 -3.6349e+00 -7.9892e-01 +1.7576e+00 -3.3343e+00 -4.2817e+00
116 0 +2.129812795e+01 +2.129812795e+01 +1.969812795e+01 +1.969812795e+01 -1.3512e-01 +4.1899e-01 +5.0000e+00 +3.5798e+00 -4.0819e-02 -4.0005e+00 -4.7980e-01 +1.8661e+00 -2.8599e+00 -2.9283e+00
155 0 +1.845390525e+01 +1.845390525e+01 +1.685390525e+01 +1.685390525e+01 -1.4337e-01 +1.0101e+00 +5.0000e+00 +3.3295e+00 -3.6308e-01 -4.3340e+00 -3.5353e-01 +1.8745e+00 -2.7075e+00 -2.7955e+00
170 0 +1.032605066e+01 +1.032605066e+01 +8.726050658e+00 +8.726050658e+00 -3.4667e-01 +6.6056e-01 +5.0000e+00 +3.2766e+00 +1.2991e-01 -4.1065e+00 -1.7287e+00 +1.8207e+00 -2.6769e+00 -2.4587e+00
212 0 +9.986996690e+00 +9.986996690e+00 +8.386996690e+00 +8.386996690e+00 -5.7275e-01 +8.4268e-01 +5.0000e+00 +3.3028e+00 +1.1518e-01 -4.1064e+00 -2.3102e+00 +1.8372e+00 -2.6062e+00 -2.1032e+00
213 0 +7.354326096e+00 +7.354326096e+00 +5.754326096e+00 +5.754326096e+00 -3.4859e-01 +3.3381e-02 +5.0000e+00 +3.0644e+00 +3.2701e-02 -4.0974e+00 -2.6318e+00 +1.8185e+00 -2.8012e+00 -2.5677e+00
260 0 +6.772700452e+00 +6.772700452e+00 +5.172700452e+00 +5.172700452e+00 -3.5478e-01 +2.7363e-02 +5.0000e+00 +3.1066e+00 +7.8059e-02 -4.0947e+00 -2.9895e+00 +1.8168e+00 -2.8491e+00 -2.5561e+00
264 0 +6.615306239e+00 +6.615306239e+00 +5.015306239e+00 +5.015306239e+00 -4.2336e-01 +2.4801e-01 +5.0000e+00 +3.0850e+00 +1.8811e-02 -4.0992e+00 -2.6266e+00 +1.8207e+00 -2.8414e+00 -2.7733e+00
267 0 +6.596104627e+00 +6.596104627e+00 +4.996104627e+00 +4.996104627e+00 -3.5467e-01 +3.0959e-01 +5.0000e+00 +3.1789e+00 +5.5075e-02 -4.1424e+00 -2.7976e+00 +1.8169e+00 -2.7778e+00 -2.6130e+00
311 0 +6.363425370e+00 +6.363425370e+00 +4.763425370e+00 +4.763425370e+00 -3.1139e-01 +3.3057e-01 +5.0000e+00 +3.1751e+00 +8.4257e-02 -4.0796e+00 -3.0335e+00 +1.8144e+00 -2.8451e+00 -2.5727e+00
314 0 +6.202029079e+00 +6.202029079e+00 +4.602029079e+00 +4.602029079e+00 -3.0493e-01 +3.1401e-01 +5.0000e+00 +3.1920e+00 +3.5001e-02 -4.0866e+00 -3.3538e+00 +1.8225e+00 -2.8254e+00 -2.5826e+00
317 0 +6.091395237e+00 +6.091395237e+00 +4.491395237e+00 +4.491395237e+00 -3.2993e-01 +4.1538e-01 +5.0000e+00 +3.2258e+00 +4.2068e-02 -4.0852e+00 -3.2289e+00 +1.8186e+00 -2.8172e+00 -2.5666e+00
320 0 +5.959866241e+00 +5.959866241e+00 +4.359866241e+00 +4.359866241e+00 -2.9855e-01 +4.6401e-01 +5.0000e+00 +3.2022e+00 +5.8522e-02 -4.0888e+00 -3.3454e+00 +1.8417e+00 -2.8091e+00 -2.5649e+00
363 0 +5.866862765e+00 +5.866862765e+00 +4.266862765e+00 +4.266862765e+00 -3.1293e-01 +4.1882e-01 +5.0000e+00 +3.2701e+00 +5.7894e-02 -4.0813e+00 -3.4108e+00 +1.8175e+00 -2.8504e+00 -2.5470e+00
370 0 +5.630234685e+00 +5.630234685e+00 +4.030234685e+00 +4.030234685e+00 -3.5271e-01 +4.8302e-01 +5.0000e+00 +3.2257e+00 +4.0504e-02 -4.1000e+00 -3.6374e+00 +1.8188e+00 -2.8545e+00 -2.4942e+00
398 0 +5.564135491e+00 +5.564135491e+00 +3.964135491e+00 +3.964135491e+00 -3.5163e-01 +5.6659e-01 +5.0000e+00 +3.0787e+00 +4.7081e-02 -4.0931e+00 -3.8277e+00 +1.8187e+00 -2.8510e+00 -2.5130e+00
415 0 +5.358905733e+00 +5.358905733e+00 +3.758905733e+00 +3.758905733e+00 -3.8986e-01 +4.7449e-01 +5.0000e+00 +3.2330e+00 +5.3955e-02 -4.0791e+00 -3.3455e+00 +1.8190e+00 -2.8531e+00 -2.6547e+00
489 0 +5.245350350e+00 +5.245350350e+00 +3.645350350e+00 +3.645350350e+00 -3.5424e-01 +5.4958e-01 +5.0000e+00 +3.2576e+00 +5.2632e-02 -4.0784e+00 -3.3856e+00 +1.8188e+00 -2.8685e+00 -2.6553e+00
590 0 +5.113280228e+00 +5.113280228e+00 +3.513280228e+00 +3.513280228e+00 -3.5490e-01 +6.7140e-01 +5.0000e+00 +3.2571e+00 +5.2411e-02 -4.0786e+00 -3.3792e+00 +1.8188e+00 -2.8643e+00 -2.6550e+00
679 0 +4.995866020e+00 +4.995866020e+00 +3.395866020e+00 +3.395866020e+00 -3.5439e-01 +8.5092e-01 +5.0000e+00 +3.2567e+00 +5.3016e-02 -4.0781e+00 -3.3854e+00 +1.8188e+00 -2.8697e+00 -2.6524e+00
1666 0 +4.896507524e+00 +4.896507524e+00 +3.296507524e+00 +3.296507524e+00 -3.5439e-01 +8.7485e-01 +5.0000e+00 +3.2567e+00 +5.3068e-02 -4.0782e+00 -3.3854e+00 +1.8188e+00 -2.8701e+00 -2.7043e+00
20860 0 +4.785184414e+00 +4.785184414e+00 +3.185184414e+00 +3.185184414e+00 -3.5439e-01 +8.7485e-01 +5.0000e+00 +3.2567e+00 +5.3068e-02 -4.0782e+00 -3.4355e+00 +1.8188e+00 -2.8701e+00 -2.7546e+00
22007 0 +4.676744775e+00 +4.676744775e+00 +3.076744775e+00 +3.076744775e+00 -3.5439e-01 +8.7485e-01 +5.0000e+00 +3.2567e+00 +5.3068e-02 -4.0782e+00 -3.5133e+00 +1.8188e+00 -2.8701e+00 -2.7546e+00
22541 0 +4.569495944e+00 +4.569495944e+00 +2.969495944e+00 +2.969495944e+00 -3.5439e-01 +8.7485e-01 +5.0000e+00 +3.2567e+00 +5.3068e-02 -4.0782e+00 -3.6095e+00 +1.8188e+00 -2.8701e+00 -2.7546e+00
23089 0 +4.463640963e+00 +4.463640963e+00 +2.863640963e+00 +2.863640963e+00 -3.5439e-01 +8.7485e-01 +5.0000e+00 +3.2567e+00 +5.3068e-02 -4.0782e+00 -3.7566e+00 +1.8188e+00 -2.8701e+00 -2.7546e+00
% f evaluations | g evaluations | best noise-free fitness - Fopt | noise-free fitness - Fopt (-3.708400000000e+02) | measured fitness | best measured fitness | x1 | x2...
1 0 +6.652913423e+01 +6.652913423e+01 -3.043108658e+02 -3.043108658e+02 +9.5112e-01 -4.8807e+00 -3.6103e+00 +2.5842e+00 +5.9900e-02 +3.7314e+00 +2.7495e+00 -2.9372e+00 -1.9627e-01 -3.6538e+00
57 0 +6.575959307e+01 +6.575959307e+01 -3.050804069e+02 -3.050804069e+02 +9.7661e-01 -5.0000e+00 -2.5083e+00 +3.9953e+00 -1.2168e-01 +3.5124e+00 +3.9390e-01 -4.1883e+00 -3.9074e-01 +1.4093e+00
67 0 +4.112468922e+01 +4.112468922e+01 -3.297153108e+02 -3.297153108e+02 -9.6223e-01 -2.5353e+00 -1.5694e+00 +2.5062e+00 -1.7491e+00 +3.4962e+00 +4.5854e+00 -2.7710e+00 -9.6960e-01 -3.2355e+00
116 0 +3.129209296e+01 +3.129209296e+01 -3.395479070e+02 -3.395479070e+02 -2.7874e-01 -2.4178e+00 -2.1141e+00 +2.5905e+00 -1.9293e+00 +3.5850e+00 +4.2799e+00 -2.5964e+00 -3.3298e-01 -2.9882e+00
123 0 +2.983957308e+01 +2.983957308e+01 -3.410004269e+02 -3.410004269e+02 -1.1357e+00 -2.8044e+00 -1.2675e+00 +1.9308e+00 -2.7429e+00 +3.4008e+00 +3.8504e+00 -2.7405e+00 -1.1700e+00 -3.2523e+00
148 0 +2.500340323e+01 +2.500340323e+01 -3.458365968e+02 -3.458365968e+02 -4.1144e-01 -2.1913e+00 -1.1153e+00 +2.0421e+00 -2.9427e+00 +3.3378e+00 +4.6964e+00 -2.7587e+00 -8.6335e-01 -4.6968e+00
155 0 +2.397295538e+01 +2.397295538e+01 -3.468670446e+02 -3.468670446e+02 -3.5165e-01 -2.4824e+00 -9.6717e-01 +1.9354e+00 -2.7953e+00 +3.3611e+00 +4.7889e+00 -2.7662e+00 -7.6764e-01 -5.0000e+00
160 0 +2.331527717e+01 +2.331527717e+01 -3.475247228e+02 -3.475247228e+02 -3.0888e-01 -2.0391e+00 -1.7499e+00 +2.0438e+00 -3.2277e+00 +3.3224e+00 +4.6545e+00 -2.7707e+00 -6.7153e-01 -4.7037e+00
178 0 +2.153210543e+01 +2.153210543e+01 -3.493078946e+02 -3.493078946e+02 -9.6573e-01 -3.1824e+00 -1.0961e+00 +1.8838e+00 -2.9904e+00 +3.3336e+00 +4.5272e+00 -2.7722e+00 -8.4610e-01 -5.0000e+00
187 0 +2.072471330e+01 +2.072471330e+01 -3.501152867e+02 -3.501152867e+02 -3.9106e-01 -2.6505e+00 -1.1379e+00 +2.0333e+00 -2.7180e+00 +3.3815e+00 +4.6944e+00 -3.4886e+00 -8.5963e-01 -4.5747e+00
195 0 +1.996328011e+01 +1.996328011e+01 -3.508767199e+02 -3.508767199e+02 -3.5653e-01 -2.2967e+00 -1.6975e+00 +2.1001e+00 -2.8701e+00 +3.3787e+00 +3.9918e+00 -2.8084e+00 -8.6131e-01 -4.4233e+00
211 0 +1.952411700e+01 +1.952411700e+01 -3.513158830e+02 -3.513158830e+02 -2.0054e-01 -2.3135e+00 -2.1696e+00 +2.1046e+00 -2.8578e+00 +3.3526e+00 +3.4565e+00 -2.8180e+00 -8.7482e-01 -4.6875e+00
212 0 +1.851902336e+01 +1.851902336e+01 -3.523209766e+02 -3.523209766e+02 -3.4650e-01 -2.4076e+00 -1.7110e+00 +2.0666e+00 -3.0129e+00 +3.3674e+00 +3.7702e+00 -2.8419e+00 -7.8175e-01 -4.3337e+00
236 0 +1.805383501e+01 +1.805383501e+01 -3.527861650e+02 -3.527861650e+02 -3.3446e-01 -2.3537e+00 -1.8291e+00 +2.0598e+00 -2.8556e+00 +3.3725e+00 +4.0618e+00 -2.7926e+00 -6.5790e-01 -4.3854e+00
261 0 +1.766555823e+01 +1.766555823e+01 -3.531744418e+02 -3.531744418e+02 -3.3852e-01 -2.3629e+00 -1.9771e+00 +2.0539e+00 -2.8558e+00 +3.3721e+00 +4.0622e+00 -2.7752e+00 -6.0977e-01 -4.3979e+00
268 0 +1.737172145e+01 +1.737172145e+01 -3.534682786e+02 -3.534682786e+02 -3.6849e-01 -2.3445e+00 -1.8233e+00 +2.0194e+00 -3.0276e+00 +3.3729e+00 +4.0497e+00 -2.8564e+00 -7.0927e-01 -4.3912e+00
314 0 +1.629996836e+01 +1.629996836e+01 -3.545400316e+02 -3.545400316e+02 -4.0686e-01 -2.3673e+00 -2.1517e+00 +2.0640e+00 -2.8029e+00 +3.3680e+00 +3.7246e+00 -2.7797e+00 -6.1304e-01 -4.4011e+00
320 0 +1.563297793e+01 +1.563297793e+01 -3.552070221e+02 -3.552070221e+02 -3.7847e-01 -2.3958e+00 -2.1137e+00 +2.0514e+00 -2.9782e+00 +3.3709e+00 +3.7861e+00 -2.8424e+00 -6.3459e-01 -4.3886e+00
363 0 +1.542189123e+01 +1.542189123e+01 -3.554181088e+02 -3.554181088e+02 -3.7858e-01 -2.3967e+00 -2.1402e+00 +2.0512e+00 -2.9765e+00 +3.3706e+00 +3.7056e+00 -2.8353e+00 -6.4381e-01 -4.3885e+00
385 0 +1.509205268e+01 +1.509205268e+01 -3.557479473e+02 -3.557479473e+02 -3.9665e-01 -2.3955e+00 -2.1513e+00 +2.0504e+00 -3.0567e+00 +3.3598e+00 +3.6831e+00 -2.8066e+00 -6.1057e-01 -4.3932e+00
440 0 +1.478065393e+01 +1.478065393e+01 -3.560593461e+02 -3.560593461e+02 -3.9823e-01 -2.3937e+00 -2.1517e+00 +2.0499e+00 -3.1437e+00 +3.3574e+00 +3.6189e+00 -2.8236e+00 -6.1403e-01 -4.3933e+00
493 0 +1.439675945e+01 +1.439675945e+01 -3.564432405e+02 -3.564432405e+02 -3.9876e-01 -2.3930e+00 -2.2735e+00 +2.0492e+00 -3.1543e+00 +3.3559e+00 +3.5570e+00 -2.8229e+00 -6.1616e-01 -4.3933e+00
537 0 +1.411731944e+01 +1.411731944e+01 -3.567226806e+02 -3.567226806e+02 -4.0017e-01 -2.3931e+00 -2.3239e+00 +2.0495e+00 -3.1529e+00 +3.3559e+00 +3.4720e+00 -2.8233e+00 -6.1518e-01 -4.3934e+00
677 0 +1.378424498e+01 +1.378424498e+01 -3.570557550e+02 -3.570557550e+02 -3.9990e-01 -2.3931e+00 -2.4346e+00 +2.0495e+00 -3.1527e+00 +3.3559e+00 +3.3475e+00 -2.8259e+00 -6.1668e-01 -4.3934e+00
% f evaluations | g evaluations | best noise-free fitness - Fopt | noise-free fitness - Fopt (-3.256000000000e+01) | measured fitness | best measured fitness | x1 | x2...
1 0 +7.863895338e+01 +7.863895338e+01 +4.607895338e+01 +4.607895338e+01 +8.0081e-01 -3.2090e+00 +7.3995e-01 -1.4776e+00 +2.7913e-01 -4.8534e+00 +2.5965e+00 -2.1540e+00 +4.3045e+00 +2.8447e+00
3 0 +7.456186425e+01 +7.456186425e+01 +4.200186425e+01 +4.200186425e+01 +4.7341e-01 -3.4992e-01 +1.4826e+00 +1.7687e+00 +2.8907e+00 +1.9389e+00 +1.3315e+00 +1.8808e+00 -6.8824e-01 -4.3578e+00
9 0 +7.404665928e+01 +7.404665928e+01 +4.148665928e+01 +4.148665928e+01 +1.8472e+00 -7.0065e-01 +4.0947e+00 +2.3103e+00 +4.1845e+00 -9.3972e-01 +4.1845e-01 -3.1180e+00 -3.2643e+00 -3.1298e+00
19 0 +6.634473067e+01 +6.634473067e+01 +3.378473067e+01 +3.378473067e+01 +3.6461e+00 -4.7941e+00 +3.5903e+00 +5.2428e-01 +2.5547e+00 +4.2388e+00 +1.4312e+00 +1.1650e-01 +1.1678e-02 +4.9437e+00
25 0 +6.433760181e+01 +6.433760181e+01 +3.177760181e+01 +3.177760181e+01 +4.3446e-01 -4.6658e+00 -7.5471e-01 +2.0897e+00 -1.5934e+00 +4.0130e+00 -2.8367e+00 +3.8960e+00 -2.2015e+00 -4.3345e+00
98 0 +6.306755101e+01 +6.306755101e+01 +3.050755101e+01 +3.050755101e+01 +5.9438e-01 -3.7997e+00 -1.3309e+00 +4.1821e+00 -1.9024e+00 +1.9342e+00 -1.1282e+00 +5.0000e+00 -3.2340e+00 -4.4501e+00
105 0 +4.872775793e+01 +4.872775793e+01 +1.616775793e+01 +1.616775793e+01 +6.8305e-01 -4.5367e+00 -1.7476e+00 +2.8206e+00 -1.9114e+00 +7.8718e-01 -1.6045e+00 +5.0000e+00 -3.6859e+00 -4.4339e+00
108 0 +4.412888916e+01 +4.412888916e+01 +1.156888916e+01 +1.156888916e+01 +8.0404e-01 -3.7630e+00 -1.4220e+00 +3.9716e+00 -2.2980e+00 +2.3456e+00 -1.9310e+00 +4.7078e+00 -3.0985e+00 -4.2542e+00
157 0 +3.712512685e+01 +3.712512685e+01 +4.565126850e+00 +4.565126850e+00 +8.0702e-01 -3.7143e+00 -1.1756e+00 +3.4206e+00 -2.3752e+00 +1.2472e+00 -2.0358e+00 +4.6727e+00 -3.1243e+00 -4.1885e+00
173 0 +3.534157588e+01 +3.534157588e+01 +2.781575883e+00 +2.781575883e+00 +8.7690e-01 -3.7680e+00 -1.7932e+00 +3.8931e+00 -1.7662e+00 +2.3379e+00 -1.9309e+00 +4.4647e+00 -3.2850e+00 -4.2508e+00
190 0 +3.180693776e+01 +3.180693776e+01 -7.530622358e-01 -7.530622358e-01 +7.7323e-01 -3.5598e+00 -1.7782e+00 +3.6918e+00 -2.4309e+00 +2.5244e+00 -2.5356e+00 +4.5484e+00 -3.0552e+00 -4.3649e+00
199 0 +2.680076958e+01 +2.680076958e+01 -5.759230423e+00 -5.759230423e+00 +2.0696e+00 -3.7118e+00 -1.4623e+00 +3.2343e+00 -2.3265e+00 +1.4735e+00 -1.8236e+00 +4.7129e+00 -3.1640e+00 -4.2606e+00
210 0 +2.543276299e+01 +2.543276299e+01 -7.127237006e+00 -7.127237006e+00 +2.1728e+00 -3.6890e+00 -1.4061e+00 +3.0498e+00 -2.3876e+00 +9.6877e-01 -2.1491e+00 +4.7245e+00 -3.1299e+00 -4.2568e+00
234 0 +2.450234618e+01 +2.450234618e+01 -8.057653821e+00 -8.057653821e+00 +2.2653e+00 -3.7321e+00 -2.0774e+00 +3.4601e+00 -2.1173e+00 +1.5988e+00 -1.7333e+00 +4.6751e+00 -3.1759e+00 -4.2871e+00
242 0 +2.289339665e+01 +2.289339665e+01 -9.666603353e+00 -9.666603353e+00 +2.9788e+00 -3.7011e+00 -1.5738e+00 +3.0211e+00 -2.3139e+00 +1.3232e+00 -2.3173e+00 +4.6980e+00 -3.0986e+00 -4.1753e+00
272 0 +2.184127432e+01 +2.184127432e+01 -1.071872568e+01 -1.071872568e+01 +2.3116e+00 -3.7082e+00 -1.5920e+00 +2.8912e+00 -2.3215e+00 +1.3283e+00 -2.5099e+00 +4.6539e+00 -3.0849e+00 -4.1727e+00
353 0 +2.135497327e+01 +2.135497327e+01 -1.120502673e+01 -1.120502673e+01 +2.2770e+00 -3.7078e+00 -1.6319e+00 +2.8579e+00 -2.3200e+00 +1.3306e+00 -2.4927e+00 +4.6147e+00 -3.0776e+00 -4.1466e+00
425 0 +2.065006486e+01 +2.065006486e+01 -1.190993514e+01 -1.190993514e+01 +2.3416e+00 -3.7086e+00 -1.6243e+00 +2.8847e+00 -2.2899e+00 +1.3448e+00 -2.5071e+00 +4.5945e+00 -3.0773e+00 -4.0979e+00
487 0 +2.036890010e+01 +2.036890010e+01 -1.219109990e+01 -1.219109990e+01 +2.3420e+00 -3.7086e+00 -1.6299e+00 +2.8845e+00 -2.2897e+00 +1.3384e+00 -2.5018e+00 +4.5908e+00 -3.0777e+00 -4.0683e+00
575 0 +1.993370148e+01 +1.993370148e+01 -1.262629852e+01 -1.262629852e+01 +2.3281e+00 -3.7084e+00 -1.6278e+00 +2.8840e+00 -2.2782e+00 +1.3440e+00 -2.5083e+00 +4.5869e+00 -3.0775e+00 -4.0231e+00
679 0 +1.937844229e+01 +1.937844229e+01 -1.318155771e+01 -1.318155771e+01 +2.3366e+00 -3.7084e+00 -1.6250e+00 +2.8864e+00 -2.2707e+00 +1.3442e+00 -2.5065e+00 +4.5874e+00 -3.0774e+00 -3.9558e+00
729 0 +1.899807292e+01 +1.899807292e+01 -1.356192708e+01 -1.356192708e+01 +2.3336e+00 -3.7084e+00 -1.6253e+00 +2.8865e+00 -2.2709e+00 +1.3442e+00 -2.5065e+00 +4.5874e+00 -3.0775e+00 -3.9047e+00
849 0 +1.859219597e+01 +1.859219597e+01 -1.396780403e+01 -1.396780403e+01 +2.3330e+00 -3.7084e+00 -1.6252e+00 +2.8865e+00 -2.2709e+00 +1.3442e+00 -2.5065e+00 +4.5874e+00 -3.0777e+00 -3.8465e+00
886 0 +1.815019230e+01 +1.815019230e+01 -1.440980770e+01 -1.440980770e+01 +2.3332e+00 -3.7084e+00 -1.6252e+00 +2.8865e+00 -2.2709e+00 +1.3442e+00 -2.5065e+00 +4.5874e+00 -3.0777e+00 -3.7771e+00
935 0 +1.764648420e+01 +1.764648420e+01 -1.491351580e+01 -1.491351580e+01 +2.3333e+00 -3.7084e+00 -1.6252e+00 +2.8865e+00 -2.2709e+00 +1.3442e+00 -2.5065e+00 +4.5874e+00 -3.0777e+00 -3.6859e+00
988 0 +1.732282391e+01 +1.732282391e+01 -1.523717609e+01 -1.523717609e+01 +2.3333e+00 -3.7084e+00 -1.6252e+00 +2.8865e+00 -2.2709e+00 +1.3442e+00 -2.5065e+00 +4.5874e+00 -3.0778e+00 -3.6159e+00
1044 0 +1.692027096e+01 +1.692027096e+01 -1.563972904e+01 -1.563972904e+01 +2.3333e+00 -3.7084e+00 -1.6252e+00 +2.8865e+00 -2.2709e+00 +1.3442e+00 -2.5065e+00 +4.5874e+00 -3.0778e+00 -3.5024e+00
1195 0 +1.659492677e+01 +1.659492677e+01 -1.596507323e+01 -1.596507323e+01 +2.3333e+00 -3.7084e+00 -1.6252e+00 +2.8865e+00 -2.2709e+00 +1.3442e+00 -2.5065e+00 +4.5874e+00 -3.0778e+00 -3.2746e+00
7687 0 +1.620772298e+01 +1.620772298e+01 -1.635227702e+01 -1.635227702e+01 +2.3333e+00 -3.7084e+00 -1.6252e+00 +2.8865e+00 -2.2709e+00 +1.3442e+00 -2.5065e+00 +4.5578e+00 -3.0778e+00 -3.2758e+00
8061 0 +1.582930149e+01 +1.582930149e+01 -1.673069851e+01 -1.673069851e+01 +2.3333e+00 -3.7084e+00 -1.6252e+00 +2.8865e+00 -2.2709e+00 +1.3442e+00 -2.5065e+00 +4.5286e+00 -3.0778e+00 -3.2758e+00
8309 0 +1.548041427e+01 +1.548041427e+01 -1.707958573e+01 -1.707958573e+01 +2.3333e+00 -3.7084e+00 -1.6252e+00 +2.8865e+00 -2.2709e+00 +1.3442e+00 -2.5065e+00 +4.5015e+00 -3.0778e+00 -3.2758e+00
8476 0 +1.511890144e+01 +1.511890144e+01 -1.744109856e+01 -1.744109856e+01 +2.3333e+00 -3.7084e+00 -1.6252e+00 +2.8865e+00 -2.2709e+00 +1.3442e+00 -2.5065e+00 +4.4731e+00 -3.0778e+00 -3.2758e+00
8639 0 +1.466783195e+01 +1.466783195e+01 -1.789216805e+01 -1.789216805e+01 +2.3333e+00 -3.7084e+00 -1.6252e+00 +2.8865e+00 -2.2709e+00 +1.3442e+00 -2.5065e+00 +4.4371e+00 -3.0778e+00 -3.2758e+00
8713 0 +1.439798740e+01 +1.439798740e+01 -1.816201260e+01 -1.816201260e+01 +2.3333e+00 -3.7084e+00 -1.6252e+00 +2.8865e+00 -2.2709e+00 +1.3442e+00 -2.5065e+00 +4.4152e+00 -3.0778e+00 -3.2758e+00
8788 0 +1.410161053e+01 +1.410161053e+01 -1.845838947e+01 -1.845838947e+01 +2.3333e+00 -3.7084e+00 -1.6252e+00 +2.8865e+00 -2.2709e+00 +1.3442e+00 -2.5065e+00 +4.3907e+00 -3.0778e+00 -3.2758e+00
8841 0 +1.379602301e+01 +1.379602301e+01 -1.876397699e+01 -1.876397699e+01 +2.3333e+00 -3.7084e+00 -1.6252e+00 +2.8865e+00 -2.2709e+00 +1.3442e+00 -2.5065e+00 +4.3649e+00 -3.0778e+00 -3.2758e+00
8945 0 +1.347735989e+01 +1.347735989e+01 -1.908264011e+01 -1.908264011e+01 +2.3333e+00 -3.7084e+00 -1.6252e+00 +2.8865e+00 -2.2709e+00 +1.3442e+00 -2.5065e+00 +4.3375e+00 -3.0778e+00 -3.2758e+00
9011 0 +1.316545052e+01 +1.316545052e+01 -1.939454948e+01 -1.939454948e+01 +2.3333e+00 -3.7084e+00 -1.6252e+00 +2.8865e+00 -2.2709e+00 +1.3442e+00 -2.5065e+00 +4.3099e+00 -3.0778e+00 -3.2758e+00
9122 0 +1.287806667e+01 +1.287806667e+01 -1.968193333e+01 -1.968193333e+01 +2.3333e+00 -3.7084e+00 -1.6252e+00 +2.8865e+00 -2.2709e+00 +1.3442e+00 -2.5065e+00 +4.2837e+00 -3.0778e+00 -3.2758e+00
9259 0 +1.255922601e+01 +1.255922601e+01 -2.000077399e+01 -2.000077399e+01 +2.3333e+00 -3.7084e+00 -1.6252e+00 +2.8865e+00 -2.2709e+00 +1.3442e+00 -2.5065e+00 +4.2537e+00 -3.0778e+00 -3.2758e+00
9359 0 +1.229152908e+01 +1.229152908e+01 -2.026847092e+01 -2.026847092e+01 +2.3333e+00 -3.7084e+00 -1.6252e+00 +2.8865e+00 -2.2709e+00 +1.3442e+00 -2.5065e+00 +4.2276e+00 -3.0778e+00 -3.2758e+00
9474 0 +1.199564028e+01 +1.199564028e+01 -2.056435972e+01 -2.056435972e+01 +2.3333e+00 -3.7084e+00 -1.6252e+00 +2.8865e+00 -2.2709e+00 +1.3442e+00 -2.5065e+00 +4.1976e+00 -3.0778e+00 -3.2758e+00
9570 0 +1.168462007e+01 +1.168462007e+01 -2.087537993e+01 -2.087537993e+01 +2.3333e+00 -3.7084e+00 -1.6252e+00 +2.8865e+00 -2.2709e+00 +1.3442e+00 -2.5065e+00 +4.1646e+00 -3.0778e+00 -3.2758e+00
9667 0 +1.143589487e+01 +1.143589487e+01 -2.112410513e+01 -2.112410513e+01 +2.3333e+00 -3.7084e+00 -1.6252e+00 +2.8865e+00 -2.2709e+00 +1.3442e+00 -2.5065e+00 +4.1370e+00 -3.0778e+00 -3.2758e+00
9677 0 +1.114085585e+01 +1.114085585e+01 -2.141914415e+01 -2.141914415e+01 +2.3333e+00 -3.7084e+00 -1.6252e+00 +2.8865e+00 -2.2709e+00 +1.3442e+00 -2.5065e+00 +4.1024e+00 -3.0778e+00 -3.2758e+00
9734 0 +1.089232518e+01 +1.089232518e+01 -2.166767482e+01 -2.166767482e+01 +2.3333e+00 -3.7084e+00 -1.6252e+00 +2.8865e+00 -2.2709e+00 +1.3442e+00 -2.5065e+00 +4.0716e+00 -3.0778e+00 -3.2758e+00
9809 0 +1.062465839e+01 +1.062465839e+01 -2.193534161e+01 -2.193534161e+01 +2.3333e+00 -3.7084e+00 -1.6252e+00 +2.8865e+00 -2.2709e+00 +1.3442e+00 -2.5065e+00 +4.0363e+00 -3.0778e+00 -3.2758e+00
9827 0 +1.041982696e+01 +1.041982696e+01 -2.214017304e+01 -2.214017304e+01 +2.3333e+00 -3.7084e+00 -1.6252e+00 +2.8865e+00 -2.2709e+00 +1.3442e+00 -2.5065e+00 +4.0075e+00 -3.0778e+00 -3.2758e+00
9908 0 +1.022037086e+01 +1.022037086e+01 -2.233962914e+01 -2.233962914e+01 +2.3333e+00 -3.7084e+00 -1.6252e+00 +2.8865e+00 -2.2709e+00 +1.3442e+00 -2.5065e+00 +3.9778e+00 -3.0778e+00 -3.2758e+00
9949 0 +9.995429826e+00 +9.995429826e+00 -2.256457017e+01 -2.256457017e+01 +2.3333e+00 -3.7084e+00 -1.6252e+00 +2.8865e+00 -2.2709e+00 +1.3442e+00 -2.5065e+00 +3.9420e+00 -3.0778e+00 -3.2758e+00
10036 0 +9.722782575e+00 +9.722782575e+00 -2.283721743e+01 -2.283721743e+01 +2.3333e+00 -3.7084e+00 -1.6252e+00 +2.8865e+00 -2.2709e+00 +1.3442e+00 -2.5065e+00 +3.8944e+00 -3.0778e+00 -3.2758e+00
10065 0 +9.532423171e+00 +9.532423171e+00 -2.302757683e+01 -2.302757683e+01 +2.3333e+00 -3.7084e+00 -1.6252e+00 +2.8865e+00 -2.2709e+00 +1.3442e+00 -2.5065e+00 +3.8578e+00 -3.0778e+00 -3.2758e+00
10106 0 +9.330483336e+00 +9.330483336e+00 -2.322951666e+01 -2.322951666e+01 +2.3333e+00 -3.7084e+00 -1.6252e+00 +2.8865e+00 -2.2709e+00 +1.3442e+00 -2.5065e+00 +3.8154e+00 -3.0778e+00 -3.2758e+00
10164 0 +9.102916222e+00 +9.102916222e+00 -2.345708378e+01 -2.345708378e+01 +2.3333e+00 -3.7084e+00 -1.6252e+00 +2.8865e+00 -2.2709e+00 +1.3442e+00 -2.5065e+00 +3.7618e+00 -3.0778e+00 -3.2758e+00
10211 0 +8.853934125e+00 +8.853934125e+00 -2.370606587e+01 -2.370606587e+01 +2.3333e+00 -3.7084e+00 -1.6252e+00 +2.8865e+00 -2.2709e+00 +1.3442e+00 -2.5065e+00 +3.6939e+00 -3.0778e+00 -3.2758e+00
10254 0 +8.698034340e+00 +8.698034340e+00 -2.386196566e+01 -2.386196566e+01 +2.3333e+00 -3.7084e+00 -1.6252e+00 +2.8865e+00 -2.2709e+00 +1.3442e+00 -2.5065e+00 +3.6449e+00 -3.0778e+00 -3.2758e+00
10299 0 +8.459507101e+00 +8.459507101e+00 -2.410049290e+01 -2.410049290e+01 +2.3333e+00 -3.7084e+00 -1.6252e+00 +2.8865e+00 -2.2709e+00 +1.3442e+00 -2.5065e+00 +3.5562e+00 -3.0778e+00 -3.2758e+00
10363 0 +8.316977827e+00 +8.316977827e+00 -2.424302217e+01 -2.424302217e+01 +2.3333e+00 -3.7084e+00 -1.6252e+00 +2.8865e+00 -2.2709e+00 +1.3442e+00 -2.5065e+00 +3.4921e+00 -3.0778e+00 -3.2758e+00
10419 0 +8.068701272e+00 +8.068701272e+00 -2.449129873e+01 -2.449129873e+01 +2.3333e+00 -3.7084e+00 -1.6252e+00 +2.8865e+00 -2.2709e+00 +1.3442e+00 -2.5065e+00 +3.3467e+00 -3.0778e+00 -3.2758e+00
10462 0 +7.942956033e+00 +7.942956033e+00 -2.461704397e+01 -2.461704397e+01 +2.3333e+00 -3.7084e+00 -1.6252e+00 +2.8865e+00 -2.2709e+00 +1.3442e+00 -2.5065e+00 +3.2401e+00 -3.0778e+00 -3.2758e+00
% f evaluations | g evaluations | best noise-free fitness - Fopt | noise-free fitness - Fopt (5.154000000000e+02) | measured fitness | best measured fitness | x1 | x2...
1 0 +8.168668290e+01 +8.168668290e+01 +5.970866829e+02 +5.970866829e+02 +2.4177e+00 -2.5137e+00 -2.2047e-01 +4.5632e+00 +2.2634e+00 +1.4343e+00 -4.8689e+00 -3.5371e+00 -2.1188e+00 -1.2160e+00
2 0 +7.976145886e+01 +7.976145886e+01 +5.951614589e+02 +5.951614589e+02 -3.5259e+00 +3.8556e+00 +1.5068e+00 -3.2582e+00 +1.2675e+00 -4.1841e+00 +2.9224e+00 -4.4991e+00 +2.5880e+00 -1.9224e+00
4 0 +7.382059482e+01 +7.382059482e+01 +5.892205948e+02 +5.892205948e+02 +7.8114e-01 -4.6816e+00 +3.0644e+00 +3.9435e+00 +3.8823e+00 -3.6825e+00 +3.6672e+00 +3.9537e+00 +1.3983e+00 +1.6574e+00
13 0 +6.708159871e+01 +6.708159871e+01 +5.824815987e+02 +5.824815987e+02 +4.2675e+00 -4.6298e+00 -4.3023e+00 +1.1079e+00 +1.1688e+00 +9.4911e-01 +1.3650e-01 -8.4782e-01 -1.4413e+00 +4.2688e+00
16 0 +3.899441123e+01 +3.899441123e+01 +5.543944112e+02 +5.543944112e+02 +3.6400e+00 -4.0717e+00 -2.8393e+00 -1.5607e+00 -9.8990e-01 +3.6476e+00 -1.1277e+00 -3.6596e+00 +1.8213e+00 +1.9667e+00
77 0 +3.473273846e+01 +3.473273846e+01 +5.501327385e+02 +5.501327385e+02 +3.1180e+00 -5.0000e+00 -2.0247e+00 -2.4029e-01 -9.8675e-01 +3.8930e+00 -3.5172e+00 -5.0000e+00 +5.9518e-01 +7.1290e-01
90 0 +3.452835752e+01 +3.452835752e+01 +5.499283575e+02 +5.499283575e+02 +3.2327e+00 -3.9766e+00 -2.7333e+00 -2.1680e+00 -2.1039e+00 +3.4174e+00 -1.3803e+00 -4.3589e+00 -2.0039e-01 +3.7418e+00
107 0 +2.350228734e+01 +2.350228734e+01 +5.389022873e+02 +5.389022873e+02 +2.6137e+00 -4.0046e+00 -2.7250e+00 -2.3307e+00 -9.8843e-01 +3.4221e+00 -1.4817e+00 -4.7207e+00 -1.1802e+00 +2.7247e+00
158 0 +2.319194839e+01 +2.319194839e+01 +5.385919484e+02 +5.385919484e+02 +3.8214e+00 -4.0026e+00 -2.2679e+00 -2.3309e+00 -5.1603e-01 +2.9626e+00 -1.5091e+00 -4.7210e+00 -1.6103e+00 +3.8563e+00
167 0 +2.022532291e+01 +2.022532291e+01 +5.356253229e+02 +5.356253229e+02 +2.9496e+00 -4.0298e+00 -2.6760e+00 -2.3139e+00 -6.6046e-01 +3.4138e+00 -1.5833e+00 -4.6908e+00 -1.2352e+00 +3.4181e+00
168 0 +1.897722173e+01 +1.897722173e+01 +5.343772217e+02 +5.343772217e+02 +2.5970e+00 -3.9969e+00 -2.8052e+00 -2.1275e+00 +6.3780e-02 +3.8211e+00 -1.7172e+00 -4.7411e+00 -1.1571e+00 +2.6281e+00
171 0 +1.756241199e+01 +1.756241199e+01 +5.329624120e+02 +5.329624120e+02 +2.8229e+00 -3.7618e+00 -2.7198e+00 -2.3995e+00 -2.0482e-01 +3.2324e+00 -1.4456e+00 -4.6490e+00 -1.4347e+00 +2.7751e+00
207 0 +1.695848249e+01 +1.695848249e+01 +5.323584825e+02 +5.323584825e+02 +2.9158e+00 -3.7442e+00 -2.7357e+00 -2.4075e+00 -2.1649e-01 +3.1325e+00 -1.4202e+00 -4.7457e+00 -1.2403e+00 +3.0220e+00
210 0 +1.638756068e+01 +1.638756068e+01 +5.317875607e+02 +5.317875607e+02 +3.2510e+00 -3.8066e+00 -2.7094e+00 -2.4420e+00 -3.1956e-01 +3.1252e+00 -1.4459e+00 -4.7119e+00 -1.3617e+00 +2.8989e+00
229 0 +1.507320863e+01 +1.507320863e+01 +5.304732086e+02 +5.304732086e+02 +2.8020e+00 -3.6992e+00 -2.7956e+00 -2.4030e+00 +3.3425e-01 +2.7718e+00 -1.7914e+00 -4.7271e+00 -1.4603e+00 +2.7868e+00
251 0 +1.436365610e+01 +1.436365610e+01 +5.297636561e+02 +5.297636561e+02 +3.5579e+00 -3.6454e+00 -2.8115e+00 -2.3839e+00 +1.1136e-01 +3.3593e+00 -1.4519e+00 -4.5804e+00 -1.2896e+00 +2.5500e+00
264 0 +1.405502991e+01 +1.405502991e+01 +5.294550299e+02 +5.294550299e+02 +3.4668e+00 -3.8081e+00 -2.7791e+00 -2.3336e+00 +9.2914e-02 +3.2661e+00 -1.4912e+00 -4.5128e+00 -1.2750e+00 +2.5582e+00
296 0 +1.362547282e+01 +1.362547282e+01 +5.290254728e+02 +5.290254728e+02 +3.6034e+00 -3.6271e+00 -2.7914e+00 -2.3802e+00 +1.0496e-01 +3.3555e+00 -1.8775e+00 -4.5648e+00 -1.1711e+00 +2.4533e+00
317 0 +1.338075167e+01 +1.338075167e+01 +5.287807517e+02 +5.287807517e+02 +3.6735e+00 -3.6236e+00 -2.8253e+00 -2.3806e+00 +1.0072e-01 +3.3543e+00 -1.9310e+00 -4.5695e+00 -1.2730e+00 +2.4856e+00
365 0 +1.306176589e+01 +1.306176589e+01 +5.284617659e+02 +5.284617659e+02 +3.5680e+00 -3.6607e+00 -2.8812e+00 -2.3815e+00 +1.7173e-01 +3.3700e+00 -2.0870e+00 -4.5510e+00 -1.0976e+00 +2.4847e+00
416 0 +1.285531718e+01 +1.285531718e+01 +5.282553172e+02 +5.282553172e+02 +3.6145e+00 -3.6725e+00 -2.9331e+00 -2.3813e+00 +4.6697e-02 +3.3511e+00 -1.9253e+00 -4.5551e+00 -1.1330e+00 +2.4487e+00
458 0 +1.258875608e+01 +1.258875608e+01 +5.279887561e+02 +5.279887561e+02 +3.6252e+00 -3.6731e+00 -2.9735e+00 -2.3825e+00 +9.7957e-02 +3.3384e+00 -1.9690e+00 -4.5558e+00 -1.1366e+00 +2.4513e+00
499 0 +1.229686396e+01 +1.229686396e+01 +5.276968640e+02 +5.276968640e+02 +3.6268e+00 -3.6762e+00 -3.0324e+00 -2.3824e+00 +9.7978e-02 +3.3373e+00 -1.9959e+00 -4.5564e+00 -1.1416e+00 +2.4507e+00
574 0 +1.199313246e+01 +1.199313246e+01 +5.273931325e+02 +5.273931325e+02 +3.6241e+00 -3.6757e+00 -3.0989e+00 -2.3824e+00 +9.7848e-02 +3.3376e+00 -1.9931e+00 -4.5566e+00 -1.1438e+00 +2.4515e+00
675 0 +1.173277465e+01 +1.173277465e+01 +5.271327747e+02 +5.271327747e+02 +3.6238e+00 -3.6756e+00 -3.1664e+00 -2.3825e+00 +9.4880e-02 +3.3370e+00 -1.9841e+00 -4.5565e+00 -1.1442e+00 +2.4497e+00
734 0 +1.146386273e+01 +1.146386273e+01 +5.268638627e+02 +5.268638627e+02 +3.6238e+00 -3.6755e+00 -3.2501e+00 -2.3825e+00 +8.9656e-02 +3.3373e+00 -1.9870e+00 -4.5565e+00 -1.1441e+00 +2.4499e+00
822 0 +1.115958521e+01 +1.115958521e+01 +5.265595852e+02 +5.265595852e+02 +3.6238e+00 -3.6755e+00 -3.3698e+00 -2.3825e+00 +8.9472e-02 +3.3372e+00 -1.9870e+00 -4.5566e+00 -1.1441e+00 +2.4499e+00
884 0 +1.093770547e+01 +1.093770547e+01 +5.263377055e+02 +5.263377055e+02 +3.6238e+00 -3.6755e+00 -3.5031e+00 -2.3825e+00 +8.9585e-02 +3.3372e+00 -1.9870e+00 -4.5566e+00 -1.1441e+00 +2.4499e+00
10288 0 +1.071496155e+01 +1.071496155e+01 +5.261149615e+02 +5.261149615e+02 +3.6238e+00 -3.6755e+00 -3.6949e+00 -2.3825e+00 +1.4275e-01 +3.3372e+00 -1.9870e+00 -4.5566e+00 -1.1441e+00 +2.4499e+00
11647 0 +1.046348385e+01 +1.046348385e+01 +5.258634838e+02 +5.258634838e+02 +3.6238e+00 -3.6755e+00 -3.6949e+00 -2.3825e+00 +3.2276e-01 +3.3372e+00 -1.9870e+00 -4.5566e+00 -1.1441e+00 +2.4499e+00
% f evaluations | g evaluations | best noise-free fitness - Fopt | noise-free fitness - Fopt (-8.628000000000e+01) | measured fitness | best measured fitness | x1 | x2...
1 0 +7.495487856e+01 +7.495487856e+01 -1.132512144e+01 -1.132512144e+01 -3.2095e+00 +3.4695e+00 -3.5190e-01 +1.9092e+00 +3.7557e+00 +3.0330e+00 -2.9686e+00 +1.2981e-01 +1.2470e+00 +2.3993e+00
19 0 +7.311644339e+01 +7.311644339e+01 -1.316355661e+01 -1.316355661e+01 +5.1017e-01 -1.7688e+00 +1.9992e+00 +3.7006e+00 +4.4528e+00 -2.1945e+00 +3.9427e+00 +6.0917e-01 -2.6287e+00 +3.4192e+00
26 0 +7.199792295e+01 +7.199792295e+01 -1.428207705e+01 -1.428207705e+01 -2.9981e+00 -6.0509e-01 +4.3052e+00 +4.1752e+00 -1.3344e+00 +1.1981e+00 +3.1966e+00 -1.5161e+00 -1.3849e+00 -3.9551e+00
30 0 +7.020627459e+01 +7.020627459e+01 -1.607372541e+01 -1.607372541e+01 -3.5603e+00 +4.0618e+00 +6.4477e-01 +4.2652e+00 +4.9881e+00 +4.2667e-01 -2.1001e+00 +3.6325e+00 +4.7617e+00 +3.9435e+00
51 0 +6.852137522e+01 +6.852137522e+01 -1.775862478e+01 -1.775862478e+01 -3.4998e+00 +4.1496e+00 +5.2945e-01 +3.6379e+00 +5.0000e+00 +2.1152e+00 -2.4475e+00 +3.6933e+00 +5.0000e+00 +3.7969e+00
65 0 +6.574281572e+01 +6.574281572e+01 -2.053718428e+01 -2.053718428e+01 -2.8105e+00 +5.0000e+00 +5.2164e-01 +3.4979e+00 +4.4282e+00 +7.8249e-02 -1.8355e-01 +2.1535e+00 +2.1923e+00 +3.8514e+00
93 0 +5.802640106e+01 +5.802640106e+01 -2.825359894e+01 -2.825359894e+01 -3.2112e+00 +3.5295e+00 +3.7683e-01 +4.7866e+00 +4.3530e+00 +4.2852e-01 -9.3231e-01 +5.0000e+00 +3.7248e+00 +3.4944e+00
106 0 +4.339612936e+01 +4.339612936e+01 -4.288387064e+01 -4.288387064e+01 -3.1072e+00 +3.4766e+00 +4.4725e-01 +4.7944e+00 +4.2204e+00 +2.0130e+00 -6.7294e-01 +5.0000e+00 +3.6801e+00 +3.4536e+00
108 0 +3.543749102e+01 +3.543749102e+01 -5.084250898e+01 -5.084250898e+01 -3.3298e+00 +3.7688e+00 +6.7804e-01 +4.7030e+00 +2.9309e+00 +4.2853e-01 -8.9814e-01 +5.0000e+00 +3.0606e+00 +1.6426e+00
158 0 +3.450270535e+01 +3.450270535e+01 -5.177729465e+01 -5.177729465e+01 -3.2977e+00 +3.7824e+00 +7.6762e-01 +4.6450e+00 +3.1770e+00 +7.0335e-01 -9.7372e-01 +5.0000e+00 +2.7993e+00 +2.2222e+00
165 0 +3.121705782e+01 +3.121705782e+01 -5.506294218e+01 -5.506294218e+01 -3.3284e+00 +3.7835e+00 +6.7494e-01 +4.7078e+00 +3.0818e+00 +8.3888e-01 -9.0557e-01 +4.6404e+00 +2.8288e+00 +1.9234e+00
177 0 +3.087332202e+01 +3.087332202e+01 -5.540667798e+01 -5.540667798e+01 -3.3964e+00 +4.0039e+00 +5.2738e-01 +4.7071e+00 +2.7683e+00 +4.0092e-01 -6.2351e-01 +5.0000e+00 +2.8255e+00 +2.1631e+00
213 0 +2.894628141e+01 +2.894628141e+01 -5.733371859e+01 -5.733371859e+01 -3.6014e+00 +4.0765e+00 +6.0897e-01 +4.7037e+00 +2.0904e+00 +4.1582e-01 -5.3329e-01 +5.0000e+00 +2.7973e+00 +2.1583e+00
225 0 +2.734597514e+01 +2.734597514e+01 -5.893402486e+01 -5.893402486e+01 -3.4252e+00 +3.9964e+00 +4.5547e-01 +4.7286e+00 +2.7730e+00 +4.0193e-01 +5.6047e-02 +5.0000e+00 +2.7790e+00 +1.9613e+00
263 0 +2.691139358e+01 +2.691139358e+01 -5.936860642e+01 -5.936860642e+01 -3.4391e+00 +3.9971e+00 +4.4240e-01 +4.7337e+00 +2.6671e+00 +4.4101e-01 +7.6939e-01 +5.0000e+00 +2.7750e+00 +1.2099e+00
300 0 +2.438938574e+01 +2.438938574e+01 -6.189061426e+01 -6.189061426e+01 -3.4250e+00 +4.0491e+00 +4.9289e-01 +4.7212e+00 +2.7381e+00 +6.7801e-01 +7.6003e-02 +5.0000e+00 +2.7799e+00 +2.1281e+00
314 0 +2.363520226e+01 +2.363520226e+01 -6.264479774e+01 -6.264479774e+01 -3.4229e+00 +3.9772e+00 +4.8889e-01 +4.7231e+00 +2.7445e+00 +7.9224e-01 +1.0876e-01 +5.0000e+00 +2.7791e+00 +2.1110e+00
318 0 +2.284105839e+01 +2.284105839e+01 -6.343894161e+01 -6.343894161e+01 -3.4289e+00 +4.0586e+00 +5.0501e-01 +4.7235e+00 +2.7616e+00 +8.7054e-01 +5.9465e-02 +5.0000e+00 +2.7706e+00 +2.0505e+00
373 0 +2.230363555e+01 +2.230363555e+01 -6.397636445e+01 -6.397636445e+01 -3.4277e+00 +4.0599e+00 +5.0357e-01 +4.7237e+00 +2.7570e+00 +9.4098e-01 +3.5919e-02 +5.0000e+00 +2.7708e+00 +1.9998e+00
408 0 +2.081112814e+01 +2.081112814e+01 -6.546887186e+01 -6.546887186e+01 -3.4249e+00 +4.0543e+00 +5.0428e-01 +4.7257e+00 +2.7841e+00 +1.1668e+00 +6.4080e-02 +4.9999e+00 +2.7705e+00 +2.0514e+00
416 0 +2.021557825e+01 +2.021557825e+01 -6.606442175e+01 -6.606442175e+01 -3.4286e+00 +4.0733e+00 +5.0433e-01 +4.7259e+00 +2.7776e+00 +1.2457e+00 +6.3597e-02 +5.0000e+00 +2.7704e+00 +2.0539e+00
417 0 +1.966382113e+01 +1.966382113e+01 -6.661617887e+01 -6.661617887e+01 -3.4236e+00 +4.0521e+00 +5.0428e-01 +4.7238e+00 +2.7827e+00 +1.3310e+00 +1.1075e-01 +4.9999e+00 +2.7704e+00 +2.0551e+00
436 0 +1.939284154e+01 +1.939284154e+01 -6.688715846e+01 -6.688715846e+01 -3.4216e+00 +4.0597e+00 +5.0471e-01 +4.7239e+00 +2.7976e+00 +1.3931e+00 +7.7665e-02 +4.9999e+00 +2.7697e+00 +2.0519e+00
468 0 +1.892249477e+01 +1.892249477e+01 -6.735750523e+01 -6.735750523e+01 -3.4228e+00 +4.0580e+00 +5.0492e-01 +4.7231e+00 +2.7939e+00 +1.4774e+00 +7.1537e-02 +4.9999e+00 +2.7701e+00 +2.0526e+00
494 0 +1.818058842e+01 +1.818058842e+01 -6.809941158e+01 -6.809941158e+01 -3.4229e+00 +4.0690e+00 +5.0489e-01 +4.7239e+00 +2.8009e+00 +1.6115e+00 +7.6048e-02 +4.9999e+00 +2.7706e+00 +2.0499e+00
536 0 +1.732084859e+01 +1.732084859e+01 -6.895915141e+01 -6.895915141e+01 -3.4232e+00 +4.0717e+00 +5.0519e-01 +4.7239e+00 +2.8012e+00 +1.7928e+00 +7.5745e-02 +4.9999e+00 +2.7713e+00 +2.0500e+00
564 0 +1.669924273e+01 +1.669924273e+01 -6.958075727e+01 -6.958075727e+01 -3.4240e+00 +4.0705e+00 +5.0486e-01 +4.7239e+00 +2.8002e+00 +1.9502e+00 +7.5778e-02 +4.9999e+00 +2.7707e+00 +2.0484e+00
572 0 +1.623323301e+01 +1.623323301e+01 -7.004676699e+01 -7.004676699e+01 -3.4237e+00 +4.0705e+00 +5.0487e-01 +4.7240e+00 +2.8020e+00 +2.0958e+00 +7.6245e-02 +4.9999e+00 +2.7708e+00 +2.0482e+00
578 0 +1.618086001e+01 +1.618086001e+01 -7.009913999e+01 -7.009913999e+01 -3.4234e+00 +4.0688e+00 +5.0485e-01 +4.7239e+00 +2.8004e+00 +2.1159e+00 +7.5126e-02 +4.9999e+00 +2.7706e+00 +2.0484e+00
632 0 +1.546932941e+01 +1.546932941e+01 -7.081067059e+01 -7.081067059e+01 -3.4235e+00 +4.0681e+00 +5.0482e-01 +4.7240e+00 +2.8001e+00 +2.5550e+00 +7.5753e-02 +4.9999e+00 +2.7704e+00 +2.0483e+00
2184 0 +1.513545873e+01 +1.513545873e+01 -7.114454127e+01 -7.114454127e+01 -3.4234e+00 +4.0683e+00 +5.0482e-01 +4.7239e+00 +2.7200e+00 +2.6473e+00 +7.5686e-02 +4.9999e+00 +2.7702e+00 +2.0483e+00
2498 0 +1.477862965e+01 +1.477862965e+01 -7.150137035e+01 -7.150137035e+01 -3.4234e+00 +4.0683e+00 +5.0482e-01 +4.7239e+00 +2.6166e+00 +2.6473e+00 +7.5686e-02 +4.9999e+00 +2.7702e+00 +2.0483e+00
2786 0 +1.443650848e+01 +1.443650848e+01 -7.184349152e+01 -7.184349152e+01 -3.4234e+00 +4.0683e+00 +5.0482e-01 +4.7239e+00 +2.4969e+00 +2.6473e+00 +7.5686e-02 +4.9999e+00 +2.7702e+00 +2.0483e+00
3171 0 +1.411286493e+01 +1.411286493e+01 -7.216713507e+01 -7.216713507e+01 -3.4234e+00 +4.0683e+00 +5.0482e-01 +4.7239e+00 +2.3445e+00 +2.6473e+00 +7.5686e-02 +4.9999e+00 +2.7702e+00 +2.0483e+00
% f evaluations | g evaluations | best noise-free fitness - Fopt | noise-free fitness - Fopt (2.224000000000e+01) | measured fitness | best measured fitness | x1 | x2...
1 0 +8.358114423e+01 +8.358114423e+01 +1.058211442e+02 +1.058211442e+02 +3.0765e-01 +3.4303e+00 +4.6712e+00 +4.1920e+00 -4.1908e+00 -3.8957e-01 +2.4487e+00 +3.9615e+00 +5.4583e-01 -2.2434e+00
3 0 +7.720065313e+01 +7.720065313e+01 +9.944065313e+01 +9.944065313e+01 -3.9958e+00 +7.8635e-01 -6.3029e-01 -1.1239e+00 +4.2596e+00 -3.7467e-01 -3.2942e+00 -4.2821e+00 -7.0467e-01 -4.1158e+00
4 0 +7.438076648e+01 +7.438076648e+01 +9.662076648e+01 +9.662076648e+01 -2.9108e+00 -2.1541e+00 -5.3845e-01 -1.2997e+00 +3.0198e+00 +1.9888e-01 +4.5172e+00 +3.7484e-01 +4.4100e+00 +6.2009e-01
5 0 +6.143508794e+01 +6.143508794e+01 +8.367508794e+01 +8.367508794e+01 -3.3561e+00 -1.8756e+00 -3.1328e+00 +1.6226e+00 +8.4237e-01 +1.9630e+00 +2.2139e+00 +4.1277e+00 +4.7479e+00 -3.8264e+00
60 0 +5.472157210e+01 +5.472157210e+01 +7.696157210e+01 +7.696157210e+01 -4.1526e+00 -2.7223e+00 -2.3289e+00 +2.8511e+00 +3.4297e+00 +1.9213e+00 +2.2417e+00 +5.0000e+00 +5.0000e+00 -2.3419e+00
107 0 +4.887906991e+01 +4.887906991e+01 +7.111906991e+01 +7.111906991e+01 -2.9607e+00 -5.0172e-01 -3.5376e+00 +9.4612e-01 +1.7455e+00 +4.1475e-01 +2.0766e+00 +3.9810e+00 +3.9198e+00 -4.6070e-01
124 0 +4.526905808e+01 +4.526905808e+01 +6.750905808e+01 +6.750905808e+01 -4.2770e+00 -1.2788e+00 -3.0174e+00 -5.7026e-01 +1.7394e+00 +5.3062e-01 +2.0512e+00 +3.3379e+00 +5.0000e+00 -2.1726e+00
156 0 +4.124824967e+01 +4.124824967e+01 +6.348824967e+01 +6.348824967e+01 -4.6360e+00 -1.1301e+00 -2.7370e+00 -5.6129e-01 +1.5768e+00 +3.1725e-01 +1.6533e+00 +2.8918e+00 +5.0000e+00 -2.1527e+00
160 0 +2.957868224e+01 +2.957868224e+01 +5.181868224e+01 +5.181868224e+01 -3.6834e+00 -7.8427e-01 -2.9800e+00 +2.7328e-01 +1.6940e+00 +1.3765e-01 +2.2334e+00 +3.3204e+00 +4.5591e+00 -2.0072e+00
168 0 +2.663587669e+01 +2.663587669e+01 +4.887587669e+01 +4.887587669e+01 -4.4369e+00 -1.2160e+00 -2.7278e+00 +6.0049e-01 +1.7381e+00 +4.7312e-01 +2.1047e+00 +3.3266e+00 +4.5037e+00 -1.9490e+00
208 0 +2.438685214e+01 +2.438685214e+01 +4.662685214e+01 +4.662685214e+01 -4.4206e+00 -1.2172e+00 -2.7278e+00 +1.4688e+00 +1.7258e+00 +3.6317e-01 +2.1422e+00 +3.3942e+00 +4.4920e+00 -1.9189e+00
210 0 +2.300552187e+01 +2.300552187e+01 +4.524552187e+01 +4.524552187e+01 -4.3796e+00 -1.1881e+00 -2.5691e+00 +9.2712e-01 +1.7384e+00 +5.3668e-01 +2.1107e+00 +3.3180e+00 +4.5170e+00 -1.6990e+00
229 0 +2.206223745e+01 +2.206223745e+01 +4.430223745e+01 +4.430223745e+01 -4.4207e+00 -1.2124e+00 -2.5311e+00 +1.4583e+00 +1.6766e+00 +4.8260e-01 +2.1218e+00 +3.2585e+00 +4.3643e+00 -1.8526e+00
264 0 +2.186990420e+01 +2.186990420e+01 +4.410990420e+01 +4.410990420e+01 -4.4351e+00 -1.2147e+00 -2.4777e+00 +1.6382e+00 +1.6404e+00 +4.8296e-01 +2.1061e+00 +3.2508e+00 +4.4294e+00 -1.8117e+00
270 0 +1.988769368e+01 +1.988769368e+01 +4.212769368e+01 +4.212769368e+01 -4.3981e+00 -7.8934e-01 -2.5871e+00 +1.7843e+00 +1.6807e+00 +4.8287e-01 +2.1414e+00 +3.1996e+00 +4.3663e+00 -1.8862e+00
316 0 +1.809675375e+01 +1.809675375e+01 +4.033675375e+01 +4.033675375e+01 -4.4100e+00 -4.3649e-01 -2.5665e+00 +1.7634e+00 +1.6899e+00 +4.8284e-01 +2.1376e+00 +3.1772e+00 +4.3675e+00 -1.8828e+00
364 0 +1.740779941e+01 +1.740779941e+01 +3.964779941e+01 +3.964779941e+01 -4.3784e+00 -5.0672e-01 -2.4742e+00 +1.7885e+00 +1.6804e+00 +4.9679e-01 +2.1519e+00 +3.1966e+00 +4.3324e+00 -1.8972e+00
369 0 +1.722704559e+01 +1.722704559e+01 +3.946704559e+01 +3.946704559e+01 -4.3819e+00 -5.0520e-01 -2.4878e+00 +1.6160e+00 +1.6805e+00 +5.0265e-01 +2.1589e+00 +3.1970e+00 +4.3420e+00 -1.8887e+00
378 0 +1.678104229e+01 +1.678104229e+01 +3.902104229e+01 +3.902104229e+01 -4.3553e+00 -4.0967e-01 -2.4887e+00 +1.5029e+00 +1.7003e+00 +4.9355e-01 +2.1532e+00 +3.1905e+00 +4.3249e+00 -1.8972e+00
415 0 +1.642485880e+01 +1.642485880e+01 +3.866485880e+01 +3.866485880e+01 -4.3544e+00 -3.9485e-01 -2.4567e+00 +1.5488e+00 +1.6818e+00 +4.9548e-01 +2.1558e+00 +3.1868e+00 +4.3497e+00 -1.8827e+00
432 0 +1.609605870e+01 +1.609605870e+01 +3.833605870e+01 +3.833605870e+01 -4.3525e+00 -2.8310e-01 -2.4595e+00 +1.4723e+00 +1.6818e+00 +4.8905e-01 +2.1573e+00 +3.1913e+00 +4.3420e+00 -1.8865e+00
455 0 +1.521718062e+01 +1.521718062e+01 +3.745718062e+01 +3.745718062e+01 -4.3532e+00 -3.2526e-01 -2.3582e+00 +1.5739e+00 +1.6823e+00 +4.9685e-01 +2.1561e+00 +3.1929e+00 +4.3413e+00 -1.8816e+00
468 0 +1.492565939e+01 +1.492565939e+01 +3.716565939e+01 +3.716565939e+01 -4.3517e+00 -2.8508e-01 -2.3440e+00 +1.5629e+00 +1.6820e+00 +4.9789e-01 +2.1568e+00 +3.1930e+00 +4.3412e+00 -1.8741e+00
469 0 +1.466873318e+01 +1.466873318e+01 +3.690873318e+01 +3.690873318e+01 -4.3569e+00 -2.8652e-01 -2.3140e+00 +1.5739e+00 +1.6819e+00 +4.9670e-01 +2.1558e+00 +3.1947e+00 +4.3431e+00 -1.8795e+00
519 0 +1.429707304e+01 +1.429707304e+01 +3.653707304e+01 +3.653707304e+01 -4.3531e+00 -1.3506e-01 -2.3099e+00 +1.5803e+00 +1.6819e+00 +4.9524e-01 +2.1562e+00 +3.1938e+00 +4.3415e+00 -1.8813e+00
544 0 +1.405714834e+01 +1.405714834e+01 +3.629714834e+01 +3.629714834e+01 -4.3530e+00 -2.4899e-01 -2.2614e+00 +1.5664e+00 +1.6819e+00 +4.9487e-01 +2.1566e+00 +3.1943e+00 +4.3427e+00 -1.8826e+00
555 0 +1.373326473e+01 +1.373326473e+01 +3.597326473e+01 +3.597326473e+01 -4.3530e+00 -2.6575e-01 -2.2236e+00 +1.5630e+00 +1.6819e+00 +4.9564e-01 +2.1562e+00 +3.1943e+00 +4.3424e+00 -1.8814e+00
577 0 +1.314400286e+01 +1.314400286e+01 +3.538400286e+01 +3.538400286e+01 -4.3555e+00 -2.4582e-01 -2.1645e+00 +1.5642e+00 +1.6819e+00 +4.9564e-01 +2.1563e+00 +3.1944e+00 +4.3425e+00 -1.8817e+00
634 0 +1.248140865e+01 +1.248140865e+01 +3.472140865e+01 +3.472140865e+01 -4.3543e+00 -2.4149e-01 -2.0901e+00 +1.5648e+00 +1.6819e+00 +4.9565e-01 +2.1564e+00 +3.1940e+00 +4.3429e+00 -1.8815e+00
676 0 +1.220384593e+01 +1.220384593e+01 +3.444384593e+01 +3.444384593e+01 -4.3542e+00 -2.3504e-01 -2.0585e+00 +1.5648e+00 +1.6819e+00 +4.9564e-01 +2.1564e+00 +3.1941e+00 +4.3431e+00 -1.8816e+00
709 0 +1.180932880e+01 +1.180932880e+01 +3.404932880e+01 +3.404932880e+01 -4.3547e+00 -2.4199e-01 -2.0070e+00 +1.5662e+00 +1.6819e+00 +4.9565e-01 +2.1564e+00 +3.1940e+00 +4.3428e+00 -1.8815e+00
727 0 +1.127188433e+01 +1.127188433e+01 +3.351188433e+01 +3.351188433e+01 -4.3548e+00 -2.3529e-01 -1.9367e+00 +1.5672e+00 +1.6819e+00 +4.9565e-01 +2.1563e+00 +3.1940e+00 +4.3427e+00 -1.8816e+00
780 0 +1.076240580e+01 +1.076240580e+01 +3.300240580e+01 +3.300240580e+01 -4.3548e+00 -2.3639e-01 -1.8617e+00 +1.5670e+00 +1.6819e+00 +4.9565e-01 +2.1563e+00 +3.1940e+00 +4.3427e+00 -1.8816e+00
832 0 +1.070743125e+01 +1.070743125e+01 +3.294743125e+01 +3.294743125e+01 -4.3547e+00 -2.3698e-01 -1.8530e+00 +1.5672e+00 +1.6819e+00 +4.9566e-01 +2.1563e+00 +3.1940e+00 +4.3427e+00 -1.8817e+00
841 0 +1.035892575e+01 +1.035892575e+01 +3.259892575e+01 +3.259892575e+01 -4.3547e+00 -2.3871e-01 -1.7958e+00 +1.5672e+00 +1.6819e+00 +4.9566e-01 +2.1563e+00 +3.1940e+00 +4.3427e+00 -1.8816e+00
865 0 +1.021496206e+01 +1.021496206e+01 +3.245496206e+01 +3.245496206e+01 -4.3547e+00 -2.3699e-01 -1.7715e+00 +1.5671e+00 +1.6819e+00 +4.9566e-01 +2.1563e+00 +3.1940e+00 +4.3427e+00 -1.8816e+00
900 0 +9.793699364e+00 +9.793699364e+00 +3.203369936e+01 +3.203369936e+01 -4.3547e+00 -2.3722e-01 -1.6924e+00 +1.5671e+00 +1.6819e+00 +4.9566e-01 +2.1563e+00 +3.1940e+00 +4.3427e+00 -1.8816e+00
936 0 +9.566474466e+00 +9.566474466e+00 +3.180647447e+01 +3.180647447e+01 -4.3547e+00 -2.3732e-01 -1.6451e+00 +1.5671e+00 +1.6819e+00 +4.9566e-01 +2.1563e+00 +3.1940e+00 +4.3427e+00 -1.8817e+00
943 0 +9.413677548e+00 +9.413677548e+00 +3.165367755e+01 +3.165367755e+01 -4.3547e+00 -2.3705e-01 -1.6110e+00 +1.5671e+00 +1.6819e+00 +4.9566e-01 +2.1563e+00 +3.1940e+00 +4.3427e+00 -1.8816e+00
987 0 +9.193096374e+00 +9.193096374e+00 +3.143309637e+01 +3.143309637e+01 -4.3547e+00 -2.3697e-01 -1.5579e+00 +1.5672e+00 +1.6819e+00 +4.9566e-01 +2.1563e+00 +3.1940e+00 +4.3427e+00 -1.8816e+00
1045 0 +9.007705913e+00 +9.007705913e+00 +3.124770591e+01 +3.124770591e+01 -4.3547e+00 -2.3708e-01 -1.5090e+00 +1.5671e+00 +1.6819e+00 +4.9566e-01 +2.1563e+00 +3.1940e+00 +4.3427e+00 -1.8816e+00
1053 0 +8.904811909e+00 +8.904811909e+00 +3.114481191e+01 +3.114481191e+01 -4.3547e+00 -2.3706e-01 -1.4800e+00 +1.5671e+00 +1.6819e+00 +4.9566e-01 +2.1563e+00 +3.1940e+00 +4.3427e+00 -1.8816e+00
1143 0 +8.702876848e+00 +8.702876848e+00 +3.094287685e+01 +3.094287685e+01 -4.3547e+00 -2.3706e-01 -1.4181e+00 +1.5671e+00 +1.6819e+00 +4.9566e-01 +2.1563e+00 +3.1940e+00 +4.3427e+00 -1.8816e+00
1196 0 +8.506512540e+00 +8.506512540e+00 +3.074651254e+01 +3.074651254e+01 -4.3547e+00 -2.3706e-01 -1.3508e+00 +1.5671e+00 +1.6819e+00 +4.9566e-01 +2.1563e+00 +3.1940e+00 +4.3427e+00 -1.8816e+00
1247 0 +8.296874158e+00 +8.296874158e+00 +3.053687416e+01 +3.053687416e+01 -4.3547e+00 -2.3706e-01 -1.2696e+00 +1.5672e+00 +1.6819e+00 +4.9566e-01 +2.1563e+00 +3.1940e+00 +4.3427e+00 -1.8816e+00
1360 0 +8.096392896e+00 +8.096392896e+00 +3.033639290e+01 +3.033639290e+01 -4.3547e+00 -2.3706e-01 -1.1812e+00 +1.5672e+00 +1.6819e+00 +4.9566e-01 +2.1563e+00 +3.1940e+00 +4.3427e+00 -1.8816e+00
1456 0 +7.938229398e+00 +7.938229398e+00 +3.017822940e+01 +3.017822940e+01 -4.3547e+00 -2.3706e-01 -1.1032e+00 +1.5672e+00 +1.6819e+00 +4.9566e-01 +2.1563e+00 +3.1940e+00 +4.3427e+00 -1.8816e+00
1510 0 +7.718148755e+00 +7.718148755e+00 +2.995814875e+01 +2.995814875e+01 -4.3547e+00 -2.3706e-01 -9.8181e-01 +1.5672e+00 +1.6819e+00 +4.9566e-01 +2.1563e+00 +3.1940e+00 +4.3427e+00 -1.8816e+00
1611 0 +7.556824083e+00 +7.556824083e+00 +2.979682408e+01 +2.979682408e+01 -4.3547e+00 -2.3706e-01 -8.8290e-01 +1.5672e+00 +1.6819e+00 +4.9566e-01 +2.1563e+00 +3.1940e+00 +4.3427e+00 -1.8816e+00
1772 0 +7.404283096e+00 +7.404283096e+00 +2.964428310e+01 +2.964428310e+01 -4.3547e+00 -2.3706e-01 -7.8074e-01 +1.5672e+00 +1.6819e+00 +4.9566e-01 +2.1563e+00 +3.1940e+00 +4.3427e+00 -1.8816e+00
1923 0 +7.238974551e+00 +7.238974551e+00 +2.947897455e+01 +2.947897455e+01 -4.3547e+00 -2.3706e-01 -6.5737e-01 +1.5672e+00 +1.6819e+00 +4.9566e-01 +2.1563e+00 +3.1940e+00 +4.3427e+00 -1.8816e+00
2036 0 +7.052407422e+00 +7.052407422e+00 +2.929240742e+01 +2.929240742e+01 -4.3547e+00 -2.3706e-01 -4.8923e-01 +1.5672e+00 +1.6819e+00 +4.9566e-01 +2.1563e+00 +3.1940e+00 +4.3427e+00 -1.8816e+00
2198 0 +6.884044026e+00 +6.884044026e+00 +2.912404403e+01 +2.912404403e+01 -4.3547e+00 -2.3706e-01 -2.4433e-01 +1.5672e+00 +1.6819e+00 +4.9566e-01 +2.1563e+00 +3.1940e+00 +4.3427e+00 -1.8816e+00
% f evaluations | g evaluations | best noise-free fitness - Fopt | noise-free fitness - Fopt (-2.301000000000e+01) | measured fitness | best measured fitness | x1 | x2...
1 0 +8.596997988e+01 +8.596997988e+01 +6.295997988e+01 +6.295997988e+01 +4.5992e+00 +3.9533e+00 -4.7423e+00 +4.8096e+00 -9.3596e-01 +3.7695e+00 +3.7546e+00 +3.3081e+00 -2.8484e+00 +3.6339e+00
2 0 +7.578559626e+01 +7.578559626e+01 +5.277559626e+01 +5.277559626e+01 +4.2218e+00 -3.7130e+00 -4.0797e+00 -1.1482e+00 +1.1864e+00 -2.6865e+00 +3.0626e+00 -1.1794e+00 -4.3826e-01 +2.7637e-01
4 0 +6.955811046e+01 +6.955811046e+01 +4.654811046e+01 +4.654811046e+01 -2.2789e+00 -1.1524e+00 +6.8443e-01 +3.1653e+00 +1.0422e+00 +3.6142e+00 -2.2950e+00 -2.1462e+00 -4.3765e+00 -3.2776e+00
10 0 +6.009133548e+01 +6.009133548e+01 +3.708133548e+01 +3.708133548e+01 +5.6808e-01 -4.1605e+00 +8.4726e-01 -2.7086e-01 +3.8279e+00 -2.1536e+00 -2.4639e+00 +1.2137e+00 -3.7998e+00 -3.4207e+00
92 0 +5.565378058e+01 +5.565378058e+01 +3.264378058e+01 +3.264378058e+01 +9.6258e-01 -3.1890e+00 +4.2927e-01 +1.4705e-01 +3.7875e+00 -2.4957e+00 -2.2172e+00 +1.8060e+00 -3.7950e+00 -3.4264e+00
111 0 +5.021157437e+01 +5.021157437e+01 +2.720157437e+01 +2.720157437e+01 +1.3633e+00 -2.9756e+00 +2.5468e-01 +2.0681e-01 +2.9004e+00 -2.2821e+00 -2.3603e+00 +1.6826e+00 -3.9830e+00 -2.6033e+00
127 0 +4.507148572e+01 +4.507148572e+01 +2.206148572e+01 +2.206148572e+01 +9.4480e-01 -3.1471e+00 +2.1447e-01 +4.4162e-01 +3.6290e+00 -2.1429e+00 -1.7923e+00 +1.8292e+00 -3.6068e+00 -1.9715e+00
163 0 +4.299769764e+01 +4.299769764e+01 +1.998769764e+01 +1.998769764e+01 +7.8835e-01 -3.1768e+00 +2.5257e-01 +4.8036e-01 +3.6236e+00 -2.1411e+00 -1.4656e+00 +1.8216e+00 -3.4273e+00 -2.2015e+00
166 0 +3.939017463e+01 +3.939017463e+01 +1.638017463e+01 +1.638017463e+01 +9.7100e-01 -3.5700e+00 +4.0062e-01 +5.4524e-01 +3.5793e+00 -2.0544e+00 -4.9805e-01 +1.7258e+00 -3.2725e+00 -2.3268e+00
201 0 +3.604273938e+01 +3.604273938e+01 +1.303273938e+01 +1.303273938e+01 +1.1930e+00 -3.3004e+00 +2.8659e-01 +6.7660e-01 +3.6139e+00 -2.6462e+00 -1.5836e+00 +1.1701e+00 -3.7988e+00 -1.8837e+00
211 0 +3.100056034e+01 +3.100056034e+01 +7.990560345e+00 +7.990560345e+00 +1.4534e+00 -2.7433e+00 +2.9723e-01 +6.8466e-01 +3.6197e+00 -2.3959e+00 -1.5869e+00 +9.7784e-01 -3.8111e+00 -1.3860e+00
227 0 +2.847344210e+01 +2.847344210e+01 +5.463442097e+00 +5.463442097e+00 +1.5297e+00 -3.2949e+00 +3.0114e-01 +7.3806e-01 +3.6027e+00 -2.6118e+00 -1.5528e+00 +1.6675e-01 -3.7443e+00 -1.5924e+00
260 0 +2.739160210e+01 +2.739160210e+01 +4.381602103e+00 +4.381602103e+00 +1.6336e+00 -3.2497e+00 +3.0103e-01 +7.4148e-01 +3.6117e+00 -2.6126e+00 -1.5621e+00 -2.0602e-01 -3.6883e+00 -1.6204e+00
269 0 +2.680460397e+01 +2.680460397e+01 +3.794603973e+00 +3.794603973e+00 +1.6057e+00 -3.2613e+00 +3.0138e-01 +8.4357e-01 +3.6004e+00 -2.4811e+00 -1.5472e+00 -5.4469e-01 -3.7677e+00 -1.9317e+00
315 0 +2.567658237e+01 +2.567658237e+01 +2.666582366e+00 +2.666582366e+00 +1.5857e+00 -3.2550e+00 +3.0207e-01 +9.0900e-01 +3.6007e+00 -2.4242e+00 -1.5489e+00 -4.8977e-01 -3.7800e+00 -1.6277e+00
342 0 +2.504546926e+01 +2.504546926e+01 +2.035469261e+00 +2.035469261e+00 +1.6068e+00 -3.2471e+00 +3.0197e-01 +8.5712e-01 +3.4898e+00 -2.5191e+00 -1.5481e+00 -6.8739e-01 -3.7639e+00 -1.7349e+00
363 0 +2.444690140e+01 +2.444690140e+01 +1.436901396e+00 +1.436901396e+00 +1.6051e+00 -3.2383e+00 +3.0126e-01 +8.7163e-01 +3.4595e+00 -2.5197e+00 -1.5501e+00 -6.6468e-01 -3.7625e+00 -1.6548e+00
416 0 +2.381941600e+01 +2.381941600e+01 +8.094159994e-01 +8.094159994e-01 +1.6366e+00 -3.2476e+00 +3.0229e-01 +8.5331e-01 +3.3885e+00 -2.5216e+00 -1.5531e+00 -5.6697e-01 -3.7654e+00 -1.6717e+00
450 0 +2.333971396e+01 +2.333971396e+01 +3.297139569e-01 +3.297139569e-01 +1.6507e+00 -3.2490e+00 +3.0233e-01 +8.4716e-01 +3.3313e+00 -2.5214e+00 -1.5522e+00 -5.3275e-01 -3.7636e+00 -1.6680e+00
469 0 +2.281870930e+01 +2.281870930e+01 -1.912906999e-01 -1.912906999e-01 +1.6493e+00 -3.2485e+00 +3.0237e-01 +8.4699e-01 +3.2719e+00 -2.5109e+00 -1.5520e+00 -5.5410e-01 -3.7583e+00 -1.6629e+00
526 0 +2.221865304e+01 +2.221865304e+01 -7.913469550e-01 -7.913469550e-01 +1.6634e+00 -3.2482e+00 +3.0235e-01 +8.4627e-01 +3.1771e+00 -2.5204e+00 -1.5533e+00 -5.4225e-01 -3.7637e+00 -1.6759e+00
571 0 +2.174461121e+01 +2.174461121e+01 -1.265388789e+00 -1.265388789e+00 +1.6632e+00 -3.2483e+00 +3.0235e-01 +8.4633e-01 +3.0948e+00 -2.5204e+00 -1.5535e+00 -5.4195e-01 -3.7640e+00 -1.6758e+00
647 0 +2.137107131e+01 +2.137107131e+01 -1.638928694e+00 -1.638928694e+00 +1.6660e+00 -3.2481e+00 +3.0235e-01 +8.4511e-01 +3.0167e+00 -2.5207e+00 -1.5524e+00 -5.4249e-01 -3.7637e+00 -1.6757e+00
728 0 +2.080991547e+01 +2.080991547e+01 -2.200084526e+00 -2.200084526e+00 +1.6655e+00 -3.2480e+00 +3.0236e-01 +8.4551e-01 +2.8492e+00 -2.5207e+00 -1.5516e+00 -5.4269e-01 -3.7637e+00 -1.6757e+00
7280 0 +2.041660860e+01 +2.041660860e+01 -2.593391396e+00 -2.593391396e+00 +1.6656e+00 -3.2480e+00 +3.0236e-01 +8.4554e-01 +2.6593e+00 -2.5208e+00 -1.5510e+00 -5.4271e-01 -3.7637e+00 -1.6341e+00
11432 0 +1.994727697e+01 +1.994727697e+01 -3.062723032e+00 -3.062723032e+00 +1.6656e+00 -3.2480e+00 +3.0236e-01 +8.4554e-01 +2.6593e+00 -2.5208e+00 -1.5510e+00 -5.4271e-01 -3.7637e+00 -1.5014e+00
11855 0 +1.945137247e+01 +1.945137247e+01 -3.558627533e+00 -3.558627533e+00 +1.6656e+00 -3.2480e+00 +3.0236e-01 +8.4554e-01 +2.6593e+00 -2.5208e+00 -1.5510e+00 -5.4271e-01 -3.7637e+00 -1.2545e+00
% f evaluations | g evaluations | best noise-free fitness - Fopt | noise-free fitness - Fopt (-3.323700000000e+02) | measured fitness | best measured fitness | x1 | x2...
1 0 +8.243617195e+01 +8.243617195e+01 -2.499338281e+02 -2.499338281e+02 +3.6870e+00 -2.0538e+00 +3.3319e+00 +2.4566e-01 +3.8698e+00 +3.1921e+00 -1.7616e+00 +3.7308e-02 -4.2461e+00 -3.4716e+00
2 0 +7.118044183e+01 +7.118044183e+01 -2.611895582e+02 -2.611895582e+02 -3.0094e+00 +1.2224e+00 +2.6788e+00 +4.1728e+00 +2.6467e+00 +1.6366e+00 -3.0078e+00 +3.4247e+00 +9.9124e-01 +1.8901e+00
8 0 +6.837215783e+01 +6.837215783e+01 -2.639978422e+02 -2.639978422e+02 -3.7188e+00 -1.5066e+00 +3.4398e+00 +3.6271e+00 -3.2300e+00 -3.0155e+00 +3.2731e+00 -8.2180e-01 -4.2974e+00 -2.6731e+00
19 0 +5.969800005e+01 +5.969800005e+01 -2.726719999e+02 -2.726719999e+02 +1.7341e+00 +4.7143e+00 +1.2917e+00 -3.3580e+00 +2.8687e+00 +1.8758e+00 -4.5177e+00 +1.5796e+00 +6.5777e-01 -1.3387e+00
53 0 +5.798664560e+01 +5.798664560e+01 -2.743833544e+02 -2.743833544e+02 +1.2558e+00 +4.6953e+00 +1.3714e+00 -3.7263e+00 +1.5995e+00 +1.3133e+00 -4.2276e+00 +9.0051e-01 -1.2444e+00 -9.3106e-01
56 0 +4.799903327e+01 +4.799903327e+01 -2.843709667e+02 -2.843709667e+02 +1.8617e+00 +4.2967e+00 +2.4388e+00 -1.7005e+00 +3.2497e+00 +3.9610e+00 -4.0196e+00 +2.7608e+00 +6.6984e-01 -2.0243e+00
62 0 +4.724977050e+01 +4.724977050e+01 -2.851202295e+02 -2.851202295e+02 +1.4840e+00 +5.0000e+00 +2.3299e+00 -2.0676e+00 +2.5279e+00 +2.0591e+00 -1.2977e+00 +2.9839e+00 +1.2241e+00 -1.2163e+00
103 0 +4.564431577e+01 +4.564431577e+01 -2.867256842e+02 -2.867256842e+02 +1.6569e+00 +5.0000e+00 +6.7281e-01 -2.2426e+00 +2.8617e+00 +2.0299e+00 -9.6071e-01 +3.6619e+00 +2.7440e-01 -2.1001e+00
105 0 +3.640361393e+01 +3.640361393e+01 -2.959663861e+02 -2.959663861e+02 +1.6827e+00 +5.0000e+00 +2.1789e+00 -2.1532e+00 +2.8272e+00 +1.8455e+00 -1.5451e+00 +4.3431e+00 +1.1554e-01 -1.3466e+00
115 0 +3.482073716e+01 +3.482073716e+01 -2.975492628e+02 -2.975492628e+02 +1.5093e+00 +5.0000e+00 +2.3785e+00 -1.6088e+00 +2.5265e+00 +2.0571e+00 -3.3699e+00 +2.3450e+00 +1.2188e+00 -1.2030e+00
129 0 +2.934686227e+01 +2.934686227e+01 -3.030231377e+02 -3.030231377e+02 +1.0864e+00 +5.0000e+00 +1.7585e+00 -1.7057e+00 +2.4573e+00 +1.8840e+00 -2.8989e+00 +2.9713e+00 +1.1370e+00 -1.1266e+00
143 0 +2.307262559e+01 +2.307262559e+01 -3.092973744e+02 -3.092973744e+02 +1.8238e+00 +5.0000e+00 +1.3186e+00 -1.8443e+00 +2.5046e+00 +2.0956e+00 -3.6510e+00 +2.2976e+00 -1.8540e+00 -1.2110e+00
160 0 +2.193328694e+01 +2.193328694e+01 -3.104367131e+02 -3.104367131e+02 +1.6341e+00 +5.0000e+00 +1.3497e+00 -1.8528e+00 +2.4512e+00 +1.8958e+00 -3.7001e+00 +2.8417e+00 -3.3905e-01 -1.1246e+00
162 0 +2.026133086e+01 +2.026133086e+01 -3.121086691e+02 -3.121086691e+02 +1.5692e+00 +5.0000e+00 +1.4245e+00 -2.1196e+00 +2.5061e+00 +2.1382e+00 -3.6843e+00 +2.7142e+00 -1.4918e+00 -1.3871e+00
190 0 +1.810693460e+01 +1.810693460e+01 -3.142630654e+02 -3.142630654e+02 -1.4749e-01 +5.0000e+00 +9.7365e-01 -1.7172e+00 +2.5175e+00 +2.0981e+00 -3.1036e+00 +2.4696e+00 -1.6156e+00 -1.2108e+00
209 0 +1.591153277e+01 +1.591153277e+01 -3.164584672e+02 -3.164584672e+02 +1.6145e+00 +5.0000e+00 +1.4497e+00 +2.0022e-01 +2.4042e+00 +2.3480e+00 -3.4090e+00 +3.4252e+00 -1.1852e+00 -1.1962e+00
224 0 +1.573358610e+01 +1.573358610e+01 -3.166364139e+02 -3.166364139e+02 +1.7063e+00 +5.0000e+00 +1.5707e+00 -3.9414e-01 +2.4548e+00 +2.1586e+00 -2.9838e+00 +2.8025e+00 -8.9931e-01 -1.1688e+00
229 0 +1.519393174e+01 +1.519393174e+01 -3.171760683e+02 -3.171760683e+02 +1.5090e+00 +5.0000e+00 +1.4964e+00 +8.5349e-03 +2.4835e+00 +2.2197e+00 -2.7723e+00 +2.6986e+00 -1.4021e+00 -1.2129e+00
261 0 +1.489947518e+01 +1.489947518e+01 -3.174705248e+02 -3.174705248e+02 +1.5091e+00 +5.0000e+00 +1.5231e+00 +7.7069e-02 +2.4866e+00 +2.2162e+00 -3.0249e+00 +2.5112e+00 -1.3210e+00 -1.2161e+00
266 0 +1.447627555e+01 +1.447627555e+01 -3.178937245e+02 -3.178937245e+02 +1.4446e+00 +5.0000e+00 +1.4733e+00 -4.6942e-02 +2.4806e+00 +2.1711e+00 -2.8330e+00 +2.6605e+00 -1.4213e+00 -1.1919e+00
270 0 +1.381659594e+01 +1.381659594e+01 -3.185534041e+02 -3.185534041e+02 +1.4365e+00 +5.0000e+00 +1.4927e+00 -2.2094e-01 +2.4858e+00 +2.2097e+00 -2.9173e+00 +2.7069e+00 -1.3818e+00 -1.2072e+00
303 0 +1.187433052e+01 +1.187433052e+01 -3.204956695e+02 -3.204956695e+02 +1.3550e+00 +5.0000e+00 +1.4870e+00 +1.1330e-01 +2.4970e+00 +2.0352e+00 -3.2691e+00 +2.6469e+00 -1.3959e+00 -1.2616e+00
307 0 +1.138782202e+01 +1.138782202e+01 -3.209821780e+02 -3.209821780e+02 +9.5686e-01 +5.0000e+00 +1.4893e+00 -2.3085e-01 +2.4719e+00 +2.1350e+00 -2.8229e+00 +2.6517e+00 -1.1834e+00 -1.2156e+00
314 0 +1.103547336e+01 +1.103547336e+01 -3.213345266e+02 -3.213345266e+02 +8.6031e-01 +5.0000e+00 +1.4937e+00 -3.1022e-01 +2.4740e+00 +2.1172e+00 -2.8035e+00 +2.6458e+00 -1.3046e+00 -1.2173e+00
317 0 +9.709743824e+00 +9.709743824e+00 -3.226602562e+02 -3.226602562e+02 +4.6345e-01 +5.0000e+00 +1.4893e+00 -3.4270e-01 +2.4742e+00 +2.0724e+00 -3.0256e+00 +2.6477e+00 -1.2091e+00 -1.2134e+00
363 0 +9.359897273e+00 +9.359897273e+00 -3.230101027e+02 -3.230101027e+02 +4.4009e-02 +5.0000e+00 +1.4900e+00 -3.4767e-01 +2.4793e+00 +2.0265e+00 -3.0814e+00 +2.6444e+00 -1.2090e+00 -1.2751e+00
367 0 +9.287093213e+00 +9.287093213e+00 -3.230829068e+02 -3.230829068e+02 +2.2001e-01 +5.0000e+00 +1.4897e+00 -2.2175e-01 +2.4741e+00 +2.0143e+00 -3.1580e+00 +2.6952e+00 -1.3753e+00 -1.2181e+00
428 0 +8.948595145e+00 +8.948595145e+00 -3.234214049e+02 -3.234214049e+02 +3.7807e-01 +5.0000e+00 +1.4900e+00 -2.5143e-01 +2.4745e+00 +1.9812e+00 -3.2624e+00 +2.7247e+00 -1.2182e+00 -1.2178e+00
470 0 +8.904713382e+00 +8.904713382e+00 -3.234652866e+02 -3.234652866e+02 +4.1917e-01 +5.0000e+00 +1.4900e+00 -2.5440e-01 +2.4745e+00 +2.0010e+00 -3.3321e+00 +2.7384e+00 -1.2233e+00 -1.2176e+00
537 0 +8.701352371e+00 +8.701352371e+00 -3.236686476e+02 -3.236686476e+02 +3.6300e-01 +5.0000e+00 +1.4900e+00 -2.6405e-01 +2.4748e+00 +1.9380e+00 -3.4507e+00 +2.7263e+00 -1.1842e+00 -1.2186e+00
739 0 +8.505114774e+00 +8.505114774e+00 -3.238648852e+02 -3.238648852e+02 +3.7991e-01 +5.0000e+00 +1.4901e+00 -2.5705e-01 +2.4744e+00 +1.8410e+00 -3.5215e+00 +2.7263e+00 -1.1969e+00 -1.2189e+00
990 0 +8.300702533e+00 +8.300702533e+00 -3.240692975e+02 -3.240692975e+02 +3.7911e-01 +5.0000e+00 +1.4901e+00 -2.5745e-01 +2.4745e+00 +1.6554e+00 -3.4780e+00 +2.7263e+00 -1.1972e+00 -1.2189e+00
12688 0 +8.128232626e+00 +8.128232626e+00 -3.242417674e+02 -3.242417674e+02 +3.7912e-01 +5.0000e+00 +1.4901e+00 -2.5745e-01 +2.4745e+00 +1.3094e+00 -3.5299e+00 +2.7263e+00 -1.1972e+00 -1.2189e+00
% f evaluations | g evaluations | best noise-free fitness - Fopt | noise-free fitness - Fopt (-1.231300000000e+02) | measured fitness | best measured fitness | x1 | x2...
1 0 +8.127366835e+01 +8.127366835e+01 -4.185633165e+01 -4.185633165e+01 +4.1721e+00 -4.6604e+00 -2.0377e+00 -1.5766e+00 +4.6775e+00 +1.7147e+00 -6.9040e-02 +1.8351e+00 +1.5957e+00 +2.7996e+00
2 0 +8.017160407e+01 +8.017160407e+01 -4.295839593e+01 -4.295839593e+01 +3.9435e+00 -2.1769e+00 -2.5458e+00 -4.2086e+00 -2.4814e+00 -1.5262e+00 -4.2894e+00 +1.9377e+00 -2.5600e+00 -2.7117e+00
4 0 +7.834098203e+01 +7.834098203e+01 -4.478901797e+01 -4.478901797e+01 -1.5442e-01 -3.6920e+00 +4.5501e+00 -3.1793e+00 -4.5934e-01 -4.4074e+00 -4.0896e+00 +2.7917e+00 +4.9730e+00 -3.1172e+00
8 0 +7.443527019e+01 +7.443527019e+01 -4.869472981e+01 -4.869472981e+01 +2.5815e+00 -3.3000e+00 -4.0573e+00 +4.8698e+00 -4.7466e+00 -2.6935e+00 -4.5193e-01 -8.2751e-01 +2.4963e+00 -3.6407e+00
10 0 +6.470486891e+01 +6.470486891e+01 -5.842513109e+01 -5.842513109e+01 -6.6053e-01 +2.5888e+00 -5.8482e-02 -3.3977e+00 +2.8632e+00 -3.3892e-01 +4.8587e+00 -2.5993e+00 -1.2581e+00 +2.3837e+00
31 0 +6.333906241e+01 +6.333906241e+01 -5.979093759e+01 -5.979093759e+01 -1.7004e+00 +2.2003e-01 -1.4567e+00 -2.8716e-01 -1.1731e+00 +2.5558e+00 +1.8288e+00 -1.7204e+00 -5.5107e-02 -2.2551e+00
60 0 +6.274296937e+01 +6.274296937e+01 -6.038703063e+01 -6.038703063e+01 -1.7040e+00 -1.3788e+00 -1.1735e+00 -4.7140e-01 -2.5518e-01 +2.8662e+00 -9.2305e-02 -2.4265e+00 +6.7192e-01 -2.1573e+00
65 0 +5.838893439e+01 +5.838893439e+01 -6.474106561e+01 -6.474106561e+01 -1.4060e+00 -1.4404e-02 -4.0218e+00 +1.4382e-01 -2.0658e+00 +3.2183e+00 +2.1587e+00 -1.9412e+00 -1.4566e+00 -2.3138e+00
66 0 +4.394631773e+01 +4.394631773e+01 -7.918368227e+01 -7.918368227e+01 +3.1665e-01 -2.4430e+00 -4.8982e+00 -1.3691e+00 -1.1792e+00 +4.8886e+00 +1.1951e+00 -3.9958e+00 -2.4745e-01 -2.2075e+00
98 0 +4.209398233e+01 +4.209398233e+01 -8.103601767e+01 -8.103601767e+01 -1.1852e+00 -9.4956e-01 -4.3663e+00 -3.0647e-01 -1.1065e+00 +2.5375e+00 +2.6813e+00 -1.7201e+00 +1.8759e-01 -1.7337e+00
100 0 +3.670547519e+01 +3.670547519e+01 -8.642452481e+01 -8.642452481e+01 -2.5109e+00 -9.9262e-01 -1.4688e+00 -1.9688e+00 -6.6955e-01 +4.0829e+00 +1.8223e+00 -3.1956e+00 +1.0684e+00 -3.5150e+00
108 0 +3.329310595e+01 +3.329310595e+01 -8.983689405e+01 -8.983689405e+01 -2.4984e+00 -1.4151e+00 -1.4863e+00 -2.3626e+00 -9.7578e-01 +4.1925e+00 +1.4502e+00 -3.5561e+00 +1.4627e+00 -2.9888e+00
160 0 +3.181506723e+01 +3.181506723e+01 -9.131493277e+01 -9.131493277e+01 -2.7727e+00 -1.0905e+00 -2.8353e+00 -2.8701e+00 -5.3433e-01 +3.0565e+00 +1.1923e+00 -2.9709e+00 +1.4176e+00 -1.9550e+00
162 0 +3.058019416e+01 +3.058019416e+01 -9.254980584e+01 -9.254980584e+01 -2.6143e+00 -9.4269e-01 -2.4906e+00 -2.8584e+00 -5.7773e-01 +3.7895e+00 +9.8714e-01 -2.9481e+00 +1.2064e+00 -2.6860e+00
163 0 +2.984463185e+01 +2.984463185e+01 -9.328536815e+01 -9.328536815e+01 -2.8681e+00 -8.6734e-01 -2.4915e+00 -2.8363e+00 -6.7974e-01 +3.7578e+00 +1.2702e+00 -2.9597e+00 +1.3996e+00 -2.5942e+00
167 0 +2.517273108e+01 +2.517273108e+01 -9.795726892e+01 -9.795726892e+01 -2.7837e+00 -4.9133e-01 -3.4086e+00 -2.2760e+00 -4.7783e-01 +3.4972e+00 +1.1946e+00 -2.9555e+00 +1.2595e+00 -2.1942e+00
210 0 +2.239030546e+01 +2.239030546e+01 -1.007396945e+02 -1.007396945e+02 -2.8097e+00 -5.0197e-01 -3.6535e+00 -1.8997e+00 -5.2752e-01 +3.5641e+00 +1.2019e+00 -2.9501e+00 +1.2608e+00 -2.3699e+00
225 0 +2.121400932e+01 +2.121400932e+01 -1.019159907e+02 -1.019159907e+02 -2.8248e+00 -8.2054e-01 -3.9517e+00 -1.8132e+00 -5.5573e-01 +3.4756e+00 +1.0356e+00 -2.8119e+00 +1.2448e+00 -2.6418e+00
262 0 +2.023168776e+01 +2.023168776e+01 -1.028983122e+02 -1.028983122e+02 -2.8198e+00 -9.8486e-01 -3.9485e+00 -1.7658e+00 -5.5134e-01 +3.5441e+00 +1.1053e+00 -2.8508e+00 +1.2472e+00 -2.7204e+00
311 0 +1.986491362e+01 +1.986491362e+01 -1.032650864e+02 -1.032650864e+02 -2.7653e+00 -1.0798e+00 -3.9703e+00 -2.0426e+00 -6.3884e-01 +3.4499e+00 +1.1752e+00 -2.8437e+00 +1.2683e+00 -2.5078e+00
327 0 +1.907423416e+01 +1.907423416e+01 -1.040557658e+02 -1.040557658e+02 -2.7249e+00 -1.1869e+00 -4.1244e+00 -1.8939e+00 -6.7234e-01 +3.4327e+00 +1.1925e+00 -2.8263e+00 +1.2678e+00 -2.4945e+00
364 0 +1.901902959e+01 +1.901902959e+01 -1.041109704e+02 -1.041109704e+02 -2.7496e+00 -1.2724e+00 -4.0295e+00 -1.8595e+00 -6.7973e-01 +3.4354e+00 +1.1950e+00 -2.8266e+00 +1.2684e+00 -2.5270e+00
405 0 +1.817735164e+01 +1.817735164e+01 -1.049526484e+02 -1.049526484e+02 -2.7244e+00 -1.0872e+00 -4.2289e+00 -1.8609e+00 -9.1820e-01 +3.4110e+00 +1.1931e+00 -2.8246e+00 +1.2568e+00 -2.4236e+00
427 0 +1.763702253e+01 +1.763702253e+01 -1.054929775e+02 -1.054929775e+02 -2.7212e+00 -1.0809e+00 -4.2261e+00 -1.8643e+00 -1.0792e+00 +3.4140e+00 +1.2020e+00 -2.8246e+00 +1.2550e+00 -2.4323e+00
471 0 +1.737567350e+01 +1.737567350e+01 -1.057543265e+02 -1.057543265e+02 -2.7331e+00 -1.0796e+00 -4.1920e+00 -1.8718e+00 -1.2036e+00 +3.4169e+00 +1.1907e+00 -2.8228e+00 +1.2564e+00 -2.4874e+00
678 0 +1.696938389e+01 +1.696938389e+01 -1.061606161e+02 -1.061606161e+02 -2.7308e+00 -1.1486e+00 -4.2395e+00 -1.8714e+00 -1.4533e+00 +3.4348e+00 +1.1924e+00 -2.8244e+00 +1.2519e+00 -2.4543e+00
% f evaluations | g evaluations | best noise-free fitness - Fopt | noise-free fitness - Fopt (-1.537900000000e+02) | measured fitness | best measured fitness | x1 | x2...
1 0 +8.436013631e+01 +8.436013631e+01 -6.942986369e+01 -6.942986369e+01 -1.4184e-01 +2.9125e+00 -2.5642e+00 -1.0946e+00 -3.9099e+00 +2.8218e+00 -3.8363e+00 -4.8091e+00 -2.4694e+00 -3.7216e+00
2 0 +7.819119416e+01 +7.819119416e+01 -7.559880584e+01 -7.559880584e+01 -4.7574e-01 +9.2165e-01 -3.4147e+00 -8.9479e-01 -4.5061e+00 +1.7219e+00 -4.1304e+00 -1.8381e+00 -9.3924e-01 +2.0071e+00
6 0 +6.827882165e+01 +6.827882165e+01 -8.551117835e+01 -8.551117835e+01 +5.0406e-01 +2.3369e+00 +1.6408e+00 +5.4138e-01 +2.0000e+00 -4.0040e+00 +1.5234e+00 -3.3078e+00 +3.1718e+00 +7.4798e-01
12 0 +6.395444645e+01 +6.395444645e+01 -8.983555355e+01 -8.983555355e+01 +1.3116e+00 -2.5214e+00 +4.9605e+00 -2.9354e+00 -4.9837e+00 +2.2487e+00 -3.0437e+00 +3.1127e-01 +1.7636e+00 -7.0590e-01
56 0 +5.613760673e+01 +5.613760673e+01 -9.765239327e+01 -9.765239327e+01 -4.1829e+00 -4.9008e+00 +9.1269e-01 +4.8430e-02 -1.5985e+00 +2.2737e+00 -5.8914e-01 -4.7817e+00 +3.6248e+00 -2.1176e+00
103 0 +3.567916228e+01 +3.567916228e+01 -1.181108377e+02 -1.181108377e+02 -3.9134e+00 -4.9349e+00 +9.1588e-01 +9.5265e-02 -8.0461e-01 +2.2068e+00 -3.6888e-01 -4.7497e+00 +3.5642e+00 -2.1935e+00
155 0 +3.415195348e+01 +3.415195348e+01 -1.196380465e+02 -1.196380465e+02 -3.6337e+00 -5.0000e+00 +1.1469e+00 +1.3719e-01 -3.5809e-01 +2.4104e+00 -3.5875e-02 -4.7757e+00 +3.7634e+00 -2.1762e+00
164 0 +3.039166540e+01 +3.039166540e+01 -1.233983346e+02 -1.233983346e+02 -3.4082e+00 -4.9882e+00 +1.1885e+00 +1.4282e-01 -2.5876e-01 +2.5679e+00 -1.3514e-01 -4.7815e+00 +3.3123e+00 -2.1217e+00
207 0 +3.007826510e+01 +3.007826510e+01 -1.237117349e+02 -1.237117349e+02 -3.3827e+00 -4.9835e+00 +1.1933e+00 +1.4080e-01 -3.0694e-01 +2.5242e+00 -1.2764e-01 -4.7802e+00 +2.9414e+00 -2.1141e+00
212 0 +2.947865975e+01 +2.947865975e+01 -1.243113402e+02 -1.243113402e+02 -3.1083e+00 -4.9884e+00 +1.1811e+00 +1.5717e-01 -4.6607e-01 +2.5623e+00 -1.0649e-01 -4.7816e+00 +3.2737e+00 -2.1398e+00
220 0 +2.841209488e+01 +2.841209488e+01 -1.253779051e+02 -1.253779051e+02 -3.3724e+00 -4.9833e+00 +1.1514e+00 +1.3406e-01 -1.5783e-01 +2.7295e+00 -4.5167e-02 -4.7743e+00 +2.9376e+00 -2.1090e+00
261 0 +2.816868862e+01 +2.816868862e+01 -1.256213114e+02 -1.256213114e+02 -3.3729e+00 -4.9796e+00 +1.1430e+00 +1.2167e-01 -1.3639e-01 +2.7583e+00 -4.0582e-02 -4.7722e+00 +3.0186e+00 -2.2737e+00
271 0 +2.721260219e+01 +2.721260219e+01 -1.265773978e+02 -1.265773978e+02 -3.3702e+00 -4.9940e+00 +1.1101e+00 +1.2409e-01 -1.2905e-01 +2.7753e+00 +5.4623e-02 -4.7742e+00 +3.1151e+00 -2.1179e+00
321 0 +2.668252064e+01 +2.668252064e+01 -1.271074794e+02 -1.271074794e+02 -3.3699e+00 -4.9921e+00 +1.1142e+00 +1.2572e-01 -1.0595e-01 +2.7864e+00 +1.1838e-01 -4.7730e+00 +3.1416e+00 -2.1273e+00
342 0 +2.612889012e+01 +2.612889012e+01 -1.276611099e+02 -1.276611099e+02 -3.3569e+00 -4.9951e+00 +1.0919e+00 +1.2771e-01 -1.1186e-01 +2.8054e+00 +1.6141e-01 -4.7770e+00 +3.0922e+00 -2.1162e+00
364 0 +2.569307825e+01 +2.569307825e+01 -1.280969218e+02 -1.280969218e+02 -3.3455e+00 -4.9955e+00 +1.0982e+00 +1.2643e-01 -1.2180e-01 +2.8174e+00 +2.0956e-01 -4.7789e+00 +3.0478e+00 -2.1222e+00
415 0 +2.462872760e+01 +2.462872760e+01 -1.291612724e+02 -1.291612724e+02 -3.3649e+00 -5.0000e+00 +1.0838e+00 +1.2698e-01 -1.1176e-01 +2.8311e+00 +4.4405e-01 -4.7797e+00 +3.1141e+00 -2.1177e+00
468 0 +2.451794292e+01 +2.451794292e+01 -1.292720571e+02 -1.292720571e+02 -3.3688e+00 -5.0000e+00 +1.0819e+00 +1.2647e-01 -1.1255e-01 +2.8286e+00 +5.1780e-01 -4.7797e+00 +3.1128e+00 -2.1180e+00
4483 0 +2.398795955e+01 +2.398795955e+01 -1.298020404e+02 -1.298020404e+02 -3.3653e+00 -4.9999e+00 +9.9389e-01 +1.2783e-01 -1.1023e-01 +2.8292e+00 +5.8535e-01 -4.7787e+00 +3.1149e+00 -2.1185e+00
6297 0 +2.343255271e+01 +2.343255271e+01 -1.303574473e+02 -1.303574473e+02 -3.3653e+00 -4.9999e+00 +8.1802e-01 +1.2783e-01 -1.1023e-01 +2.8292e+00 +5.8535e-01 -4.7787e+00 +3.1149e+00 -2.1185e+00
% f evaluations | g evaluations | best noise-free fitness - Fopt | noise-free fitness - Fopt (-4.860000000000e+01) | measured fitness | best measured fitness | x1 | x2...
1 0 +8.525188113e+01 +8.525188113e+01 +3.665188113e+01 +3.665188113e+01 +9.1125e-01 +4.1003e+00 +2.7228e+00 +2.5201e-01 +2.9188e+00 +1.8248e+00 -4.7102e+00 +4.3554e+00 -4.8646e+00 -2.0175e+00
2 0 +8.267170575e+01 +8.267170575e+01 +3.407170575e+01 +3.407170575e+01 -1.0853e+00 -1.7119e+00 +3.7620e+00 +3.9787e-01 -3.2162e+00 +1.6745e+00 +4.3816e+00 -1.6803e+00 -3.5669e+00 +3.7042e-01
8 0 +7.236661183e+01 +7.236661183e+01 +2.376661183e+01 +2.376661183e+01 +2.2250e+00 -3.2327e+00 +1.4699e+00 -1.7381e+00 -1.1747e+00 +1.9837e+00 -4.6532e+00 -1.3680e+00 +2.8754e-01 -4.2887e+00
29 0 +6.998989838e+01 +6.998989838e+01 +2.138989838e+01 +2.138989838e+01 +3.1738e+00 +2.5119e+00 -1.0963e+00 +8.3753e-01 +2.3457e+00 +3.6349e+00 -1.8221e+00 -4.4238e+00 -2.6204e+00 -1.2517e+00
43 0 +6.897560359e+01 +6.897560359e+01 +2.037560359e+01 +2.037560359e+01 +1.9119e+00 +4.1470e+00 -1.8404e+00 -7.5586e-02 -1.8215e+00 +4.2959e+00 +2.9045e+00 +8.1845e-01 -1.0166e+00 -1.7973e+00
68 0 +6.733490306e+01 +6.733490306e+01 +1.873490306e+01 +1.873490306e+01 +3.0304e-01 +5.0000e+00 -1.5862e+00 +1.9323e-02 -1.5613e+00 +4.3982e+00 +2.3961e+00 +1.5192e-01 -1.0122e+00 -2.9695e+00
80 0 +6.547133871e+01 +6.547133871e+01 +1.687133871e+01 +1.687133871e+01 +2.5228e+00 +3.7224e+00 -2.3249e+00 +7.0212e-01 -1.3685e+00 +4.2959e+00 +2.7518e+00 -2.5238e+00 -4.5435e-01 -1.6513e+00
82 0 +5.413743017e+01 +5.413743017e+01 +5.537430173e+00 +5.537430173e+00 +6.5746e-01 +5.0000e+00 -2.8001e+00 +7.6271e-01 -2.8064e+00 +1.3897e+00 +2.2315e+00 -4.6411e-01 -2.1468e+00 -1.8116e+00
104 0 +5.230502598e+01 +5.230502598e+01 +3.705025980e+00 +3.705025980e+00 +8.1875e-01 +4.1001e+00 -2.8668e+00 +1.1738e+00 -2.8991e+00 +2.2546e+00 +2.1132e+00 -5.3423e-01 -1.3940e+00 -1.6564e+00
105 0 +4.085274566e+01 +4.085274566e+01 -7.747254336e+00 -7.747254336e+00 +7.5262e-01 +4.5153e+00 -3.0337e+00 +6.5808e-01 -3.0914e+00 +1.4050e+00 +1.8723e+00 -1.1730e+00 -1.7364e+00 -2.0501e+00
155 0 +3.806202030e+01 +3.806202030e+01 -1.053797970e+01 -1.053797970e+01 +7.5095e-01 +4.4733e+00 -3.0303e+00 +5.0098e-01 -3.2775e+00 +1.3071e+00 +1.8948e+00 -1.1610e+00 -1.7534e+00 -2.0049e+00
156 0 +3.578410449e+01 +3.578410449e+01 -1.281589551e+01 -1.281589551e+01 +7.1532e-01 +4.2443e+00 -2.9742e+00 +3.8937e-01 -3.1837e+00 +1.8959e+00 +1.8551e+00 -1.1930e+00 -1.8628e+00 -2.0867e+00
183 0 +3.431464299e+01 +3.431464299e+01 -1.428535701e+01 -1.428535701e+01 +7.0993e-01 +4.5073e+00 -3.0094e+00 +6.2829e-01 -3.0173e+00 +1.4706e+00 +1.8723e+00 -1.9938e+00 -1.6567e+00 -2.0741e+00
199 0 +1.408745307e+01 +1.408745307e+01 -3.451254693e+01 -3.451254693e+01 +7.5139e-01 +4.6719e+00 -2.9454e+00 -2.1119e+00 -4.5360e+00 +2.3133e+00 +1.5247e+00 -1.3783e+00 -1.6384e+00 -1.6589e+00
207 0 +1.274454371e+01 +1.274454371e+01 -3.585545629e+01 -3.585545629e+01 +7.5111e-01 +4.6612e+00 -2.9508e+00 -2.3912e+00 -4.3972e+00 +1.7495e+00 +1.4533e+00 -1.4750e+00 -1.6589e+00 -1.4970e+00
233 0 +1.183847628e+01 +1.183847628e+01 -3.676152372e+01 -3.676152372e+01 +7.7534e-01 +4.6625e+00 -2.8203e+00 -1.5758e+00 -4.3743e+00 +2.4017e+00 +7.7785e-01 -1.3372e+00 -1.3857e+00 -1.3603e+00
262 0 +1.131058359e+01 +1.131058359e+01 -3.728941641e+01 -3.728941641e+01 +7.4839e-01 +4.6681e+00 -2.8583e+00 -1.8978e+00 -4.4126e+00 +2.4356e+00 +7.5561e-01 -1.2623e+00 -1.2941e+00 -1.2391e+00
267 0 +1.064914618e+01 +1.064914618e+01 -3.795085382e+01 -3.795085382e+01 +7.5975e-01 +4.6598e+00 -2.8154e+00 -1.6396e+00 -4.0172e+00 +2.4160e+00 +6.1293e-01 -1.3333e+00 -1.3464e+00 -1.0905e+00
272 0 +1.004955285e+01 +1.004955285e+01 -3.855044715e+01 -3.855044715e+01 +7.2063e-01 +4.6559e+00 -2.8167e+00 -1.8345e+00 -4.0540e+00 +2.4166e+00 +1.0040e+00 -1.3595e+00 -1.3237e+00 -1.3764e+00
313 0 +9.926636202e+00 +9.926636202e+00 -3.867336380e+01 -3.867336380e+01 +7.3064e-01 +4.6565e+00 -2.8028e+00 -2.1791e+00 -4.0208e+00 +2.4170e+00 +1.0036e+00 -1.3580e+00 -1.3378e+00 -1.3730e+00
322 0 +9.665438042e+00 +9.665438042e+00 -3.893456196e+01 -3.893456196e+01 +7.4034e-01 +4.6624e+00 -2.8054e+00 -1.7575e+00 -3.8039e+00 +2.3418e+00 +9.0258e-01 -1.3796e+00 -1.2374e+00 -1.3641e+00
335 0 +9.036161228e+00 +9.036161228e+00 -3.956383877e+01 -3.956383877e+01 +7.0827e-01 +4.6511e+00 -2.2510e+00 -2.0379e+00 -3.9218e+00 +2.4227e+00 +1.0033e+00 -1.5574e+00 -1.3379e+00 -1.3844e+00
366 0 +8.810175713e+00 +8.810175713e+00 -3.978982429e+01 -3.978982429e+01 +7.0044e-01 +4.6526e+00 -2.4374e+00 -2.0233e+00 -3.9224e+00 +2.4241e+00 +1.0164e+00 -1.6171e+00 -1.3389e+00 -1.4137e+00
371 0 +8.607218770e+00 +8.607218770e+00 -3.999278123e+01 -3.999278123e+01 +7.0187e-01 +4.6533e+00 -2.5147e+00 -1.9558e+00 -3.9212e+00 +2.4200e+00 +9.9529e-01 -1.6954e+00 -1.3466e+00 -1.3836e+00
405 0 +8.506110151e+00 +8.506110151e+00 -4.009388985e+01 -4.009388985e+01 +7.0752e-01 +4.6501e+00 -2.5772e+00 -2.0860e+00 -3.8954e+00 +2.4226e+00 +1.0041e+00 -1.7204e+00 -1.3301e+00 -1.3833e+00
453 0 +8.147840123e+00 +8.147840123e+00 -4.045215988e+01 -4.045215988e+01 +7.0717e-01 +4.6475e+00 -2.6420e+00 -2.0930e+00 -3.9013e+00 +2.4220e+00 +1.0036e+00 -1.9341e+00 -1.3285e+00 -1.3829e+00
467 0 +7.911584697e+00 +7.911584697e+00 -4.068841530e+01 -4.068841530e+01 +7.0719e-01 +4.6484e+00 -2.6518e+00 -2.0938e+00 -3.9004e+00 +2.4229e+00 +1.0218e+00 -2.1354e+00 -1.3285e+00 -1.3829e+00
576 0 +7.756318604e+00 +7.756318604e+00 -4.084368140e+01 -4.084368140e+01 +7.0662e-01 +4.6481e+00 -2.6781e+00 -2.0921e+00 -3.9004e+00 +2.4211e+00 +1.0249e+00 -2.4098e+00 -1.3282e+00 -1.3825e+00
% f evaluations | g evaluations | best noise-free fitness - Fopt | noise-free fitness - Fopt (2.770000000000e+01) | measured fitness | best measured fitness | x1 | x2...
1 0 +8.620626302e+01 +8.620626302e+01 +1.139062630e+02 +1.139062630e+02 +4.5922e+00 +3.7889e+00 -2.5714e+00 -3.9592e+00 -1.2184e+00 -3.7106e+00 +4.9479e+00 +2.8470e+00 -4.9058e+00 -4.3402e+00
2 0 +8.318779689e+01 +8.318779689e+01 +1.108877969e+02 +1.108877969e+02 -3.1028e-01 +4.0039e+00 +2.0961e+00 +1.4139e+00 -1.6993e+00 -1.5287e+00 +4.2496e+00 -6.2983e-01 +4.3787e+00 +1.6662e+00
3 0 +8.206495508e+01 +8.206495508e+01 +1.097649551e+02 +1.097649551e+02 -2.0648e+00 +1.8195e+00 -4.0181e+00 +5.6141e-01 -3.2133e+00 +2.2572e+00 +3.7730e-01 -2.6588e+00 -4.0361e+00 -3.7260e+00
4 0 +7.347455009e+01 +7.347455009e+01 +1.011745501e+02 +1.011745501e+02 +3.0548e+00 -2.8383e+00 +4.2052e+00 -4.4937e+00 -3.8969e+00 +1.5402e+00 -1.3393e+00 +2.3370e+00 +1.7260e+00 +4.3639e+00
9 0 +7.162154833e+01 +7.162154833e+01 +9.932154833e+01 +9.932154833e+01 +1.5888e+00 -1.7114e+00 +1.5601e+00 -4.8979e+00 -1.5753e+00 -4.7283e+00 +2.9219e+00 +3.4564e+00 -4.8085e+00 -4.4559e-01
18 0 +6.392568197e+01 +6.392568197e+01 +9.162568197e+01 +9.162568197e+01 -3.6518e-01 -1.3027e+00 +1.7382e+00 +3.5299e+00 +1.0093e+00 -8.3749e-01 +9.6946e-01 -4.4032e+00 +1.4048e+00 -7.7624e-01
60 0 +4.004877162e+01 +4.004877162e+01 +6.774877162e+01 +6.774877162e+01 -1.0248e+00 -2.1619e+00 +1.3242e+00 +3.1314e+00 +1.2319e+00 -1.8659e+00 -8.4055e-01 -8.7206e-02 +1.4871e+00 -1.8139e+00
90 0 +2.525620380e+01 +2.525620380e+01 +5.295620380e+01 +5.295620380e+01 -6.4158e-01 -1.3578e+00 +2.0799e+00 +2.4975e+00 +8.7813e-01 -2.7339e+00 +2.3370e+00 -2.1053e+00 +2.3238e+00 -1.4168e+00
111 0 +2.073410937e+01 +2.073410937e+01 +4.843410937e+01 +4.843410937e+01 -8.0384e-01 -1.3109e+00 +2.0262e+00 +1.9650e+00 +8.6493e-01 -3.0100e+00 +2.1686e+00 -2.3959e+00 +2.3027e+00 -1.1291e+00
112 0 +1.932723597e+01 +1.932723597e+01 +4.702723597e+01 +4.702723597e+01 -6.0952e-01 -1.7793e+00 +1.9755e+00 +2.6039e+00 +8.0254e-01 -3.3261e+00 +2.6923e+00 -2.2681e+00 +1.6169e+00 -1.5934e+00
160 0 +1.378960352e+01 +1.378960352e+01 +4.148960352e+01 +4.148960352e+01 -8.6087e-01 -1.7780e+00 +1.7372e+00 +2.6409e+00 +1.0338e+00 -3.7090e+00 +2.3998e+00 -2.3491e+00 +1.6951e+00 -1.7285e+00
180 0 +1.183313713e+01 +1.183313713e+01 +3.953313713e+01 +3.953313713e+01 -5.4624e-01 -1.9127e+00 +1.9968e+00 +2.0947e+00 +8.6172e-01 -4.0824e+00 +2.3371e+00 -2.6942e+00 +1.1187e+00 -1.4781e+00
213 0 +1.162571047e+01 +1.162571047e+01 +3.932571047e+01 +3.932571047e+01 -5.3156e-01 -1.8579e+00 +2.1391e+00 +2.2579e+00 +9.2289e-01 -3.8730e+00 +2.3256e+00 -2.6002e+00 +1.1398e+00 -1.4859e+00
214 0 +9.737253902e+00 +9.737253902e+00 +3.743725390e+01 +3.743725390e+01 -5.6428e-01 -1.8548e+00 +1.9968e+00 +2.0311e+00 +8.7484e-01 -3.7871e+00 +2.1959e+00 -3.0476e+00 +1.3500e+00 -1.4481e+00
256 0 +9.235599559e+00 +9.235599559e+00 +3.693559956e+01 +3.693559956e+01 -4.8878e-01 -1.8356e+00 +1.9978e+00 +2.0592e+00 +8.5539e-01 -3.9397e+00 +2.0974e+00 -2.7315e+00 +1.3927e+00 -1.5089e+00
265 0 +8.858400623e+00 +8.858400623e+00 +3.655840062e+01 +3.655840062e+01 -5.1609e-01 -1.8459e+00 +1.9850e+00 +1.9715e+00 +8.9047e-01 -3.9538e+00 +2.0403e+00 -2.7433e+00 +1.4778e+00 -1.5033e+00
304 0 +8.642275650e+00 +8.642275650e+00 +3.634227565e+01 +3.634227565e+01 -5.6970e-01 -1.7520e+00 +1.9925e+00 +2.0466e+00 +8.6615e-01 -3.9396e+00 +1.8346e+00 -2.6789e+00 +1.4555e+00 -1.5096e+00
314 0 +8.478205450e+00 +8.478205450e+00 +3.617820545e+01 +3.617820545e+01 -6.4925e-01 -1.7355e+00 +1.9876e+00 +2.0562e+00 +8.5876e-01 -3.9446e+00 +1.6070e+00 -2.6551e+00 +1.4814e+00 -1.5057e+00
336 0 +8.312994487e+00 +8.312994487e+00 +3.601299449e+01 +3.601299449e+01 -6.2762e-01 -1.8168e+00 +1.9945e+00 +2.0464e+00 +8.6687e-01 -3.9183e+00 +1.6579e+00 -2.6830e+00 +1.4429e+00 -1.5152e+00
367 0 +8.069665920e+00 +8.069665920e+00 +3.576966592e+01 +3.576966592e+01 -5.9710e-01 -1.8180e+00 +1.9941e+00 +2.0465e+00 +8.6695e-01 -3.8855e+00 +1.4486e+00 -2.6833e+00 +1.4770e+00 -1.5120e+00
520 0 +7.934277040e+00 +7.934277040e+00 +3.563427704e+01 +3.563427704e+01 -5.9161e-01 -1.8720e+00 +1.9947e+00 +2.0526e+00 +8.6553e-01 -3.9129e+00 +1.2712e+00 -2.6867e+00 +1.4514e+00 -1.5084e+00
% f evaluations | g evaluations | best noise-free fitness - Fopt | noise-free fitness - Fopt (2.993000000000e+01) | measured fitness | best measured fitness | x1 | x2...
1 0 +8.249186980e+01 +8.249186980e+01 +1.124218698e+02 +1.124218698e+02 +3.3674e+00 +3.9227e+00 +2.9188e+00 +4.6225e+00 +8.6333e-01 +3.1697e+00 +1.8038e+00 -2.2383e+00 +2.3926e+00 -4.3155e+00
3 0 +7.335939670e+01 +7.335939670e+01 +1.032893967e+02 +1.032893967e+02 -1.4074e+00 +8.2695e-01 +1.6894e-01 -5.9835e-01 -1.2703e+00 +7.4854e-01 -7.6982e-02 +3.8308e+00 -2.7827e+00 -1.6313e+00
7 0 +5.163116949e+01 +5.163116949e+01 +8.156116949e+01 +8.156116949e+01 +4.6502e+00 -2.0514e+00 +4.5550e+00 +4.9946e+00 +4.8196e+00 +3.2484e+00 -1.2382e+00 +5.2752e-01 -2.5075e+00 -3.1002e+00
25 0 +4.346426126e+01 +4.346426126e+01 +7.339426126e+01 +7.339426126e+01 +1.3503e+00 -4.2057e+00 +4.9634e-01 +1.1547e+00 -4.9352e+00 +8.1301e-01 +1.6627e+00 +1.2912e+00 -2.7909e+00 -2.7889e+00
103 0 +3.794014695e+01 +3.794014695e+01 +6.787014695e+01 +6.787014695e+01 +1.5748e+00 -3.9145e+00 +5.2163e-01 +9.4746e-01 -4.8939e+00 +7.3059e-01 +1.6549e+00 +3.7881e-01 -3.0874e+00 -2.7885e+00
110 0 +2.659497314e+01 +2.659497314e+01 +5.652497314e+01 +5.652497314e+01 +7.4394e-01 -4.2083e+00 +1.7311e-01 +9.8522e-01 -6.2900e-01 +1.2901e+00 +1.6794e+00 +1.2872e+00 -3.1700e+00 -2.7377e+00
157 0 +2.380645381e+01 +2.380645381e+01 +5.373645381e+01 +5.373645381e+01 +5.1654e-01 -3.9964e+00 +1.2050e-01 +9.8149e-01 -3.3599e+00 +1.4837e+00 +1.6837e+00 +1.2844e+00 -3.0177e+00 -2.7381e+00
158 0 +2.034360352e+01 +2.034360352e+01 +5.027360352e+01 +5.027360352e+01 +1.0295e+00 -4.2088e+00 +3.8105e-02 +9.5163e-01 -2.1531e+00 +1.8045e+00 +1.7959e+00 +8.2602e-01 -3.0773e+00 -3.2432e+00
163 0 +1.967878148e+01 +1.967878148e+01 +4.960878148e+01 +4.960878148e+01 +6.8538e-01 -4.1477e+00 +2.4971e-01 +8.5326e-01 -2.0153e+00 +1.2523e+00 +1.6792e+00 +1.2081e+00 -3.3776e+00 -2.6914e+00
202 0 +1.296960585e+01 +1.296960585e+01 +4.289960585e+01 +4.289960585e+01 -4.1516e-01 -3.2033e+00 -3.1556e-01 +1.1321e+00 -2.2134e+00 +1.1159e+00 +1.6815e+00 +1.2732e+00 -4.1092e+00 -2.6198e+00
215 0 +9.750616451e+00 +9.750616451e+00 +3.968061645e+01 +3.968061645e+01 +1.6314e-01 -2.5445e+00 -7.6789e-01 +1.0318e+00 -2.1136e+00 +1.1150e+00 +1.6818e+00 +1.2623e+00 -3.8163e+00 -2.5757e+00
279 0 +9.406940589e+00 +9.406940589e+00 +3.933694059e+01 +3.933694059e+01 +4.5858e-02 -2.6151e+00 -7.8414e-01 +1.0296e+00 -1.3802e+00 +1.1150e+00 +1.6722e+00 +1.2625e+00 -3.6811e+00 -2.5643e+00
283 0 +9.100742506e+00 +9.100742506e+00 +3.903074251e+01 +3.903074251e+01 +8.3634e-02 -2.7269e+00 -1.2077e+00 +9.5831e-01 -1.9835e+00 +1.1172e+00 +1.6815e+00 +1.2637e+00 -3.7490e+00 -2.5676e+00
289 0 +8.885673392e+00 +8.885673392e+00 +3.881567339e+01 +3.881567339e+01 -1.8372e-01 -2.5433e+00 -7.4320e-01 +9.4807e-01 -2.0870e+00 +1.1165e+00 +1.6822e+00 +1.0830e+00 -3.8030e+00 -2.4940e+00
311 0 +8.322620764e+00 +8.322620764e+00 +3.825262076e+01 +3.825262076e+01 -1.5894e-01 -2.5366e+00 -7.6691e-01 +9.1135e-01 -2.1028e+00 +1.1171e+00 +1.6822e+00 +8.2855e-01 -3.8772e+00 -2.5029e+00
364 0 +8.133367009e+00 +8.133367009e+00 +3.806336701e+01 +3.806336701e+01 -2.2206e-01 -2.5017e+00 -8.2026e-01 +9.3136e-01 -2.0220e+00 +1.1169e+00 +1.6823e+00 +7.1589e-01 -3.8645e+00 -2.4809e+00
389 0 +8.031541149e+00 +8.031541149e+00 +3.796154115e+01 +3.796154115e+01 -2.3186e-01 -2.5418e+00 -8.3256e-01 +8.8751e-01 -2.0931e+00 +1.0817e+00 +1.6822e+00 +5.9302e-01 -3.8427e+00 -2.5030e+00
390 0 +7.761311191e+00 +7.761311191e+00 +3.769131119e+01 +3.769131119e+01 -1.7046e-01 -2.4679e+00 -7.6650e-01 +8.8079e-01 -1.7750e+00 +1.1523e+00 +1.6783e+00 +6.7189e-01 -3.8044e+00 -2.5450e+00
448 0 +7.502078039e+00 +7.502078039e+00 +3.743207804e+01 +3.743207804e+01 -1.8270e-01 -2.5312e+00 -7.7011e-01 +8.7353e-01 -1.6749e+00 +1.1679e+00 +1.6801e+00 +5.4197e-01 -3.7799e+00 -2.5485e+00
468 0 +7.381403863e+00 +7.381403863e+00 +3.731140386e+01 +3.731140386e+01 -1.8289e-01 -2.5133e+00 -7.7382e-01 +8.5665e-01 -1.5114e+00 +1.1708e+00 +1.6797e+00 +4.6721e-01 -3.7886e+00 -2.5489e+00
574 0 +7.202970347e+00 +7.202970347e+00 +3.713297035e+01 +3.713297035e+01 -1.8599e-01 -2.5141e+00 -7.7242e-01 +8.0952e-01 -1.4667e+00 +1.1701e+00 +1.6798e+00 +4.2790e-01 -3.7853e+00 -2.5495e+00
632 0 +7.043375284e+00 +7.043375284e+00 +3.697337528e+01 +3.697337528e+01 -1.9039e-01 -2.5151e+00 -7.7220e-01 +7.6079e-01 -1.4776e+00 +1.1694e+00 +1.6799e+00 +4.5293e-01 -3.7817e+00 -2.5491e+00
680 0 +6.908749793e+00 +6.908749793e+00 +3.683874979e+01 +3.683874979e+01 -1.8996e-01 -2.5146e+00 -7.7222e-01 +7.2085e-01 -1.4745e+00 +1.1692e+00 +1.6799e+00 +4.6058e-01 -3.7808e+00 -2.5489e+00
780 0 +6.731150158e+00 +6.731150158e+00 +3.666115016e+01 +3.666115016e+01 -1.9172e-01 -2.5145e+00 -7.7221e-01 +6.7015e-01 -1.4744e+00 +1.1691e+00 +1.6799e+00 +4.6059e-01 -3.7808e+00 -2.5489e+00
848 0 +6.606359178e+00 +6.606359178e+00 +3.653635918e+01 +3.653635918e+01 -1.9338e-01 -2.5142e+00 -7.7220e-01 +6.3420e-01 -1.4742e+00 +1.1692e+00 +1.6799e+00 +4.6059e-01 -3.7810e+00 -2.5491e+00
895 0 +6.456173092e+00 +6.456173092e+00 +3.638617309e+01 +3.638617309e+01 -1.9343e-01 -2.5147e+00 -7.7221e-01 +5.9075e-01 -1.4741e+00 +1.1692e+00 +1.6799e+00 +4.5968e-01 -3.7809e+00 -2.5491e+00
941 0 +6.233097288e+00 +6.233097288e+00 +3.616309729e+01 +3.616309729e+01 -1.9358e-01 -2.5143e+00 -7.7221e-01 +5.2191e-01 -1.4741e+00 +1.1691e+00 +1.6799e+00 +4.6012e-01 -3.7809e+00 -2.5491e+00
989 0 +6.110206783e+00 +6.110206783e+00 +3.604020678e+01 +3.604020678e+01 -1.9358e-01 -2.5143e+00 -7.7221e-01 +4.8150e-01 -1.4741e+00 +1.1691e+00 +1.6799e+00 +4.6013e-01 -3.7809e+00 -2.5491e+00
1039 0 +5.975840232e+00 +5.975840232e+00 +3.590584023e+01 +3.590584023e+01 -1.9361e-01 -2.5143e+00 -7.7221e-01 +4.3380e-01 -1.4741e+00 +1.1692e+00 +1.6799e+00 +4.6005e-01 -3.7809e+00 -2.5491e+00
1099 0 +5.837206469e+00 +5.837206469e+00 +3.576720647e+01 +3.576720647e+01 -1.9362e-01 -2.5143e+00 -7.7221e-01 +3.7819e-01 -1.4741e+00 +1.1692e+00 +1.6799e+00 +4.6009e-01 -3.7809e+00 -2.5491e+00
1143 0 +5.749922049e+00 +5.749922049e+00 +3.567992205e+01 +3.567992205e+01 -1.9361e-01 -2.5143e+00 -7.7220e-01 +3.3782e-01 -1.4741e+00 +1.1692e+00 +1.6799e+00 +4.6005e-01 -3.7809e+00 -2.5491e+00
1158 0 +5.621703743e+00 +5.621703743e+00 +3.555170374e+01 +3.555170374e+01 -1.9362e-01 -2.5143e+00 -7.7221e-01 +2.6304e-01 -1.4741e+00 +1.1692e+00 +1.6799e+00 +4.6004e-01 -3.7809e+00 -2.5491e+00
9099 0 +5.495279775e+00 +5.495279775e+00 +3.542527978e+01 +3.542527978e+01 -1.9361e-01 -2.5143e+00 -7.7221e-01 +1.0213e-01 -1.4741e+00 +1.1692e+00 +1.6799e+00 +4.5657e-01 -3.7809e+00 -2.5491e+00
10419 0 +5.369873132e+00 +5.369873132e+00 +3.529987313e+01 +3.529987313e+01 -1.9361e-01 -2.5143e+00 -7.7221e-01 +1.0213e-01 -1.4741e+00 +1.1692e+00 +1.6799e+00 +4.1860e-01 -3.7809e+00 -2.5491e+00
10816 0 +5.232080153e+00 +5.232080153e+00 +3.516208015e+01 +3.516208015e+01 -1.9361e-01 -2.5143e+00 -7.7221e-01 +1.0213e-01 -1.4741e+00 +1.1692e+00 +1.6799e+00 +3.7389e-01 -3.7809e+00 -2.5491e+00
11046 0 +5.125544366e+00 +5.125544366e+00 +3.505554437e+01 +3.505554437e+01 -1.9361e-01 -2.5143e+00 -7.7221e-01 +1.0213e-01 -1.4741e+00 +1.1692e+00 +1.6799e+00 +3.3641e-01 -3.7809e+00 -2.5491e+00
11251 0 +5.009039049e+00 +5.009039049e+00 +3.493903905e+01 +3.493903905e+01 -1.9361e-01 -2.5143e+00 -7.7221e-01 +1.0213e-01 -1.4741e+00 +1.1692e+00 +1.6799e+00 +2.9129e-01 -3.7809e+00 -2.5491e+00
11412 0 +4.897034983e+00 +4.897034983e+00 +3.482703498e+01 +3.482703498e+01 -1.9361e-01 -2.5143e+00 -7.7221e-01 +1.0213e-01 -1.4741e+00 +1.1692e+00 +1.6799e+00 +2.4194e-01 -3.7809e+00 -2.5491e+00
11614 0 +4.767428288e+00 +4.767428288e+00 +3.469742829e+01 +3.469742829e+01 -1.9361e-01 -2.5143e+00 -7.7221e-01 +1.0213e-01 -1.4741e+00 +1.1692e+00 +1.6799e+00 +1.7218e-01 -3.7809e+00 -2.5491e+00
11732 0 +4.677168603e+00 +4.677168603e+00 +3.460716860e+01 +3.460716860e+01 -1.9361e-01 -2.5143e+00 -7.7221e-01 +1.0213e-01 -1.4741e+00 +1.1692e+00 +1.6799e+00 +1.0664e-01 -3.7809e+00 -2.5491e+00
% f evaluations | g evaluations | best noise-free fitness - Fopt | noise-free fitness - Fopt (-1.983000000000e+01) | measured fitness | best measured fitness | x1 | x2...
1 0 +8.326720158e+01 +8.326720158e+01 +6.343720158e+01 +6.343720158e+01 -1.1514e+00 -4.8014e+00 +1.9462e+00 +4.2765e+00 -2.4919e+00 +1.9177e+00 -4.7780e+00 +5.0842e-01 -3.4650e+00 +1.5696e+00
2 0 +7.212337494e+01 +7.212337494e+01 +5.229337494e+01 +5.229337494e+01 -2.2032e+00 +2.5127e+00 +1.4509e+00 -1.9228e+00 -2.5026e+00 +2.1631e+00 +2.0655e+00 +7.5961e-01 -2.7832e+00 +8.4528e-01
8 0 +6.215801906e+01 +6.215801906e+01 +4.232801906e+01 +4.232801906e+01 +3.2145e+00 -2.0652e+00 -5.1099e-01 +1.5140e+00 +4.6871e+00 -1.7129e+00 -1.3994e+00 +2.1001e+00 -2.3515e+00 -2.3069e+00
31 0 +5.790082028e+01 +5.790082028e+01 +3.807082028e+01 +3.807082028e+01 +3.8583e+00 -4.0177e+00 -4.4147e+00 -2.1525e-01 -2.9808e-01 +2.8729e+00 -4.2064e+00 -8.2488e-01 +1.1387e+00 +1.9163e+00
59 0 +5.724045819e+01 +5.724045819e+01 +3.741045819e+01 +3.741045819e+01 +4.0437e+00 -5.0000e+00 -3.9125e+00 -5.4144e-01 -3.0416e-01 +2.0023e+00 -5.0000e+00 +1.8546e+00 +2.7036e+00 +3.5282e+00
64 0 +4.047842776e+01 +4.047842776e+01 +2.064842776e+01 +2.064842776e+01 +3.1555e+00 -4.0406e+00 -5.0000e+00 -5.7902e-03 +1.1190e-01 +2.5726e+00 -1.1752e+00 -5.9528e-01 +9.8237e-01 -4.7865e-01
105 0 +2.352173102e+01 +2.352173102e+01 +3.691731023e+00 +3.691731023e+00 +2.1572e+00 -4.6213e+00 -4.8337e+00 +5.1847e-01 +2.1599e-02 +2.4765e+00 -1.1632e+00 +5.4391e-01 +1.8373e+00 +6.0479e-01
121 0 +2.073126007e+01 +2.073126007e+01 +9.012600734e-01 +9.012600734e-01 +3.3899e+00 -4.0287e+00 -4.8100e+00 -1.9188e-01 -6.8801e-01 +2.5581e+00 -1.3935e+00 +2.3412e-01 +1.2006e+00 -5.2655e-01
155 0 +1.246384540e+01 +1.246384540e+01 -7.366154602e+00 -7.366154602e+00 +3.1806e+00 -4.0282e+00 -4.8520e+00 +4.8620e-02 -1.8438e-01 +2.5934e+00 -1.3082e+00 +8.6917e-01 +1.3696e+00 -2.3461e-01
208 0 +1.199949330e+01 +1.199949330e+01 -7.830506701e+00 -7.830506701e+00 +3.2150e+00 -4.0254e+00 -4.7952e+00 +5.2421e-02 -3.4899e-01 +2.5984e+00 -1.2516e+00 +9.4081e-01 +1.2527e+00 -3.6400e-01
209 0 +1.119330034e+01 +1.119330034e+01 -8.636699662e+00 -8.636699662e+00 +3.3278e+00 -4.1473e+00 -4.8419e+00 +4.0364e-02 -1.0449e-01 +2.5880e+00 -1.3068e+00 +9.9605e-01 +1.4233e+00 -2.8364e-01
212 0 +1.005581863e+01 +1.005581863e+01 -9.774181374e+00 -9.774181374e+00 +2.9576e+00 -4.0288e+00 -4.8554e+00 +3.6184e-02 -6.6603e-01 +2.5901e+00 -1.3302e+00 +1.2163e+00 +1.1565e+00 -2.2465e-01
221 0 +9.328501441e+00 +9.328501441e+00 -1.050149856e+01 -1.050149856e+01 +3.3894e+00 -4.0430e+00 -5.0000e+00 -9.6515e-02 -1.4359e-01 +2.4976e+00 -1.3047e+00 +1.1915e+00 +1.3553e+00 -9.0063e-02
222 0 +8.698885994e+00 +8.698885994e+00 -1.113111401e+01 -1.113111401e+01 +3.2279e+00 -4.1048e+00 -4.8923e+00 -7.5805e-02 -8.6730e-01 +2.6320e+00 -1.3801e+00 +1.2692e+00 +1.4706e+00 -2.2746e-01
225 0 +8.482231842e+00 +8.482231842e+00 -1.134776816e+01 -1.134776816e+01 +3.2816e+00 -4.0280e+00 -4.8891e+00 -1.6858e-01 -5.3688e-01 +2.5894e+00 -1.3438e+00 +1.3081e+00 +1.4166e+00 -2.5261e-01
260 0 +8.300982630e+00 +8.300982630e+00 -1.152901737e+01 -1.152901737e+01 +3.2684e+00 -4.0288e+00 -4.9032e+00 -1.5954e-01 -6.4196e-01 +2.5870e+00 -1.4060e+00 +1.3355e+00 +1.3645e+00 -1.8339e-01
270 0 +7.897530507e+00 +7.897530507e+00 -1.193246949e+01 -1.193246949e+01 +3.2747e+00 -4.0294e+00 -4.8742e+00 -1.7219e-01 -8.9583e-01 +2.5887e+00 -1.3227e+00 +1.5009e+00 +1.4203e+00 -2.3353e-01
271 0 +7.651826381e+00 +7.651826381e+00 -1.217817362e+01 -1.217817362e+01 +3.2389e+00 -4.0516e+00 -4.8238e+00 -3.0601e-01 -2.5869e-01 +2.5933e+00 -1.2814e+00 +1.6562e+00 +1.3859e+00 -2.0651e-01
285 0 +6.886910382e+00 +6.886910382e+00 -1.294308962e+01 -1.294308962e+01 +3.2983e+00 -4.0271e+00 -4.8757e+00 -1.0591e-01 -5.4789e-01 +2.5875e+00 -1.4379e+00 +1.7485e+00 +1.4166e+00 -2.6444e-01
314 0 +5.926245639e+00 +5.926245639e+00 -1.390375436e+01 -1.390375436e+01 +3.2788e+00 -4.0249e+00 -4.8758e+00 -1.0320e-01 -6.0779e-01 +2.5910e+00 -1.4736e+00 +2.0273e+00 +1.4181e+00 -2.5716e-01
353 0 +5.474098528e+00 +5.474098528e+00 -1.435590147e+01 -1.435590147e+01 +3.3021e+00 -4.0290e+00 -4.8772e+00 -1.4705e-01 -5.5714e-01 +2.5872e+00 -1.4356e+00 +2.2026e+00 +1.4164e+00 -2.4148e-01
365 0 +5.076206971e+00 +5.076206971e+00 -1.475379303e+01 -1.475379303e+01 +3.3024e+00 -4.0318e+00 -4.8777e+00 -1.4399e-01 -5.5936e-01 +2.5874e+00 -1.4430e+00 +2.4113e+00 +1.4166e+00 -2.3183e-01
420 0 +5.010758465e+00 +5.010758465e+00 -1.481924153e+01 -1.481924153e+01 +3.3011e+00 -4.0305e+00 -4.8743e+00 -1.4101e-01 -5.3539e-01 +2.5874e+00 -1.4414e+00 +2.5299e+00 +1.4167e+00 -2.3637e-01
572 0 +4.886400139e+00 +4.886400139e+00 -1.494359986e+01 -1.494359986e+01 +3.3069e+00 -4.0298e+00 -4.8775e+00 -1.4862e-01 -5.5399e-01 +2.5871e+00 -1.4379e+00 +2.6115e+00 +1.4114e+00 -1.8994e-01
729 0 +4.782776656e+00 +4.782776656e+00 -1.504722334e+01 -1.504722334e+01 +3.3055e+00 -4.0298e+00 -4.8776e+00 -1.5152e-01 -5.5706e-01 +2.5871e+00 -1.4378e+00 +2.6497e+00 +1.4122e+00 -1.4172e-01
863 0 +4.675309103e+00 +4.675309103e+00 -1.515469090e+01 -1.515469090e+01 +3.3056e+00 -4.0299e+00 -4.8776e+00 -1.5158e-01 -5.5744e-01 +2.5871e+00 -1.4378e+00 +2.6511e+00 +1.4125e+00 -9.3924e-02
1042 0 +4.564276467e+00 +4.564276467e+00 -1.526572353e+01 -1.526572353e+01 +3.3055e+00 -4.0299e+00 -4.8776e+00 -1.5160e-01 -5.5737e-01 +2.5871e+00 -1.4378e+00 +2.6527e+00 +1.4126e+00 -3.6401e-02
1154 0 +4.451790852e+00 +4.451790852e+00 -1.537820915e+01 -1.537820915e+01 +3.3055e+00 -4.0299e+00 -4.8776e+00 -1.5160e-01 -5.5737e-01 +2.5871e+00 -1.4378e+00 +2.6527e+00 +1.4126e+00 +3.5701e-02
1302 0 +4.350021298e+00 +4.350021298e+00 -1.547997870e+01 -1.547997870e+01 +3.3055e+00 -4.0299e+00 -4.8776e+00 -1.5160e-01 -5.5737e-01 +2.5871e+00 -1.4378e+00 +2.6527e+00 +1.4126e+00 +1.3197e-01
15032 0 +4.265740678e+00 +4.265740678e+00 -1.556425932e+01 -1.556425932e+01 +3.3207e+00 -4.0299e+00 -4.8776e+00 -1.5160e-01 -5.5737e-01 +2.5871e+00 -1.4378e+00 +2.6527e+00 +1.4126e+00 +2.6205e-01
16176 0 +4.167461443e+00 +4.167461443e+00 -1.566253856e+01 -1.566253856e+01 +3.3681e+00 -4.0299e+00 -4.8776e+00 -1.5160e-01 -5.5737e-01 +2.5871e+00 -1.4378e+00 +2.6527e+00 +1.4126e+00 +2.6205e-01
16641 0 +4.067841216e+00 +4.067841216e+00 -1.576215878e+01 -1.576215878e+01 +3.4241e+00 -4.0299e+00 -4.8776e+00 -1.5160e-01 -5.5737e-01 +2.5871e+00 -1.4378e+00 +2.6527e+00 +1.4126e+00 +2.6205e-01
16959 0 +3.977145367e+00 +3.977145367e+00 -1.585285463e+01 -1.585285463e+01 +3.4870e+00 -4.0299e+00 -4.8776e+00 -1.5160e-01 -5.5737e-01 +2.5871e+00 -1.4378e+00 +2.6527e+00 +1.4126e+00 +2.6205e-01
17220 0 +3.889924220e+00 +3.889924220e+00 -1.594007578e+01 -1.594007578e+01 +3.5716e+00 -4.0299e+00 -4.8776e+00 -1.5160e-01 -5.5737e-01 +2.5871e+00 -1.4378e+00 +2.6527e+00 +1.4126e+00 +2.6205e-01
