% f evaluations | g evaluations | best noise-free fitness - Fopt | noise-free fitness - Fopt (-4.620900000000e+02) | measured fitness | best measured fitness | x1 | x2...
1 0 +5.511422390e+03 +5.511422390e+03 +5.049332390e+03 +5.049332390e+03 +4.9715e+00 +4.0349e+00 -1.5680e+00 +1.1397e+00 +3.5986e+00 -2.2268e+00 -2.2569e+00 -5.0124e-01 +4.7324e-01 +2.2449e+00 -1.5838e-01 +1.1256e+00 +1.5439e+00 +3.4695e+00 -1.8184e+00 +8.9546e-01 +2.1185e+00 -4.9519e+00 -2.9816e+00 -2.7650e-01
2 0 +9.470824021e+02 +9.470824021e+02 +4.849924021e+02 +4.849924021e+02 +1.0422e-01 -1.7984e+00 +2.6849e+00 -2.1509e+00 +3.3287e+00 -1.9201e+00 -3.6166e+00 -3.5560e+00 +1.9634e+00 +3.5071e+00 +1.3946e+00 -2.5279e+00 -2.8147e+00 +1.1505e+00 -1.1758e+00 -3.1833e+00 -1.1553e+00 +1.5349e+00 +1.0361e+00 +3.5575e+00
31 0 +7.648286904e+02 +7.648286904e+02 +3.027386904e+02 +3.027386904e+02 -3.4874e-01 +4.3924e+00 +1.4148e+00 -1.5794e+00 -2.2564e+00 +3.0533e+00 +2.3021e+00 -2.2458e+00 -3.9330e+00 +1.9473e+00 +3.0252e+00 +4.4052e-01 -1.2522e+00 -1.3664e+00 -3.2664e+00 -1.2780e+00 -4.2014e-01 -1.0035e+00 +2.0724e+00 +1.0290e+00
55 0 +7.149040665e+02 +7.149040665e+02 +2.528140665e+02 +2.528140665e+02 -1.4557e+00 +5.0000e+00 +1.2802e+00 -2.4443e+00 -1.8777e+00 +6.4083e-01 +9.8541e-01 -4.3521e-01 -5.0000e+00 +9.2701e-01 +2.9609e+00 +4.8080e-01 -1.8032e+00 -1.4355e+00 +1.1087e+00 -5.1533e-01 -5.1199e-01 -9.5805e-01 +2.1358e+00 +4.1669e-01
58 0 +6.874766282e+02 +6.874766282e+02 +2.253866282e+02 +2.253866282e+02 -1.1513e+00 +5.0000e+00 +2.8007e+00 -1.1726e+00 -2.3682e+00 +3.1490e+00 +1.7970e+00 +2.2293e-01 -3.9216e+00 +3.0227e+00 +2.6415e+00 +4.4370e-01 -1.6485e+00 -1.6713e+00 -2.5516e+00 -1.2458e+00 +4.2535e-01 -1.6301e-01 +2.1354e+00 +2.1505e+00
103 0 +6.166773510e+02 +6.166773510e+02 +1.545873510e+02 +1.545873510e+02 +1.3481e+00 +4.8435e+00 +2.6506e+00 -1.2573e+00 -2.4016e+00 +2.8920e+00 +2.1180e+00 -1.9911e+00 -3.3402e+00 +3.7797e+00 +2.3601e+00 +3.8085e-01 -1.9207e+00 -3.6031e+00 -1.9880e+00 -1.6168e+00 +4.2315e-01 +6.3751e-01 +2.1851e+00 +2.4319e+00
133 0 +6.107180354e+02 +6.107180354e+02 +1.486280354e+02 +1.486280354e+02 -1.0255e+00 +4.9608e+00 +2.2504e+00 -7.8473e-01 -2.3374e+00 +3.1751e+00 +1.7599e+00 +1.4268e+00 -3.9146e+00 +2.2688e+00 +2.6257e+00 +4.4518e-01 -1.7049e+00 -1.5984e+00 -2.2661e+00 -1.2228e+00 +1.3558e-01 -3.1406e-01 +2.1531e+00 +2.6821e+00
157 0 +5.933053421e+02 +5.933053421e+02 +1.312153421e+02 +1.312153421e+02 -1.0056e+00 +4.9629e+00 +2.3108e+00 -4.5529e-01 -2.4239e+00 +3.1756e+00 +1.9931e+00 +7.9227e-01 -3.6639e+00 +2.2450e+00 +2.6754e+00 +3.5996e-01 -1.6925e+00 -1.6729e+00 -1.9769e+00 -1.2358e+00 +2.6198e-01 -3.2636e-01 +1.2702e+00 +2.5956e+00
158 0 +5.854374292e+02 +5.854374292e+02 +1.233474292e+02 +1.233474292e+02 -9.3476e-01 +4.9604e+00 +2.1812e+00 -7.8668e-01 -2.4676e+00 +3.1231e+00 +1.9193e+00 +1.7400e+00 -4.0197e+00 +1.9517e+00 +2.4685e+00 +4.5411e-01 -1.7531e+00 -1.5733e+00 -2.3757e+00 -1.1041e+00 +1.8776e-01 -2.9096e-01 +2.1482e+00 +2.6759e+00
170 0 +5.577485224e+02 +5.577485224e+02 +9.565852237e+01 +9.565852237e+01 -1.0586e+00 +4.9683e+00 +2.2988e+00 -6.8524e-01 -2.4751e+00 +3.3006e+00 +1.9512e+00 +2.6247e+00 -3.8562e+00 +1.9671e+00 +2.6903e+00 +2.5284e-01 -1.7360e+00 -1.5987e+00 -2.9521e+00 -1.2062e+00 +1.2262e-02 -1.0613e-01 +2.1523e+00 +2.1231e+00
239 0 +5.489370240e+02 +5.489370240e+02 +8.684702397e+01 +8.684702397e+01 -1.0779e+00 +4.9628e+00 +2.3157e+00 -7.8151e-01 -2.3394e+00 +3.4113e+00 +1.9830e+00 +2.5297e+00 -3.8724e+00 +1.9402e+00 +2.7053e+00 +1.7186e-01 -1.6677e+00 -1.5937e+00 -2.7591e+00 -1.2071e+00 +8.3714e-03 -4.7746e-02 +2.0764e+00 +2.1272e+00
277 0 +5.352774896e+02 +5.352774896e+02 +7.318748963e+01 +7.318748963e+01 -1.0557e+00 +4.9655e+00 +2.2714e+00 -6.9917e-01 -2.3934e+00 +3.1643e+00 +1.7767e+00 +2.7761e+00 -3.9212e+00 +2.0145e+00 +2.6863e+00 +2.6296e-01 -1.7183e+00 -1.5447e+00 -2.1842e+00 -1.2055e+00 +1.7755e-02 +4.2634e-02 +2.1501e+00 +2.1216e+00
313 0 +5.198285387e+02 +5.198285387e+02 +5.773853870e+01 +5.773853870e+01 -1.0599e+00 +4.9655e+00 +2.2737e+00 -6.9799e-01 -2.3956e+00 +3.1633e+00 +1.7559e+00 +2.7555e+00 -3.9161e+00 +1.9825e+00 +2.6890e+00 +2.6019e-01 -1.7184e+00 -1.5383e+00 -2.1441e+00 -1.2088e+00 +1.7842e-02 +3.5376e-02 +2.1463e+00 +2.1052e+00
317 0 +5.029783146e+02 +5.029783146e+02 +4.088831457e+01 +4.088831457e+01 -1.0579e+00 +4.9672e+00 +2.2709e+00 -6.9640e-01 -2.4117e+00 +3.1528e+00 +1.7624e+00 +2.7838e+00 -3.9324e+00 +2.0092e+00 +2.6834e+00 +2.6289e-01 -1.7253e+00 -1.5420e+00 -1.7183e+00 -1.1564e+00 +1.7554e-02 +4.9872e-02 +2.1497e+00 +2.1160e+00
363 0 +4.909934261e+02 +4.909934261e+02 +2.890342608e+01 +2.890342608e+01 -1.0532e+00 +4.9671e+00 +2.2705e+00 -6.8822e-01 -2.4152e+00 +3.1560e+00 +1.7767e+00 +2.7865e+00 -3.9384e+00 +2.0069e+00 +2.6831e+00 +2.6504e-01 -1.7241e+00 -1.5465e+00 -1.1921e+00 -1.2036e+00 +1.7501e-02 +4.5750e-02 +2.1495e+00 +2.1068e+00
392 0 +4.859010617e+02 +4.859010617e+02 +2.381106171e+01 +2.381106171e+01 -1.0575e+00 +4.9674e+00 +2.3043e+00 -7.0135e-01 -2.4056e+00 +3.1520e+00 +1.7725e+00 +2.7723e+00 -3.9363e+00 +2.0122e+00 +2.6820e+00 +2.6303e-01 -1.7247e+00 -1.5422e+00 -1.6432e+00 -1.1471e+00 +1.6557e-02 +5.4008e-02 +2.1501e+00 +2.1143e+00
733 0 +4.784949621e+02 +4.784949621e+02 +1.640496212e+01 +1.640496212e+01 -1.0556e+00 +4.9676e+00 +2.3014e+00 -7.0371e-01 -2.4060e+00 +3.1521e+00 +1.7736e+00 +2.7566e+00 -3.9485e+00 +1.9958e+00 +2.6821e+00 +2.6293e-01 -1.7268e+00 -1.5421e+00 -1.6712e+00 -1.1539e+00 +1.5672e-02 +5.0993e-02 +2.1500e+00 +2.1139e+00
% f evaluations | g evaluations | best noise-free fitness - Fopt | noise-free fitness - Fopt (7.766000000000e+01) | measured fitness | best measured fitness | x1 | x2...
1 0 +4.861437391e+03 +4.861437391e+03 +4.939097391e+03 +4.939097391e+03 +6.7252e-01 -5.1840e-02 +2.0401e-01 +4.3265e-01 -2.3333e+00 -3.3493e+00 +3.5127e+00 -2.2577e+00 +1.5191e+00 +2.1190e+00 -3.6831e+00 -1.4626e-01 -1.7908e+00 -4.3946e+00 -1.6523e+00 -4.9235e+00 -1.6650e+00 +1.4177e+00 +3.9449e+00 -3.2302e+00
2 0 +1.569247559e+03 +1.569247559e+03 +1.646907559e+03 +1.646907559e+03 +4.4068e+00 +1.5430e-01 -7.7812e-02 -1.1526e+00 +1.0728e+00 +3.8683e+00 -3.5669e-01 -4.1866e+00 -4.0129e+00 -2.0134e+00 -4.7398e-01 -1.5232e+00 -4.7085e+00 -4.7428e+00 +1.5460e+00 -2.5942e+00 -1.1138e+00 -2.5596e+00 -4.8753e+00 -2.1211e+00
4 0 +1.456535661e+03 +1.456535661e+03 +1.534195661e+03 +1.534195661e+03 +4.1921e+00 -1.5947e+00 -2.7677e-02 +1.4323e+00 +3.7853e+00 +8.5298e-02 -3.9413e+00 -2.4005e+00 -3.0523e-01 -4.5009e-01 +3.3474e+00 +2.6866e+00 -6.9466e-01 -2.2536e+00 -3.7162e+00 -3.9448e+00 -1.7354e+00 -4.3651e+00 +1.0030e+00 -2.9896e+00
42 0 +1.248572367e+03 +1.248572367e+03 +1.326232367e+03 +1.326232367e+03 +9.0324e-01 +8.9896e-01 -1.0652e+00 -7.7558e-01 -2.0817e+00 -3.7632e+00 -1.4299e+00 -3.9716e+00 -2.7078e+00 +2.1309e+00 -5.8007e-01 +3.9729e-01 -2.0867e+00 -4.9641e+00 +1.6027e+00 +4.2477e+00 -4.0807e+00 -9.4132e-01 +1.6105e+00 +2.6488e+00
54 0 +1.001894241e+03 +1.001894241e+03 +1.079554241e+03 +1.079554241e+03 +8.2909e-01 +1.8940e+00 -1.0236e+00 -3.3091e-01 -4.4321e+00 -4.7339e+00 -2.2849e+00 -3.7385e+00 -3.0493e+00 +3.1231e+00 -1.1684e+00 +6.5288e-01 -2.8966e+00 -5.0000e+00 +1.2748e-01 -8.2278e-01 -4.0133e+00 -1.4659e+00 +1.6533e+00 -1.8821e+00
57 0 +9.422819659e+02 +9.422819659e+02 +1.019941966e+03 +1.019941966e+03 +1.4071e+00 +1.1989e+00 +5.4173e-01 -8.0959e-01 -2.0985e+00 -3.8497e+00 -1.1810e-01 -3.1514e+00 -3.8763e+00 +1.5085e+00 -5.8021e-01 -6.3416e-01 -1.5290e+00 -4.4018e+00 +4.4359e-01 +2.0616e+00 -5.0000e+00 -3.6787e+00 +3.1044e+00 -2.8614e-01
104 0 +8.755916879e+02 +8.755916879e+02 +9.532516879e+02 +9.532516879e+02 +6.4831e-01 +1.1248e+00 +7.7816e-01 -1.1206e+00 -3.8986e+00 -4.2867e+00 -1.9763e+00 -2.9383e+00 -1.8610e+00 +3.3829e+00 -5.0077e-01 +8.1569e-01 -2.0073e+00 -3.8471e+00 +1.7577e+00 +4.6871e+00 -2.0004e+00 -9.3529e-01 +7.6645e-01 -1.8803e-01
106 0 +8.132243340e+02 +8.132243340e+02 +8.908843340e+02 +8.908843340e+02 +8.9084e-01 +5.3914e-01 +3.6031e-01 -8.7761e-01 -2.8268e+00 -3.5490e+00 -1.5364e+00 -3.3048e+00 -1.9359e+00 +2.9267e+00 -8.8840e-01 +5.1516e-02 -1.9625e+00 -3.4237e+00 +2.8951e+00 +1.3069e-01 -3.1036e+00 -1.1535e+00 +1.4406e+00 +3.5025e-01
133 0 +7.250168127e+02 +7.250168127e+02 +8.026768127e+02 +8.026768127e+02 +5.8890e-01 +1.1770e+00 +9.7406e-02 -1.1721e+00 -2.6718e+00 -4.3169e+00 -1.5060e+00 -1.3991e+00 -1.4718e+00 +2.3530e+00 -5.0207e-01 +2.0470e-01 -1.7628e+00 -4.0090e+00 +2.3703e+00 +4.0935e+00 -2.4079e+00 -2.4388e+00 +1.5063e+00 +2.6249e-01
165 0 +6.907322298e+02 +6.907322298e+02 +7.683922298e+02 +7.683922298e+02 +3.9187e-01 +1.3077e+00 -2.8012e-01 -1.1808e+00 -2.6217e+00 -5.0000e+00 -1.5185e+00 -1.2356e+00 -1.4697e+00 +2.1717e+00 -2.8248e-01 +1.8247e-01 -1.4937e+00 -4.2799e+00 +2.7581e+00 +4.1128e+00 -2.0217e+00 -2.9780e+00 +1.5295e+00 +5.4344e-03
173 0 +6.667698372e+02 +6.667698372e+02 +7.444298372e+02 +7.444298372e+02 +6.5622e-01 +1.1551e+00 +8.2146e-01 -1.1932e+00 -2.6114e+00 -4.1819e+00 -1.6114e+00 -1.0190e+00 -1.4555e+00 +2.2068e+00 -4.9982e-01 +1.6173e-01 -1.5226e+00 -4.0496e+00 +2.2440e+00 +4.1105e+00 -2.4927e+00 -2.1560e+00 +1.2546e+00 -5.7321e-01
187 0 +6.551663736e+02 +6.551663736e+02 +7.328263736e+02 +7.328263736e+02 +8.2143e-01 +1.1772e+00 +4.2895e-01 -1.2768e+00 -2.6752e+00 -3.9651e+00 -1.8255e+00 -2.4943e+00 -1.4012e+00 +2.3267e+00 -4.7086e-01 +1.9902e-01 -1.6609e+00 -4.0016e+00 +2.3184e+00 +4.1627e+00 -1.9867e+00 -2.8017e+00 +1.5491e+00 -9.6939e-01
210 0 +6.424338517e+02 +6.424338517e+02 +7.200938517e+02 +7.200938517e+02 +7.4904e-01 +1.1046e+00 +3.5353e-01 -1.2570e+00 -2.6673e+00 -4.3453e+00 -1.9704e+00 -1.2989e+00 -1.4131e+00 +2.5275e+00 -3.0733e-01 +2.0611e-01 -1.5845e+00 -4.0911e+00 +2.3162e+00 +4.0349e+00 -1.7076e+00 -2.6143e+00 +1.5590e+00 -1.5439e+00
249 0 +6.304095824e+02 +6.304095824e+02 +7.080695824e+02 +7.080695824e+02 +7.5393e-01 +1.1504e+00 +1.3688e+00 -1.2928e+00 -2.6206e+00 -4.2274e+00 -1.9031e+00 -1.8149e+00 -1.4328e+00 +2.3283e+00 -4.6012e-01 -2.2563e-02 -1.6722e+00 -3.9345e+00 +2.3814e+00 +4.1620e+00 -2.0888e+00 -2.7450e+00 +1.5449e+00 -6.9149e-01
282 0 +5.812926942e+02 +5.812926942e+02 +6.589526942e+02 +6.589526942e+02 +7.5361e-01 +1.1448e+00 +1.0826e+00 -1.2052e+00 -2.6302e+00 -4.2795e+00 -1.9689e+00 -1.8863e+00 -1.4317e+00 +2.3339e+00 -4.8196e-01 -2.4660e-02 -1.6705e+00 -3.9257e+00 +2.4357e+00 +4.1726e+00 -2.0814e+00 -2.7530e+00 +1.5588e+00 -1.7510e+00
315 0 +5.596504519e+02 +5.596504519e+02 +6.373104519e+02 +6.373104519e+02 +7.5399e-01 +1.1490e+00 +1.1602e+00 -1.2179e+00 -2.6363e+00 -4.2742e+00 -1.9754e+00 -1.8239e+00 -1.4257e+00 +2.3351e+00 -4.8340e-01 -3.1183e-02 -1.6685e+00 -3.9288e+00 +2.4129e+00 +4.1754e+00 -1.9580e+00 -2.7506e+00 +1.5566e+00 -2.4770e+00
437 0 +5.427017448e+02 +5.427017448e+02 +6.203617448e+02 +6.203617448e+02 +7.5469e-01 +1.1091e+00 +1.1624e+00 -1.2177e+00 -2.6376e+00 -4.2737e+00 -1.9779e+00 -1.7590e+00 -1.4237e+00 +2.3349e+00 -4.8392e-01 +2.7166e-02 -1.6679e+00 -3.9288e+00 +2.4133e+00 +4.1747e+00 -2.0114e+00 -2.7326e+00 +1.5577e+00 -2.8855e+00
467 0 +5.348519290e+02 +5.348519290e+02 +6.125119290e+02 +6.125119290e+02 +7.5478e-01 +1.1077e+00 +1.1600e+00 -1.2176e+00 -2.6375e+00 -4.2566e+00 -1.9783e+00 -1.7594e+00 -1.4235e+00 +2.3349e+00 -4.8390e-01 +7.4672e-02 -1.6651e+00 -3.9288e+00 +2.4145e+00 +4.1744e+00 -2.0182e+00 -2.7311e+00 +1.5573e+00 -2.8807e+00
% f evaluations | g evaluations | best noise-free fitness - Fopt | noise-free fitness - Fopt (1.156800000000e+02) | measured fitness | best measured fitness | x1 | x2...
1 0 +1.402070183e+03 +1.402070183e+03 +1.517750183e+03 +1.517750183e+03 +3.9050e+00 -4.1792e+00 -4.9974e+00 -3.0569e+00 -4.4667e+00 -1.1827e-01 -1.0103e+00 -1.8132e+00 -4.8999e+00 -3.9702e+00 -3.8300e+00 -2.3846e+00 +1.6950e-01 -4.5000e+00 +1.4732e+00 -3.5589e+00 -2.9589e+00 +3.7385e+00 +3.4446e+00 -2.4535e-01
20 0 +1.175800570e+03 +1.175800570e+03 +1.291480570e+03 +1.291480570e+03 +3.0694e+00 +3.5585e+00 -2.1737e+00 -1.8418e-01 +1.2891e+00 -2.8785e+00 -3.4533e-01 +3.4034e+00 -1.6025e+00 -3.0005e+00 -4.9835e+00 +2.3489e+00 -1.3936e+00 +1.5998e+00 +1.4188e+00 +3.7766e+00 -7.9142e-01 +4.3624e+00 +3.1263e+00 +3.8186e+00
55 0 +1.063881889e+03 +1.063881889e+03 +1.179561889e+03 +1.179561889e+03 +3.0603e+00 +1.8172e+00 -1.7755e+00 +7.1188e-01 +2.1107e+00 -2.8214e+00 -3.6002e-01 +3.0816e+00 -1.4200e+00 -3.0114e+00 -1.8156e+00 -6.3335e-01 -1.9748e+00 +2.8049e-01 +5.9628e-01 +3.1305e+00 +9.3442e-01 +2.4714e+00 +2.1502e+00 +3.6420e+00
71 0 +9.750552670e+02 +9.750552670e+02 +1.090735267e+03 +1.090735267e+03 +2.9229e+00 +3.4128e+00 -2.3672e+00 -3.1678e-01 +1.2541e+00 -2.3518e+00 -4.7092e-01 +5.0000e+00 -1.9928e+00 -4.2093e+00 -4.8536e+00 -1.1267e-01 +8.4116e-01 +1.5595e+00 +4.2531e-01 +3.5710e+00 -5.0000e+00 +3.1734e+00 +2.3378e+00 -1.6072e+00
78 0 +9.194107839e+02 +9.194107839e+02 +1.035090784e+03 +1.035090784e+03 +3.0603e+00 +2.0980e+00 -2.3608e+00 -6.3058e-02 +1.3595e+00 +2.5587e+00 -6.4285e-01 +3.5979e+00 -1.8296e+00 -5.8890e-01 -3.8068e+00 +2.1894e+00 +8.5126e-01 +2.1970e+00 +1.9468e+00 +2.2447e+00 -1.3567e-02 +3.0203e+00 +8.4591e-01 +2.4305e+00
106 0 +8.729737892e+02 +8.729737892e+02 +9.886537892e+02 +9.886537892e+02 +3.0775e+00 +2.1547e+00 -1.1496e+00 +2.9985e-01 +1.7719e+00 +1.6307e+00 -8.2157e-01 +3.6657e+00 -1.9505e+00 -3.4511e-01 -3.8541e+00 +1.8348e+00 +5.2727e-01 +1.8811e-03 +2.0235e+00 +2.3636e+00 -4.2826e-01 +3.8947e+00 +1.3145e+00 +1.4158e+00
147 0 +8.426941620e+02 +8.426941620e+02 +9.583741620e+02 +9.583741620e+02 +3.0821e+00 +2.0252e+00 -2.1369e+00 -1.2423e-01 +1.3786e+00 +3.4263e+00 -8.9883e-01 +3.7173e+00 -1.8276e+00 +5.8004e-01 -3.1225e+00 -2.7723e-01 +1.5114e+00 +1.9237e+00 +2.3164e+00 +7.4110e-01 +2.9272e-01 +2.8961e+00 +1.3732e+00 +2.0031e+00
149 0 +8.103993456e+02 +8.103993456e+02 +9.260793456e+02 +9.260793456e+02 +3.0602e+00 +3.0681e+00 -2.3442e+00 +8.1328e-02 +1.9143e+00 +3.8744e-01 -6.7316e-01 +6.2190e-01 -1.8791e+00 +5.2976e-01 -3.6318e+00 +2.2197e+00 +1.4126e+00 +2.2723e+00 +1.9743e+00 +1.3943e+00 +3.2379e-01 +3.1371e+00 +1.8502e+00 +2.3308e+00
169 0 +7.584223944e+02 +7.584223944e+02 +8.741023944e+02 +8.741023944e+02 +3.0613e+00 +2.7563e+00 -2.3375e+00 +2.3081e+00 +1.7444e+00 -4.6182e-01 -7.5152e-01 +2.9419e+00 -1.8445e+00 -7.1717e-02 -3.5436e+00 +2.2037e+00 +2.8651e+00 +2.6724e+00 +1.9726e+00 +1.3677e+00 +4.8290e-01 +3.0955e+00 +1.9384e+00 +2.7228e+00
368 0 +7.377439879e+02 +7.377439879e+02 +8.534239879e+02 +8.534239879e+02 +3.0632e+00 +2.9392e+00 -2.3385e+00 +3.7352e+00 +1.6907e+00 -1.1212e-01 -6.9457e-01 +1.6118e+00 -1.9400e+00 -4.7767e-02 -3.6170e+00 +2.2071e+00 +1.6579e+00 +2.5828e+00 +2.0485e+00 +1.3387e+00 +4.2883e-01 +3.0909e+00 +2.7307e+00 +2.9061e+00
448 0 +7.237541103e+02 +7.237541103e+02 +8.394341103e+02 +8.394341103e+02 +3.0627e+00 +2.9214e+00 -2.3304e+00 +3.0153e+00 +1.7040e+00 -1.7500e-01 -6.9041e-01 +1.5937e+00 -1.9295e+00 -1.7730e-01 -3.6105e+00 +2.2060e+00 +1.5523e+00 +2.5926e+00 +2.0552e+00 +1.3458e+00 +4.2218e-01 +3.0898e+00 +2.7648e+00 +2.8936e+00
% f evaluations | g evaluations | best noise-free fitness - Fopt | noise-free fitness - Fopt (-3.710000000000e+00) | measured fitness | best measured fitness | x1 | x2...
1 0 +1.895339310e+03 +1.895339310e+03 +1.891629310e+03 +1.891629310e+03 -4.9709e+00 -3.0422e+00 -4.1287e+00 -3.3570e+00 +1.2497e+00 -4.9386e+00 -3.9450e+00 +5.0441e-02 +2.2612e+00 +1.9196e+00 -2.9728e+00 +3.2155e+00 +4.7510e+00 +1.1213e+00 -3.2496e+00 -4.2104e+00 +1.4974e+00 -3.3146e+00 +1.4607e+00 +1.1193e+00
6 0 +1.530430931e+03 +1.530430931e+03 +1.526720931e+03 +1.526720931e+03 -4.8875e+00 +3.1201e+00 -3.1057e+00 +4.9393e+00 -3.5529e+00 -1.2716e+00 -3.3566e+00 -2.3705e-01 +3.3876e+00 +3.3956e+00 -4.0379e+00 -2.2435e+00 -8.4326e-01 +1.4820e+00 -3.1685e+00 -3.1185e+00 +1.5173e+00 +1.5333e+00 -9.9330e-01 -4.8256e-01
10 0 +1.143418294e+03 +1.143418294e+03 +1.139708294e+03 +1.139708294e+03 -5.3104e-01 +2.5866e+00 -1.9175e+00 +5.4575e-01 -2.3046e+00 +1.9618e+00 -3.4957e+00 -3.2506e+00 +1.7238e+00 +1.1951e+00 +2.8636e+00 +3.1668e-01 +2.1221e+00 +1.2681e+00 -1.9017e+00 -5.3592e-01 +7.2080e-01 +4.8175e+00 -4.7196e+00 -2.0190e+00
51 0 +1.103263433e+03 +1.103263433e+03 +1.099553433e+03 +1.099553433e+03 +5.6294e-01 +3.9078e+00 -2.2384e+00 +3.5217e-01 -4.0360e+00 -3.1730e-01 -3.7913e+00 -4.5764e+00 +1.9786e+00 +1.2678e+00 +4.5736e+00 +2.0218e+00 +1.9961e+00 +1.3339e+00 -1.5380e+00 -3.6688e+00 +4.8008e-01 +2.9121e+00 -2.5232e+00 -8.5662e-01
62 0 +1.033916477e+03 +1.033916477e+03 +1.030206477e+03 +1.030206477e+03 -9.5237e-01 +2.5650e+00 -1.1160e+00 +1.2472e+00 -2.4128e+00 +2.7160e+00 -3.5153e+00 -3.1305e+00 +3.3860e-01 +1.7754e+00 +7.5283e-01 +1.1923e+00 +2.4139e+00 +4.4601e-01 -3.3322e+00 -5.8056e-01 +7.7278e-01 +3.7041e+00 -4.1421e+00 -1.9511e+00
80 0 +9.220158547e+02 +9.220158547e+02 +9.183058547e+02 +9.183058547e+02 -6.1945e-01 +2.9853e+00 -2.8974e-02 -2.5678e+00 -2.3817e-02 +5.0000e+00 -2.4271e+00 -3.0408e+00 +1.7327e+00 +8.5366e-01 +2.6505e+00 +8.7192e-01 +1.8832e+00 +1.9190e+00 -2.3094e+00 -5.8174e-01 +5.6570e-02 +4.9105e+00 -2.9241e+00 -2.0518e+00
81 0 +7.694102040e+02 +7.694102040e+02 +7.657002040e+02 +7.657002040e+02 -1.2482e-01 +2.5134e+00 +1.6193e+00 +6.4002e-01 -1.4169e+00 +1.6227e+00 -3.5994e+00 -3.2176e+00 +1.3673e+00 -1.0080e+00 +2.7479e+00 +1.6702e+00 +1.1034e+00 -8.7195e-01 -2.3181e+00 -7.4476e-01 +1.1576e+00 +4.8996e+00 +4.2218e-01 +1.2605e+00
82 0 +7.444077262e+02 +7.444077262e+02 +7.406977262e+02 +7.406977262e+02 +3.3295e+00 +1.0349e+00 -2.0620e+00 -8.0400e-01 -8.6185e-01 +1.0742e+00 -3.5495e+00 -3.5719e+00 +2.2054e+00 +1.2321e+00 +3.6533e+00 +4.8870e-01 +2.6358e+00 +3.0502e+00 -1.9699e+00 -3.2043e+00 -1.2672e+00 +3.0734e+00 -6.8616e-01 -1.9279e+00
104 0 +7.062884273e+02 +7.062884273e+02 +7.025784273e+02 +7.025784273e+02 +1.9395e+00 +5.8257e-01 -2.0657e+00 -6.7019e-01 -3.1671e-01 +1.1001e+00 -3.5026e+00 -3.6982e+00 +1.7325e+00 +1.1750e+00 +3.6880e+00 +5.4319e-01 +2.6728e+00 +4.7963e+00 -1.7060e+00 -3.0033e+00 -1.0974e+00 +3.4935e+00 +1.1112e+00 -1.9522e+00
109 0 +6.426088932e+02 +6.426088932e+02 +6.388988932e+02 +6.388988932e+02 -3.3096e-01 +1.8212e+00 -2.1788e+00 -1.0872e+00 -1.6651e+00 +2.9294e+00 -3.6885e+00 -2.5792e+00 +2.7141e+00 +1.4239e+00 +3.2931e+00 +2.3744e-01 +2.6251e+00 +2.4174e+00 -1.7075e+00 -3.5065e+00 -8.4657e-01 +4.3094e+00 +1.0461e+00 -1.8639e+00
112 0 +5.680272023e+02 +5.680272023e+02 +5.643172023e+02 +5.643172023e+02 +3.1905e+00 +8.6733e-01 -2.1515e+00 -1.0346e+00 -2.7038e-01 +1.4609e+00 -3.5307e+00 -3.3722e+00 +2.3789e+00 +1.2205e+00 +3.7667e+00 +5.8151e-01 +2.5562e+00 +2.1704e+00 -2.0087e+00 -4.7935e+00 -1.2067e+00 +1.9680e+00 +1.3937e+00 -1.9402e+00
150 0 +5.392522323e+02 +5.392522323e+02 +5.355422323e+02 +5.355422323e+02 +2.4533e+00 +4.4538e-01 -1.9409e+00 -8.0418e-01 -1.5259e+00 +1.4772e+00 -3.3797e+00 -3.2719e+00 +2.3122e+00 +1.2403e+00 +3.5319e+00 +6.0063e-01 +2.6483e+00 +2.6201e+00 -1.6696e+00 -4.8202e+00 -1.6397e+00 +3.5626e+00 +1.7995e+00 -3.5642e+00
156 0 +5.215662698e+02 +5.215662698e+02 +5.178562698e+02 +5.178562698e+02 +2.2908e+00 +3.6164e-01 -1.9046e+00 -7.9657e-01 -1.7646e+00 +1.4162e+00 -3.3541e+00 -3.1807e+00 +2.1788e+00 +1.2924e+00 +3.4871e+00 +5.7047e-01 +2.6317e+00 +1.1912e+00 -1.6538e+00 -5.0000e+00 -1.3325e+00 +3.5740e+00 +1.4637e+00 -4.7029e+00
180 0 +4.911957202e+02 +4.911957202e+02 +4.874857202e+02 +4.874857202e+02 +2.8068e+00 +3.7120e-01 -1.9453e+00 -8.1009e-01 -1.6044e+00 +1.4765e+00 -3.4070e+00 -3.2118e+00 +2.3194e+00 +1.1846e+00 +3.6767e+00 +5.0047e-01 +2.6378e+00 +2.5873e+00 -1.4270e+00 -3.2970e+00 -1.5472e+00 +3.6528e+00 +1.9417e+00 -3.8502e+00
217 0 +4.430546745e+02 +4.430546745e+02 +4.393446745e+02 +4.393446745e+02 +3.0511e+00 +3.7268e-01 -1.9349e+00 -8.1138e-01 -9.5610e-01 +1.5499e+00 -3.3871e+00 -3.2252e+00 +2.3174e+00 +1.2130e+00 +3.7829e+00 +5.5424e-01 +2.6286e+00 +2.5816e+00 -1.6688e+00 -3.5988e+00 -1.5532e+00 +3.6062e+00 +3.2036e+00 -3.8978e+00
290 0 +4.310074977e+02 +4.310074977e+02 +4.272974977e+02 +4.272974977e+02 +3.0162e+00 +3.6018e-01 -1.9349e+00 -8.0995e-01 -5.7584e-01 +1.4176e+00 -3.3787e+00 -3.2277e+00 +2.3169e+00 +1.2126e+00 +3.7324e+00 +5.2356e-01 +2.6238e+00 +2.6560e+00 -1.5208e+00 -3.6957e+00 -1.5533e+00 +3.6197e+00 +3.1832e+00 -3.1222e+00
313 0 +4.252696280e+02 +4.252696280e+02 +4.215596280e+02 +4.215596280e+02 +3.0687e+00 +3.8026e-01 -1.9351e+00 -8.0840e-01 -6.3855e-01 +1.3945e+00 -3.3728e+00 -3.2290e+00 +2.3165e+00 +1.2340e+00 +3.6828e+00 +5.4459e-01 +2.6185e+00 +2.7268e+00 -1.4877e+00 -3.6856e+00 -1.5511e+00 +3.6177e+00 +3.1867e+00 -3.0125e+00
368 0 +4.109878992e+02 +4.109878992e+02 +4.072778992e+02 +4.072778992e+02 +2.9833e+00 +3.6588e-01 -1.9365e+00 -8.1233e-01 -6.2360e-01 +1.4135e+00 -3.3841e+00 -3.2346e+00 +2.3243e+00 +1.2140e+00 +3.7562e+00 +5.4960e-01 +2.6254e+00 +2.7032e+00 -1.5303e+00 -3.2818e+00 -1.5460e+00 +3.6222e+00 +2.8053e+00 -3.1893e+00
568 0 +4.069463311e+02 +4.069463311e+02 +4.032363311e+02 +4.032363311e+02 +2.9888e+00 +3.6616e-01 -1.9361e+00 -8.1468e-01 -6.5477e-01 +1.4151e+00 -3.3836e+00 -3.2408e+00 +2.3248e+00 +1.2143e+00 +3.7538e+00 +5.5038e-01 +2.6258e+00 +2.7013e+00 -1.5290e+00 -3.2669e+00 -1.5459e+00 +3.6218e+00 +2.8205e+00 -3.1927e+00
% f evaluations | g evaluations | best noise-free fitness - Fopt | noise-free fitness - Fopt (1.321800000000e+02) | measured fitness | best measured fitness | x1 | x2...
1 0 +6.855282430e+03 +6.855282430e+03 +6.987462430e+03 +6.987462430e+03 -3.7762e+00 +4.3322e+00 -2.9905e+00 +1.8051e+00 +8.4399e-01 +2.2706e+00 +4.2853e+00 +8.7223e-01 -2.5972e+00 -1.2016e+00 +4.5032e+00 -3.1311e+00 +1.5891e+00 +7.9340e-01 -3.9071e+00 -1.3957e+00 +1.1357e+00 -3.7996e+00 +8.3961e-01 -2.8758e-02
2 0 +9.995750459e+02 +9.995750459e+02 +1.131755046e+03 +1.131755046e+03 +2.6277e+00 +2.2478e+00 +2.0222e+00 -2.3116e+00 +1.5401e+00 +1.8179e+00 -7.0085e-01 +3.5300e+00 -1.1419e+00 +1.8076e+00 -3.4930e-01 -9.8292e-01 +1.0254e+00 -4.8047e+00 +2.8579e+00 +1.5988e+00 -1.3446e+00 -2.7615e+00 +5.6624e-01 +2.1562e+00
54 0 +6.299454127e+02 +6.299454127e+02 +7.621254127e+02 +7.621254127e+02 +4.1950e+00 +4.8220e+00 +1.9651e+00 -3.3850e+00 +1.1125e+00 +9.9515e-01 +7.2716e-01 +3.7103e+00 -9.2601e-01 +1.3372e+00 -1.1271e+00 -2.1143e+00 +9.5220e-01 +3.1819e-01 +3.1123e+00 +2.1385e+00 +7.4611e-01 -3.8631e-01 +2.0306e-02 +2.4305e+00
103 0 +5.347490046e+02 +5.347490046e+02 +6.669290046e+02 +6.669290046e+02 +4.6043e+00 +4.3898e+00 +1.5021e+00 -2.9185e+00 +9.7511e-01 +1.2494e+00 -1.6188e+00 +3.3523e+00 -7.7629e-01 +1.4154e+00 -1.5440e+00 -2.4547e+00 +1.0263e+00 +1.5798e+00 +3.1882e+00 +1.1537e+00 +1.5274e+00 +1.6088e+00 +7.2074e-02 +1.7623e+00
133 0 +4.670421828e+02 +4.670421828e+02 +5.992221828e+02 +5.992221828e+02 +3.7640e+00 +4.5338e+00 +1.9897e+00 -4.2594e+00 +1.0954e+00 +1.5725e+00 +9.7967e-03 +3.7916e+00 -8.3319e-01 +1.4807e+00 -1.5778e+00 -1.7370e+00 +9.6004e-01 +1.8052e-01 +5.5134e-01 +2.3352e+00 +5.5562e-01 +3.2177e+00 +1.3303e-02 +2.2325e+00
139 0 +4.495741106e+02 +4.495741106e+02 +5.817541106e+02 +5.817541106e+02 +3.7769e+00 +4.7170e+00 +1.7756e+00 -3.4006e+00 +1.1524e+00 +1.1616e+00 -2.9857e-01 +4.0023e+00 -7.3197e-01 +1.1017e+00 -1.3413e+00 -8.7766e-01 +9.0053e-01 +1.2850e+00 +2.9608e+00 +2.1296e+00 +1.2537e+00 +4.6149e-01 -4.8739e-01 +1.1128e+00
161 0 +4.312188686e+02 +4.312188686e+02 +5.633988686e+02 +5.633988686e+02 +3.7410e+00 +4.5230e+00 +1.7771e+00 -3.4023e+00 +1.1383e+00 +1.1613e+00 -1.6186e-01 +4.1616e+00 -4.0296e-01 +9.8534e-01 -1.3283e+00 -8.6505e-01 +9.1881e-01 +1.4146e+00 +3.0339e+00 +2.0913e+00 +1.3548e+00 +1.2356e+00 -1.4675e+00 +4.1953e-01
165 0 +3.643259498e+02 +3.643259498e+02 +4.965059498e+02 +4.965059498e+02 +3.5734e+00 +4.6103e+00 +2.6005e+00 -3.4593e+00 +1.2378e+00 +1.1225e+00 -4.1650e-01 +3.9138e+00 -8.9669e-01 +9.5282e-01 -9.7069e-01 -2.3715e-03 +8.8521e-01 +2.3513e+00 +2.9848e+00 +2.3058e+00 +1.3631e+00 +2.1230e-01 -1.1507e-01 +2.0009e+00
259 0 +3.584199062e+02 +3.584199062e+02 +4.905999062e+02 +4.905999062e+02 +3.5675e+00 +4.6034e+00 +2.5744e+00 -3.4600e+00 +1.2375e+00 +1.1065e+00 -4.1507e-01 +3.9138e+00 -8.8153e-01 +9.4527e-01 -1.0510e+00 -6.9022e-03 +8.9107e-01 +2.2747e+00 +2.9893e+00 +2.2976e+00 +1.3366e+00 +2.0701e-01 -1.3655e-01 +1.6768e+00
322 0 +3.483680795e+02 +3.483680795e+02 +4.805480795e+02 +4.805480795e+02 +3.5747e+00 +4.5998e+00 +2.5705e+00 -3.4675e+00 +1.2374e+00 +1.1017e+00 -4.1326e-01 +3.9135e+00 -8.8440e-01 +9.6577e-01 -1.0826e+00 -7.1816e-03 +8.9566e-01 +2.3426e+00 +2.9861e+00 +2.3145e+00 +1.3306e+00 +2.0228e-01 -2.1267e-01 +1.3417e+00
357 0 +3.393468409e+02 +3.393468409e+02 +4.715268409e+02 +4.715268409e+02 +3.5675e+00 +4.5994e+00 +2.5679e+00 -3.4651e+00 +1.2406e+00 +1.1093e+00 -4.1497e-01 +3.9117e+00 -8.5435e-01 +9.4534e-01 -1.2819e+00 -6.1375e-02 +8.9625e-01 +2.2748e+00 +2.9916e+00 +2.2980e+00 +1.3370e+00 +2.1756e-01 -1.3332e-01 +1.6515e+00
363 0 +3.357392474e+02 +3.357392474e+02 +4.679192474e+02 +4.679192474e+02 +3.5675e+00 +4.6014e+00 +2.5698e+00 -3.4657e+00 +1.2399e+00 +1.1073e+00 -4.1495e-01 +3.9106e+00 -8.4886e-01 +9.4537e-01 -1.3433e+00 -1.0628e-01 +8.9543e-01 +2.2748e+00 +2.9908e+00 +2.2978e+00 +1.3368e+00 +2.2031e-01 -1.3229e-01 +1.6563e+00
382 0 +3.310639754e+02 +3.310639754e+02 +4.632439754e+02 +4.632439754e+02 +3.5677e+00 +4.6038e+00 +2.5727e+00 -3.4652e+00 +1.2403e+00 +1.1091e+00 -4.1680e-01 +3.9111e+00 -8.6776e-01 +9.3963e-01 -1.3822e+00 -5.9251e-02 +8.9486e-01 +2.2997e+00 +2.9917e+00 +2.2972e+00 +1.3392e+00 +2.2259e-01 -1.3367e-01 +1.6482e+00
% f evaluations | g evaluations | best noise-free fitness - Fopt | noise-free fitness - Fopt (-3.930000000000e+01) | measured fitness | best measured fitness | x1 | x2...
1 0 +8.151581212e+03 +8.151581212e+03 +8.112281212e+03 +8.112281212e+03 -1.3254e+00 +1.1231e+00 -3.8393e+00 -3.1324e+00 -2.7978e+00 -1.7435e+00 -2.6547e+00 +1.2878e+00 -8.4198e-01 -3.9166e-01 -1.4678e+00 +2.7491e+00 -3.4083e+00 -4.7368e-02 +3.1135e+00 -3.7393e+00 +4.9419e+00 +3.9915e+00 -3.5532e+00 +1.8629e-02
3 0 +1.195385002e+03 +1.195385002e+03 +1.156085002e+03 +1.156085002e+03 -3.2478e+00 -3.6942e+00 +5.2249e-01 -3.6706e+00 +6.2486e-01 +3.6492e+00 -2.8037e+00 +4.7686e+00 +3.2457e-01 -1.5258e+00 -7.6073e-01 +3.9248e+00 -2.0124e+00 -4.9281e+00 +1.0889e+00 +3.8941e+00 -2.5113e+00 +6.9852e-02 -4.7029e+00 -4.7681e+00
54 0 +1.070454476e+03 +1.070454476e+03 +1.031154476e+03 +1.031154476e+03 -5.0000e+00 -2.8891e+00 +5.8380e-01 -2.1923e+00 +9.3769e-01 +5.0000e+00 -2.7866e+00 +5.0000e+00 -9.2861e-02 -3.2709e+00 -8.8573e-01 -2.9773e+00 -3.5662e+00 -5.0000e+00 +1.2876e+00 +8.7731e-01 +2.2040e-01 +1.6029e+00 -5.0000e+00 -4.3470e+00
67 0 +9.265390343e+02 +9.265390343e+02 +8.872390343e+02 +8.872390343e+02 -2.0667e+00 -8.3978e-01 -1.2511e+00 -3.3372e+00 -4.1413e-01 +8.5209e-01 -2.1074e+00 +3.1062e+00 +1.9906e+00 -8.7581e-01 -1.2582e-01 +4.1579e+00 -1.9470e+00 -5.0000e+00 +1.0007e+00 +1.6342e+00 -2.5901e+00 +9.1892e-01 -3.3407e+00 -4.2052e+00
104 0 +8.330733822e+02 +8.330733822e+02 +7.937733822e+02 +7.937733822e+02 -2.6103e+00 -8.0058e-01 -1.0278e+00 -3.0604e+00 -1.6871e+00 -9.1031e-01 -1.9319e+00 +3.9676e+00 +1.0363e+00 -8.6503e-01 -9.0955e-02 +4.1663e+00 -1.6595e+00 -5.0000e+00 +1.9307e-01 +2.6743e+00 -1.5377e-01 +6.6322e-01 -3.0644e+00 -4.2554e+00
118 0 +8.238357327e+02 +8.238357327e+02 +7.845357327e+02 +7.845357327e+02 -2.2414e+00 -9.7074e-01 -2.8904e-01 -3.3683e+00 -5.4862e-01 -3.4604e-01 -3.0648e+00 +3.3959e+00 +1.2757e-01 -7.8686e-01 -1.5887e-01 +4.4371e+00 -2.1863e+00 -5.0000e+00 +9.5774e-01 -9.9583e-01 -2.4272e+00 +1.2922e+00 -3.3214e+00 -4.2846e+00
147 0 +7.420005989e+02 +7.420005989e+02 +7.027005989e+02 +7.027005989e+02 -2.4916e+00 -8.5652e-01 -1.0543e+00 -2.6970e+00 -3.8006e-01 -2.1271e+00 -2.0829e+00 +3.3003e+00 +1.8100e+00 -6.8127e-01 +2.6615e-02 +4.0417e+00 -1.8605e+00 -5.0000e+00 +1.0829e+00 +9.9575e-01 -2.4321e+00 +1.3313e+00 -2.9899e+00 -4.3662e+00
158 0 +7.358525178e+02 +7.358525178e+02 +6.965525178e+02 +6.965525178e+02 -2.5043e+00 -7.7949e-01 -1.2547e+00 -2.6930e+00 +2.0392e-01 -8.9647e-01 -1.9512e+00 +3.4986e+00 +1.7985e+00 +2.7083e-01 +1.4919e-01 +4.1397e+00 -1.7188e+00 -5.0000e+00 +1.0819e+00 +7.9237e-01 -2.0923e+00 +1.2091e+00 -2.7987e+00 -4.3776e+00
185 0 +6.927762523e+02 +6.927762523e+02 +6.534762523e+02 +6.534762523e+02 -2.6575e+00 -7.0075e-01 -1.1896e+00 -2.6978e+00 -3.8477e-01 -1.6156e+00 -2.0909e+00 +3.3211e+00 +1.8106e+00 -3.9288e-01 +2.2245e-01 +4.1433e+00 -1.8928e+00 -5.0000e+00 +1.0676e+00 +5.2861e-01 -2.4064e+00 +1.6388e+00 -2.5798e+00 -4.3497e+00
210 0 +6.586658907e+02 +6.586658907e+02 +6.193658907e+02 +6.193658907e+02 -2.6019e+00 -7.0040e-01 -1.1577e+00 -2.6975e+00 -6.3184e-01 -1.7323e+00 -2.1521e+00 +3.2900e+00 +1.8108e+00 -5.4404e-01 +2.3261e-01 +4.1425e+00 -1.8662e+00 -5.0000e+00 +1.0759e+00 +5.4262e-01 -2.1939e+00 +1.6590e+00 -2.6885e+00 -4.3471e+00
315 0 +6.444463543e+02 +6.444463543e+02 +6.051463543e+02 +6.051463543e+02 -2.6055e+00 -7.0614e-01 -1.2171e+00 -2.7083e+00 -5.6113e-01 -1.8052e+00 -2.1680e+00 +3.2902e+00 +1.7405e+00 -5.3569e-01 +2.6461e-01 +4.1420e+00 -1.8649e+00 -5.0000e+00 +1.0776e+00 +5.5606e-01 -2.1600e+00 +1.6993e+00 -2.6791e+00 -4.3707e+00
2420 0 +6.308870420e+02 +6.308870420e+02 +5.915870420e+02 +5.915870420e+02 -2.6075e+00 -7.1685e-01 -1.1226e+00 -2.7037e+00 -4.2212e-01 -1.6692e+00 -2.1067e+00 +3.2861e+00 +1.8076e+00 -5.3143e-01 +2.4821e-01 +4.1475e+00 -1.8674e+00 -5.0000e+00 +1.0418e+00 +5.6983e-01 -2.1409e+00 +1.7350e+00 -2.6485e+00 -4.3969e+00
% f evaluations | g evaluations | best noise-free fitness - Fopt | noise-free fitness - Fopt (4.296000000000e+01) | measured fitness | best measured fitness | x1 | x2...
1 0 +9.679959921e+03 +9.679959921e+03 +9.722919921e+03 +9.722919921e+03 -4.6978e+00 +2.5664e+00 +2.0513e+00 +4.9631e+00 -9.5360e-01 -4.8935e+00 -3.3726e-01 +2.9029e+00 -1.8359e+00 +3.5750e+00 -4.0382e-01 -3.6914e+00 -4.0200e+00 -2.0784e+00 +2.3458e+00 +1.6761e+00 +4.9527e+00 +4.8636e+00 -1.9397e+00 +1.6890e+00
2 0 +9.385067599e+03 +9.385067599e+03 +9.428027599e+03 +9.428027599e+03 +4.3704e+00 +4.9235e+00 -4.1752e+00 +3.4124e+00 +1.5084e+00 +4.5574e+00 +4.8822e+00 +2.2139e+00 +3.0209e+00 -9.5436e-01 -2.4658e+00 +3.7457e+00 +1.8208e+00 -2.5795e+00 +2.0480e+00 -3.8489e+00 -1.9276e+00 -4.6039e+00 -1.8218e+00 +1.9891e+00
3 0 +4.031783374e+03 +4.031783374e+03 +4.074743374e+03 +4.074743374e+03 -8.4108e-01 +3.9186e+00 +2.3946e+00 +3.8760e+00 -4.0085e-01 -3.4012e+00 -1.7254e+00 -3.1386e+00 -3.0686e+00 +3.5291e+00 +3.2154e+00 -4.1136e+00 -4.0479e+00 -3.9084e+00 -2.1448e+00 -4.6675e+00 -3.1575e+00 +3.3605e+00 -7.3411e-01 +3.5812e+00
8 0 +1.552842297e+03 +1.552842297e+03 +1.595802297e+03 +1.595802297e+03 -3.2734e-01 -9.4695e-01 -3.6704e+00 +4.3509e+00 -4.8177e+00 -7.8442e-01 -1.3155e+00 +4.9726e+00 +1.9923e-02 +2.0286e+00 -1.4444e+00 -3.1399e+00 -2.1707e+00 +3.8122e+00 -1.8486e+00 -4.7736e+00 -9.8786e-01 -1.6847e+00 +3.8117e-02 -2.8459e+00
15 0 +1.260485026e+03 +1.260485026e+03 +1.303445026e+03 +1.303445026e+03 +1.0735e+00 -3.2085e+00 -4.4278e+00 -6.6931e-01 -4.1492e+00 -3.4196e+00 -3.7900e+00 -5.6639e-01 +1.2453e+00 -2.9797e+00 -3.4364e+00 +4.9718e+00 -7.3695e-01 -2.9045e+00 -2.8326e-01 -4.6080e+00 -2.3159e+00 -2.7102e-01 +5.1944e-02 -3.3057e-01
22 0 +1.060045397e+03 +1.060045397e+03 +1.103005397e+03 +1.103005397e+03 +4.7036e-01 -4.5570e+00 +8.4888e-01 -1.4691e+00 -4.1326e+00 -2.7833e+00 -1.9029e+00 -4.5148e+00 +2.2870e+00 -4.0407e+00 -6.1870e-01 +2.2539e+00 -2.7873e+00 -3.1277e+00 -4.8852e+00 -1.3253e+00 +1.2591e+00 +2.9255e+00 +7.7199e-01 +4.6871e+00
64 0 +9.903730009e+02 +9.903730009e+02 +1.033333001e+03 +1.033333001e+03 +5.3447e-01 -4.6272e+00 +1.8867e+00 -1.4109e+00 -4.0146e+00 -2.7530e+00 -5.0000e+00 -4.2953e+00 +2.2804e+00 -4.0771e+00 -1.2688e-01 +2.9592e+00 -1.5416e+00 -7.5214e-01 -5.0000e+00 -3.9262e-01 +1.5399e+00 +4.7974e+00 -2.1872e-01 +4.1515e+00
73 0 +9.382546398e+02 +9.382546398e+02 +9.812146398e+02 +9.812146398e+02 +1.6695e-01 -4.3810e+00 +3.1755e+00 -2.6158e+00 -1.5528e+00 +7.6557e-02 -3.3549e+00 +1.9434e+00 +1.1379e+00 -3.1431e+00 -9.1080e-01 +6.2810e-01 -3.3883e+00 -9.9078e-02 -4.0266e+00 -1.4591e+00 +1.1544e+00 +3.3166e+00 +8.5955e-01 +3.4134e+00
78 0 +7.625064748e+02 +7.625064748e+02 +8.054664748e+02 +8.054664748e+02 +1.9321e+00 -4.7336e+00 -9.9445e-01 -1.5428e+00 -5.0000e+00 -3.3970e+00 -1.3697e+00 -4.3289e+00 +1.9630e+00 -4.7141e+00 +8.1114e-01 +2.1392e+00 -3.5190e+00 +1.2164e+00 -5.1325e-01 -1.4336e+00 -8.7588e-01 +2.5720e+00 +2.9742e+00 +3.7545e+00
132 0 +7.105528404e+02 +7.105528404e+02 +7.535128404e+02 +7.535128404e+02 +1.9542e+00 -4.9790e+00 -3.4940e+00 -1.4166e+00 -5.0000e+00 -3.5117e+00 -9.3997e-01 -4.3595e+00 +1.9004e+00 -4.7316e+00 +8.9434e-01 +2.2742e+00 -2.1109e+00 +2.2074e+00 -5.1901e-01 -1.4439e+00 -8.3009e-01 +1.9320e+00 +3.3758e+00 +4.5112e+00
165 0 +6.888395695e+02 +6.888395695e+02 +7.317995695e+02 +7.317995695e+02 +1.9505e+00 -4.9791e+00 -2.2602e+00 -1.3913e+00 -4.8086e+00 -3.5340e+00 -7.8657e-01 -4.3565e+00 +1.8888e+00 -4.7337e+00 +9.1459e-01 +2.3074e+00 -2.1790e+00 +2.7439e+00 -7.0661e-01 -1.4524e+00 +1.9012e-01 +1.9639e+00 +3.1955e+00 +4.5083e+00
204 0 +6.629546697e+02 +6.629546697e+02 +7.059146697e+02 +7.059146697e+02 +1.2645e+00 -4.9408e+00 -3.1736e+00 -1.4252e+00 -4.8719e+00 -3.7820e+00 -1.0118e+00 -4.1614e+00 +1.8953e+00 -4.6843e+00 +9.0741e-01 +3.3991e+00 -1.6533e+00 +1.8559e+00 -5.6575e-01 -1.4031e+00 -6.9618e-01 +1.5462e+00 +3.4316e+00 +4.6269e+00
224 0 +6.477156179e+02 +6.477156179e+02 +6.906756179e+02 +6.906756179e+02 +1.4888e+00 -4.9492e+00 -3.1397e+00 -1.4228e+00 -4.9077e+00 -4.0004e+00 -9.6625e-01 -4.1837e+00 +1.8936e+00 -4.6751e+00 +9.0090e-01 +3.3268e+00 -1.3821e+00 +1.8373e+00 -4.9813e-01 -1.4248e+00 -8.3211e-01 +1.6926e+00 +3.2784e+00 +4.4268e+00
230 0 +6.400501471e+02 +6.400501471e+02 +6.830101471e+02 +6.830101471e+02 +1.4364e+00 -4.9325e+00 -2.7521e+00 -1.4235e+00 -4.8631e+00 -3.7828e+00 -1.0101e+00 -4.1480e+00 +1.8918e+00 -4.7723e+00 +9.1592e-01 +3.8852e+00 -1.6028e+00 +1.8605e+00 -1.1570e+00 -1.4076e+00 -6.8546e-01 +1.6948e+00 +3.5152e+00 +4.4791e+00
265 0 +6.125028078e+02 +6.125028078e+02 +6.554628078e+02 +6.554628078e+02 +1.7907e+00 -4.9166e+00 -2.8014e+00 -1.4188e+00 -4.8743e+00 -3.5772e+00 -1.0218e+00 -4.2892e+00 +1.8947e+00 -4.7094e+00 +9.1354e-01 +3.4910e+00 -1.5688e+00 +1.7868e+00 -5.1833e-01 -1.4053e+00 -7.3224e-01 +1.5168e+00 +3.5213e+00 +4.5361e+00
326 0 +5.956168780e+02 +5.956168780e+02 +6.385768780e+02 +6.385768780e+02 +1.6097e+00 -4.9149e+00 -2.7208e+00 -1.4168e+00 -4.8744e+00 -3.5926e+00 -1.0184e+00 -4.2949e+00 +1.8959e+00 -4.7084e+00 +9.1104e-01 +3.4938e+00 -1.5587e+00 +1.7966e+00 -5.2110e-01 -1.4095e+00 -6.9644e-01 +1.5141e+00 +3.4857e+00 +4.5265e+00
405 0 +5.851391540e+02 +5.851391540e+02 +6.280991540e+02 +6.280991540e+02 +1.4726e+00 -4.9154e+00 -2.7550e+00 -1.4176e+00 -4.8800e+00 -3.5733e+00 -1.0149e+00 -4.2894e+00 +1.8957e+00 -4.7083e+00 +9.0792e-01 +3.4937e+00 -1.5636e+00 +1.7994e+00 -5.2137e-01 -1.4108e+00 -6.9125e-01 +1.5138e+00 +3.4616e+00 +4.5091e+00
422 0 +5.735733242e+02 +5.735733242e+02 +6.165333242e+02 +6.165333242e+02 +1.6068e+00 -4.9140e+00 -2.7367e+00 -1.4168e+00 -4.8768e+00 -3.5974e+00 -1.0196e+00 -4.3032e+00 +1.8963e+00 -4.7084e+00 +7.4899e-01 +3.5000e+00 -1.4541e+00 +1.8012e+00 -5.2154e-01 -1.4113e+00 -6.9047e-01 +1.5148e+00 +3.4654e+00 +4.5130e+00
1263 0 +5.622222147e+02 +5.622222147e+02 +6.051822147e+02 +6.051822147e+02 +1.6067e+00 -4.9128e+00 -2.7213e+00 -1.4167e+00 -4.8777e+00 -3.5986e+00 -1.0200e+00 -4.3034e+00 +1.8959e+00 -4.7084e+00 +7.4304e-01 +3.4991e+00 -1.4565e+00 +1.8014e+00 -5.2113e-01 -1.3713e+00 -6.9091e-01 +1.5169e+00 +3.4593e+00 +4.5129e+00
% f evaluations | g evaluations | best noise-free fitness - Fopt | noise-free fitness - Fopt (2.842200000000e+02) | measured fitness | best measured fitness | x1 | x2...
1 0 +7.755552791e+03 +7.755552791e+03 +8.039772791e+03 +8.039772791e+03 +1.0081e+00 +5.4698e-01 -4.6974e+00 +1.6552e-01 -1.1131e+00 -7.3107e-01 -4.8879e+00 -4.6627e+00 -2.8393e+00 +2.6654e+00 +3.3518e+00 -3.8262e+00 -3.6531e+00 -1.3978e+00 -2.1717e+00 -4.9546e+00 -4.3007e+00 -3.7213e+00 +3.7160e+00 +1.1801e+00
3 0 +2.245352694e+03 +2.245352694e+03 +2.529572694e+03 +2.529572694e+03 +3.7368e+00 -2.3448e+00 +3.9564e+00 +1.0336e+00 -3.4380e+00 -3.3733e+00 +2.0681e+00 -2.4762e+00 +8.9782e-01 -3.5848e+00 -4.0311e+00 +3.5335e+00 -1.7498e+00 -4.5955e+00 -1.0120e+00 -2.0526e+00 -2.7905e+00 -1.3195e+00 +1.1784e+00 -4.4570e+00
4 0 +6.057527352e+02 +6.057527352e+02 +8.899727352e+02 +8.899727352e+02 -1.3540e+00 -1.7101e+00 -3.0629e+00 +3.0316e+00 +2.3073e+00 -2.2507e+00 -1.4898e-01 -4.5812e-01 +9.9271e-02 -4.5511e+00 -2.7434e+00 -8.4267e-01 -1.8211e+00 -6.2553e-01 -2.5465e-01 +6.7586e-01 +2.3486e+00 -2.2358e-01 -9.5284e-01 -3.9315e+00
77 0 +5.521562059e+02 +5.521562059e+02 +8.363762059e+02 +8.363762059e+02 +1.6004e+00 -3.0492e+00 -3.0580e+00 +3.0828e+00 +1.9807e+00 -1.7299e+00 -5.2669e-01 -2.8883e-01 +6.0842e-02 -3.4085e+00 -2.9670e+00 -7.1231e-01 +1.3564e+00 -4.2424e+00 +1.2423e+00 +5.7397e-01 +6.5436e-01 -2.9294e-01 -7.1011e-01 -5.0000e+00
104 0 +4.608936761e+02 +4.608936761e+02 +7.451136761e+02 +7.451136761e+02 +2.0109e+00 -2.1395e+00 -3.0558e+00 +3.1040e+00 +1.5473e+00 -1.6872e+00 +5.6878e-02 -3.9818e-01 -1.5481e-01 -3.4018e+00 -2.6922e+00 -5.6635e-02 +1.0412e+00 -5.0000e+00 +1.5280e+00 +7.0515e-01 +1.0275e+00 -2.3564e-01 -7.2833e-01 -5.0000e+00
170 0 +4.533069013e+02 +4.533069013e+02 +7.375269013e+02 +7.375269013e+02 +2.1458e+00 -1.0201e+00 -3.0568e+00 +3.0521e+00 +1.7377e+00 -2.0806e+00 -1.5246e-01 -6.2889e-01 -2.7634e-01 -3.4189e+00 -2.6920e+00 -1.3054e-01 +1.0456e+00 -5.0000e+00 +1.4597e+00 +7.7045e-01 +1.0775e+00 -1.5727e-01 -7.3307e-01 -5.0000e+00
209 0 +4.427499845e+02 +4.427499845e+02 +7.269699845e+02 +7.269699845e+02 +2.1016e+00 -1.3077e+00 -3.0482e+00 +3.0373e+00 +1.8105e+00 -2.1972e+00 -7.3342e-02 -5.8525e-01 -3.0211e-01 -3.4288e+00 -2.7502e+00 -1.0185e-01 +1.0522e+00 -5.0000e+00 +1.3457e+00 +7.9463e-01 +1.1126e+00 -1.9071e-01 -7.2854e-01 -5.0000e+00
210 0 +4.362999449e+02 +4.362999449e+02 +7.205199449e+02 +7.205199449e+02 +2.2258e+00 -1.1047e+00 -3.0568e+00 +3.0692e+00 +1.8179e+00 -2.2145e+00 -1.4991e-01 -8.2517e-01 -1.2855e-01 -3.4169e+00 -2.6465e+00 -2.9006e-01 +1.0070e+00 -5.0000e+00 +1.5137e+00 +7.7955e-01 +1.0949e+00 -1.7656e-01 -7.3340e-01 -5.0000e+00
245 0 +4.145906398e+02 +4.145906398e+02 +6.988106398e+02 +6.988106398e+02 +2.1296e+00 -1.1010e+00 -3.0567e+00 +3.0571e+00 +1.7660e+00 -2.0962e+00 -5.3659e-02 -6.4054e-01 -2.7009e-01 -3.4189e+00 -2.0619e+00 -1.3088e-01 +5.6850e-01 -5.0000e+00 +1.4489e+00 +7.6926e-01 +1.0760e+00 -1.5495e-01 -7.5064e-01 -5.0000e+00
295 0 +3.966796620e+02 +3.966796620e+02 +6.808996620e+02 +6.808996620e+02 +2.3930e+00 -1.0860e+00 -3.0567e+00 +3.0536e+00 +1.7705e+00 -2.1205e+00 -8.4144e-02 -6.0366e-01 -2.6957e-01 -3.4184e+00 -1.7032e+00 -1.4837e-01 +1.1594e+00 -5.0000e+00 +1.4452e+00 +7.6899e-01 +1.0799e+00 -1.7545e-01 -6.9720e-01 -5.0000e+00
332 0 +3.806108159e+02 +3.806108159e+02 +6.648308159e+02 +6.648308159e+02 +2.0352e+00 -1.0381e+00 -3.0558e+00 +3.0582e+00 +1.7714e+00 -2.0442e+00 -5.4940e-02 -6.3848e-01 -2.4981e-01 -3.4245e+00 -1.8561e+00 -1.3626e-01 +6.0178e-01 -5.0000e+00 +1.4574e+00 +1.4321e+00 +1.0778e+00 -1.6056e-01 -7.6383e-01 -5.0000e+00
366 0 +3.719186685e+02 +3.719186685e+02 +6.561386685e+02 +6.561386685e+02 +2.0419e+00 -1.0178e+00 -3.0557e+00 +3.0583e+00 +1.7663e+00 -2.0456e+00 -6.1866e-02 -6.5753e-01 -2.5191e-01 -3.4245e+00 -1.8904e+00 -1.5804e-01 +6.0210e-01 -5.0000e+00 +1.4523e+00 +1.7439e+00 +1.0776e+00 -1.6089e-01 -7.6341e-01 -5.0000e+00
367 0 +3.663798894e+02 +3.663798894e+02 +6.505998894e+02 +6.505998894e+02 +2.0556e+00 -1.0250e+00 -3.0557e+00 +3.0572e+00 +1.7720e+00 -2.0519e+00 -5.2337e-02 -6.3845e-01 -2.5153e-01 -3.4243e+00 -1.8584e+00 -1.3673e-01 +6.0239e-01 -5.0000e+00 +1.4450e+00 +2.0066e+00 +1.0773e+00 -1.6052e-01 -7.6382e-01 -5.0000e+00
428 0 +3.626317957e+02 +3.626317957e+02 +6.468517957e+02 +6.468517957e+02 +2.0426e+00 -1.0750e+00 -3.0553e+00 +3.0568e+00 +1.7689e+00 -2.0663e+00 -5.6672e-02 -6.3557e-01 -2.5014e-01 -3.4247e+00 -1.8995e+00 -1.3182e-01 +6.4726e-01 -5.0000e+00 +1.4527e+00 +1.9553e+00 +1.0773e+00 -1.5952e-01 -7.6285e-01 -5.0000e+00
1119 0 +3.548051896e+02 +3.548051896e+02 +6.390251896e+02 +6.390251896e+02 +2.0384e+00 -1.1247e+00 -3.0552e+00 +3.0542e+00 +1.7691e+00 -2.0557e+00 -5.5552e-02 -6.3554e-01 -2.4845e-01 -3.4241e+00 -1.8633e+00 -1.3399e-01 +6.5864e-01 -4.9995e+00 +1.4596e+00 +2.4553e+00 +1.0770e+00 -1.5930e-01 -7.6531e-01 -5.0000e+00
% f evaluations | g evaluations | best noise-free fitness - Fopt | noise-free fitness - Fopt (-3.217000000000e+01) | measured fitness | best measured fitness | x1 | x2...
1 0 +1.193935495e+04 +1.193935495e+04 +1.190718495e+04 +1.190718495e+04 -2.4312e+00 -3.9523e+00 -3.4229e+00 +3.5799e+00 -2.7806e+00 +4.5692e+00 +8.2191e-01 +4.0758e+00 +3.8668e+00 -1.4719e+00 +1.1592e+00 +4.7420e+00 -4.0694e+00 -1.3560e-01 -3.2886e+00 -4.1607e+00 +4.1058e+00 +3.3875e+00 -2.3063e+00 +3.4451e+00
2 0 +1.558050213e+03 +1.558050213e+03 +1.525880213e+03 +1.525880213e+03 -2.0846e-01 +1.2929e+00 -4.2735e+00 +1.9640e+00 +4.9914e+00 -4.5290e+00 -4.9150e+00 +4.5360e+00 -1.8757e+00 -4.8422e+00 +3.2846e+00 +3.5892e+00 +1.3847e+00 +2.6028e-01 +4.7148e-01 +2.7762e+00 -4.1900e+00 +2.4421e+00 +9.9889e-01 -2.9801e+00
16 0 +9.463884302e+02 +9.463884302e+02 +9.142184302e+02 +9.142184302e+02 +2.2692e+00 -2.2857e+00 -2.8312e+00 -2.5838e+00 -3.9481e+00 +1.2203e+00 -1.6224e+00 +3.1539e+00 -3.4025e+00 +5.3283e-01 -1.6478e+00 +4.8744e+00 +1.6900e+00 -1.3690e+00 +2.8128e+00 -2.3509e+00 -2.9043e+00 -4.7467e+00 +1.9620e+00 -3.9303e+00
24 0 +8.007894143e+02 +8.007894143e+02 +7.686194143e+02 +7.686194143e+02 +1.6576e+00 +3.7835e+00 -2.1064e+00 -8.7554e-01 +2.0787e+00 +1.1637e+00 -2.9734e+00 -3.9297e+00 +2.9361e-01 -4.2867e+00 -4.8977e+00 +3.2047e+00 -3.0766e+00 -2.7197e+00 +9.6506e-01 -2.7316e+00 -1.1032e+00 +1.4839e-01 +2.8225e+00 -3.6146e+00
106 0 +7.459019490e+02 +7.459019490e+02 +7.137319490e+02 +7.137319490e+02 +1.6476e+00 +4.6985e+00 -2.0753e+00 -8.7608e-01 +2.0126e+00 +1.1570e+00 -3.4564e+00 -4.0197e+00 +1.6502e-01 -3.7947e+00 -4.9456e+00 +3.2005e+00 -2.5140e+00 -2.7148e+00 +2.4689e+00 -1.6787e+00 -9.4690e-01 -2.4294e-01 +2.4974e+00 -2.8124e+00
160 0 +7.245982227e+02 +7.245982227e+02 +6.924282227e+02 +6.924282227e+02 +1.6516e+00 +4.8369e+00 -2.0678e+00 -8.8257e-01 +2.0417e+00 +1.5290e+00 -3.1031e+00 -3.4514e+00 +2.4406e-01 -2.9479e+00 -4.9556e+00 +3.1969e+00 -2.5973e+00 -2.7151e+00 +2.5916e+00 -1.6861e+00 -8.8790e-01 -1.6567e-01 +2.4989e+00 -2.2528e+00
182 0 +7.093602836e+02 +7.093602836e+02 +6.771902836e+02 +6.771902836e+02 +1.6478e+00 +4.7923e+00 -2.0390e+00 -1.0795e+00 +1.9383e+00 +1.1580e+00 -3.5604e+00 -3.9890e+00 +1.2521e-01 -3.9333e+00 -4.9523e+00 +3.1996e+00 -1.9842e+00 -2.8937e+00 +1.9576e+00 -1.7130e+00 -8.4273e-01 -6.6089e-01 +2.4959e+00 -1.8577e+00
192 0 +7.036280812e+02 +7.036280812e+02 +6.714580812e+02 +6.714580812e+02 +1.6445e+00 +5.0000e+00 -1.8484e+00 -1.0867e+00 +2.2692e+00 +1.1688e+00 -3.4568e+00 -4.0000e+00 +1.8889e-01 -3.3957e+00 -4.8279e+00 +3.1674e+00 -2.4970e+00 -2.6839e+00 +2.7799e+00 -2.1001e+00 -8.9698e-01 -1.4082e-01 +2.5357e+00 -2.4119e+00
218 0 +6.910386321e+02 +6.910386321e+02 +6.588686321e+02 +6.588686321e+02 +1.6445e+00 +5.0000e+00 -1.8922e+00 -1.0091e+00 +2.3170e+00 +1.1801e+00 -3.4316e+00 -4.0075e+00 +1.7410e-01 -3.3632e+00 -4.8521e+00 +3.1631e+00 -2.5215e+00 -2.6978e+00 +2.4281e+00 -2.0999e+00 -8.7040e-01 -2.0693e-01 +2.5325e+00 -2.2239e+00
285 0 +6.697161998e+02 +6.697161998e+02 +6.375461998e+02 +6.375461998e+02 +1.6601e+00 +5.0000e+00 -1.7991e+00 -1.1152e+00 +2.2134e+00 +1.0575e+00 -3.2845e+00 -3.9588e+00 +1.9041e-01 -3.3338e+00 -4.8885e+00 +3.1684e+00 -1.9186e+00 -2.6342e+00 +2.7102e+00 -1.8561e+00 -8.8327e-01 -1.6212e-01 +2.5324e+00 -2.7095e+00
365 0 +6.602616915e+02 +6.602616915e+02 +6.280916915e+02 +6.280916915e+02 +1.6544e+00 +5.0000e+00 -1.7559e+00 -1.0865e+00 +2.2136e+00 +1.0508e+00 -3.2925e+00 -3.9603e+00 +1.8400e-01 -3.3905e+00 -4.9388e+00 +3.1686e+00 -1.9761e+00 -2.6390e+00 +2.7245e+00 -1.8628e+00 -8.8425e-01 -1.6164e-01 +2.5285e+00 -2.7185e+00
415 0 +6.454670972e+02 +6.454670972e+02 +6.132970972e+02 +6.132970972e+02 +1.6534e+00 +5.0000e+00 -1.7931e+00 -1.0733e+00 +2.2135e+00 +1.0533e+00 -3.1962e+00 -3.9610e+00 +1.7667e-01 -3.3475e+00 -4.9566e+00 +3.1696e+00 -2.0112e+00 -2.6330e+00 +2.7313e+00 -1.8397e+00 -8.7086e-01 -1.6543e-01 +2.5340e+00 -2.6656e+00
% f evaluations | g evaluations | best noise-free fitness - Fopt | noise-free fitness - Fopt (-5.858000000000e+01) | measured fitness | best measured fitness | x1 | x2...
1 0 +6.615060999e+03 +6.615060999e+03 +6.556480999e+03 +6.556480999e+03 -3.3598e+00 +4.5724e+00 +4.3246e+00 +1.6529e+00 +8.4146e-01 -2.6092e+00 -3.6089e+00 -1.4736e+00 -3.7032e+00 -4.2607e+00 +1.9074e+00 -2.0228e+00 -4.9062e+00 -4.3985e+00 +4.4753e+00 +3.6077e+00 -1.2741e+00 +4.1268e+00 -1.4571e+00 +2.4237e+00
2 0 +3.087411761e+03 +3.087411761e+03 +3.028831761e+03 +3.028831761e+03 -4.7383e+00 +3.1586e+00 +7.1998e-01 -3.0423e+00 +1.7947e+00 +3.5919e+00 +4.9129e+00 -6.0122e-01 +1.7539e+00 -4.2386e+00 -2.0576e-03 -3.9016e-01 -1.7029e+00 +4.3184e+00 -1.9458e-01 -3.8214e+00 +3.3690e+00 -1.7548e+00 +1.4207e+00 +2.6938e+00
4 0 +2.645004885e+03 +2.645004885e+03 +2.586424885e+03 +2.586424885e+03 +2.9140e+00 +1.4814e+00 +4.0496e+00 +1.0869e+00 -3.5633e-01 +4.6608e+00 -6.2988e-01 -4.7117e+00 -8.8076e-02 +4.7280e-01 +2.9058e+00 -1.0733e+00 -4.9042e+00 +2.1131e+00 +1.2336e+00 +4.3407e+00 -4.6041e+00 -3.7643e+00 -1.2281e+00 -1.9718e+00
5 0 +1.579851912e+03 +1.579851912e+03 +1.521271912e+03 +1.521271912e+03 +1.4342e+00 -2.2298e+00 +2.3858e+00 +4.3015e+00 -1.1833e+00 -1.1209e-01 -4.8658e+00 -2.2577e+00 -2.7040e+00 +1.6175e+00 -1.3806e+00 +1.8169e+00 +4.2823e-01 -8.1695e-01 -4.9172e+00 +2.5824e+00 +1.6181e+00 -4.4794e+00 -1.3801e-02 +1.1096e-01
9 0 +8.809904930e+02 +8.809904930e+02 +8.224104930e+02 +8.224104930e+02 +2.1914e+00 -1.3474e+00 -3.0457e+00 +2.7549e-01 +3.2189e+00 -1.6748e+00 -4.7565e+00 +2.7712e+00 -2.9319e-01 -3.0472e+00 -8.1495e-01 -3.1690e+00 -4.2725e+00 -1.1830e+00 +1.9946e+00 +3.2746e+00 +8.2482e-01 +8.0934e-02 +5.5805e-01 -3.1040e+00
58 0 +7.609929723e+02 +7.609929723e+02 +7.024129723e+02 +7.024129723e+02 +1.8439e+00 -3.1707e+00 -3.2398e+00 +7.8075e-01 +3.3256e+00 -2.4947e+00 -3.4255e+00 +3.4957e+00 +2.0448e+00 -2.9895e+00 -8.6286e-01 -1.5359e+00 -4.9250e+00 -7.7046e-01 +1.7716e+00 +5.0000e+00 +4.8980e-01 +5.1567e-01 +1.5626e+00 -2.5030e+00
81 0 +7.108768908e+02 +7.108768908e+02 +6.522968908e+02 +6.522968908e+02 +1.4764e+00 -2.7000e+00 -3.3950e+00 -1.4320e+00 +3.9179e+00 -1.6515e+00 -4.2762e+00 +3.4316e+00 +1.9655e+00 -3.3282e+00 +9.3429e-01 -1.8150e+00 -4.2339e+00 +9.6311e-01 +2.0976e+00 +4.1202e+00 +2.0040e+00 -3.3126e-01 +5.5122e-01 -1.3340e+00
104 0 +6.732147442e+02 +6.732147442e+02 +6.146347442e+02 +6.146347442e+02 -6.3548e-01 -1.5483e+00 -4.1325e+00 -1.4502e+00 +3.8005e+00 -1.6416e+00 -1.9911e+00 +3.4427e+00 +1.9450e+00 -3.4505e+00 +1.9528e+00 -1.5278e+00 -4.2570e+00 -1.5989e+00 +1.3800e+00 +4.5752e+00 +1.9473e+00 -3.3787e-01 +6.8948e-01 -1.1537e+00
207 0 +5.877137694e+02 +5.877137694e+02 +5.291337694e+02 +5.291337694e+02 +1.6246e-02 -1.4710e+00 -3.7689e+00 -1.5898e+00 +3.8111e+00 -1.6889e+00 -8.7409e-01 +3.7431e+00 +1.9777e+00 -3.4314e+00 +2.2212e+00 -1.6886e+00 -4.2253e+00 +3.2570e-01 +1.7183e+00 +4.6097e+00 +1.9251e+00 -4.2283e-01 +8.3542e-01 -1.4716e+00
266 0 +5.698870099e+02 +5.698870099e+02 +5.113070099e+02 +5.113070099e+02 -1.3754e-02 -1.4099e+00 -4.1058e+00 -1.4602e+00 +3.7418e+00 -1.7274e+00 -9.0337e-01 +3.7513e+00 +1.9663e+00 -3.4389e+00 +2.2211e+00 -1.6989e+00 -4.1740e+00 +3.8168e-01 +1.7997e+00 +4.5832e+00 +1.9282e+00 -4.2895e-01 +8.6387e-01 -1.4456e+00
307 0 +5.404176384e+02 +5.404176384e+02 +4.818376384e+02 +4.818376384e+02 +4.4155e-01 -1.5133e+00 -3.7466e+00 -1.5876e+00 +3.8134e+00 -1.6939e+00 -5.6274e-01 +3.7421e+00 +1.9812e+00 -3.4342e+00 +2.5274e+00 -1.6321e+00 -4.2313e+00 +4.9059e-01 +1.7341e+00 +4.6281e+00 +1.8886e+00 -4.2600e-01 +9.1026e-01 -1.4142e+00
318 0 +5.355634267e+02 +5.355634267e+02 +4.769834267e+02 +4.769834267e+02 +3.7748e-01 -1.5370e+00 -3.9108e+00 -1.5212e+00 +3.8031e+00 -1.7125e+00 -2.9014e-01 +3.7376e+00 +1.9792e+00 -3.4341e+00 +2.4869e+00 -1.5747e+00 -4.2044e+00 +4.2125e-01 +1.7250e+00 +4.6523e+00 +1.8718e+00 -4.2418e-01 +9.2129e-01 -1.4008e+00
377 0 +5.177694942e+02 +5.177694942e+02 +4.591894942e+02 +4.591894942e+02 +7.8054e-01 -1.5066e+00 -3.7486e+00 -1.5817e+00 +3.8298e+00 -1.6893e+00 -4.7683e-01 +3.7878e+00 +1.9841e+00 -3.4349e+00 +2.5344e+00 -1.6048e+00 -4.2493e+00 +3.5321e-01 +1.7612e+00 +4.6284e+00 +1.9109e+00 -4.2558e-01 +9.0429e-01 -1.4190e+00
381 0 +5.101475970e+02 +5.101475970e+02 +4.515675970e+02 +4.515675970e+02 +6.6158e-01 -1.5113e+00 -3.7534e+00 -1.5861e+00 +3.8033e+00 -1.6943e+00 -3.2168e-01 +3.7726e+00 +1.9848e+00 -3.4341e+00 +2.4840e+00 -1.6096e+00 -4.2418e+00 +4.3466e-01 +1.7591e+00 +4.6309e+00 +1.8820e+00 -4.1994e-01 +9.1630e-01 -1.4323e+00
475 0 +4.998933712e+02 +4.998933712e+02 +4.413133712e+02 +4.413133712e+02 +6.1241e-01 -1.5099e+00 -3.7530e+00 -1.5867e+00 +3.8179e+00 -1.6949e+00 -2.4581e-01 +3.7838e+00 +1.9859e+00 -3.4334e+00 +2.4903e+00 -1.6093e+00 -4.2444e+00 +3.9730e-01 +1.7587e+00 +4.6314e+00 +1.8801e+00 -4.2000e-01 +9.1502e-01 -1.4295e+00
% f evaluations | g evaluations | best noise-free fitness - Fopt | noise-free fitness - Fopt (-6.049200000000e+02) | measured fitness | best measured fitness | x1 | x2...
1 0 +6.167623809e+03 +6.167623809e+03 +5.562703809e+03 +5.562703809e+03 +3.9784e+00 -2.1545e+00 -2.0486e-01 +1.9565e+00 -1.8951e+00 +1.4855e+00 -5.0130e-01 +1.6605e+00 -3.9688e+00 +4.5091e+00 +4.5609e+00 +1.4493e-01 -2.3336e-01 +1.5534e+00 -2.9549e+00 +2.3127e+00 +3.0352e+00 +4.0192e-01 +7.7198e-01 +7.8533e-01
3 0 +1.688313225e+03 +1.688313225e+03 +1.083393225e+03 +1.083393225e+03 -4.6877e+00 +3.1026e+00 -3.1898e+00 -3.5755e+00 +1.0676e+00 -2.1577e+00 -3.2269e+00 -3.3932e+00 -4.6702e-02 +3.5420e+00 +1.0217e+00 +2.0033e+00 -1.7539e+00 -4.0605e+00 -3.0345e+00 -1.3665e-01 +7.9887e-01 +4.9573e+00 -3.1517e+00 +3.2703e+00
50 0 +1.477546988e+03 +1.477546988e+03 +8.726269879e+02 +8.726269879e+02 -1.5039e+00 +2.0888e+00 -3.6617e+00 -4.5634e+00 -4.8703e+00 -3.1766e-01 -4.2031e+00 +1.2416e+00 -1.6622e+00 -1.6463e+00 +3.6062e+00 -3.0141e+00 -4.1999e+00 +3.3790e+00 -3.4307e+00 -1.6059e+00 -4.6304e+00 -1.6958e+00 -3.0668e+00 +3.1767e+00
61 0 +1.334777727e+03 +1.334777727e+03 +7.298577265e+02 +7.298577265e+02 +6.3292e-01 +4.8008e+00 -3.0910e+00 -5.0000e+00 -2.3051e+00 -1.1531e+00 -4.2261e+00 +4.2413e-01 -2.3216e+00 -3.4210e+00 +3.7487e+00 -1.3232e+00 +3.4443e-01 +2.9036e+00 +1.0033e+00 -3.8800e+00 -4.5578e+00 -6.7436e-01 -3.2735e+00 +2.2998e+00
73 0 +1.316145510e+03 +1.316145510e+03 +7.112255098e+02 +7.112255098e+02 -1.2289e+00 +1.0706e+00 -3.0044e+00 -5.0000e+00 -5.0000e+00 -6.1231e-01 -3.6431e+00 +7.4239e-01 -1.8039e+00 +1.4724e+00 +2.2687e+00 -4.2528e+00 -5.0000e+00 +3.3867e+00 -3.1925e+00 -3.7022e-01 -3.9975e+00 -2.0537e+00 -1.9820e+00 +2.6607e+00
75 0 +1.268188145e+03 +1.268188145e+03 +6.632681455e+02 +6.632681455e+02 -1.1346e+00 +3.0296e+00 -3.8468e+00 -5.0000e+00 -4.2439e+00 -4.4982e-01 -2.8423e+00 +2.1698e+00 -8.4310e-01 -1.4570e+00 +1.1607e+00 -3.5008e+00 -4.4409e+00 +2.8600e+00 -3.7785e-01 -1.7146e+00 -3.8118e+00 +6.1494e-01 -3.4835e+00 +6.3553e-02
94 0 +1.204076690e+03 +1.204076690e+03 +5.991566902e+02 +5.991566902e+02 -1.1223e+00 +2.8772e+00 -3.5898e+00 -3.6190e+00 -3.7128e+00 +2.3594e-01 -4.5450e+00 +1.0580e+00 -3.4201e+00 -2.2278e+00 +3.7313e+00 -1.6954e+00 +2.6928e+00 +4.0226e+00 -3.6194e+00 -1.3682e+00 -4.6579e+00 -1.3356e+00 -2.6605e+00 +1.8269e+00
95 0 +1.153516896e+03 +1.153516896e+03 +5.485968956e+02 +5.485968956e+02 -7.9599e-01 +1.0588e+00 -3.9572e+00 -3.3622e+00 -4.7215e+00 +1.3430e+00 -4.3684e+00 +2.9393e-01 -4.1622e+00 -1.4263e+00 +3.6032e+00 -3.1244e+00 -4.3465e+00 -1.8740e-01 -1.9866e+00 -1.8098e+00 -1.6476e+00 -3.7302e+00 -2.5807e-01 +3.4928e+00
97 0 +1.083119800e+03 +1.083119800e+03 +4.781998001e+02 +4.781998001e+02 -1.6399e+00 +1.4958e-02 -4.3246e+00 -5.0000e+00 -2.7438e+00 -7.0706e-01 -3.9262e+00 +2.6493e+00 -1.1563e+00 -2.5326e+00 +2.5341e+00 -2.7519e+00 -1.3839e+00 +2.3165e+00 -3.3858e+00 -1.3498e+00 -3.2855e+00 -2.4468e+00 -1.3228e+00 +3.0590e+00
103 0 +1.032387382e+03 +1.032387382e+03 +4.274673820e+02 +4.274673820e+02 -1.5911e+00 -2.5157e-01 -4.3241e+00 -4.4975e+00 -2.8268e+00 -8.7562e-01 -3.9395e+00 +2.5600e+00 -1.1210e+00 -2.3493e+00 +2.1922e+00 -3.2963e+00 -1.1715e+00 +1.5543e+00 -3.3937e+00 -2.2446e+00 -2.2217e+00 -2.4720e+00 -9.3628e-01 +2.8365e+00
115 0 +9.213896268e+02 +9.213896268e+02 +3.164696268e+02 +3.164696268e+02 -1.6210e+00 +1.9243e-01 -4.2972e+00 -5.0000e+00 -3.2583e+00 -7.8743e-01 -3.9918e+00 +3.7745e+00 +8.9085e-02 -2.5838e+00 +2.5614e+00 -3.9557e+00 +7.7952e-02 +2.3359e+00 -5.9622e-01 -1.3536e+00 -2.5197e+00 -2.8681e+00 -7.4312e-01 +2.9119e+00
155 0 +8.633054336e+02 +8.633054336e+02 +2.583854336e+02 +2.583854336e+02 -1.6420e+00 +1.6892e-01 -4.3211e+00 -4.6568e+00 -3.3487e+00 -7.6610e-01 -3.9755e+00 +3.8062e+00 -6.4022e-01 -2.6319e+00 +2.8500e+00 -3.4985e+00 +1.0420e+00 +2.8552e+00 +1.7318e-01 -1.8662e+00 -2.4602e+00 -2.9656e+00 -6.4639e-01 +2.8958e+00
166 0 +8.502319648e+02 +8.502319648e+02 +2.453119648e+02 +2.453119648e+02 -1.5834e+00 +1.1537e-01 -4.4112e+00 -5.0000e+00 -3.0444e+00 -7.9858e-01 -3.9944e+00 +3.1884e+00 -8.1540e-02 -2.5553e+00 +2.2568e+00 -3.7368e+00 +1.0672e+00 +2.3497e+00 +6.6281e-01 -1.3722e+00 -2.0723e+00 -3.4803e+00 -1.9666e+00 +2.9504e+00
207 0 +8.176581790e+02 +8.176581790e+02 +2.127381790e+02 +2.127381790e+02 -1.8711e+00 +6.0577e-04 -4.2702e+00 -5.0000e+00 -3.0745e+00 -5.7858e-01 -3.9898e+00 +2.7258e+00 -2.7236e-01 -2.6637e+00 +2.4978e+00 -3.3622e+00 +5.9438e-01 +6.5368e-01 -6.4877e-01 -1.3500e+00 -2.4436e+00 -3.0836e+00 -5.9883e-01 +2.8843e+00
240 0 +7.861953356e+02 +7.861953356e+02 +1.812753356e+02 +1.812753356e+02 -1.8994e+00 +7.6186e-02 -4.2990e+00 -4.9949e+00 -2.9639e+00 -5.0745e-01 -3.9825e+00 +2.7444e+00 +2.1609e-01 -2.6727e+00 +2.5866e+00 -2.6997e+00 +5.4249e-01 +1.5232e+00 +6.3119e-01 -1.2873e+00 -2.4206e+00 -2.9890e+00 -4.5176e-01 +2.8888e+00
268 0 +7.751459071e+02 +7.751459071e+02 +1.702259071e+02 +1.702259071e+02 -2.1295e+00 +6.1792e-02 -4.2840e+00 -4.9944e+00 -2.9621e+00 -5.5584e-01 -4.0499e+00 +3.0181e+00 -6.3515e-02 -2.6671e+00 +2.8890e+00 -3.2625e+00 -4.4246e-01 +1.5306e+00 -7.1500e-01 -1.2838e+00 -2.3294e+00 -2.9922e+00 -5.3461e-01 +2.8665e+00
316 0 +7.571219631e+02 +7.571219631e+02 +1.522019631e+02 +1.522019631e+02 -1.9728e+00 +5.0888e-02 -4.2831e+00 -4.9939e+00 -2.9553e+00 -5.5480e-01 -4.0411e+00 +3.0367e+00 -4.0738e-02 -2.6669e+00 +2.9104e+00 -3.1197e+00 -3.4009e-01 +1.5291e+00 -6.7380e-01 -1.2801e+00 -2.3404e+00 -2.9426e+00 -5.3664e-01 +2.8667e+00
420 0 +7.408721106e+02 +7.408721106e+02 +1.359521106e+02 +1.359521106e+02 -2.0704e+00 +6.6620e-02 -4.2840e+00 -4.9944e+00 -2.9983e+00 -6.6704e-01 -4.0431e+00 +3.0119e+00 -6.9010e-02 -2.6670e+00 +2.8944e+00 -3.1461e+00 -3.2902e-01 +1.5155e+00 -7.4230e-01 -1.2839e+00 -2.3262e+00 -2.9984e+00 -5.3168e-01 +2.8566e+00
% f evaluations | g evaluations | best noise-free fitness - Fopt | noise-free fitness - Fopt (1.337000000000e+02) | measured fitness | best measured fitness | x1 | x2...
1 0 +2.024825317e+03 +2.024825317e+03 +2.158525317e+03 +2.158525317e+03 -4.3325e+00 +3.8227e+00 -3.5938e+00 -3.7280e+00 +3.3441e-01 +9.7538e-01 -3.4907e+00 +3.2919e+00 +3.5440e+00 +3.9016e-01 -3.6666e+00 +3.2103e+00 -2.7264e+00 +4.9065e+00 -3.7055e+00 +3.2194e+00 +3.0665e+00 +1.0825e+00 -2.5906e+00 +1.6513e+00
12 0 +1.375390760e+03 +1.375390760e+03 +1.509090760e+03 +1.509090760e+03 -1.1664e+00 -3.2816e+00 -4.6297e-01 +4.9216e+00 -3.7389e+00 -2.3283e+00 -1.9780e+00 -3.8531e-01 -4.0677e+00 -2.5690e+00 -4.1464e+00 +2.9343e+00 -3.9619e+00 +3.2196e+00 -3.7306e+00 +1.3008e+00 +8.5515e-01 -4.5100e+00 -1.8112e-01 -4.4839e-01
35 0 +1.171304919e+03 +1.171304919e+03 +1.305004919e+03 +1.305004919e+03 -1.1494e+00 +1.5193e+00 +1.2511e+00 +2.1048e+00 -2.8302e+00 +1.4933e+00 +1.6154e+00 +7.3240e-01 -4.0216e+00 -7.8783e-01 -4.2656e+00 -2.8963e+00 -4.0006e+00 +1.1890e+00 -3.0400e+00 +5.8378e-01 -1.6300e+00 +1.0318e+00 -2.4570e+00 +8.9457e-01
54 0 +1.126129766e+03 +1.126129766e+03 +1.259829766e+03 +1.259829766e+03 -1.6397e+00 +3.1735e+00 -2.6705e-01 -3.1315e-01 -2.5070e+00 +1.7571e+00 +1.4503e+00 +6.6039e-01 -3.8389e+00 -3.5855e-01 -2.5956e+00 -2.7970e+00 -3.6964e+00 +9.7780e-01 -1.9342e+00 +5.1957e-01 -1.6017e+00 -1.3622e+00 -3.2344e+00 +1.9203e+00
64 0 +1.030946548e+03 +1.030946548e+03 +1.164646548e+03 +1.164646548e+03 -4.5783e-01 +4.3552e+00 -2.3380e-02 +1.2213e+00 -3.3815e+00 +1.6358e+00 +1.3514e+00 -1.6462e-01 -5.0000e+00 -2.0018e+00 -3.6556e+00 -2.2179e+00 -4.1276e+00 +8.1700e-01 -4.1996e+00 +1.6988e+00 +2.2839e+00 +7.7865e-01 -2.5497e-01 -4.9728e-01
100 0 +8.770590901e+02 +8.770590901e+02 +1.010759090e+03 +1.010759090e+03 +1.2592e+00 +1.3943e+00 -2.7852e+00 +2.1176e+00 -3.6684e+00 +2.1317e+00 -1.2333e+00 -1.0563e+00 -4.0230e+00 -4.7519e-01 +1.3448e+00 -3.5702e+00 -3.7453e+00 +8.8234e-01 -3.0051e+00 -6.3811e-01 -2.4868e+00 +8.4165e-01 +9.6730e-01 +9.8151e-01
103 0 +8.363652769e+02 +8.363652769e+02 +9.700652769e+02 +9.700652769e+02 +2.5827e+00 +1.0523e+00 -3.0514e+00 +2.0348e+00 -3.7095e+00 +2.0570e+00 -1.7479e-01 -1.0556e+00 -4.0633e+00 -7.4309e-01 +9.0071e-01 -3.5898e+00 -3.7457e+00 +1.5677e+00 -3.0529e+00 +1.8499e-01 -2.4538e+00 +7.9406e-01 +6.3525e-01 +8.9671e-01
104 0 +8.178198327e+02 +8.178198327e+02 +9.515198327e+02 +9.515198327e+02 -2.5980e-01 +1.4114e+00 -2.1925e+00 +1.9566e+00 -3.6821e+00 +2.1352e+00 -1.6196e+00 -1.5324e+00 -4.0115e+00 +2.7742e-02 +7.5281e-01 -3.9112e+00 -3.8047e+00 +1.3165e+00 -2.7955e+00 -1.1142e+00 -2.4404e+00 +1.3695e+00 +1.2415e+00 +9.8501e-01
130 0 +7.863916065e+02 +7.863916065e+02 +9.200916065e+02 +9.200916065e+02 +4.9113e-01 +9.7053e-01 -1.2286e+00 +2.1344e+00 -2.8112e+00 +2.1237e+00 -6.1181e-01 -4.2201e-01 -4.1735e+00 -4.9723e-01 -1.2565e+00 -3.6731e+00 -3.6267e+00 +1.0735e+00 -1.6809e+00 -7.3488e-01 -2.9590e+00 +9.1447e-01 +5.7716e-01 +1.0094e+00
132 0 +7.196200816e+02 +7.196200816e+02 +8.533200816e+02 +8.533200816e+02 +9.0579e-01 +1.1121e+00 -2.4303e+00 +2.1167e+00 -3.6591e+00 +2.4177e+00 -7.9837e-01 -1.0728e+00 -4.0034e+00 -1.5348e-01 +1.2579e+00 -3.4935e+00 -3.7554e+00 +8.9991e-01 -3.2528e+00 -1.7342e+00 -6.2301e-01 -1.9312e-01 +1.6159e+00 +9.0465e-01
158 0 +6.625651227e+02 +6.625651227e+02 +7.962651227e+02 +7.962651227e+02 +1.5555e-01 +1.1290e+00 -2.3464e+00 +1.9262e+00 -3.4140e+00 +2.5729e+00 -9.8313e-01 -1.2554e+00 -4.0430e+00 -5.5038e-02 +1.2678e+00 -3.5223e+00 -3.7690e+00 +8.8309e-01 -3.2729e+00 -1.0587e+00 +7.2988e-01 +5.9636e-01 +1.5008e+00 +9.8748e-01
208 0 +6.563929327e+02 +6.563929327e+02 +7.900929327e+02 +7.900929327e+02 +2.6913e-01 +1.0773e+00 -2.3280e+00 +1.9134e+00 -3.3425e+00 +2.5998e+00 -1.1735e+00 -1.2755e+00 -4.0410e+00 -4.5195e-02 +1.3255e+00 -3.4759e+00 -3.7703e+00 +8.6312e-01 -3.3946e+00 -6.6048e-01 +9.0871e-01 +3.5685e-01 +1.4595e+00 +1.0762e+00
212 0 +6.447799696e+02 +6.447799696e+02 +7.784799696e+02 +7.784799696e+02 +1.4409e-01 +1.1473e+00 -2.3417e+00 +2.0479e+00 -3.3909e+00 +2.6059e+00 -1.0203e+00 -1.2875e+00 -4.1918e+00 -1.9093e-02 +1.2257e+00 -3.7216e+00 -3.7725e+00 +8.7165e-01 -3.2715e+00 -1.3018e+00 +1.1471e+00 +6.5513e-01 +1.5785e+00 +1.0275e+00
220 0 +6.307384820e+02 +6.307384820e+02 +7.644384820e+02 +7.644384820e+02 +6.3902e-01 +9.0005e-01 -2.3460e+00 +2.0101e+00 -3.5857e+00 +2.4837e+00 -1.0333e+00 -1.2842e+00 -4.0375e+00 -1.0643e-01 +1.2727e+00 -3.7218e+00 -3.7704e+00 +8.9088e-01 -3.2167e+00 -1.4533e+00 +1.7344e+00 +9.1002e-01 +1.2824e+00 +9.5299e-01
285 0 +6.107051599e+02 +6.107051599e+02 +7.444051599e+02 +7.444051599e+02 +5.9575e-01 +1.1298e+00 -2.3834e+00 +1.9405e+00 -3.4548e+00 +2.5900e+00 -9.0465e-01 -1.1487e+00 -4.0920e+00 -5.8047e-02 +1.2099e+00 -3.5057e+00 -3.7685e+00 +8.4965e-01 -3.2939e+00 -2.0382e+00 +7.7892e-01 +5.6435e-01 +1.5129e+00 +8.7743e-01
328 0 +6.019389852e+02 +6.019389852e+02 +7.356389852e+02 +7.356389852e+02 +6.2471e-01 +1.0857e+00 -2.3736e+00 +1.9531e+00 -3.4658e+00 +2.5768e+00 -9.2160e-01 -1.3500e+00 -4.1134e+00 -1.4418e-01 +1.2145e+00 -3.4620e+00 -3.7654e+00 +8.6521e-01 -3.2605e+00 -2.2417e+00 +7.8398e-01 +2.8888e-01 +1.4019e+00 +8.7980e-01
546 0 +5.887876383e+02 +5.887876383e+02 +7.224876383e+02 +7.224876383e+02 +5.0136e-01 +1.0461e+00 -2.3675e+00 +1.9559e+00 -3.4607e+00 +2.5694e+00 -9.2063e-01 -1.3466e+00 -4.1175e+00 -1.4172e-01 +1.2932e+00 -3.3943e+00 -3.7647e+00 +8.6184e-01 -3.2811e+00 -2.3930e+00 +7.6590e-01 +2.5264e-01 +1.5616e+00 +9.0039e-01
% f evaluations | g evaluations | best noise-free fitness - Fopt | noise-free fitness - Fopt (-2.098000000000e+01) | measured fitness | best measured fitness | x1 | x2...
1 0 +9.241130361e+03 +9.241130361e+03 +9.220150361e+03 +9.220150361e+03 +3.4566e+00 -2.6701e+00 +3.4537e+00 -2.3975e+00 -1.8232e+00 +1.5146e-01 -3.1867e-01 -1.3001e+00 +1.7561e+00 -4.7456e+00 -3.6304e+00 +3.2919e+00 +3.7288e+00 -4.8095e+00 +3.6812e+00 +4.4937e+00 +2.5091e+00 +1.4718e+00 -1.8576e+00 +2.7288e-01
2 0 +3.787611786e+03 +3.787611786e+03 +3.766631786e+03 +3.766631786e+03 -6.8628e-01 +4.9285e+00 -3.5624e+00 -2.5585e+00 +2.7264e+00 -1.2260e+00 -2.4936e+00 +4.5771e+00 +3.0776e+00 -6.5865e-01 -8.4052e-01 +2.6941e+00 -2.2200e+00 -3.8798e-01 -1.5124e+00 -1.9293e+00 -3.7300e+00 -1.8578e+00 +3.9410e+00 -9.7223e-01
3 0 +1.409595909e+03 +1.409595909e+03 +1.388615909e+03 +1.388615909e+03 -4.4752e+00 +8.3740e-01 +6.4553e-02 -8.1137e-01 +4.1850e+00 +4.8486e+00 +1.5623e+00 +2.9348e+00 -3.0012e+00 +1.4318e+00 -3.5497e+00 -4.5675e+00 -3.5881e+00 -4.3691e+00 -1.5899e+00 -1.6663e+00 -1.2719e-01 -1.7667e+00 +1.6907e+00 -1.4054e+00
6 0 +1.066296932e+03 +1.066296932e+03 +1.045316932e+03 +1.045316932e+03 -7.7161e-01 +8.5078e-02 -1.2689e+00 -2.1350e+00 -1.3749e+00 -2.2704e+00 +7.8407e-01 +1.8459e-01 +2.1068e+00 +2.7395e+00 -4.0891e+00 +4.5260e+00 -3.1333e+00 -2.3449e+00 +6.0906e-01 -1.6342e+00 +1.9385e+00 -1.4749e+00 -3.8428e+00 -2.1411e+00
57 0 +1.029772901e+03 +1.029772901e+03 +1.008792901e+03 +1.008792901e+03 -6.7012e-02 -2.8166e-01 -1.1344e+00 -1.6879e+00 -2.6546e+00 -3.4848e+00 +1.1009e+00 +2.4916e-01 +2.3936e+00 +1.4230e+00 -3.5963e+00 +5.0000e+00 +6.1661e-01 -2.4723e+00 -2.4237e+00 -1.6027e+00 +1.7729e+00 -2.7046e+00 -3.5216e+00 -2.7539e+00
72 0 +9.567168878e+02 +9.567168878e+02 +9.357368878e+02 +9.357368878e+02 -7.4292e-01 +7.0913e-01 -1.2806e+00 -2.0563e+00 -3.5360e-02 +3.6477e-01 -2.9326e-01 +6.0627e-01 +2.3183e+00 +5.0000e+00 -4.3703e+00 +5.0000e+00 -3.3399e+00 -5.0000e+00 +6.4073e-01 -1.5166e+00 +1.9550e+00 -1.7264e+00 -3.9005e+00 +2.5122e-01
92 0 +8.537696206e+02 +8.537696206e+02 +8.327896206e+02 +8.327896206e+02 -8.9402e-01 -5.9046e-01 -1.5062e-01 -2.3632e+00 -1.1518e+00 -2.0663e+00 +1.3575e-01 -1.4484e+00 +1.8217e+00 +2.6970e+00 -4.2404e+00 +5.0000e+00 -3.5953e+00 -2.0495e+00 -2.1072e-02 -3.9240e+00 +1.1082e+00 -1.0765e+00 +1.3637e+00 -3.0895e+00
114 0 +7.862080671e+02 +7.862080671e+02 +7.652280671e+02 +7.652280671e+02 -9.5579e-01 -7.0774e-01 -3.0199e-01 -2.1899e+00 -1.5662e+00 -2.0295e+00 +5.7484e-01 -2.5075e-01 +1.0252e+00 +3.1436e+00 -3.7686e+00 +4.4268e+00 -3.4724e+00 -2.0108e+00 -2.7338e-01 -3.9204e+00 +1.0412e+00 -2.6554e+00 +1.9613e+00 -2.9318e+00
161 0 +7.516068532e+02 +7.516068532e+02 +7.306268532e+02 +7.306268532e+02 -8.3944e-01 -7.2344e-01 -2.9684e-01 -2.4088e+00 -1.8466e+00 -2.0128e+00 +3.2287e-01 -5.3857e-02 +1.0534e+00 +2.9617e+00 -3.9136e+00 +3.9747e+00 -3.4263e+00 -2.0130e+00 -3.6440e-03 -3.7803e+00 +1.1598e+00 -2.7127e+00 +2.0204e+00 -2.9830e+00
224 0 +7.255459847e+02 +7.255459847e+02 +7.045659847e+02 +7.045659847e+02 -9.3534e-01 -6.7161e-01 -3.2865e-01 -2.3715e+00 -1.9516e+00 -2.0179e+00 +3.2298e-01 -2.7721e-02 +9.6364e-01 +2.8253e+00 -3.8617e+00 +3.8677e+00 -3.4228e+00 -1.9963e+00 +3.8471e-03 -3.8105e+00 +1.1503e+00 -2.7307e+00 +2.0436e+00 -2.9419e+00
260 0 +7.158812233e+02 +7.158812233e+02 +6.949012233e+02 +6.949012233e+02 -9.5195e-01 -6.6936e-01 -3.4910e-01 -2.3151e+00 -1.9285e+00 -2.0205e+00 +1.9118e-01 -4.4989e-02 +9.9494e-01 +2.8357e+00 -3.8582e+00 +3.8810e+00 -3.4073e+00 -1.9925e+00 +1.5826e-02 -3.8483e+00 +1.1313e+00 -2.7424e+00 +2.0555e+00 -2.9438e+00
318 0 +7.040938776e+02 +7.040938776e+02 +6.831138776e+02 +6.831138776e+02 -9.9263e-01 -6.4370e-01 -3.1306e-01 -2.3186e+00 -1.9805e+00 -2.0178e+00 +1.8076e-01 -2.9237e-02 +9.6529e-01 +2.7453e+00 -3.8657e+00 +3.9306e+00 -3.4344e+00 -1.9762e+00 +6.4138e-03 -3.8000e+00 +1.1528e+00 -2.7341e+00 +2.0388e+00 -2.9608e+00
364 0 +6.884282623e+02 +6.884282623e+02 +6.674482623e+02 +6.674482623e+02 -9.0471e-01 -6.3373e-01 -3.1304e-01 -2.3786e+00 -2.0397e+00 -2.0163e+00 +2.3031e-01 -3.7357e-02 +9.8967e-01 +2.7584e+00 -3.6792e+00 +3.8949e+00 -3.4342e+00 -1.9701e+00 +3.4738e-03 -3.7685e+00 +1.1543e+00 -2.7215e+00 +2.0377e+00 -2.9563e+00
578 0 +6.760687347e+02 +6.760687347e+02 +6.550887347e+02 +6.550887347e+02 -8.9969e-01 -6.3072e-01 -3.1426e-01 -2.3841e+00 -2.0884e+00 -2.0161e+00 +2.0237e-01 -2.7805e-02 +9.8544e-01 +2.7489e+00 -3.6189e+00 +3.8965e+00 -3.4352e+00 -1.9753e+00 +8.9370e-03 -3.7905e+00 +1.1534e+00 -2.7102e+00 +2.0913e+00 -2.9618e+00
% f evaluations | g evaluations | best noise-free fitness - Fopt | noise-free fitness - Fopt (1.353300000000e+02) | measured fitness | best measured fitness | x1 | x2...
1 0 +5.156193801e+03 +5.156193801e+03 +5.291523801e+03 +5.291523801e+03 +2.7672e+00 -2.3560e+00 +3.6561e+00 -1.8603e+00 -4.3905e+00 +8.2074e-01 +3.3816e-01 -2.3324e+00 -5.3524e-01 +4.3062e+00 +3.5085e+00 -4.5790e+00 +4.6277e-01 -3.1356e+00 -2.0938e+00 +4.4674e+00 +2.2329e-01 +4.6993e+00 -1.7095e-01 -4.9744e+00
2 0 +5.125221281e+03 +5.125221281e+03 +5.260551281e+03 +5.260551281e+03 +7.3244e-01 -3.5489e+00 +1.8718e+00 -3.7089e+00 -2.8223e+00 -2.3380e+00 +4.7701e+00 -4.4391e+00 -1.8389e+00 +3.7318e+00 -4.9490e+00 +8.4405e-01 +4.9437e+00 +3.3415e+00 -5.6691e-01 +4.3071e+00 -4.1877e+00 -1.3550e+00 -1.1542e+00 -1.8238e+00
6 0 +3.014973260e+03 +3.014973260e+03 +3.150303260e+03 +3.150303260e+03 +4.8633e+00 -2.6456e+00 -1.9106e-01 +4.7318e-01 -2.2169e+00 +4.8566e+00 -2.5706e+00 -4.2280e+00 -2.8889e+00 +2.2235e+00 -9.2170e-01 +4.8655e+00 +4.1529e+00 +3.5230e+00 -3.5266e+00 -2.6493e-01 -3.4516e+00 +3.4598e+00 +2.4073e+00 -4.6956e+00
8 0 +1.786645019e+03 +1.786645019e+03 +1.921975019e+03 +1.921975019e+03 -3.1450e+00 -1.9150e+00 +1.5631e+00 +3.5310e+00 -4.0660e+00 -1.9562e+00 +1.4237e+00 +4.3052e+00 -3.4930e+00 +4.6758e+00 +2.2399e+00 +2.1007e+00 +8.0713e-01 -1.6655e+00 -1.0651e+00 +3.9653e+00 +1.3150e+00 +6.4606e-01 +3.5799e+00 -2.9259e+00
11 0 +1.477728155e+03 +1.477728155e+03 +1.613058155e+03 +1.613058155e+03 +1.0229e+00 -1.4339e+00 -1.6940e-01 -4.8560e+00 +1.9044e+00 -1.2440e-01 -3.8528e+00 -3.6411e+00 -1.0285e+00 +3.2888e+00 -3.4343e+00 +3.3110e+00 +4.3776e+00 +2.0108e+00 -1.2277e-01 +1.6488e+00 -1.0100e+00 -6.1479e-01 +3.5322e+00 +2.6640e+00
14 0 +1.199129492e+03 +1.199129492e+03 +1.334459492e+03 +1.334459492e+03 -4.5208e+00 +2.4924e+00 -6.2507e-01 +1.5237e-01 -2.5972e+00 +1.7212e+00 -4.9129e+00 -4.8566e+00 +3.6931e-01 +7.1749e-01 -4.1412e+00 -3.2120e+00 +3.5938e+00 -1.1122e+00 -2.5035e+00 +2.0378e+00 +9.3740e-01 +1.9677e+00 +3.0272e+00 +1.8039e+00
51 0 +1.013610071e+03 +1.013610071e+03 +1.148940071e+03 +1.148940071e+03 -4.7743e+00 +5.0000e+00 -1.3582e-01 -1.1230e+00 -3.2217e+00 +2.0566e+00 -4.4049e+00 -4.8825e+00 +1.4837e-01 +3.8881e-01 -5.3584e-01 -1.9896e+00 +3.9718e+00 -1.3590e+00 -2.5121e+00 +2.2001e+00 +7.5943e-01 +1.5668e+00 +3.3760e+00 -5.1030e-01
71 0 +9.492326772e+02 +9.492326772e+02 +1.084562677e+03 +1.084562677e+03 -2.8748e+00 +6.4268e-01 -1.9606e+00 +1.5042e-01 +1.3567e+00 +3.5422e+00 -5.0000e+00 -5.0000e+00 +1.8410e+00 +7.1827e-01 -4.0820e+00 +3.3619e-01 +2.8617e+00 -1.0977e+00 -3.1002e+00 -1.3358e+00 +1.0487e+00 +2.1652e+00 +1.8400e+00 +1.0357e+00
111 0 +9.126336730e+02 +9.126336730e+02 +1.047963673e+03 +1.047963673e+03 -1.4252e+00 +1.3010e+00 -1.6757e+00 +2.2375e-01 +6.1853e-01 +3.2643e+00 -5.0000e+00 -5.0000e+00 +4.5849e-01 +7.8192e-01 -3.9149e+00 -5.7890e-01 +2.9103e+00 -1.0852e+00 -3.1193e+00 -2.1514e+00 +7.6887e-01 +2.2254e+00 +3.1137e+00 +5.6535e-01
125 0 +8.980892877e+02 +8.980892877e+02 +1.033419288e+03 +1.033419288e+03 -3.5959e+00 +7.0561e-01 -4.6948e-01 -2.8921e-02 +1.5526e+00 +5.0000e+00 -4.8939e+00 -5.0000e+00 +1.9016e+00 +8.7404e-01 -3.9399e+00 +2.4546e+00 +1.9620e+00 -2.5429e+00 -1.8348e+00 -1.1188e+00 +1.1430e+00 +2.0546e+00 +1.5062e+00 +9.5576e-01
164 0 +8.896426659e+02 +8.896426659e+02 +1.024972666e+03 +1.024972666e+03 -3.6046e+00 +7.0705e-01 +9.0797e-01 +2.9720e-02 +1.5760e+00 +5.0000e+00 -4.9128e+00 -5.0000e+00 +1.9029e+00 +9.2743e-01 -3.8567e+00 +1.3018e+00 +2.7630e+00 -2.6605e+00 -1.1554e+00 -1.4356e+00 +1.1303e+00 +1.7687e+00 +1.4987e+00 +9.6453e-01
195 0 +8.691025425e+02 +8.691025425e+02 +1.004432542e+03 +1.004432542e+03 -3.2806e+00 +3.9389e-01 -5.8655e-01 -1.3327e-02 +1.3994e+00 +5.0000e+00 -4.8317e+00 -3.1526e+00 +1.3711e+00 +8.8399e-01 -4.0816e+00 +2.2496e+00 +2.3455e+00 -2.8522e+00 -2.1956e+00 -1.1064e+00 +1.0920e+00 +1.9805e+00 +2.0664e+00 +9.4139e-01
212 0 +8.051742314e+02 +8.051742314e+02 +9.405042314e+02 +9.405042314e+02 -3.4632e+00 +2.6127e-01 -5.5137e-01 -1.3060e-02 +1.0421e+00 +4.5746e+00 -4.8307e+00 -2.2104e+00 +1.3015e+00 +8.8693e-01 -3.8804e+00 +2.2422e+00 +2.4730e+00 -2.8484e+00 -2.1628e+00 -1.0550e+00 +1.0666e+00 +1.9684e+00 +2.2746e+00 +9.3708e-01
228 0 +7.649461331e+02 +7.649461331e+02 +9.002761331e+02 +9.002761331e+02 -3.3651e+00 +2.8853e-01 -4.4267e-01 -4.7334e-03 +1.4714e+00 +4.9971e+00 -4.8977e+00 -1.9434e+00 +1.3359e+00 +8.9826e-01 -4.0244e+00 +2.2334e+00 +2.0194e+00 -3.0348e+00 -1.9918e+00 -1.1010e+00 +1.0892e+00 +1.7626e+00 +2.1650e+00 +1.0797e-01
261 0 +7.535592374e+02 +7.535592374e+02 +8.888892374e+02 +8.888892374e+02 -3.3658e+00 +2.8287e-01 -4.4765e-01 +5.6469e-03 +1.4392e+00 +4.9883e+00 -4.8551e+00 -2.2700e+00 +1.3371e+00 +8.9461e-01 -3.9859e+00 +2.2335e+00 +2.0096e+00 -3.0131e+00 -1.8461e+00 -1.1383e+00 +1.1080e+00 +1.6763e+00 +2.1710e+00 -3.8582e-01
273 0 +7.406222880e+02 +7.406222880e+02 +8.759522880e+02 +8.759522880e+02 -3.4775e+00 +2.9620e-01 -4.4322e-01 -1.8286e-03 +1.4493e+00 +4.9978e+00 -4.9567e+00 -1.6401e+00 +1.3653e+00 +8.9767e-01 -4.0694e+00 +2.1338e+00 +2.0168e+00 -2.9928e+00 -1.9032e+00 -1.0264e+00 +1.0891e+00 +1.5661e+00 +2.1959e+00 -3.9735e-01
275 0 +7.048520771e+02 +7.048520771e+02 +8.401820771e+02 +8.401820771e+02 -3.3860e+00 +1.6054e-01 -7.2102e-01 +7.2221e-03 +1.5259e+00 +4.9973e+00 -4.8977e+00 +3.3621e-01 +1.3358e+00 +8.9647e-01 -4.0023e+00 +1.9360e+00 +2.0880e+00 -3.0048e+00 -2.0642e+00 -1.1060e+00 +1.0898e+00 +1.7575e+00 +2.0939e+00 +2.9718e-01
338 0 +6.839974138e+02 +6.839974138e+02 +8.193274138e+02 +8.193274138e+02 -3.4115e+00 +1.4490e-01 -7.1034e-01 +1.4397e-02 +1.5608e+00 +4.9968e+00 -4.9036e+00 +3.1918e-01 +1.1868e+00 +8.9679e-01 -4.0041e+00 +1.8656e+00 +1.9570e+00 -3.0076e+00 -2.0964e+00 -1.1119e+00 +1.0894e+00 +1.7733e+00 +2.0902e+00 +5.5092e-02
371 0 +6.748563144e+02 +6.748563144e+02 +8.101863144e+02 +8.101863144e+02 -3.3716e+00 +2.2581e-01 -7.7115e-01 +1.9065e-03 +1.5890e+00 +4.9986e+00 -4.8993e+00 +6.3008e-01 +1.1899e+00 +8.9617e-01 -3.9810e+00 +2.0600e+00 +2.0497e+00 -2.9041e+00 -2.0277e+00 -1.1221e+00 +1.0965e+00 +1.7865e+00 +2.0934e+00 -1.9384e-01
415 0 +6.356615642e+02 +6.356615642e+02 +7.709915642e+02 +7.709915642e+02 -3.3985e+00 +2.0783e-01 -5.5635e-01 +1.3494e-05 +1.6116e+00 +4.9976e+00 -4.8969e+00 +2.6798e+00 +1.3281e+00 +8.8968e-01 -3.9858e+00 +2.4364e+00 +2.0267e+00 -2.9497e+00 -2.0253e+00 -1.1263e+00 +1.0911e+00 +1.7424e+00 +2.1161e+00 -1.5440e-01
419 0 +6.277443376e+02 +6.277443376e+02 +7.630743376e+02 +7.630743376e+02 -3.4118e+00 +2.0275e-01 -6.4948e-01 -1.0795e-03 +1.5991e+00 +4.9973e+00 -4.8961e+00 +3.4211e+00 +1.3284e+00 +8.9138e-01 -3.9833e+00 +2.3344e+00 +2.0305e+00 -2.8698e+00 -2.0105e+00 -1.1305e+00 +1.0923e+00 +1.7399e+00 +2.1408e+00 -2.2627e-01
484 0 +6.148918029e+02 +6.148918029e+02 +7.502218029e+02 +7.502218029e+02 -3.4204e+00 +2.0062e-01 -6.4770e-01 -1.8117e-03 +1.5983e+00 +4.9972e+00 -4.8957e+00 +3.5117e+00 +1.3319e+00 +8.9133e-01 -3.9824e+00 +2.3964e+00 +2.0304e+00 -2.8688e+00 -2.0044e+00 -1.1295e+00 +1.0923e+00 +1.7335e+00 +2.1342e+00 -2.8913e-01
734 0 +6.024778672e+02 +6.024778672e+02 +7.378078672e+02 +7.378078672e+02 -3.4222e+00 +1.9862e-01 -6.4597e-01 -1.8954e-03 +1.6004e+00 +4.9972e+00 -4.8960e+00 +3.5408e+00 +1.3368e+00 +8.9278e-01 -3.9829e+00 +2.4062e+00 +2.0311e+00 -2.8690e+00 -2.0072e+00 -1.1311e+00 +1.0922e+00 +1.7140e+00 +2.1043e+00 -2.5174e-01
5933 0 +5.888424119e+02 +5.888424119e+02 +7.241724119e+02 +7.241724119e+02 -3.4224e+00 +1.9841e-01 -6.4467e-01 -1.8963e-03 +1.6003e+00 +4.9972e+00 -4.8960e+00 +3.5413e+00 +1.3364e+00 +8.9230e-01 -3.9827e+00 +2.4032e+00 +2.0311e+00 -2.8688e+00 -1.9235e+00 -1.1312e+00 +1.0922e+00 +1.7150e+00 +2.0739e+00 -2.5010e-01
% f evaluations | g evaluations | best noise-free fitness - Fopt | noise-free fitness - Fopt (4.066000000000e+01) | measured fitness | best measured fitness | x1 | x2...
1 0 +1.499861072e+04 +1.499861072e+04 +1.503927072e+04 +1.503927072e+04 +3.0387e-01 -2.8831e+00 -1.4165e+00 -2.0242e+00 -2.7739e+00 +2.7367e+00 +4.5970e+00 -3.7203e+00 -1.2761e+00 +4.3029e-01 +4.1146e+00 -3.1522e+00 +3.2002e+00 +1.2828e+00 -4.0630e+00 -2.8214e-01 +3.4505e+00 -2.5084e+00 -3.7374e+00 -3.1449e+00
2 0 +3.635077073e+03 +3.635077073e+03 +3.675737073e+03 +3.675737073e+03 +4.0039e+00 -1.2000e+00 +3.0010e+00 -2.0950e+00 +2.9968e+00 -1.7371e+00 -1.2434e+00 +2.1826e+00 +1.5928e+00 +2.2758e+00 -2.9088e+00 +4.6505e+00 -1.6991e+00 -2.5221e+00 +3.4732e+00 +4.5515e+00 +9.0078e-01 -3.3503e+00 -4.1511e+00 -3.5340e+00
3 0 +1.905617040e+03 +1.905617040e+03 +1.946277040e+03 +1.946277040e+03 -3.1966e+00 +3.3177e+00 -2.6072e+00 -1.6564e-01 -1.1203e+00 -1.4379e+00 +8.6651e-01 -4.9625e+00 +3.0856e+00 -3.5600e+00 +8.0164e-01 +1.7881e+00 +4.5011e+00 -3.7695e+00 -2.9176e+00 +2.0818e+00 -2.3383e+00 +1.4667e+00 +4.1004e+00 -1.7718e+00
10 0 +1.470931083e+03 +1.470931083e+03 +1.511591083e+03 +1.511591083e+03 +1.4077e+00 +2.5333e-01 +2.0937e+00 -4.1019e+00 -4.3361e+00 +1.7747e-01 -3.2368e+00 -4.9939e+00 -2.0044e+00 -8.2702e-01 -3.1029e+00 -1.2377e+00 -7.5668e-01 -4.6825e-02 -2.5705e+00 -3.8344e+00 -3.8420e+00 +4.3329e+00 +3.9328e+00 -2.1381e+00
53 0 +1.434579431e+03 +1.434579431e+03 +1.475239431e+03 +1.475239431e+03 +2.4797e+00 -1.2377e+00 +2.4860e+00 -5.0000e+00 -3.8772e+00 +6.6909e-02 -4.2789e+00 -5.0000e+00 -1.4959e+00 +2.2709e-01 -4.7924e+00 +1.1188e+00 -1.0864e+00 -3.5604e-01 -2.8325e+00 -4.1347e+00 -3.0744e+00 +4.6106e+00 +3.8242e+00 -2.3104e+00
56 0 +1.175827438e+03 +1.175827438e+03 +1.216487438e+03 +1.216487438e+03 +1.5117e+00 -1.0955e+00 +1.9640e+00 -3.8890e+00 -4.6129e+00 +3.8753e-01 -5.0000e+00 -5.0000e+00 -3.1698e+00 -8.3760e-01 -2.9254e+00 -5.1557e-01 -2.5133e+00 +9.1020e-03 -3.3154e+00 -3.6911e+00 -2.8821e+00 +3.4181e+00 +2.4576e+00 +9.8054e-01
75 0 +1.144429276e+03 +1.144429276e+03 +1.185089276e+03 +1.185089276e+03 +1.3533e+00 +9.9076e-01 +3.9651e+00 -5.0000e+00 -5.8271e-01 +2.6361e+00 -5.0000e+00 -4.1635e+00 -2.0387e+00 -6.9867e-01 -3.1057e+00 -2.5309e+00 +2.1201e-01 -5.0616e-02 +6.1728e-02 -5.0000e+00 -3.8099e+00 +3.6629e+00 +2.2592e+00 -1.1528e+00
84 0 +1.091792996e+03 +1.091792996e+03 +1.132452996e+03 +1.132452996e+03 +1.3831e+00 -2.0587e-01 +2.8552e+00 -5.0000e+00 -5.0000e+00 -1.5597e-01 -2.1728e+00 -5.0000e+00 +1.3587e+00 +1.1366e-01 -3.5565e+00 -1.3409e+00 -9.2609e-01 +6.8748e-01 -1.4742e+00 -2.8254e+00 -1.0410e+00 +1.0229e+00 +3.8326e+00 -1.3236e+00
89 0 +1.067307896e+03 +1.067307896e+03 +1.107967896e+03 +1.107967896e+03 -6.2419e-01 -1.1044e+00 +9.9340e-01 -4.0566e+00 -1.8957e+00 +5.4049e-01 -3.1939e+00 -4.1520e+00 -1.9242e+00 +1.1310e+00 -3.0481e+00 -1.2074e+00 -2.9776e+00 +2.8759e+00 -1.5216e+00 +1.6091e+00 -2.7199e+00 +4.0365e+00 +3.7437e+00 -2.6588e+00
124 0 +9.679497568e+02 +9.679497568e+02 +1.008609757e+03 +1.008609757e+03 -3.2164e-01 -7.4361e-01 +9.3408e-01 -4.0004e+00 -3.4588e+00 +6.8359e-01 -3.7001e+00 -4.6767e+00 -1.7223e+00 +2.8443e+00 -3.0756e+00 -1.2362e+00 -2.7443e+00 +1.3483e+00 -1.5477e+00 +1.5599e+00 -2.6301e+00 +4.3409e+00 +2.9138e+00 -2.6618e+00
125 0 +9.490483297e+02 +9.490483297e+02 +9.897083297e+02 +9.897083297e+02 +1.1416e+00 -6.0014e-01 +1.5522e+00 -3.8807e+00 -1.9225e+00 +4.9026e-02 -3.3712e+00 -4.2110e+00 -6.7276e-01 +7.4243e-01 -2.9550e+00 -7.3609e-01 -2.6067e+00 +5.0000e+00 -9.4078e-01 +3.5626e+00 -2.2993e+00 +4.0909e+00 +2.5862e+00 -2.8216e+00
148 0 +9.310640170e+02 +9.310640170e+02 +9.717240170e+02 +9.717240170e+02 +8.6197e-02 -1.0987e+00 +1.9967e+00 -3.8937e+00 -5.3144e-01 +3.5971e-01 -3.1039e+00 -3.6642e+00 -1.3954e+00 +4.5810e-01 -3.4272e+00 -1.0123e+00 -1.8749e+00 -5.8815e-02 -1.7700e+00 +2.0237e+00 -2.5051e+00 +4.1794e+00 +3.6233e+00 -2.1937e+00
161 0 +8.589803591e+02 +8.589803591e+02 +8.996403591e+02 +8.996403591e+02 -5.9575e-01 -1.2290e+00 +2.1028e+00 -3.8913e+00 -5.2773e-01 +4.3771e-01 -3.0992e+00 -3.6496e+00 -1.4338e+00 +3.1614e-01 -3.3003e+00 -1.1433e+00 -2.8145e-01 -1.4926e-01 -1.7865e+00 +1.8453e+00 -2.1590e+00 +4.2724e+00 +3.5265e+00 -1.9360e+00
190 0 +8.298988483e+02 +8.298988483e+02 +8.705588483e+02 +8.705588483e+02 +9.2374e-01 -8.8377e-01 +2.1704e+00 -3.9033e+00 -3.1883e-01 +3.8761e-01 -2.8199e+00 -4.2312e+00 -1.1934e+00 +5.0508e-01 -3.2808e+00 -1.0127e+00 -1.8489e+00 +3.2754e-01 -1.4911e+00 +1.9897e+00 -2.4783e+00 +3.6621e+00 +3.0519e+00 -1.8759e+00
214 0 +8.087663960e+02 +8.087663960e+02 +8.494263960e+02 +8.494263960e+02 +3.1900e-01 -9.6178e-01 +2.1086e+00 -3.8172e+00 +9.7495e-01 +5.5603e-01 -1.9408e+00 -3.7698e+00 -1.1360e+00 +4.1335e-01 -3.6528e+00 -7.1221e-01 -1.6254e+00 +3.2242e+00 -1.5539e+00 +1.6942e+00 -2.5565e+00 +4.1921e+00 +3.5867e+00 -2.1909e+00
245 0 +7.853677211e+02 +7.853677211e+02 +8.260277211e+02 +8.260277211e+02 +4.0061e-01 -1.0814e+00 +2.1933e+00 -3.8088e+00 +2.5684e-01 +5.1344e-01 -1.9286e+00 -3.6777e+00 -1.0651e+00 +1.8157e-01 -3.5982e+00 -7.0503e-01 -1.6209e+00 +3.3844e-01 -1.3494e+00 +1.9143e+00 -2.6230e+00 +4.2405e+00 +3.5627e+00 -2.0326e+00
290 0 +7.693857447e+02 +7.693857447e+02 +8.100457447e+02 +8.100457447e+02 +3.9380e-01 -1.0886e+00 +2.1652e+00 -3.8097e+00 +2.5740e-01 +5.1561e-01 -1.6852e+00 -3.8043e+00 -1.1618e+00 +1.5193e-01 -3.5993e+00 -6.5690e-01 -1.6172e+00 +1.6852e+00 -1.3884e+00 +1.8928e+00 -2.6126e+00 +4.2733e+00 +3.5688e+00 -1.9567e+00
305 0 +7.516685688e+02 +7.516685688e+02 +7.923285688e+02 +7.923285688e+02 +4.0397e-01 -1.1031e+00 +2.2040e+00 -3.8062e+00 +4.2244e-01 +4.9205e-01 -1.9343e+00 -3.6670e+00 -1.0728e+00 +1.2523e-01 -3.5973e+00 -6.3273e-01 -1.7363e+00 +2.2386e+00 -1.2881e+00 +2.0254e+00 -2.6198e+00 +4.2577e+00 +3.5375e+00 -2.0135e+00
329 0 +7.248691551e+02 +7.248691551e+02 +7.655291551e+02 +7.655291551e+02 +4.0844e-01 -1.1005e+00 +2.2324e+00 -3.8064e+00 +4.5459e-01 +5.0165e-01 -2.0488e+00 -3.6671e+00 -1.0752e+00 +1.4157e-01 -3.5929e+00 -6.3668e-01 -1.8268e+00 +2.3319e+00 -1.3033e+00 +1.9691e+00 -2.6183e+00 +4.2578e+00 +3.5169e+00 -2.0094e+00
374 0 +7.158635387e+02 +7.158635387e+02 +7.565235387e+02 +7.565235387e+02 +3.9137e-01 -1.1053e+00 +2.2307e+00 -3.8064e+00 +4.4246e-01 +5.0428e-01 -2.0069e+00 -3.6663e+00 -1.0705e+00 +1.4246e-01 -3.5926e+00 -6.3726e-01 -1.8649e+00 +2.3083e+00 -1.2914e+00 +2.0130e+00 -2.6152e+00 +4.2566e+00 +3.5178e+00 -1.9019e+00
471 0 +7.061932440e+02 +7.061932440e+02 +7.468532440e+02 +7.468532440e+02 +3.8037e-01 -1.1165e+00 +2.2203e+00 -3.8068e+00 +4.2897e-01 +5.0411e-01 -1.9759e+00 -3.6666e+00 -1.0688e+00 +1.3447e-01 -3.5925e+00 -6.3993e-01 -1.7996e+00 +2.3297e+00 -1.3089e+00 +1.9298e+00 -2.6118e+00 +4.2569e+00 +3.5172e+00 -1.9322e+00
