% f evaluations | g evaluations | best noise-free fitness - Fopt | noise-free fitness - Fopt (-5.494000000000e+01) | measured fitness | best measured fitness | x1 | x2...
1 0 +1.742410858e+06 +1.742410858e+06 +1.742355918e+06 +1.742355918e+06 +0.0000e+00 +0.0000e+00 +0.0000e+00
4 0 +1.742148806e+06 +1.742148806e+06 +1.742093866e+06 +1.742093866e+06 +0.0000e+00 +0.0000e+00 +2.5000e-04
11 0 +1.736039969e+06 +1.736039969e+06 +1.735985029e+06 +1.735985029e+06 +3.3333e-04 -1.6667e-03 +9.1667e-04
21 0 +1.698133414e+06 +1.698133414e+06 +1.698078474e+06 +1.698078474e+06 +2.1389e-03 -1.1611e-02 +6.2500e-03
24 0 +1.651688427e+06 +1.651688427e+06 +1.651633487e+06 +1.651633487e+06 +3.5000e-03 -2.3500e-02 +1.3500e-02
26 0 +1.598389136e+06 +1.598389136e+06 +1.598334196e+06 +1.598334196e+06 +6.5833e-03 -3.7667e-02 +2.1000e-02
28 0 +1.533674864e+06 +1.533674864e+06 +1.533619924e+06 +1.533619924e+06 +9.0000e-03 -5.5000e-02 +2.9583e-02
29 0 +1.507451278e+06 +1.507451278e+06 +1.507396338e+06 +1.507396338e+06 +9.8056e-03 -6.1611e-02 +3.4472e-02
30 0 +1.421727191e+06 +1.421727191e+06 +1.421672251e+06 +1.421672251e+06 +1.3250e-02 -8.4500e-02 +4.7583e-02
31 0 +1.386169244e+06 +1.386169244e+06 +1.386114304e+06 +1.386114304e+06 +1.5722e-02 -9.4611e-02 +5.1944e-02
32 0 +1.259075015e+06 +1.259075015e+06 +1.259020075e+06 +1.259020075e+06 +2.1833e-02 -1.3017e-01 +7.1167e-02
33 0 +1.216886380e+06 +1.216886380e+06 +1.216831440e+06 +1.216831440e+06 +2.2806e-02 -1.4211e-01 +7.7889e-02
34 0 +1.043310527e+06 +1.043310527e+06 +1.043255587e+06 +1.043255587e+06 +3.0917e-02 -1.9433e-01 +1.0633e-01
35 0 +9.697921339e+05 +9.697921339e+05 +9.697371939e+05 +9.697371939e+05 +3.5000e-02 -2.1767e-01 +1.2047e-01
36 0 +7.451340742e+05 +7.451340742e+05 +7.450791342e+05 +7.450791342e+05 +4.8000e-02 -2.9900e-01 +1.6592e-01
37 0 +6.711999530e+05 +6.711999530e+05 +6.711450130e+05 +6.711450130e+05 +5.3917e-02 -3.3117e-01 +1.8136e-01
38 0 +4.499251787e+05 +4.499251787e+05 +4.498702387e+05 +4.498702387e+05 +7.4250e-02 -4.5450e-01 +2.4825e-01
39 0 +3.897456598e+05 +3.897456598e+05 +3.896907198e+05 +3.896907198e+05 +8.0278e-02 -5.0172e-01 +2.7583e-01
40 0 +2.309217573e+05 +2.309217573e+05 +2.308668173e+05 +2.308668173e+05 +1.0950e-01 -6.8750e-01 +3.7817e-01
41 0 +1.654070334e+05 +1.654070334e+05 +1.653520934e+05 +1.653520934e+05 +1.2358e-01 -7.6633e-01 +4.2189e-01
42 0 +8.522391917e+03 +8.522391917e+03 +8.467451917e+03 +8.467451917e+03 +1.6992e-01 -1.0523e+00 +5.7967e-01
43 0 +5.734733571e+03 +5.734733571e+03 +5.679793571e+03 +5.679793571e+03 +1.8778e-01 -1.1639e+00 +6.3814e-01
55 0 +4.776571139e+03 +4.776571139e+03 +4.721631139e+03 +4.721631139e+03 +1.7634e-01 -1.0939e+00 +6.0170e-01
57 0 +4.118368655e+03 +4.118368655e+03 +4.063428655e+03 +4.063428655e+03 +1.7762e-01 -1.1037e+00 +6.0663e-01
61 0 +3.991498225e+03 +3.991498225e+03 +3.936558225e+03 +3.936558225e+03 +1.8376e-01 -1.1400e+00 +6.2588e-01
63 0 +3.803248733e+03 +3.803248733e+03 +3.748308733e+03 +3.748308733e+03 +1.7928e-01 -1.1127e+00 +6.1170e-01
67 0 +3.726014466e+03 +3.726014466e+03 +3.671074466e+03 +3.671074466e+03 +1.7978e-01 -1.1164e+00 +6.1352e-01
71 0 +3.708457679e+03 +3.708457679e+03 +3.653517679e+03 +3.653517679e+03 +1.8158e-01 -1.1274e+00 +6.1954e-01
221 0 +3.621875345e+03 +3.621875345e+03 +3.566935345e+03 +3.566935345e+03 +1.5760e-01 -1.1083e+00 +6.6499e-01
226 0 +3.544334803e+03 +3.544334803e+03 +3.489394803e+03 +3.489394803e+03 +1.2923e-01 -1.0879e+00 +7.2085e-01
230 0 +3.453353953e+03 +3.453353953e+03 +3.398413953e+03 +3.398413953e+03 +9.4420e-02 -1.0629e+00 +7.8932e-01
231 0 +3.373739122e+03 +3.373739122e+03 +3.318799122e+03 +3.318799122e+03 +6.6404e-02 -1.0425e+00 +8.4420e-01
233 0 +3.289827663e+03 +3.289827663e+03 +3.234887663e+03 +3.234887663e+03 +3.8683e-02 -1.0218e+00 +8.9799e-01
234 0 +3.156172159e+03 +3.156172159e+03 +3.101232159e+03 +3.101232159e+03 -6.5886e-03 -9.8866e-01 +9.8657e-01
236 0 +2.916060091e+03 +2.916060091e+03 +2.861120091e+03 +2.861120091e+03 -8.4483e-02 -9.3155e-01 +1.1388e+00
238 0 +2.659680658e+03 +2.659680658e+03 +2.604740658e+03 +2.604740658e+03 -1.7575e-01 -8.6630e-01 +1.3188e+00
239 0 +2.408730851e+03 +2.408730851e+03 +2.353790851e+03 +2.353790851e+03 -2.4428e-01 -8.1519e-01 +1.4519e+00
240 0 +1.858159867e+03 +1.858159867e+03 +1.803219867e+03 +1.803219867e+03 -3.9963e-01 -7.0155e-01 +1.7557e+00
241 0 +1.753185043e+03 +1.753185043e+03 +1.698245043e+03 +1.698245043e+03 -4.3332e-01 -6.7761e-01 +1.8223e+00
242 0 +1.105027596e+03 +1.105027596e+03 +1.050087596e+03 +1.050087596e+03 -6.4668e-01 -5.2208e-01 +2.2402e+00
243 0 +9.350719392e+02 +9.350719392e+02 +8.801319392e+02 +8.801319392e+02 -7.3022e-01 -4.6174e-01 +2.4043e+00
244 0 +6.670552227e+02 +6.670552227e+02 +6.121152227e+02 +6.121152227e+02 -1.0531e+00 -2.2683e-01 +3.0371e+00
245 0 +5.407795511e+02 +5.407795511e+02 +4.858395511e+02 +4.858395511e+02 -1.2239e+00 -1.0068e-01 +3.3699e+00
253 0 +5.177022326e+02 +5.177022326e+02 +4.627622326e+02 +4.627622326e+02 -1.2798e+00 -5.9595e-02 +3.4792e+00
254 0 +4.828384093e+02 +4.828384093e+02 +4.278984093e+02 +4.278984093e+02 -1.3931e+00 +2.4022e-02 +3.7002e+00
256 0 +4.346752053e+02 +4.346752053e+02 +3.797352053e+02 +3.797352053e+02 -1.4976e+00 +1.0156e-01 +3.9033e+00
258 0 +3.496432685e+02 +3.496432685e+02 +2.947032685e+02 +2.947032685e+02 -1.4173e+00 +4.3970e-02 +3.7451e+00
259 0 +3.017116637e+02 +3.017116637e+02 +2.467716637e+02 +2.467716637e+02 -1.5140e+00 +1.1630e-01 +3.9327e+00
262 0 +2.837935104e+02 +2.837935104e+02 +2.288535104e+02 +2.288535104e+02 -1.4610e+00 +7.7877e-02 +3.8287e+00
263 0 +2.293073167e+02 +2.293073167e+02 +1.743673167e+02 +1.743673167e+02 -1.4949e+00 +1.0480e-01 +3.8929e+00
264 0 +2.219403824e+02 +2.219403824e+02 +1.670003824e+02 +1.670003824e+02 -1.3548e+00 +2.4964e-03 +3.6186e+00
265 0 +1.746133175e+02 +1.746133175e+02 +1.196733175e+02 +1.196733175e+02 -1.2833e+00 -4.7037e-02 +3.4762e+00
266 0 +1.055462502e+02 +1.055462502e+02 +5.060625018e+01 +5.060625018e+01 -1.5919e+00 +1.8105e-01 +4.0773e+00
267 0 +9.453091232e+01 +9.453091232e+01 +3.959091232e+01 +3.959091232e+01 -1.7530e+00 +3.0408e-01 +4.3874e+00
268 0 +3.006536063e+01 +3.006536063e+01 -2.487463937e+01 -2.487463937e+01 -1.5068e+00 +1.2494e-01 +3.9050e+00
286 0 +2.888778322e+01 +2.888778322e+01 -2.605221678e+01 -2.605221678e+01 -1.5416e+00 +1.5035e-01 +3.9729e+00
297 0 +2.879849238e+01 +2.879849238e+01 -2.614150762e+01 -2.614150762e+01 -1.5355e+00 +1.4607e-01 +3.9608e+00
% f evaluations | g evaluations | best noise-free fitness - Fopt | noise-free fitness - Fopt (5.913000000000e+01) | measured fitness | best measured fitness | x1 | x2...
1 0 +1.355615952e+05 +1.355615952e+05 +1.356207252e+05 +1.356207252e+05 +0.0000e+00 +0.0000e+00 +0.0000e+00
2 0 +1.354655234e+05 +1.354655234e+05 +1.355246534e+05 +1.355246534e+05 +2.5000e-04 +0.0000e+00 +0.0000e+00
10 0 +1.347873912e+05 +1.347873912e+05 +1.348465212e+05 +1.348465212e+05 +2.5000e-04 +1.0000e-03 +0.0000e+00
18 0 +1.311135502e+05 +1.311135502e+05 +1.311726802e+05 +1.311726802e+05 +3.2500e-03 +5.0000e-03 -1.0000e-03
20 0 +1.288225130e+05 +1.288225130e+05 +1.288816430e+05 +1.288816430e+05 +4.0000e-03 +8.2500e-03 -2.0000e-03
22 0 +1.252764234e+05 +1.252764234e+05 +1.253355534e+05 +1.253355534e+05 +6.2500e-03 +1.2250e-02 -1.7500e-03
24 0 +1.200252641e+05 +1.200252641e+05 +1.200843941e+05 +1.200843941e+05 +1.0500e-02 +1.8500e-02 -4.2500e-03
26 0 +1.122587232e+05 +1.122587232e+05 +1.123178532e+05 +1.123178532e+05 +1.4250e-02 +2.9000e-02 -6.0000e-03
27 0 +1.097999967e+05 +1.097999967e+05 +1.098591267e+05 +1.098591267e+05 +1.6667e-02 +3.1583e-02 -6.0000e-03
28 0 +1.009271927e+05 +1.009271927e+05 +1.009863227e+05 +1.009863227e+05 +2.3000e-02 +4.3250e-02 -8.0000e-03
29 0 +9.755062050e+04 +9.755062050e+04 +9.760975050e+04 +9.760975050e+04 +2.5583e-02 +4.8250e-02 -1.0417e-02
30 0 +8.547328118e+04 +8.547328118e+04 +8.553241118e+04 +8.553241118e+04 +3.5250e-02 +6.6250e-02 -1.4750e-02
31 0 +8.101124162e+04 +8.101124162e+04 +8.107037162e+04 +8.107037162e+04 +3.7833e-02 +7.3833e-02 -1.4917e-02
32 0 +6.626885175e+04 +6.626885175e+04 +6.632798175e+04 +6.632798175e+04 +5.1500e-02 +1.0150e-01 -2.0250e-02
33 0 +6.122776748e+04 +6.122776748e+04 +6.128689748e+04 +6.128689748e+04 +5.8917e-02 +1.1167e-01 -2.2667e-02
34 0 +4.556484753e+04 +4.556484753e+04 +4.562397753e+04 +4.562397753e+04 +8.1250e-02 +1.5300e-01 -3.1000e-02
35 0 +3.991985316e+04 +3.991985316e+04 +3.997898316e+04 +3.997898316e+04 +8.9000e-02 +1.7058e-01 -3.6000e-02
36 0 +1.818325660e+04 +1.818325660e+04 +1.824238660e+04 +1.824238660e+04 +1.2200e-01 +2.3425e-01 -5.0000e-02
37 0 +1.356984653e+04 +1.356984653e+04 +1.362897653e+04 +1.362897653e+04 +1.3458e-01 +2.5958e-01 -5.2750e-02
38 0 +1.002466258e+04 +1.002466258e+04 +1.008379258e+04 +1.008379258e+04 +1.8425e-01 +3.5625e-01 -7.1750e-02
48 0 +9.934128205e+03 +9.934128205e+03 +9.993258205e+03 +9.993258205e+03 +1.8412e-01 +3.5225e-01 -7.2556e-02
50 0 +9.631354472e+03 +9.631354472e+03 +9.690484472e+03 +9.690484472e+03 +1.6046e-01 +3.0797e-01 -6.3452e-02
52 0 +9.352621622e+03 +9.352621622e+03 +9.411751622e+03 +9.411751622e+03 +1.6453e-01 +3.1562e-01 -6.4650e-02
56 0 +9.264170700e+03 +9.264170700e+03 +9.323300700e+03 +9.323300700e+03 +1.7572e-01 +3.3685e-01 -6.9181e-02
162 0 +9.111459541e+03 +9.111459541e+03 +9.170589541e+03 +9.170589541e+03 +1.9302e-01 +3.2114e-01 -1.0601e-01
175 0 +8.833145797e+03 +8.833145797e+03 +8.892275797e+03 +8.892275797e+03 +3.1697e-01 +2.9511e-01 -3.1536e-01
179 0 +8.673726220e+03 +8.673726220e+03 +8.732856220e+03 +8.732856220e+03 +3.3964e-01 +2.9789e-01 -3.4889e-01
181 0 +8.422404313e+03 +8.422404313e+03 +8.481534313e+03 +8.481534313e+03 +4.3327e-01 +2.8358e-01 -5.0362e-01
183 0 +8.229131040e+03 +8.229131040e+03 +8.288261040e+03 +8.288261040e+03 +5.8504e-01 +2.5403e-01 -7.5850e-01
184 0 +8.108656014e+03 +8.108656014e+03 +8.167786014e+03 +8.167786014e+03 +5.5561e-01 +2.6715e-01 -7.0440e-01
185 0 +7.837601082e+03 +7.837601082e+03 +7.896731082e+03 +7.896731082e+03 +6.5857e-01 +2.5580e-01 -8.7180e-01
186 0 +7.649000063e+03 +7.649000063e+03 +7.708130063e+03 +7.708130063e+03 +7.7828e-01 +2.3105e-01 -1.0737e+00
187 0 +7.137080682e+03 +7.137080682e+03 +7.196210682e+03 +7.196210682e+03 +9.9760e-01 +1.9763e-01 -1.4361e+00
188 0 +6.959694256e+03 +6.959694256e+03 +7.018824256e+03 +7.018824256e+03 +1.0609e+00 +1.8805e-01 -1.5407e+00
189 0 +5.819418139e+03 +5.819418139e+03 +5.878548139e+03 +5.878548139e+03 +1.3747e+00 +1.4029e-01 -2.0592e+00
190 0 +5.274210422e+03 +5.274210422e+03 +5.333340422e+03 +5.333340422e+03 +1.4355e+00 +1.4178e-01 -2.1529e+00
191 0 +3.246957002e+03 +3.246957002e+03 +3.306087002e+03 +3.306087002e+03 +1.8607e+00 +8.5653e-02 -2.8502e+00
192 0 +2.738387727e+03 +2.738387727e+03 +2.797517727e+03 +2.797517727e+03 +2.1634e+00 +2.6583e-02 -3.3585e+00
193 0 +2.302749247e+03 +2.302749247e+03 +2.361879247e+03 +2.361879247e+03 +2.9159e+00 -8.8024e-02 -4.6019e+00
194 0 +1.344042801e+03 +1.344042801e+03 +1.403172801e+03 +1.403172801e+03 +3.1033e+00 -1.0568e-01 -4.9047e+00
195 0 +6.186299080e+02 +6.186299080e+02 +6.777599080e+02 +6.777599080e+02 +4.1561e+00 -2.5734e-01 -6.6390e+00
196 0 +4.450553283e+02 +4.450553283e+02 +5.041853283e+02 +5.041853283e+02 +4.5805e+00 -3.1343e-01 -7.3348e+00
200 0 +2.149491614e+02 +2.149491614e+02 +2.740791614e+02 +2.740791614e+02 +4.8235e+00 -3.3713e-01 -7.7280e+00
206 0 +2.044077439e+02 +2.044077439e+02 +2.635377439e+02 +2.635377439e+02 +4.8520e+00 -3.3885e-01 -7.7734e+00
208 0 +9.138861096e+01 +9.138861096e+01 +1.505186110e+02 +1.505186110e+02 +4.6086e+00 -2.9970e-01 -7.3699e+00
212 0 +8.993957143e+01 +8.993957143e+01 +1.490695714e+02 +1.490695714e+02 +4.4400e+00 -2.7822e-01 -7.0940e+00
219 0 +7.483423366e+01 +7.483423366e+01 +1.339642337e+02 +1.339642337e+02 +4.4030e+00 -2.6832e-01 -7.0301e+00
228 0 +7.397308609e+01 +7.397308609e+01 +1.331030861e+02 +1.331030861e+02 +4.4627e+00 -2.7785e-01 -7.1291e+00
% f evaluations | g evaluations | best noise-free fitness - Fopt | noise-free fitness - Fopt (-4.915300000000e+02) | measured fitness | best measured fitness | x1 | x2...
1 0 +7.654731415e+06 +7.654731415e+06 +7.654239885e+06 +7.654239885e+06 +0.0000e+00 +0.0000e+00 +0.0000e+00
5 0 +7.654599346e+06 +7.654599346e+06 +7.654107816e+06 +7.654107816e+06 +1.6667e-04 +1.6667e-04 -2.5000e-04
26 0 +7.571047055e+06 +7.571047055e+06 +7.570555525e+06 +7.570555525e+06 -6.0000e-03 +1.4250e-02 -3.7000e-02
32 0 +7.349928323e+06 +7.349928323e+06 +7.349436793e+06 +7.349436793e+06 -2.0250e-02 +5.1500e-02 -1.3250e-01
34 0 +7.178432614e+06 +7.178432614e+06 +7.177941084e+06 +7.177941084e+06 -3.1000e-02 +8.1250e-02 -2.0300e-01
36 0 +6.891931140e+06 +6.891931140e+06 +6.891439610e+06 +6.891439610e+06 -5.0000e-02 +1.2200e-01 -3.0600e-01
38 0 +6.373511915e+06 +6.373511915e+06 +6.373020385e+06 +6.373020385e+06 -7.1750e-02 +1.8425e-01 -4.6850e-01
39 0 +6.188576070e+06 +6.188576070e+06 +6.188084540e+06 +6.188084540e+06 -8.1583e-02 +2.0683e-01 -5.1917e-01
40 0 +5.389914164e+06 +5.389914164e+06 +5.389422634e+06 +5.389422634e+06 -1.1225e-01 +2.8450e-01 -7.1250e-01
41 0 +5.036809238e+06 +5.036809238e+06 +5.036317708e+06 +5.036317708e+06 -1.2500e-01 +3.1258e-01 -7.8833e-01
42 0 +3.694194647e+06 +3.694194647e+06 +3.693703117e+06 +3.693703117e+06 -1.7200e-01 +4.2825e-01 -1.0810e+00
43 0 +3.220040999e+06 +3.220040999e+06 +3.219549469e+06 +3.219549469e+06 -1.8733e-01 +4.7600e-01 -1.2020e+00
44 0 +2.159937139e+06 +2.159937139e+06 +2.159445609e+06 +2.159445609e+06 -2.5600e-01 +6.5300e-01 -1.6500e+00
45 0 +2.037925861e+06 +2.037925861e+06 +2.037434331e+06 +2.037434331e+06 -2.8842e-01 +7.2625e-01 -1.8272e+00
46 0 +9.674677339e+05 +9.674677339e+05 +9.669762039e+05 +9.669762039e+05 -3.9675e-01 +9.9725e-01 -2.5065e+00
47 0 +5.450716754e+05 +5.450716754e+05 +5.445801454e+05 +5.445801454e+05 -4.3758e-01 +1.1012e+00 -2.7792e+00
48 0 +1.652537409e+04 +1.652537409e+04 +1.603384409e+04 +1.603384409e+04 -6.0025e-01 +1.5095e+00 -3.8125e+00
60 0 +1.168310432e+04 +1.168310432e+04 +1.119157432e+04 +1.119157432e+04 -6.4326e-01 +1.6208e+00 -4.0875e+00
62 0 +9.491187332e+03 +9.491187332e+03 +8.999657332e+03 +8.999657332e+03 -6.3843e-01 +1.6115e+00 -4.0644e+00
64 0 +7.917906356e+03 +7.917906356e+03 +7.426376356e+03 +7.426376356e+03 -6.1218e-01 +1.5423e+00 -3.8897e+00
66 0 +6.066779127e+03 +6.066779127e+03 +5.575249127e+03 +5.575249127e+03 -6.1577e-01 +1.5505e+00 -3.9132e+00
72 0 +5.471507852e+03 +5.471507852e+03 +4.979977852e+03 +4.979977852e+03 -6.1905e-01 +1.5598e+00 -3.9345e+00
76 0 +5.306920140e+03 +5.306920140e+03 +4.815390140e+03 +4.815390140e+03 -6.2497e-01 +1.5752e+00 -3.9737e+00
84 0 +5.245715560e+03 +5.245715560e+03 +4.754185560e+03 +4.754185560e+03 -6.2155e-01 +1.5660e+00 -3.9509e+00
175 0 +5.124791536e+03 +5.124791536e+03 +4.633261536e+03 +4.633261536e+03 -6.2228e-01 +1.5285e+00 -3.9463e+00
184 0 +4.975265956e+03 +4.975265956e+03 +4.483735956e+03 +4.483735956e+03 -6.1829e-01 +1.4916e+00 -3.9196e+00
187 0 +4.886415682e+03 +4.886415682e+03 +4.394885682e+03 +4.394885682e+03 -6.1581e-01 +1.4560e+00 -3.8986e+00
192 0 +4.768561530e+03 +4.768561530e+03 +4.277031530e+03 +4.277031530e+03 -6.0820e-01 +1.3567e+00 -3.8380e+00
196 0 +4.561703189e+03 +4.561703189e+03 +4.070173189e+03 +4.070173189e+03 -6.0657e-01 +1.3157e+00 -3.8224e+00
197 0 +4.446005276e+03 +4.446005276e+03 +3.954475276e+03 +3.954475276e+03 -6.0273e-01 +1.2582e+00 -3.7917e+00
198 0 +4.326772640e+03 +4.326772640e+03 +3.835242640e+03 +3.835242640e+03 -6.0043e-01 +1.2118e+00 -3.7684e+00
199 0 +4.122785143e+03 +4.122785143e+03 +3.631255143e+03 +3.631255143e+03 -5.9399e-01 +1.1056e+00 -3.7129e+00
201 0 +3.906484200e+03 +3.906484200e+03 +3.414954200e+03 +3.414954200e+03 -5.8595e-01 +9.8430e-01 -3.6490e+00
203 0 +3.602784570e+03 +3.602784570e+03 +3.111254570e+03 +3.111254570e+03 -5.8572e-01 +9.3784e-01 -3.6361e+00
204 0 +3.199535148e+03 +3.199535148e+03 +2.708005148e+03 +2.708005148e+03 -5.7722e-01 +7.7765e-01 -3.5583e+00
206 0 +2.859898489e+03 +2.859898489e+03 +2.368368489e+03 +2.368368489e+03 -5.6058e-01 +5.4072e-01 -3.4256e+00
207 0 +2.141864663e+03 +2.141864663e+03 +1.650334663e+03 +1.650334663e+03 -5.4388e-01 +2.5826e-01 -3.2819e+00
208 0 +1.784645610e+03 +1.784645610e+03 +1.293115610e+03 +1.293115610e+03 -5.4058e-01 +1.7804e-01 -3.2447e+00
209 0 +8.710860920e+02 +8.710860920e+02 +3.795560920e+02 +3.795560920e+02 -5.1789e-01 -2.2508e-01 -3.0426e+00
210 0 +6.902335453e+02 +6.902335453e+02 +1.987035453e+02 +1.987035453e+02 -5.2397e-01 -1.6705e-01 -3.0882e+00
211 0 +2.850047403e+02 +2.850047403e+02 -2.065252597e+02 -2.065252597e+02 -5.0161e-01 -6.0437e-01 -2.8821e+00
212 0 +2.378321827e+02 +2.378321827e+02 -2.536978173e+02 -2.536978173e+02 -4.6503e-01 -1.1584e+00 -2.5794e+00
214 0 +1.227103079e+02 +1.227103079e+02 -3.688196921e+02 -3.688196921e+02 -4.4581e-01 -1.5835e+00 -2.3875e+00
219 0 +2.822384410e+01 +2.822384410e+01 -4.633061559e+02 -4.633061559e+02 -4.7716e-01 -1.0193e+00 -2.6694e+00
224 0 +1.750484047e+01 +1.750484047e+01 -4.740251595e+02 -4.740251595e+02 -4.5846e-01 -1.3444e+00 -2.5036e+00
226 0 +1.379691349e+01 +1.379691349e+01 -4.777330865e+02 -4.777330865e+02 -4.6061e-01 -1.3067e+00 -2.5247e+00
228 0 +1.049459204e+01 +1.049459204e+01 -4.810354080e+02 -4.810354080e+02 -4.6315e-01 -1.2483e+00 -2.5495e+00
230 0 +1.785013201e+00 +1.785013201e+00 -4.897449868e+02 -4.897449868e+02 -4.6895e-01 -1.1595e+00 -2.5977e+00
237 0 +9.192347752e-01 +9.192347752e-01 -4.906107652e+02 -4.906107652e+02 -4.6605e-01 -1.2058e+00 -2.5739e+00
241 0 +8.583932762e-01 +8.583932762e-01 -4.906716067e+02 -4.906716067e+02 -4.6660e-01 -1.1946e+00 -2.5789e+00
245 0 +7.329357545e-01 +7.329357545e-01 -4.907970642e+02 -4.907970642e+02 -4.6764e-01 -1.1769e+00 -2.5882e+00
247 0 +6.994375983e-01 +6.994375983e-01 -4.908305624e+02 -4.908305624e+02 -4.6737e-01 -1.1830e+00 -2.5853e+00
253 0 +6.799020982e-01 +6.799020982e-01 -4.908500979e+02 -4.908500979e+02 -4.6731e-01 -1.1831e+00 -2.5851e+00
255 0 +6.670001341e-01 +6.670001341e-01 -4.908629999e+02 -4.908629999e+02 -4.6691e-01 -1.1903e+00 -2.5815e+00
% f evaluations | g evaluations | best noise-free fitness - Fopt | noise-free fitness - Fopt (-1.702000000000e+02) | measured fitness | best measured fitness | x1 | x2...
1 0 +1.124209412e+07 +1.124209412e+07 +1.124192392e+07 +1.124192392e+07 +0.0000e+00 +0.0000e+00 +0.0000e+00
6 0 +1.124167002e+07 +1.124167002e+07 +1.124149982e+07 +1.124149982e+07 -1.3889e-04 -1.6667e-04 +2.7778e-04
18 0 +1.121654923e+07 +1.121654923e+07 +1.121637903e+07 +1.121637903e+07 -2.8333e-03 -3.5000e-03 +1.0833e-03
30 0 +1.093465522e+07 +1.093465522e+07 +1.093448502e+07 +1.093448502e+07 -2.7667e-02 -4.3250e-02 +6.0833e-03
34 0 +1.053756740e+07 +1.053756740e+07 +1.053739720e+07 +1.053739720e+07 -6.4167e-02 -1.0150e-01 +1.6417e-02
35 0 +1.046523901e+07 +1.046523901e+07 +1.046506881e+07 +1.046506881e+07 -6.9444e-02 -1.1167e-01 +1.5778e-02
36 0 +1.018316844e+07 +1.018316844e+07 +1.018299824e+07 +1.018299824e+07 -9.5000e-02 -1.5300e-01 +2.1000e-02
38 0 +9.657983885e+06 +9.657983885e+06 +9.657813685e+06 +9.657813685e+06 -1.4367e-01 -2.3425e-01 +3.4417e-02
39 0 +9.484896117e+06 +9.484896117e+06 +9.484725917e+06 +9.484725917e+06 -1.6206e-01 -2.5958e-01 +3.8722e-02
40 0 +8.872902680e+06 +8.872902680e+06 +8.872732480e+06 +8.872732480e+06 -2.2317e-01 -3.5625e-01 +5.3500e-02
41 0 +8.643960002e+06 +8.643960002e+06 +8.643789802e+06 +8.643789802e+06 -2.4372e-01 -3.9417e-01 +5.6194e-02
42 0 +7.792482956e+06 +7.792482956e+06 +7.792312756e+06 +7.792312756e+06 -3.3350e-01 -5.4050e-01 +7.6083e-02
43 0 +7.468118450e+06 +7.468118450e+06 +7.467948250e+06 +7.467948250e+06 -3.7189e-01 -6.0100e-01 +8.8333e-02
44 0 +6.358779930e+06 +6.358779930e+06 +6.358609730e+06 +6.358609730e+06 -5.1033e-01 -8.2500e-01 +1.2200e-01
45 0 +5.958074772e+06 +5.958074772e+06 +5.957904572e+06 +5.957904572e+06 -5.6767e-01 -9.1358e-01 +1.3331e-01
46 0 +4.704619395e+06 +4.704619395e+06 +4.704449195e+06 +4.704449195e+06 -7.7967e-01 -1.2533e+00 +1.8275e-01
47 0 +4.301417434e+06 +4.301417434e+06 +4.301247234e+06 +4.301247234e+06 -8.5917e-01 -1.3896e+00 +2.0039e-01
48 0 +2.931474307e+06 +2.931474307e+06 +2.931304107e+06 +2.931304107e+06 -1.1772e+00 -1.9063e+00 +2.7383e-01
49 0 +2.305618120e+06 +2.305618120e+06 +2.305447920e+06 +2.305447920e+06 -1.3113e+00 -2.1158e+00 +3.0964e-01
50 0 +3.568431030e+05 +3.568431030e+05 +3.566729030e+05 +3.566729030e+05 -1.8002e+00 -2.9035e+00 +4.2642e-01
51 0 +1.301662179e+05 +1.301662179e+05 +1.299960179e+05 +1.299960179e+05 -1.9943e+00 -3.2170e+00 +4.6667e-01
57 0 +4.786104949e+04 +4.786104949e+04 +4.769084949e+04 +4.769084949e+04 -2.0843e+00 -3.3636e+00 +4.9139e-01
61 0 +1.269861476e+04 +1.269861476e+04 +1.252841476e+04 +1.252841476e+04 -2.2836e+00 -3.6893e+00 +5.3611e-01
62 0 +6.110885970e+03 +6.110885970e+03 +5.940685970e+03 +5.940685970e+03 -2.2634e+00 -3.6590e+00 +5.3367e-01
67 0 +5.339087163e+03 +5.339087163e+03 +5.168887163e+03 +5.168887163e+03 -2.1843e+00 -3.5274e+00 +5.1467e-01
70 0 +3.631386018e+03 +3.631386018e+03 +3.461186018e+03 +3.461186018e+03 -2.2466e+00 -3.6299e+00 +5.2815e-01
72 0 +2.630563668e+03 +2.630563668e+03 +2.460363668e+03 +2.460363668e+03 -2.2337e+00 -3.6099e+00 +5.2601e-01
78 0 +2.464246047e+03 +2.464246047e+03 +2.294046047e+03 +2.294046047e+03 -2.2301e+00 -3.6033e+00 +5.2456e-01
80 0 +2.422069414e+03 +2.422069414e+03 +2.251869414e+03 +2.251869414e+03 -2.2123e+00 -3.5746e+00 +5.2044e-01
82 0 +2.309034815e+03 +2.309034815e+03 +2.138834815e+03 +2.138834815e+03 -2.2156e+00 -3.5796e+00 +5.2148e-01
86 0 +2.283596911e+03 +2.283596911e+03 +2.113396911e+03 +2.113396911e+03 -2.2241e+00 -3.5937e+00 +5.2328e-01
161 0 +2.238429226e+03 +2.238429226e+03 +2.068229226e+03 +2.068229226e+03 -2.2163e+00 -3.5850e+00 +5.1525e-01
175 0 +2.186340522e+03 +2.186340522e+03 +2.016140522e+03 +2.016140522e+03 -2.1814e+00 -3.5618e+00 +4.5509e-01
182 0 +2.130071020e+03 +2.130071020e+03 +1.959871020e+03 +1.959871020e+03 -2.1665e+00 -3.5550e+00 +4.2420e-01
186 0 +2.069057724e+03 +2.069057724e+03 +1.898857724e+03 +1.898857724e+03 -2.1491e+00 -3.5480e+00 +3.8602e-01
187 0 +2.036579814e+03 +2.036579814e+03 +1.866379814e+03 +1.866379814e+03 -2.1314e+00 -3.5393e+00 +3.5016e-01
190 0 +1.973298570e+03 +1.973298570e+03 +1.803098570e+03 +1.803098570e+03 -2.0858e+00 -3.5149e+00 +2.6134e-01
192 0 +1.815618321e+03 +1.815618321e+03 +1.645418321e+03 +1.645418321e+03 -2.0418e+00 -3.4969e+00 +1.6580e-01
193 0 +1.727585346e+03 +1.727585346e+03 +1.557385346e+03 +1.557385346e+03 -2.0290e+00 -3.4860e+00 +1.4802e-01
194 0 +1.257749605e+03 +1.257749605e+03 +1.087549605e+03 +1.087549605e+03 -1.9717e+00 -3.4550e+00 +3.6930e-02
195 0 +9.245168533e+02 +9.245168533e+02 +7.543168533e+02 +7.543168533e+02 -1.9348e+00 -3.4385e+00 -4.0779e-02
196 0 +5.495274809e+02 +5.495274809e+02 +3.793274809e+02 +3.793274809e+02 -1.8366e+00 -3.3881e+00 -2.3625e-01
198 0 +2.178010747e+02 +2.178010747e+02 +4.760107468e+01 +4.760107468e+01 -1.7066e+00 -3.3175e+00 -4.8781e-01
199 0 +2.412386277e+01 +2.412386277e+01 -1.460761372e+02 -1.460761372e+02 -1.5390e+00 -3.2278e+00 -8.1461e-01
206 0 +2.280708374e+01 +2.280708374e+01 -1.473929163e+02 -1.473929163e+02 -1.4518e+00 -3.1790e+00 -9.8093e-01
208 0 +1.601465798e+01 +1.601465798e+01 -1.541853420e+02 -1.541853420e+02 -1.5351e+00 -3.2236e+00 -8.1839e-01
212 0 +1.401665899e+01 +1.401665899e+01 -1.561833410e+02 -1.561833410e+02 -1.5121e+00 -3.2128e+00 -8.6602e-01
215 0 +1.157299437e+01 +1.157299437e+01 -1.586270056e+02 -1.586270056e+02 -1.4889e+00 -3.1989e+00 -9.0852e-01
220 0 +1.130450417e+01 +1.130450417e+01 -1.588954958e+02 -1.588954958e+02 -1.4944e+00 -3.2016e+00 -8.9758e-01
223 0 +1.094676193e+01 +1.094676193e+01 -1.592532381e+02 -1.592532381e+02 -1.5016e+00 -3.2064e+00 -8.8533e-01
225 0 +1.068550292e+01 +1.068550292e+01 -1.595144971e+02 -1.595144971e+02 -1.5066e+00 -3.2087e+00 -8.7476e-01
% f evaluations | g evaluations | best noise-free fitness - Fopt | noise-free fitness - Fopt (-4.697500000000e+02) | measured fitness | best measured fitness | x1 | x2...
1 0 +1.084144925e+07 +1.084144925e+07 +1.084097950e+07 +1.084097950e+07 +0.0000e+00 +0.0000e+00 +0.0000e+00
2 0 +1.084019935e+07 +1.084019935e+07 +1.083972960e+07 +1.083972960e+07 +2.5000e-04 +0.0000e+00 +0.0000e+00
23 0 +1.070313917e+07 +1.070313917e+07 +1.070266942e+07 +1.070266942e+07 +1.3500e-02 -1.7833e-02 +7.5000e-03
28 0 +1.041077596e+07 +1.041077596e+07 +1.041030621e+07 +1.041030621e+07 +4.3250e-02 -5.8000e-02 +2.3000e-02
30 0 +1.019886829e+07 +1.019886829e+07 +1.019839854e+07 +1.019839854e+07 +6.6250e-02 -8.6500e-02 +3.5250e-02
32 0 +9.894740056e+06 +9.894740056e+06 +9.894270306e+06 +9.894270306e+06 +1.0150e-01 -1.3250e-01 +5.1500e-02
34 0 +9.460580500e+06 +9.460580500e+06 +9.460110750e+06 +9.460110750e+06 +1.5300e-01 -2.0300e-01 +8.1250e-02
36 0 +8.896145505e+06 +8.896145505e+06 +8.895675755e+06 +8.895675755e+06 +2.3425e-01 -3.0600e-01 +1.2200e-01
38 0 +8.198676446e+06 +8.198676446e+06 +8.198206696e+06 +8.198206696e+06 +3.5625e-01 -4.6850e-01 +1.8425e-01
39 0 +8.003174089e+06 +8.003174089e+06 +8.002704339e+06 +8.002704339e+06 +3.9417e-01 -5.1917e-01 +2.0683e-01
40 0 +7.276556343e+06 +7.276556343e+06 +7.276086593e+06 +7.276086593e+06 +5.4050e-01 -7.1250e-01 +2.8450e-01
41 0 +6.940963317e+06 +6.940963317e+06 +6.940493567e+06 +6.940493567e+06 +6.0100e-01 -7.8833e-01 +3.1258e-01
42 0 +5.098279550e+06 +5.098279550e+06 +5.097809800e+06 +5.097809800e+06 +8.2500e-01 -1.0810e+00 +4.2825e-01
43 0 +4.186401245e+06 +4.186401245e+06 +4.185931495e+06 +4.185931495e+06 +9.1358e-01 -1.2020e+00 +4.7600e-01
44 0 +2.106875316e+06 +2.106875316e+06 +2.106405566e+06 +2.106405566e+06 +1.2533e+00 -1.6500e+00 +6.5300e-01
45 0 +1.968144368e+06 +1.968144368e+06 +1.967674618e+06 +1.967674618e+06 +1.3896e+00 -1.8272e+00 +7.2625e-01
46 0 +3.745095150e+05 +3.745095150e+05 +3.740397650e+05 +3.740397650e+05 +1.9063e+00 -2.5065e+00 +9.9725e-01
47 0 +7.227069962e+04 +7.227069962e+04 +7.180094962e+04 +7.180094962e+04 +2.1158e+00 -2.7792e+00 +1.1012e+00
54 0 +1.842702765e+04 +1.842702765e+04 +1.795727765e+04 +1.795727765e+04 +2.2095e+00 -2.9051e+00 +1.1541e+00
61 0 +1.573262673e+04 +1.573262673e+04 +1.526287673e+04 +1.526287673e+04 +2.2222e+00 -2.9204e+00 +1.1583e+00
63 0 +7.445199595e+03 +7.445199595e+03 +6.975449595e+03 +6.975449595e+03 +2.3317e+00 -3.0661e+00 +1.2168e+00
65 0 +6.174294515e+03 +6.174294515e+03 +5.704544515e+03 +5.704544515e+03 +2.3195e+00 -3.0489e+00 +1.2103e+00
69 0 +5.739682941e+03 +5.739682941e+03 +5.269932941e+03 +5.269932941e+03 +2.2613e+00 -2.9725e+00 +1.1794e+00
71 0 +4.301378273e+03 +4.301378273e+03 +3.831628273e+03 +3.831628273e+03 +2.2772e+00 -2.9938e+00 +1.1884e+00
77 0 +4.261117174e+03 +4.261117174e+03 +3.791367174e+03 +3.791367174e+03 +2.2785e+00 -2.9953e+00 +1.1887e+00
79 0 +4.115555689e+03 +4.115555689e+03 +3.645805689e+03 +3.645805689e+03 +2.2972e+00 -3.0201e+00 +1.1986e+00
81 0 +4.044702720e+03 +4.044702720e+03 +3.574952720e+03 +3.574952720e+03 +2.2847e+00 -3.0036e+00 +1.1922e+00
180 0 +3.979529882e+03 +3.979529882e+03 +3.509779882e+03 +3.509779882e+03 +2.2851e+00 -3.0217e+00 +1.2000e+00
192 0 +3.872359201e+03 +3.872359201e+03 +3.402609201e+03 +3.402609201e+03 +2.2633e+00 -3.0430e+00 +1.2104e+00
195 0 +3.788349430e+03 +3.788349430e+03 +3.318599430e+03 +3.318599430e+03 +2.2442e+00 -3.0673e+00 +1.2220e+00
197 0 +3.707718763e+03 +3.707718763e+03 +3.237968763e+03 +3.237968763e+03 +2.2250e+00 -3.0837e+00 +1.2302e+00
198 0 +3.626230477e+03 +3.626230477e+03 +3.156480477e+03 +3.156480477e+03 +2.2025e+00 -3.1055e+00 +1.2409e+00
200 0 +3.411651500e+03 +3.411651500e+03 +2.941901500e+03 +2.941901500e+03 +2.1547e+00 -3.1620e+00 +1.2681e+00
201 0 +3.322804232e+03 +3.322804232e+03 +2.853054232e+03 +2.853054232e+03 +2.1372e+00 -3.1847e+00 +1.2789e+00
202 0 +3.065916910e+03 +3.065916910e+03 +2.596166910e+03 +2.596166910e+03 +2.0797e+00 -3.2504e+00 +1.3106e+00
204 0 +2.709064490e+03 +2.709064490e+03 +2.239314490e+03 +2.239314490e+03 +1.9968e+00 -3.3401e+00 +1.3541e+00
205 0 +2.189656185e+03 +2.189656185e+03 +1.719906185e+03 +1.719906185e+03 +1.8939e+00 -3.4573e+00 +1.4107e+00
206 0 +2.108417113e+03 +2.108417113e+03 +1.638667113e+03 +1.638667113e+03 +1.8707e+00 -3.4805e+00 +1.4220e+00
207 0 +1.421618402e+03 +1.421618402e+03 +9.518684017e+02 +9.518684017e+02 +1.7288e+00 -3.6398e+00 +1.4990e+00
208 0 +1.279307593e+03 +1.279307593e+03 +8.095575929e+02 +8.095575929e+02 +1.7370e+00 -3.6424e+00 +1.4996e+00
209 0 +5.984129588e+02 +5.984129588e+02 +1.286629588e+02 +1.286629588e+02 +1.5733e+00 -3.8356e+00 +1.5925e+00
210 0 +4.937862835e+02 +4.937862835e+02 +2.403628353e+01 +2.403628353e+01 +1.3843e+00 -4.0381e+00 +1.6909e+00
212 0 +2.940108638e+02 +2.940108638e+02 -1.757391362e+02 -1.757391362e+02 +1.2304e+00 -4.2184e+00 +1.7776e+00
214 0 +1.020398831e+02 +1.020398831e+02 -3.677101169e+02 -3.677101169e+02 +1.0631e+00 -4.4215e+00 +1.8750e+00
223 0 +5.833930173e+01 +5.833930173e+01 -4.114106983e+02 -4.114106983e+02 +1.0360e+00 -4.4575e+00 +1.8921e+00
224 0 +1.675706781e+01 +1.675706781e+01 -4.529929322e+02 -4.529929322e+02 +1.0279e+00 -4.4756e+00 +1.9004e+00
230 0 +1.268907775e+01 +1.268907775e+01 -4.570609222e+02 -4.570609222e+02 +1.1193e+00 -4.3707e+00 +1.8498e+00
233 0 +9.068240686e+00 +9.068240686e+00 -4.606817593e+02 -4.606817593e+02 +1.0648e+00 -4.4371e+00 +1.8816e+00
238 0 +8.865763800e+00 +8.865763800e+00 -4.608842362e+02 -4.608842362e+02 +1.0975e+00 -4.3975e+00 +1.8626e+00
242 0 +8.152287681e+00 +8.152287681e+00 -4.615977123e+02 -4.615977123e+02 +1.0735e+00 -4.4264e+00 +1.8765e+00
244 0 +7.864016723e+00 +7.864016723e+00 -4.618859833e+02 -4.618859833e+02 +1.0738e+00 -4.4251e+00 +1.8759e+00
% f evaluations | g evaluations | best noise-free fitness - Fopt | noise-free fitness - Fopt (-5.191000000000e+01) | measured fitness | best measured fitness | x1 | x2...
1 0 +2.667928667e+06 +2.667928667e+06 +2.667876757e+06 +2.667876757e+06 +0.0000e+00 +0.0000e+00 +0.0000e+00
2 0 +2.667172993e+06 +2.667172993e+06 +2.667121083e+06 +2.667121083e+06 +2.5000e-04 +0.0000e+00 +0.0000e+00
23 0 +2.627687797e+06 +2.627687797e+06 +2.627635887e+06 +2.627635887e+06 +1.3611e-02 -6.0556e-03 +1.6111e-03
28 0 +2.541382292e+06 +2.541382292e+06 +2.541330382e+06 +2.541330382e+06 +4.2250e-02 -1.8333e-02 +5.3333e-03
30 0 +2.472976585e+06 +2.472976585e+06 +2.472924675e+06 +2.472924675e+06 +6.5083e-02 -2.7667e-02 +6.0833e-03
31 0 +2.454200819e+06 +2.454200819e+06 +2.454148909e+06 +2.454148909e+06 +7.1056e-02 -2.9389e-02 +6.8333e-03
32 0 +2.373231396e+06 +2.373231396e+06 +2.373179486e+06 +2.373179486e+06 +9.7167e-02 -3.9833e-02 +9.1667e-03
33 0 +2.336268184e+06 +2.336268184e+06 +2.336216274e+06 +2.336216274e+06 +1.0883e-01 -4.6389e-02 +1.1639e-02
34 0 +2.206694214e+06 +2.206694214e+06 +2.206642304e+06 +2.206642304e+06 +1.4950e-01 -6.4167e-02 +1.6417e-02
35 0 +2.156135070e+06 +2.156135070e+06 +2.156083160e+06 +2.156083160e+06 +1.6558e-01 -6.9444e-02 +1.5778e-02
36 0 +1.955489222e+06 +1.955489222e+06 +1.955437312e+06 +1.955437312e+06 +2.2725e-01 -9.5000e-02 +2.1000e-02
37 0 +1.876363053e+06 +1.876363053e+06 +1.876311143e+06 +1.876311143e+06 +2.5086e-01 -1.0500e-01 +2.4972e-02
38 0 +1.570879713e+06 +1.570879713e+06 +1.570827803e+06 +1.570827803e+06 +3.4375e-01 -1.4367e-01 +3.4417e-02
39 0 +1.444583832e+06 +1.444583832e+06 +1.444531922e+06 +1.444531922e+06 +3.8317e-01 -1.6206e-01 +3.8722e-02
40 0 +1.020472149e+06 +1.020472149e+06 +1.020420239e+06 +1.020420239e+06 +5.2617e-01 -2.2317e-01 +5.3500e-02
41 0 +8.783599312e+05 +8.783599312e+05 +8.783080212e+05 +8.783080212e+05 +5.8194e-01 -2.4372e-01 +5.6194e-02
42 0 +4.771700295e+05 +4.771700295e+05 +4.771181195e+05 +4.771181195e+05 +7.9817e-01 -3.3350e-01 +7.6083e-02
43 0 +3.797905646e+05 +3.797905646e+05 +3.797386546e+05 +3.797386546e+05 +8.8481e-01 -3.7189e-01 +8.8333e-02
44 0 +1.412320921e+05 +1.412320921e+05 +1.411801821e+05 +1.411801821e+05 +1.2136e+00 -5.1033e-01 +1.2200e-01
45 0 +5.707617725e+04 +5.707617725e+04 +5.702426725e+04 +5.702426725e+04 +1.3482e+00 -5.6767e-01 +1.3331e-01
46 0 +5.531589342e+04 +5.531589342e+04 +5.526398342e+04 +5.526398342e+04 +1.8504e+00 -7.7967e-01 +1.8275e-01
51 0 +1.770516443e+04 +1.770516443e+04 +1.765325443e+04 +1.765325443e+04 +1.7435e+00 -7.3207e-01 +1.7136e-01
55 0 +5.117784764e+03 +5.117784764e+03 +5.065874764e+03 +5.065874764e+03 +1.5272e+00 -6.4163e-01 +1.4966e-01
56 0 +4.165431923e+03 +4.165431923e+03 +4.113521923e+03 +4.113521923e+03 +1.5406e+00 -6.4492e-01 +1.4938e-01
61 0 +2.042577379e+03 +2.042577379e+03 +1.990667379e+03 +1.990667379e+03 +1.6327e+00 -6.8508e-01 +1.5995e-01
66 0 +1.678630191e+03 +1.678630191e+03 +1.626720191e+03 +1.626720191e+03 +1.5759e+00 -6.6058e-01 +1.5340e-01
68 0 +1.225086566e+03 +1.225086566e+03 +1.173176566e+03 +1.173176566e+03 +1.5900e+00 -6.6719e-01 +1.5526e-01
74 0 +1.190629944e+03 +1.190629944e+03 +1.138719944e+03 +1.138719944e+03 +1.5915e+00 -6.6745e-01 +1.5516e-01
76 0 +1.154961980e+03 +1.154961980e+03 +1.103051980e+03 +1.103051980e+03 +1.6080e+00 -6.7468e-01 +1.5692e-01
78 0 +1.128267332e+03 +1.128267332e+03 +1.076357332e+03 +1.076357332e+03 +1.6050e+00 -6.7337e-01 +1.5675e-01
84 0 +1.120843033e+03 +1.120843033e+03 +1.068933033e+03 +1.068933033e+03 +1.6037e+00 -6.7282e-01 +1.5652e-01
161 0 +1.090762965e+03 +1.090762965e+03 +1.038852965e+03 +1.038852965e+03 +1.5994e+00 -6.6552e-01 +1.5878e-01
165 0 +1.064452833e+03 +1.064452833e+03 +1.012542833e+03 +1.012542833e+03 +1.5954e+00 -6.5643e-01 +1.6201e-01
167 0 +1.040204309e+03 +1.040204309e+03 +9.882943095e+02 +9.882943095e+02 +1.5936e+00 -6.4973e-01 +1.6472e-01
169 0 +1.016702505e+03 +1.016702505e+03 +9.647925049e+02 +9.647925049e+02 +1.5897e+00 -6.3986e-01 +1.6834e-01
170 0 +9.843087424e+02 +9.843087424e+02 +9.323987424e+02 +9.323987424e+02 +1.5859e+00 -6.2883e-01 +1.7255e-01
172 0 +9.465739244e+02 +9.465739244e+02 +8.946639244e+02 +8.946639244e+02 +1.5802e+00 -6.1223e-01 +1.7891e-01
174 0 +9.030169672e+02 +9.030169672e+02 +8.511069672e+02 +8.511069672e+02 +1.5766e+00 -5.9772e-01 +1.8489e-01
178 0 +8.690768520e+02 +8.690768520e+02 +8.171668520e+02 +8.171668520e+02 +1.5650e+00 -5.6023e-01 +1.9963e-01
179 0 +8.421325124e+02 +8.421325124e+02 +7.902225124e+02 +7.902225124e+02 +1.5634e+00 -5.5228e-01 +2.0302e-01
181 0 +8.180612124e+02 +8.180612124e+02 +7.661512124e+02 +7.661512124e+02 +1.5708e+00 -5.7115e-01 +1.9610e-01
183 0 +7.614650371e+02 +7.614650371e+02 +7.095550371e+02 +7.095550371e+02 +1.5671e+00 -5.5291e-01 +2.0390e-01
184 0 +7.055253189e+02 +7.055253189e+02 +6.536153189e+02 +6.536153189e+02 +1.5624e+00 -5.3051e-01 +2.1341e-01
186 0 +6.837468789e+02 +6.837468789e+02 +6.318368789e+02 +6.318368789e+02 +1.5584e+00 -5.1557e-01 +2.1951e-01
187 0 +6.350672138e+02 +6.350672138e+02 +5.831572138e+02 +5.831572138e+02 +1.5560e+00 -4.9722e-01 +2.2776e-01
188 0 +6.271615420e+02 +6.271615420e+02 +5.752515420e+02 +5.752515420e+02 +1.5412e+00 -4.4741e-01 +2.4754e-01
189 0 +6.107935942e+02 +6.107935942e+02 +5.588835942e+02 +5.588835942e+02 +1.5264e+00 -3.8553e-01 +2.7325e-01
190 0 +5.431051378e+02 +5.431051378e+02 +4.911951378e+02 +4.911951378e+02 +1.5470e+00 -4.4206e-01 +2.5199e-01
191 0 +5.278351186e+02 +5.278351186e+02 +4.759251186e+02 +4.759251186e+02 +1.5457e+00 -4.1303e-01 +2.6583e-01
192 0 +4.970575370e+02 +4.970575370e+02 +4.451475370e+02 +4.451475370e+02 +1.5230e+00 -3.3335e-01 +2.9782e-01
193 0 +3.840884213e+02 +3.840884213e+02 +3.321784213e+02 +3.321784213e+02 +1.5033e+00 -2.3477e-01 +3.4002e-01
194 0 +3.054443553e+02 +3.054443553e+02 +2.535343553e+02 +2.535343553e+02 +1.4943e+00 -1.9166e-01 +3.5831e-01
195 0 +1.812982065e+02 +1.812982065e+02 +1.293882065e+02 +1.293882065e+02 +1.4635e+00 -3.8885e-02 +4.2359e-01
198 0 +1.153096962e+02 +1.153096962e+02 +6.339969620e+01 +6.339969620e+01 +1.4427e+00 +1.1435e-02 +4.4177e-01
202 0 +3.015006937e+01 +3.015006937e+01 -2.175993063e+01 -2.175993063e+01 +1.3775e+00 +2.8834e-01 +5.5714e-01
205 0 +2.938246062e+01 +2.938246062e+01 -2.252753938e+01 -2.252753938e+01 +1.4001e+00 +2.2311e-01 +5.3225e-01
206 0 +1.522729210e+01 +1.522729210e+01 -3.668270790e+01 -3.668270790e+01 +1.3756e+00 +3.2393e-01 +5.7406e-01
211 0 +9.055956388e+00 +9.055956388e+00 -4.285404361e+01 -4.285404361e+01 +1.3772e+00 +3.0400e-01 +5.6476e-01
222 0 +8.665534959e+00 +8.665534959e+00 -4.324446504e+01 -4.324446504e+01 +1.3794e+00 +2.9915e-01 +5.6308e-01
% f evaluations | g evaluations | best noise-free fitness - Fopt | noise-free fitness - Fopt (4.808000000000e+01) | measured fitness | best measured fitness | x1 | x2...
1 0 +1.560877423e+07 +1.560877423e+07 +1.560882231e+07 +1.560882231e+07 +0.0000e+00 +0.0000e+00 +0.0000e+00
2 0 +1.560780302e+07 +1.560780302e+07 +1.560785110e+07 +1.560785110e+07 +2.5000e-04 +0.0000e+00 +0.0000e+00
22 0 +1.547641870e+07 +1.547641870e+07 +1.547646678e+07 +1.547646678e+07 +8.2500e-03 +2.9167e-03 -1.5833e-02
29 0 +1.508160574e+07 +1.508160574e+07 +1.508165382e+07 +1.508165382e+07 +3.4472e-02 +9.8056e-03 -6.1611e-02
32 0 +1.450530474e+07 +1.450530474e+07 +1.450535282e+07 +1.450535282e+07 +7.1167e-02 +2.1833e-02 -1.3017e-01
33 0 +1.440151660e+07 +1.440151660e+07 +1.440156468e+07 +1.440156468e+07 +7.7889e-02 +2.2806e-02 -1.4211e-01
34 0 +1.396058887e+07 +1.396058887e+07 +1.396063695e+07 +1.396063695e+07 +1.0633e-01 +3.0917e-02 -1.9433e-01
35 0 +1.375974078e+07 +1.375974078e+07 +1.375978886e+07 +1.375978886e+07 +1.2047e-01 +3.5000e-02 -2.1767e-01
36 0 +1.307617685e+07 +1.307617685e+07 +1.307622493e+07 +1.307622493e+07 +1.6592e-01 +4.8000e-02 -2.9900e-01
37 0 +1.281919263e+07 +1.281919263e+07 +1.281924071e+07 +1.281924071e+07 +1.8136e-01 +5.3917e-02 -3.3117e-01
38 0 +1.181489969e+07 +1.181489969e+07 +1.181494777e+07 +1.181494777e+07 +2.4825e-01 +7.4250e-02 -4.5450e-01
39 0 +1.142734053e+07 +1.142734053e+07 +1.142738861e+07 +1.142738861e+07 +2.7583e-01 +8.0278e-02 -5.0172e-01
40 0 +9.990317489e+06 +9.990317489e+06 +9.990365569e+06 +9.990365569e+06 +3.7817e-01 +1.0950e-01 -6.8750e-01
41 0 +9.413753917e+06 +9.413753917e+06 +9.413801997e+06 +9.413801997e+06 +4.2189e-01 +1.2358e-01 -7.6633e-01
42 0 +7.511922096e+06 +7.511922096e+06 +7.511970176e+06 +7.511970176e+06 +5.7967e-01 +1.6992e-01 -1.0523e+00
43 0 +6.871503863e+06 +6.871503863e+06 +6.871551943e+06 +6.871551943e+06 +6.3814e-01 +1.8778e-01 -1.1639e+00
44 0 +4.883548150e+06 +4.883548150e+06 +4.883596230e+06 +4.883596230e+06 +8.7425e-01 +2.5767e-01 -1.5963e+00
45 0 +4.281431344e+06 +4.281431344e+06 +4.281479424e+06 +4.281479424e+06 +9.7314e-01 +2.8381e-01 -1.7696e+00
46 0 +2.238895331e+06 +2.238895331e+06 +2.238943411e+06 +2.238943411e+06 +1.3356e+00 +3.8858e-01 -2.4272e+00
47 0 +1.261187776e+06 +1.261187776e+06 +1.261235856e+06 +1.261235856e+06 +1.4815e+00 +4.3461e-01 -2.6964e+00
48 0 +1.193903261e+04 +1.193903261e+04 +1.198711261e+04 +1.198711261e+04 +2.0332e+00 +5.9717e-01 -3.7008e+00
74 0 +1.169972372e+04 +1.169972372e+04 +1.174780372e+04 +1.174780372e+04 +2.0373e+00 +5.9792e-01 -3.7087e+00
151 0 +1.146065166e+04 +1.146065166e+04 +1.150873166e+04 +1.150873166e+04 +2.0306e+00 +5.7228e-01 -3.7155e+00
157 0 +1.108487762e+04 +1.108487762e+04 +1.113295762e+04 +1.113295762e+04 +2.0046e+00 +5.0574e-01 -3.7151e+00
159 0 +1.093047307e+04 +1.093047307e+04 +1.097855307e+04 +1.097855307e+04 +1.9872e+00 +4.5565e-01 -3.7192e+00
161 0 +1.061719188e+04 +1.061719188e+04 +1.066527188e+04 +1.066527188e+04 +1.9595e+00 +3.8781e-01 -3.7162e+00
163 0 +1.030090501e+04 +1.030090501e+04 +1.034898501e+04 +1.034898501e+04 +1.9143e+00 +2.7229e-01 -3.7155e+00
165 0 +1.022280671e+04 +1.022280671e+04 +1.027088671e+04 +1.027088671e+04 +1.8639e+00 +1.4315e-01 -3.7145e+00
166 0 +9.999291432e+03 +9.999291432e+03 +1.004737143e+04 +1.004737143e+04 +1.8022e+00 -1.3106e-02 -3.7122e+00
177 0 +9.644893391e+03 +9.644893391e+03 +9.692973391e+03 +9.692973391e+03 +1.7881e+00 -4.1841e-02 -3.7063e+00
178 0 +9.546504015e+03 +9.546504015e+03 +9.594584015e+03 +9.594584015e+03 +1.7811e+00 -5.6209e-02 -3.7033e+00
182 0 +9.273841888e+03 +9.273841888e+03 +9.321921888e+03 +9.321921888e+03 +1.7435e+00 -1.4531e-01 -3.6972e+00
183 0 +9.067813386e+03 +9.067813386e+03 +9.115893386e+03 +9.115893386e+03 +1.7171e+00 -2.0571e-01 -3.6911e+00
186 0 +8.618698106e+03 +8.618698106e+03 +8.666778106e+03 +8.666778106e+03 +1.7066e+00 -2.2235e-01 -3.6829e+00
187 0 +8.286469942e+03 +8.286469942e+03 +8.334549942e+03 +8.334549942e+03 +1.6864e+00 -2.6536e-01 -3.6758e+00
188 0 +7.837278887e+03 +7.837278887e+03 +7.885358887e+03 +7.885358887e+03 +1.6391e+00 -3.6994e-01 -3.6621e+00
190 0 +7.065091933e+03 +7.065091933e+03 +7.113171933e+03 +7.113171933e+03 +1.5077e+00 -6.8940e-01 -3.6465e+00
192 0 +6.107785380e+03 +6.107785380e+03 +6.155865380e+03 +6.155865380e+03 +1.4193e+00 -8.7027e-01 -3.6094e+00
193 0 +5.128785400e+03 +5.128785400e+03 +5.176865400e+03 +5.176865400e+03 +1.3374e+00 -1.0641e+00 -3.5958e+00
194 0 +3.593242912e+03 +3.593242912e+03 +3.641322912e+03 +3.641322912e+03 +1.1528e+00 -1.4849e+00 -3.5522e+00
195 0 +2.896166247e+03 +2.896166247e+03 +2.944246247e+03 +2.944246247e+03 +1.0808e+00 -1.6598e+00 -3.5433e+00
199 0 +2.429312045e+03 +2.429312045e+03 +2.477392045e+03 +2.477392045e+03 +1.0202e+00 -1.8099e+00 -3.5387e+00
200 0 +2.283615760e+03 +2.283615760e+03 +2.331695760e+03 +2.331695760e+03 +1.0666e+00 -1.7212e+00 -3.5630e+00
205 0 +2.039300325e+03 +2.039300325e+03 +2.087380325e+03 +2.087380325e+03 +9.4348e-01 -2.0053e+00 -3.5363e+00
206 0 +1.778592747e+03 +1.778592747e+03 +1.826672747e+03 +1.826672747e+03 +8.3883e-01 -2.2654e+00 -3.5284e+00
210 0 +8.064755758e+02 +8.064755758e+02 +8.545555758e+02 +8.545555758e+02 +7.0110e-01 -2.5878e+00 -3.5024e+00
211 0 +4.198260111e+02 +4.198260111e+02 +4.679060111e+02 +4.679060111e+02 +5.1835e-01 -3.0210e+00 -3.4721e+00
213 0 +1.880819384e+02 +1.880819384e+02 +2.361619384e+02 +2.361619384e+02 +3.9441e-01 -3.3234e+00 -3.4580e+00
214 0 +4.249644480e+01 +4.249644480e+01 +9.057644480e+01 +9.057644480e+01 +1.6451e-01 -3.8680e+00 -3.4194e+00
218 0 +2.071930875e+01 +2.071930875e+01 +6.879930875e+01 +6.879930875e+01 +2.6546e-01 -3.6236e+00 -3.4324e+00
225 0 +1.753898707e+01 +1.753898707e+01 +6.561898707e+01 +6.561898707e+01 +1.4442e-01 -3.9067e+00 -3.4091e+00
227 0 +8.516743466e+00 +8.516743466e+00 +5.659674347e+01 +5.659674347e+01 +1.8690e-01 -3.8103e+00 -3.4196e+00
229 0 +6.269370288e+00 +6.269370288e+00 +5.434937029e+01 +5.434937029e+01 +2.0845e-01 -3.7540e+00 -3.4190e+00
231 0 +2.330213030e+00 +2.330213030e+00 +5.041021303e+01 +5.041021303e+01 +2.2269e-01 -3.7236e+00 -3.4242e+00
235 0 +1.785105053e+00 +1.785105053e+00 +4.986510505e+01 +4.986510505e+01 +1.9451e-01 -3.7905e+00 -3.4195e+00
239 0 +1.676581448e+00 +1.676581448e+00 +4.975658145e+01 +4.975658145e+01 +1.9097e-01 -3.7978e+00 -3.4180e+00
241 0 +9.424402656e-01 +9.424402656e-01 +4.902244027e+01 +4.902244027e+01 +2.0942e-01 -3.7546e+00 -3.4215e+00
247 0 +8.756864686e-01 +8.756864686e-01 +4.895568647e+01 +4.895568647e+01 +2.0825e-01 -3.7573e+00 -3.4213e+00
251 0 +8.209599785e-01 +8.209599785e-01 +4.890095998e+01 +4.890095998e+01 +2.0500e-01 -3.7646e+00 -3.4204e+00
255 0 +8.059981401e-01 +8.059981401e-01 +4.888599814e+01 +4.888599814e+01 +2.0646e-01 -3.7614e+00 -3.4208e+00
% f evaluations | g evaluations | best noise-free fitness - Fopt | noise-free fitness - Fopt (3.058000000000e+01) | measured fitness | best measured fitness | x1 | x2...
1 0 +5.523484173e+04 +5.523484173e+04 +5.526542173e+04 +5.526542173e+04 +0.0000e+00 +0.0000e+00 +0.0000e+00
2 0 +5.517644013e+04 +5.517644013e+04 +5.520702013e+04 +5.520702013e+04 +2.5000e-04 +0.0000e+00 +0.0000e+00
8 0 +5.494313768e+04 +5.494313768e+04 +5.497371768e+04 +5.497371768e+04 +5.5556e-04 -5.5556e-04 +1.1111e-04
16 0 +5.323413457e+04 +5.323413457e+04 +5.326471457e+04 +5.326471457e+04 +2.5000e-03 -4.8333e-03 +1.1667e-03
18 0 +5.245458919e+04 +5.245458919e+04 +5.248516919e+04 +5.248516919e+04 +3.6667e-03 -6.3333e-03 +9.1667e-04
20 0 +5.031738910e+04 +5.031738910e+04 +5.034796910e+04 +5.034796910e+04 +6.5833e-03 -1.1000e-02 +2.0000e-03
22 0 +4.838277105e+04 +4.838277105e+04 +4.841335105e+04 +4.841335105e+04 +8.2500e-03 -1.5833e-02 +2.9167e-03
23 0 +4.748435343e+04 +4.748435343e+04 +4.751493343e+04 +4.751493343e+04 +9.8333e-03 -1.7278e-02 +2.7222e-03
24 0 +4.456723542e+04 +4.456723542e+04 +4.459781542e+04 +4.459781542e+04 +1.3500e-02 -2.3500e-02 +3.5000e-03
25 0 +4.304059541e+04 +4.304059541e+04 +4.307117541e+04 +4.307117541e+04 +1.5222e-02 -2.7222e-02 +4.6944e-03
26 0 +3.877834115e+04 +3.877834115e+04 +3.880892115e+04 +3.880892115e+04 +2.1000e-02 -3.7667e-02 +6.5833e-03
27 0 +3.790255917e+04 +3.790255917e+04 +3.793313917e+04 +3.793313917e+04 +2.1917e-02 -4.0333e-02 +6.6667e-03
28 0 +3.390748459e+04 +3.390748459e+04 +3.393806459e+04 +3.393806459e+04 +2.9583e-02 -5.5000e-02 +9.0000e-03
29 0 +3.265800011e+04 +3.265800011e+04 +3.268858011e+04 +3.268858011e+04 +3.4472e-02 -6.1611e-02 +9.8056e-03
30 0 +2.911780275e+04 +2.911780275e+04 +2.914838275e+04 +2.914838275e+04 +4.7583e-02 -8.4500e-02 +1.3250e-02
31 0 +2.631707194e+04 +2.631707194e+04 +2.634765194e+04 +2.634765194e+04 +5.1944e-02 -9.4611e-02 +1.5722e-02
32 0 +2.076713070e+04 +2.076713070e+04 +2.079771070e+04 +2.079771070e+04 +7.1167e-02 -1.3017e-01 +2.1833e-02
33 0 +1.885099482e+04 +1.885099482e+04 +1.888157482e+04 +1.888157482e+04 +7.7889e-02 -1.4211e-01 +2.2806e-02
34 0 +1.774449623e+04 +1.774449623e+04 +1.777507623e+04 +1.777507623e+04 +1.0633e-01 -1.9433e-01 +3.0917e-02
129 0 +1.735672222e+04 +1.735672222e+04 +1.738730222e+04 +1.738730222e+04 +9.7249e-02 -1.7970e-01 +8.7904e-03
138 0 +1.696839207e+04 +1.696839207e+04 +1.699897207e+04 +1.699897207e+04 +8.8747e-02 -1.7410e-01 -6.2794e-02
141 0 +1.659386635e+04 +1.659386635e+04 +1.662444635e+04 +1.662444635e+04 +7.7820e-02 -1.6864e-01 -1.6793e-01
144 0 +1.608051833e+04 +1.608051833e+04 +1.611109833e+04 +1.611109833e+04 +6.2809e-02 -1.5774e-01 -2.8880e-01
145 0 +1.580853401e+04 +1.580853401e+04 +1.583911401e+04 +1.583911401e+04 +4.9127e-02 -1.4857e-01 -4.0521e-01
151 0 +1.516427461e+04 +1.516427461e+04 +1.519485461e+04 +1.519485461e+04 -9.3481e-03 -1.0906e-01 -8.9514e-01
152 0 +1.475012778e+04 +1.475012778e+04 +1.478070778e+04 +1.478070778e+04 -3.6244e-02 -8.9704e-02 -1.1137e+00
165 0 +1.420416315e+04 +1.420416315e+04 +1.423474315e+04 +1.423474315e+04 -3.0788e-02 -8.7763e-02 -1.0341e+00
166 0 +1.394982520e+04 +1.394982520e+04 +1.398040520e+04 +1.398040520e+04 -4.8189e-02 -7.6007e-02 -1.1770e+00
167 0 +1.346066570e+04 +1.346066570e+04 +1.349124570e+04 +1.349124570e+04 -6.5810e-02 -6.1155e-02 -1.3052e+00
169 0 +1.272728661e+04 +1.272728661e+04 +1.275786661e+04 +1.275786661e+04 -4.8784e-02 -6.4615e-02 -1.1105e+00
170 0 +1.242676308e+04 +1.242676308e+04 +1.245734308e+04 +1.245734308e+04 -7.2247e-02 -4.7250e-02 -1.3013e+00
171 0 +1.137965624e+04 +1.137965624e+04 +1.141023624e+04 +1.141023624e+04 -9.6033e-02 -2.3321e-02 -1.4526e+00
172 0 +1.096388770e+04 +1.096388770e+04 +1.099446770e+04 +1.099446770e+04 -1.0963e-01 -1.1632e-02 -1.5448e+00
173 0 +9.463792466e+03 +9.463792466e+03 +9.494372466e+03 +9.494372466e+03 -1.4905e-01 +2.6433e-02 -1.8001e+00
174 0 +8.747928251e+03 +8.747928251e+03 +8.778508251e+03 +8.778508251e+03 -1.3010e-01 +2.0153e-02 -1.6036e+00
175 0 +7.671138064e+03 +7.671138064e+03 +7.701718064e+03 +7.701718064e+03 -1.6225e-01 +6.0808e-02 -1.7528e+00
176 0 +6.154174398e+03 +6.154174398e+03 +6.184754398e+03 +6.184754398e+03 -2.2277e-01 +1.0723e-01 -2.2265e+00
177 0 +4.376324614e+03 +4.376324614e+03 +4.406904614e+03 +4.406904614e+03 -3.0976e-01 +1.9315e-01 -2.7846e+00
180 0 +3.080624890e+03 +3.080624890e+03 +3.111204890e+03 +3.111204890e+03 -5.0802e-01 +3.9682e-01 -4.0005e+00
183 0 +1.759240530e+03 +1.759240530e+03 +1.789820530e+03 +1.789820530e+03 -4.8023e-01 +3.5002e-01 -3.9502e+00
184 0 +7.158408546e+02 +7.158408546e+02 +7.464208546e+02 +7.464208546e+02 -5.6133e-01 +4.1991e-01 -4.5391e+00
185 0 +2.963983055e+02 +2.963983055e+02 +3.269783055e+02 +3.269783055e+02 -6.5618e-01 +5.1829e-01 -5.1075e+00
192 0 +1.843064993e+02 +1.843064993e+02 +2.148864993e+02 +2.148864993e+02 -6.4704e-01 +5.0306e-01 -5.0964e+00
194 0 +4.033401439e+01 +4.033401439e+01 +7.091401439e+01 +7.091401439e+01 -7.4672e-01 +5.9530e-01 -5.7753e+00
201 0 +3.013883665e+01 +3.013883665e+01 +6.071883665e+01 +6.071883665e+01 -7.1498e-01 +5.6881e-01 -5.5413e+00
205 0 +2.547097942e+01 +2.547097942e+01 +5.605097942e+01 +5.605097942e+01 -7.0972e-01 +5.6175e-01 -5.5201e+00
207 0 +2.461922255e+01 +2.461922255e+01 +5.519922255e+01 +5.519922255e+01 -7.2091e-01 +5.7354e-01 -5.5850e+00
209 0 +2.237684587e+01 +2.237684587e+01 +5.295684587e+01 +5.295684587e+01 -7.3096e-01 +5.8166e-01 -5.6620e+00
213 0 +2.114947318e+01 +2.114947318e+01 +5.172947318e+01 +5.172947318e+01 -7.1647e-01 +5.6850e-01 -5.5620e+00
216 0 +2.045507146e+01 +2.045507146e+01 +5.103507146e+01 +5.103507146e+01 -7.2054e-01 +5.7258e-01 -5.5879e+00
222 0 +2.040466259e+01 +2.040466259e+01 +5.098466259e+01 +5.098466259e+01 -7.1950e-01 +5.7130e-01 -5.5829e+00
% f evaluations | g evaluations | best noise-free fitness - Fopt | noise-free fitness - Fopt (1.000000000000e+03) | measured fitness | best measured fitness | x1 | x2...
1 0 +3.482549752e+05 +3.482549752e+05 +3.492549752e+05 +3.492549752e+05 +0.0000e+00 +0.0000e+00 +0.0000e+00
3 0 +3.480886961e+05 +3.480886961e+05 +3.490886961e+05 +3.490886961e+05 +0.0000e+00 +2.5000e-04 +0.0000e+00
13 0 +3.464567281e+05 +3.464567281e+05 +3.474567281e+05 +3.474567281e+05 -1.8333e-03 +1.5833e-03 +1.2500e-03
22 0 +3.380272564e+05 +3.380272564e+05 +3.390272564e+05 +3.390272564e+05 -1.2000e-02 +7.6667e-03 +8.9167e-03
25 0 +3.279654158e+05 +3.279654158e+05 +3.289654158e+05 +3.289654158e+05 -2.3167e-02 +1.5167e-02 +1.8500e-02
27 0 +3.176255036e+05 +3.176255036e+05 +3.186255036e+05 +3.186255036e+05 -3.7667e-02 +2.2917e-02 +2.9000e-02
28 0 +3.143122232e+05 +3.143122232e+05 +3.153122232e+05 +3.153122232e+05 -4.1167e-02 +2.6250e-02 +3.1583e-02
29 0 +3.026294713e+05 +3.026294713e+05 +3.036294713e+05 +3.036294713e+05 -5.6500e-02 +3.6250e-02 +4.3250e-02
30 0 +2.986838515e+05 +2.986838515e+05 +2.996838515e+05 +2.996838515e+05 -6.1556e-02 +3.8889e-02 +4.8250e-02
31 0 +2.823284820e+05 +2.823284820e+05 +2.833284820e+05 +2.833284820e+05 -8.4000e-02 +5.3000e-02 +6.6250e-02
32 0 +2.752334648e+05 +2.752334648e+05 +2.762334648e+05 +2.762334648e+05 -9.5611e-02 +5.9611e-02 +7.3833e-02
33 0 +2.507716016e+05 +2.507716016e+05 +2.517716016e+05 +2.517716016e+05 -1.3183e-01 +8.1833e-02 +1.0150e-01
34 0 +2.411649325e+05 +2.411649325e+05 +2.421649325e+05 +2.421649325e+05 -1.4389e-01 +9.1139e-02 +1.1167e-01
35 0 +2.023823859e+05 +2.023823859e+05 +2.033823859e+05 +2.033823859e+05 -1.9700e-01 +1.2525e-01 +1.5300e-01
36 0 +1.863425003e+05 +1.863425003e+05 +1.873425003e+05 +1.873425003e+05 -2.1872e-01 +1.3714e-01 +1.7058e-01
37 0 +1.210768537e+05 +1.210768537e+05 +1.220768537e+05 +1.220768537e+05 -2.9983e-01 +1.8758e-01 +2.3425e-01
38 0 +9.557098216e+04 +9.557098216e+04 +9.657098216e+04 +9.657098216e+04 -3.3511e-01 +2.1011e-01 +2.5958e-01
39 0 +3.630063476e+04 +3.630063476e+04 +3.730063476e+04 +3.730063476e+04 -4.6067e-01 +2.8867e-01 +3.5625e-01
40 0 +2.001027185e+04 +2.001027185e+04 +2.101027185e+04 +2.101027185e+04 -5.0650e-01 +3.1917e-01 +3.9417e-01
41 0 +4.648622420e+03 +4.648622420e+03 +5.648622420e+03 +5.648622420e+03 -6.9383e-01 +4.3783e-01 +5.4050e-01
50 0 +4.350939729e+03 +4.350939729e+03 +5.350939729e+03 +5.350939729e+03 -6.8948e-01 +4.3280e-01 +5.3637e-01
52 0 +2.724932717e+03 +2.724932717e+03 +3.724932717e+03 +3.724932717e+03 -6.0253e-01 +3.7862e-01 +4.6843e-01
54 0 +1.724026713e+03 +1.724026713e+03 +2.724026713e+03 +2.724026713e+03 -6.1705e-01 +3.8787e-01 +4.8015e-01
58 0 +1.683866738e+03 +1.683866738e+03 +2.683866738e+03 +2.683866738e+03 -6.5886e-01 +4.1395e-01 +5.1257e-01
60 0 +1.450025753e+03 +1.450025753e+03 +2.450025753e+03 +2.450025753e+03 -6.2477e-01 +3.9275e-01 +4.8596e-01
62 0 +1.385902328e+03 +1.385902328e+03 +2.385902328e+03 +2.385902328e+03 -6.4933e-01 +4.0849e-01 +5.0532e-01
64 0 +1.322756375e+03 +1.322756375e+03 +2.322756375e+03 +2.322756375e+03 -6.3068e-01 +3.9647e-01 +4.9072e-01
68 0 +1.285486477e+03 +1.285486477e+03 +2.285486477e+03 +2.285486477e+03 -6.3353e-01 +3.9830e-01 +4.9287e-01
82 0 +1.258804634e+03 +1.258804634e+03 +2.258804634e+03 +2.258804634e+03 -6.3974e-01 +4.0219e-01 +4.9774e-01
146 0 +1.224838537e+03 +1.224838537e+03 +2.224838537e+03 +2.224838537e+03 -6.4644e-01 +3.9872e-01 +4.9972e-01
150 0 +1.183426504e+03 +1.183426504e+03 +2.183426504e+03 +2.183426504e+03 -6.5481e-01 +3.9403e-01 +5.0202e-01
152 0 +1.149594704e+03 +1.149594704e+03 +2.149594704e+03 +2.149594704e+03 -6.6292e-01 +3.8997e-01 +5.0448e-01
153 0 +1.143798796e+03 +1.143798796e+03 +2.143798796e+03 +2.143798796e+03 -6.6488e-01 +3.8841e-01 +5.0482e-01
154 0 +1.121993598e+03 +1.121993598e+03 +2.121993598e+03 +2.121993598e+03 -6.7411e-01 +3.8325e-01 +5.0737e-01
156 0 +1.065557235e+03 +1.065557235e+03 +2.065557235e+03 +2.065557235e+03 -6.9335e-01 +3.7387e-01 +5.1328e-01
168 0 +1.045774273e+03 +1.045774273e+03 +2.045774273e+03 +2.045774273e+03 -7.0560e-01 +3.6771e-01 +5.1697e-01
175 0 +1.019935748e+03 +1.019935748e+03 +2.019935748e+03 +2.019935748e+03 -7.1002e-01 +3.6672e-01 +5.1881e-01
178 0 +9.922600037e+02 +9.922600037e+02 +1.992260004e+03 +1.992260004e+03 -7.1221e-01 +3.6748e-01 +5.2024e-01
179 0 +9.768701364e+02 +9.768701364e+02 +1.976870136e+03 +1.976870136e+03 -7.1380e-01 +3.6811e-01 +5.2131e-01
181 0 +9.226823628e+02 +9.226823628e+02 +1.922682363e+03 +1.922682363e+03 -7.3548e-01 +3.5848e-01 +5.2835e-01
183 0 +8.877146866e+02 +8.877146866e+02 +1.887714687e+03 +1.887714687e+03 -7.3741e-01 +3.6089e-01 +5.3033e-01
184 0 +8.334097931e+02 +8.334097931e+02 +1.833409793e+03 +1.833409793e+03 -7.4884e-01 +3.5880e-01 +5.3529e-01
185 0 +8.198450806e+02 +8.198450806e+02 +1.819845081e+03 +1.819845081e+03 -7.6152e-01 +3.5165e-01 +5.3876e-01
186 0 +7.567766363e+02 +7.567766363e+02 +1.756776636e+03 +1.756776636e+03 -7.8538e-01 +3.4342e-01 +5.4749e-01
188 0 +6.840750452e+02 +6.840750452e+02 +1.684075045e+03 +1.684075045e+03 -8.1236e-01 +3.3598e-01 +5.5816e-01
189 0 +6.295041081e+02 +6.295041081e+02 +1.629504108e+03 +1.629504108e+03 -8.2891e-01 +3.3366e-01 +5.6561e-01
190 0 +5.724563541e+02 +5.724563541e+02 +1.572456354e+03 +1.572456354e+03 -8.7562e-01 +3.2125e-01 +5.8424e-01
191 0 +5.551005040e+02 +5.551005040e+02 +1.555100504e+03 +1.555100504e+03 -9.0007e-01 +3.0830e-01 +5.9131e-01
192 0 +5.252443548e+02 +5.252443548e+02 +1.525244355e+03 +1.525244355e+03 -9.7569e-01 +2.8305e-01 +6.1932e-01
193 0 +5.237605119e+02 +5.237605119e+02 +1.523760512e+03 +1.523760512e+03 -9.9039e-01 +2.8343e-01 +6.2699e-01
194 0 +4.741568250e+02 +4.741568250e+02 +1.474156825e+03 +1.474156825e+03 -1.0929e+00 +2.5344e-01 +6.6674e-01
195 0 +3.945384295e+02 +3.945384295e+02 +1.394538429e+03 +1.394538429e+03 -1.1504e+00 +2.3584e-01 +6.8870e-01
197 0 +2.349835764e+02 +2.349835764e+02 +1.234983576e+03 +1.234983576e+03 -1.2704e+00 +1.9364e-01 +7.3227e-01
198 0 +1.871121981e+02 +1.871121981e+02 +1.187112198e+03 +1.187112198e+03 -1.4678e+00 +1.2984e-01 +8.0628e-01
201 0 +1.710861761e+02 +1.710861761e+02 +1.171086176e+03 +1.171086176e+03 -1.3902e+00 +1.5348e-01 +7.7655e-01
202 0 +1.229409129e+02 +1.229409129e+02 +1.122940913e+03 +1.122940913e+03 -1.5388e+00 +1.0350e-01 +8.3145e-01
206 0 +7.627661864e+01 +7.627661864e+01 +1.076276619e+03 +1.076276619e+03 -1.5131e+00 +1.0934e-01 +8.2083e-01
207 0 +6.975544116e+01 +6.975544116e+01 +1.069755441e+03 +1.069755441e+03 -1.4372e+00 +1.2997e-01 +7.9074e-01
211 0 +3.199196750e+01 +3.199196750e+01 +1.031991968e+03 +1.031991968e+03 -1.5828e+00 +8.1051e-02 +8.4450e-01
222 0 +3.161747076e+01 +3.161747076e+01 +1.031617471e+03 +1.031617471e+03 -1.6493e+00 +5.8845e-02 +8.6915e-01
224 0 +2.867288068e+01 +2.867288068e+01 +1.028672881e+03 +1.028672881e+03 -1.6327e+00 +6.2696e-02 +8.6230e-01
% f evaluations | g evaluations | best noise-free fitness - Fopt | noise-free fitness - Fopt (-4.236000000000e+01) | measured fitness | best measured fitness | x1 | x2...
1 0 +3.664666223e+04 +3.664666223e+04 +3.660430223e+04 +3.660430223e+04 +0.0000e+00 +0.0000e+00 +0.0000e+00
3 0 +3.661118047e+04 +3.661118047e+04 +3.656882047e+04 +3.656882047e+04 +0.0000e+00 +2.5000e-04 +0.0000e+00
9 0 +3.630732415e+04 +3.630732415e+04 +3.626496415e+04 +3.626496415e+04 -8.3333e-04 +8.3333e-05 +8.3333e-04
14 0 +3.545697856e+04 +3.545697856e+04 +3.541461856e+04 +3.541461856e+04 -3.1667e-03 +5.8333e-04 +2.2500e-03
18 0 +3.427052098e+04 +3.427052098e+04 +3.422816098e+04 +3.422816098e+04 -6.3333e-03 +2.0000e-03 +3.6667e-03
19 0 +3.373429642e+04 +3.373429642e+04 +3.369193642e+04 +3.369193642e+04 -7.8889e-03 +2.0000e-03 +4.6944e-03
20 0 +3.258547642e+04 +3.258547642e+04 +3.254311642e+04 +3.254311642e+04 -1.1000e-02 +2.6667e-03 +6.5833e-03
22 0 +3.079920594e+04 +3.079920594e+04 +3.075684594e+04 +3.075684594e+04 -1.5833e-02 +4.9167e-03 +8.2500e-03
23 0 +3.018052810e+04 +3.018052810e+04 +3.013816810e+04 +3.013816810e+04 -1.7278e-02 +4.9722e-03 +9.8333e-03
24 0 +2.774853714e+04 +2.774853714e+04 +2.770617714e+04 +2.770617714e+04 -2.3500e-02 +6.7500e-03 +1.3500e-02
25 0 +2.638490974e+04 +2.638490974e+04 +2.634254974e+04 +2.634254974e+04 -2.7222e-02 +7.5556e-03 +1.5222e-02
26 0 +2.226949125e+04 +2.226949125e+04 +2.222713125e+04 +2.222713125e+04 -3.7667e-02 +1.0333e-02 +2.1000e-02
27 0 +2.116160764e+04 +2.116160764e+04 +2.111924764e+04 +2.111924764e+04 -4.0333e-02 +1.2000e-02 +2.1917e-02
28 0 +1.558394422e+04 +1.558394422e+04 +1.554158422e+04 +1.554158422e+04 -5.5000e-02 +1.6667e-02 +2.9583e-02
29 0 +1.330968413e+04 +1.330968413e+04 +1.326732413e+04 +1.326732413e+04 -6.1611e-02 +1.7583e-02 +3.4472e-02
30 0 +7.866513405e+03 +7.866513405e+03 +7.824153405e+03 +7.824153405e+03 -8.4500e-02 +2.3917e-02 +4.7583e-02
31 0 +6.647005503e+03 +6.647005503e+03 +6.604645503e+03 +6.604645503e+03 -9.4611e-02 +2.7194e-02 +5.1944e-02
32 0 +3.475608462e+03 +3.475608462e+03 +3.433248462e+03 +3.433248462e+03 -1.3017e-01 +3.7417e-02 +7.1167e-02
33 0 +2.902608352e+03 +2.902608352e+03 +2.860248352e+03 +2.860248352e+03 -1.4211e-01 +4.1667e-02 +7.7889e-02
43 0 +2.835000839e+03 +2.835000839e+03 +2.792640839e+03 +2.792640839e+03 -1.4434e-01 +4.1640e-02 +7.9152e-02
45 0 +2.769613472e+03 +2.769613472e+03 +2.727253472e+03 +2.727253472e+03 -1.5948e-01 +4.6085e-02 +8.7596e-02
49 0 +2.749885793e+03 +2.749885793e+03 +2.707525793e+03 +2.707525793e+03 -1.5794e-01 +4.5487e-02 +8.6949e-02
122 0 +2.685187593e+03 +2.685187593e+03 +2.642827593e+03 +2.642827593e+03 -1.5657e-01 +3.6003e-02 +9.2794e-02
128 0 +2.605718603e+03 +2.605718603e+03 +2.563358603e+03 +2.563358603e+03 -1.6251e-01 +1.4268e-02 +1.1317e-01
130 0 +2.539188022e+03 +2.539188022e+03 +2.496828022e+03 +2.496828022e+03 -1.6467e-01 -2.3521e-03 +1.2688e-01
135 0 +2.488126298e+03 +2.488126298e+03 +2.445766298e+03 +2.445766298e+03 -1.7486e-01 -4.7970e-02 +1.6789e-01
137 0 +2.437633834e+03 +2.437633834e+03 +2.395273834e+03 +2.395273834e+03 -1.7677e-01 -6.5266e-02 +1.8187e-01
138 0 +2.394951590e+03 +2.394951590e+03 +2.352591590e+03 +2.352591590e+03 -1.7964e-01 -8.7426e-02 +2.0015e-01
142 0 +2.277045859e+03 +2.277045859e+03 +2.234685859e+03 +2.234685859e+03 -1.7215e-01 -7.6747e-02 +1.8673e-01
144 0 +2.194005944e+03 +2.194005944e+03 +2.151645944e+03 +2.151645944e+03 -1.7734e-01 -1.1960e-01 +2.2177e-01
145 0 +2.116777873e+03 +2.116777873e+03 +2.074417873e+03 +2.074417873e+03 -1.7689e-01 -1.4501e-01 +2.3984e-01
151 0 +2.055839948e+03 +2.055839948e+03 +2.013479948e+03 +2.013479948e+03 -1.8062e-01 -1.9163e-01 +2.7667e-01
160 0 +2.040068496e+03 +2.040068496e+03 +1.997708496e+03 +1.997708496e+03 -1.8345e-01 -2.1275e-01 +2.9413e-01
167 0 +1.980873140e+03 +1.980873140e+03 +1.938513140e+03 +1.938513140e+03 -1.9043e-01 -2.8895e-01 +3.5489e-01
169 0 +1.841138145e+03 +1.841138145e+03 +1.798778145e+03 +1.798778145e+03 -2.0287e-01 -3.7952e-01 +4.3036e-01
171 0 +1.562132615e+03 +1.562132615e+03 +1.519772615e+03 +1.519772615e+03 -2.0955e-01 -4.5061e-01 +4.8713e-01
172 0 +1.032211390e+03 +1.032211390e+03 +9.898513900e+02 +9.898513900e+02 -2.2206e-01 -5.5553e-01 +5.7297e-01
173 0 +9.192041405e+02 +9.192041405e+02 +8.768441405e+02 +8.768441405e+02 -2.2473e-01 -5.8014e-01 +5.9308e-01
174 0 +5.843758826e+02 +5.843758826e+02 +5.420158826e+02 +5.420158826e+02 -2.4188e-01 -7.2574e-01 +7.1217e-01
176 0 +3.336290408e+02 +3.336290408e+02 +2.912690408e+02 +2.912690408e+02 -2.7091e-01 -9.6707e-01 +9.0975e-01
177 0 +2.212438450e+02 +2.212438450e+02 +1.788838450e+02 +1.788838450e+02 -3.0493e-01 -1.2608e+00 +1.1494e+00
184 0 +1.340924938e+02 +1.340924938e+02 +9.173249376e+01 +9.173249376e+01 -3.0733e-01 -1.3095e+00 +1.1868e+00
185 0 +8.316942225e+01 +8.316942225e+01 +4.080942225e+01 +4.080942225e+01 -3.0751e-01 -1.3335e+00 +1.2044e+00
188 0 +4.411312789e+01 +4.411312789e+01 +1.753127895e+00 +1.753127895e+00 -2.8943e-01 -1.2044e+00 +1.0965e+00
191 0 +1.253902348e+01 +1.253902348e+01 -2.982097652e+01 -2.982097652e+01 -3.0748e-01 -1.3862e+00 +1.2427e+00
193 0 +6.972062248e+00 +6.972062248e+00 -3.538793775e+01 -3.538793775e+01 -3.0211e-01 -1.3701e+00 +1.2267e+00
200 0 +2.499461631e+00 +2.499461631e+00 -3.986053837e+01 -3.986053837e+01 -2.9788e-01 -1.3167e+00 +1.1847e+00
209 0 +2.324322078e+00 +2.324322078e+00 -4.003567792e+01 -4.003567792e+01 -2.9894e-01 -1.3234e+00 +1.1903e+00
211 0 +2.073735888e+00 +2.073735888e+00 -4.028626411e+01 -4.028626411e+01 -3.0031e-01 -1.3407e+00 +1.2040e+00
219 0 +1.992045688e+00 +1.992045688e+00 -4.036795431e+01 -4.036795431e+01 -2.9961e-01 -1.3326e+00 +1.1976e+00
% f evaluations | g evaluations | best noise-free fitness - Fopt | noise-free fitness - Fopt (-7.187000000000e+01) | measured fitness | best measured fitness | x1 | x2...
1 0 +2.075728661e+06 +2.075728661e+06 +2.075656791e+06 +2.075656791e+06 +0.0000e+00 +0.0000e+00 +0.0000e+00
2 0 +2.075682917e+06 +2.075682917e+06 +2.075611047e+06 +2.075611047e+06 +2.5000e-04 +0.0000e+00 +0.0000e+00
28 0 +2.032706298e+06 +2.032706298e+06 +2.032634428e+06 +2.032634428e+06 +2.3000e-02 +4.3250e-02 -5.8000e-02
32 0 +1.989805927e+06 +1.989805927e+06 +1.989734057e+06 +1.989734057e+06 +5.1500e-02 +1.0150e-01 -1.3250e-01
34 0 +1.925643296e+06 +1.925643296e+06 +1.925571426e+06 +1.925571426e+06 +8.1250e-02 +1.5300e-01 -2.0300e-01
35 0 +1.892770895e+06 +1.892770895e+06 +1.892699025e+06 +1.892699025e+06 +8.9000e-02 +1.7058e-01 -2.2333e-01
36 0 +1.692205498e+06 +1.692205498e+06 +1.692133628e+06 +1.692133628e+06 +1.2200e-01 +2.3425e-01 -3.0600e-01
37 0 +1.575735311e+06 +1.575735311e+06 +1.575663441e+06 +1.575663441e+06 +1.3458e-01 +2.5958e-01 -3.4117e-01
38 0 +1.046411289e+06 +1.046411289e+06 +1.046339419e+06 +1.046339419e+06 +1.8425e-01 +3.5625e-01 -4.6850e-01
39 0 +8.560105426e+05 +8.560105426e+05 +8.559386726e+05 +8.559386726e+05 +2.0683e-01 +3.9417e-01 -5.1917e-01
40 0 +5.127748218e+05 +5.127748218e+05 +5.127029518e+05 +5.127029518e+05 +2.8450e-01 +5.4050e-01 -7.1250e-01
41 0 +4.879312936e+05 +4.879312936e+05 +4.878594236e+05 +4.878594236e+05 +3.1258e-01 +6.0100e-01 -7.8833e-01
42 0 +1.297168244e+05 +1.297168244e+05 +1.296449544e+05 +1.296449544e+05 +4.2825e-01 +8.2500e-01 -1.0810e+00
43 0 +5.915533495e+04 +5.915533495e+04 +5.908346495e+04 +5.908346495e+04 +4.7600e-01 +9.1358e-01 -1.2020e+00
44 0 +5.563732296e+04 +5.563732296e+04 +5.556545296e+04 +5.556545296e+04 +6.5300e-01 +1.2533e+00 -1.6500e+00
49 0 +2.166240515e+04 +2.166240515e+04 +2.159053515e+04 +2.159053515e+04 +6.1725e-01 +1.1825e+00 -1.5547e+00
53 0 +1.856326798e+04 +1.856326798e+04 +1.849139798e+04 +1.849139798e+04 +5.1675e-01 +9.9005e-01 -1.3022e+00
55 0 +8.338970859e+03 +8.338970859e+03 +8.267100859e+03 +8.267100859e+03 +5.9879e-01 +1.1487e+00 -1.5113e+00
57 0 +6.595056765e+03 +6.595056765e+03 +6.523186765e+03 +6.523186765e+03 +5.3867e-01 +1.0335e+00 -1.3583e+00
59 0 +4.442016844e+03 +4.442016844e+03 +4.370146844e+03 +4.370146844e+03 +5.8433e-01 +1.1200e+00 -1.4727e+00
63 0 +2.946657515e+03 +2.946657515e+03 +2.874787515e+03 +2.874787515e+03 +5.7745e-01 +1.1075e+00 -1.4566e+00
67 0 +2.522557341e+03 +2.522557341e+03 +2.450687341e+03 +2.450687341e+03 +5.5861e-01 +1.0710e+00 -1.4084e+00
69 0 +2.418273699e+03 +2.418273699e+03 +2.346403699e+03 +2.346403699e+03 +5.7382e-01 +1.1001e+00 -1.4466e+00
71 0 +2.212132135e+03 +2.212132135e+03 +2.140262135e+03 +2.140262135e+03 +5.6191e-01 +1.0775e+00 -1.4169e+00
75 0 +2.115040233e+03 +2.115040233e+03 +2.043170233e+03 +2.043170233e+03 +5.6378e-01 +1.0809e+00 -1.4215e+00
79 0 +2.075365486e+03 +2.075365486e+03 +2.003495486e+03 +2.003495486e+03 +5.6505e-01 +1.0835e+00 -1.4248e+00
% f evaluations | g evaluations | best noise-free fitness - Fopt | noise-free fitness - Fopt (-1.650000000000e+01) | measured fitness | best measured fitness | x1 | x2...
1 0 +2.063072108e+07 +2.063072108e+07 +2.063070458e+07 +2.063070458e+07 +0.0000e+00 +0.0000e+00 +0.0000e+00
2 0 +2.062955135e+07 +2.062955135e+07 +2.062953485e+07 +2.062953485e+07 +2.5000e-04 +0.0000e+00 +0.0000e+00
26 0 +2.033881834e+07 +2.033881834e+07 +2.033880184e+07 +2.033880184e+07 +1.4250e-02 -3.7000e-02 +2.9000e-02
30 0 +1.994796746e+07 +1.994796746e+07 +1.994795096e+07 +1.994795096e+07 +3.5250e-02 -8.6500e-02 +6.6250e-02
33 0 +1.947815204e+07 +1.947815204e+07 +1.947813554e+07 +1.947813554e+07 +5.8917e-02 -1.4767e-01 +1.1167e-01
34 0 +1.904589594e+07 +1.904589594e+07 +1.904587944e+07 +1.904587944e+07 +8.1250e-02 -2.0300e-01 +1.5300e-01
36 0 +1.821465110e+07 +1.821465110e+07 +1.821463460e+07 +1.821463460e+07 +1.2200e-01 -3.0600e-01 +2.3425e-01
37 0 +1.795131741e+07 +1.795131741e+07 +1.795130091e+07 +1.795130091e+07 +1.3458e-01 -3.4117e-01 +2.5958e-01
38 0 +1.694382974e+07 +1.694382974e+07 +1.694381324e+07 +1.694381324e+07 +1.8425e-01 -4.6850e-01 +3.5625e-01
39 0 +1.653178669e+07 +1.653178669e+07 +1.653177019e+07 +1.653177019e+07 +2.0683e-01 -5.1917e-01 +3.9417e-01
40 0 +1.498909294e+07 +1.498909294e+07 +1.498907644e+07 +1.498907644e+07 +2.8450e-01 -7.1250e-01 +5.4050e-01
41 0 +1.437807137e+07 +1.437807137e+07 +1.437805487e+07 +1.437805487e+07 +3.1258e-01 -7.8833e-01 +6.0100e-01
42 0 +1.208889235e+07 +1.208889235e+07 +1.208887585e+07 +1.208887585e+07 +4.2825e-01 -1.0810e+00 +8.2500e-01
43 0 +1.120198987e+07 +1.120198987e+07 +1.120197337e+07 +1.120197337e+07 +4.7600e-01 -1.2020e+00 +9.1358e-01
44 0 +8.166876968e+06 +8.166876968e+06 +8.166860468e+06 +8.166860468e+06 +6.5300e-01 -1.6500e+00 +1.2533e+00
45 0 +7.132317721e+06 +7.132317721e+06 +7.132301221e+06 +7.132301221e+06 +7.2625e-01 -1.8272e+00 +1.3896e+00
46 0 +4.338509365e+06 +4.338509365e+06 +4.338492865e+06 +4.338492865e+06 +9.9725e-01 -2.5065e+00 +1.9063e+00
47 0 +3.576445181e+06 +3.576445181e+06 +3.576428681e+06 +3.576428681e+06 +1.1012e+00 -2.7792e+00 +2.1158e+00
48 0 +5.468390263e+05 +5.468390263e+05 +5.468225263e+05 +5.468225263e+05 +1.5095e+00 -3.8125e+00 +2.9035e+00
49 0 +1.741361566e+05 +1.741361566e+05 +1.741196566e+05 +1.741196566e+05 +1.6783e+00 -4.2317e+00 +3.2170e+00
55 0 +1.606556490e+05 +1.606556490e+05 +1.606391490e+05 +1.606391490e+05 +1.9693e+00 -4.9684e+00 +3.7811e+00
57 0 +9.948340084e+04 +9.948340084e+04 +9.946690084e+04 +9.946690084e+04 +1.9280e+00 -4.8606e+00 +3.6992e+00
61 0 +5.141071743e+04 +5.141071743e+04 +5.139421743e+04 +5.139421743e+04 +1.7694e+00 -4.4623e+00 +3.3943e+00
63 0 +5.024629602e+04 +5.024629602e+04 +5.022979602e+04 +5.022979602e+04 +1.8816e+00 -4.7463e+00 +3.6119e+00
65 0 +4.855493230e+04 +4.855493230e+04 +4.853843230e+04 +4.853843230e+04 +1.7718e+00 -4.4697e+00 +3.4016e+00
67 0 +4.426427424e+04 +4.426427424e+04 +4.424777424e+04 +4.424777424e+04 +1.8678e+00 -4.7100e+00 +3.5842e+00
69 0 +3.280462531e+04 +3.280462531e+04 +3.278812531e+04 +3.278812531e+04 +1.8049e+00 -4.5521e+00 +3.4635e+00
77 0 +3.112464875e+04 +3.112464875e+04 +3.110814875e+04 +3.110814875e+04 +1.8332e+00 -4.6238e+00 +3.5185e+00
79 0 +3.069741129e+04 +3.069741129e+04 +3.068091129e+04 +3.068091129e+04 +1.8292e+00 -4.6135e+00 +3.5106e+00
205 0 +3.014598265e+04 +3.014598265e+04 +3.012948265e+04 +3.012948265e+04 +1.7977e+00 -4.5754e+00 +3.5367e+00
213 0 +2.938236677e+04 +2.938236677e+04 +2.936586677e+04 +2.936586677e+04 +1.7430e+00 -4.5035e+00 +3.5701e+00
215 0 +2.854443450e+04 +2.854443450e+04 +2.852793450e+04 +2.852793450e+04 +1.6905e+00 -4.4484e+00 +3.6313e+00
218 0 +2.777902455e+04 +2.777902455e+04 +2.776252455e+04 +2.776252455e+04 +1.5918e+00 -4.3234e+00 +3.7017e+00
219 0 +2.734622342e+04 +2.734622342e+04 +2.732972342e+04 +2.732972342e+04 +1.5750e+00 -4.3068e+00 +3.7235e+00
220 0 +2.644381401e+04 +2.644381401e+04 +2.642731401e+04 +2.642731401e+04 +1.4909e+00 -4.2084e+00 +3.8003e+00
221 0 +2.601258583e+04 +2.601258583e+04 +2.599608583e+04 +2.599608583e+04 +1.4875e+00 -4.2099e+00 +3.8148e+00
222 0 +2.458335251e+04 +2.458335251e+04 +2.456685251e+04 +2.456685251e+04 +1.3840e+00 -4.0931e+00 +3.9185e+00
224 0 +2.260948102e+04 +2.260948102e+04 +2.259298102e+04 +2.259298102e+04 +1.1830e+00 -3.8564e+00 +4.0990e+00
225 0 +2.006084266e+04 +2.006084266e+04 +2.004434266e+04 +2.004434266e+04 +9.7861e-01 -3.6229e+00 +4.2976e+00
226 0 +1.966864128e+04 +1.966864128e+04 +1.965214128e+04 +1.965214128e+04 +9.4232e-01 -3.5810e+00 +4.3321e+00
227 0 +1.626347466e+04 +1.626347466e+04 +1.624697466e+04 +1.624697466e+04 +6.6801e-01 -3.2672e+00 +4.5979e+00
228 0 +1.585180692e+04 +1.585180692e+04 +1.583530692e+04 +1.583530692e+04 +7.3314e-01 -3.3540e+00 +4.5604e+00
229 0 +1.197433143e+04 +1.197433143e+04 +1.195783143e+04 +1.195783143e+04 +4.5607e-01 -3.0468e+00 +4.8494e+00
230 0 +7.990321041e+03 +7.990321041e+03 +7.973821041e+03 +7.973821041e+03 +1.7805e-02 -2.5316e+00 +5.2448e+00
231 0 +4.578153906e+03 +4.578153906e+03 +4.561653906e+03 +4.561653906e+03 -6.6529e-01 -1.7508e+00 +5.9080e+00
232 0 +3.211658549e+03 +3.211658549e+03 +3.195158549e+03 +3.195158549e+03 -6.7274e-01 -1.7537e+00 +5.9392e+00
233 0 +1.560943025e+02 +1.560943025e+02 +1.395943025e+02 +1.395943025e+02 -1.4984e+00 -8.1912e-01 +6.7600e+00
246 0 +8.330526810e+01 +8.330526810e+01 +6.680526810e+01 +6.680526810e+01 -1.4823e+00 -8.4439e-01 +6.7585e+00
248 0 +6.968453607e+01 +6.968453607e+01 +5.318453607e+01 +5.318453607e+01 -1.5985e+00 -7.1429e-01 +6.8772e+00
250 0 +5.564718460e+01 +5.564718460e+01 +3.914718460e+01 +3.914718460e+01 -1.6664e+00 -6.3495e-01 +6.9394e+00
254 0 +4.999642283e+01 +4.999642283e+01 +3.349642283e+01 +3.349642283e+01 -1.6615e+00 -6.4001e-01 +6.9337e+00
256 0 +4.436744453e+01 +4.436744453e+01 +2.786744453e+01 +2.786744453e+01 -1.6107e+00 -6.9883e-01 +6.8856e+00
258 0 +3.610347154e+01 +3.610347154e+01 +1.960347154e+01 +1.960347154e+01 -1.5933e+00 -7.1655e-01 +6.8644e+00
% f evaluations | g evaluations | best noise-free fitness - Fopt | noise-free fitness - Fopt (1.000000000000e+03) | measured fitness | best measured fitness | x1 | x2...
1 0 +4.693280327e+06 +4.693280327e+06 +4.694280327e+06 +4.694280327e+06 +0.0000e+00 +0.0000e+00 +0.0000e+00
2 0 +4.692988304e+06 +4.692988304e+06 +4.693988304e+06 +4.693988304e+06 +2.5000e-04 +0.0000e+00 +0.0000e+00
17 0 +4.676436879e+06 +4.676436879e+06 +4.677436879e+06 +4.677436879e+06 +3.6667e-03 -5.0000e-03 -6.6667e-04
26 0 +4.565980200e+06 +4.565980200e+06 +4.566980200e+06 +4.566980200e+06 +2.9000e-02 -3.7000e-02 -6.0000e-03
30 0 +4.402211208e+06 +4.402211208e+06 +4.403211208e+06 +4.403211208e+06 +6.6250e-02 -8.6500e-02 -1.4750e-02
32 0 +4.260383520e+06 +4.260383520e+06 +4.261383520e+06 +4.261383520e+06 +1.0150e-01 -1.3250e-01 -2.0250e-02
34 0 +4.049770712e+06 +4.049770712e+06 +4.050770712e+06 +4.050770712e+06 +1.5300e-01 -2.0300e-01 -3.1000e-02
36 0 +3.744078771e+06 +3.744078771e+06 +3.745078771e+06 +3.745078771e+06 +2.3425e-01 -3.0600e-01 -5.0000e-02
37 0 +3.651024662e+06 +3.651024662e+06 +3.652024662e+06 +3.652024662e+06 +2.5958e-01 -3.4117e-01 -5.2750e-02
38 0 +3.293039871e+06 +3.293039871e+06 +3.294039871e+06 +3.294039871e+06 +3.5625e-01 -4.6850e-01 -7.1750e-02
39 0 +3.143595896e+06 +3.143595896e+06 +3.144595896e+06 +3.144595896e+06 +3.9417e-01 -5.1917e-01 -8.1583e-02
40 0 +2.540826989e+06 +2.540826989e+06 +2.541826989e+06 +2.541826989e+06 +5.4050e-01 -7.1250e-01 -1.1225e-01
41 0 +2.275835106e+06 +2.275835106e+06 +2.276835106e+06 +2.276835106e+06 +6.0100e-01 -7.8833e-01 -1.2500e-01
42 0 +1.230246081e+06 +1.230246081e+06 +1.231246081e+06 +1.231246081e+06 +8.2500e-01 -1.0810e+00 -1.7200e-01
43 0 +8.769660635e+05 +8.769660635e+05 +8.779660635e+05 +8.779660635e+05 +9.1358e-01 -1.2020e+00 -1.8733e-01
44 0 +2.421296631e+05 +2.421296631e+05 +2.431296631e+05 +2.431296631e+05 +1.2533e+00 -1.6500e+00 -2.5600e-01
45 0 +9.878223419e+04 +9.878223419e+04 +9.978223419e+04 +9.978223419e+04 +1.3896e+00 -1.8272e+00 -2.8842e-01
47 0 +4.909990499e+04 +4.909990499e+04 +5.009990499e+04 +5.009990499e+04 +1.7714e+00 -2.3263e+00 -3.6536e-01
54 0 +1.650182274e+04 +1.650182274e+04 +1.750182274e+04 +1.750182274e+04 +1.5312e+00 -2.0133e+00 -3.1632e-01
56 0 +1.582451636e+04 +1.582451636e+04 +1.682451636e+04 +1.682451636e+04 +1.6898e+00 -2.2223e+00 -3.4780e-01
58 0 +8.465857557e+03 +8.465857557e+03 +9.465857557e+03 +9.465857557e+03 +1.5584e+00 -2.0490e+00 -3.2080e-01
62 0 +5.233289139e+03 +5.233289139e+03 +6.233289139e+03 +6.233289139e+03 +1.5873e+00 -2.0870e+00 -3.2740e-01
66 0 +4.719309799e+03 +4.719309799e+03 +5.719309799e+03 +5.719309799e+03 +1.6403e+00 -2.1561e+00 -3.3807e-01
70 0 +3.996632327e+03 +3.996632327e+03 +4.996632327e+03 +4.996632327e+03 +1.6281e+00 -2.1405e+00 -3.3544e-01
72 0 +3.905413893e+03 +3.905413893e+03 +4.905413893e+03 +4.905413893e+03 +1.6038e+00 -2.1085e+00 -3.3061e-01
74 0 +3.854649825e+03 +3.854649825e+03 +4.854649825e+03 +4.854649825e+03 +1.6242e+00 -2.1351e+00 -3.3470e-01
78 0 +3.726427121e+03 +3.726427121e+03 +4.726427121e+03 +4.726427121e+03 +1.6196e+00 -2.1293e+00 -3.3373e-01
82 0 +3.705206447e+03 +3.705206447e+03 +4.705206447e+03 +4.705206447e+03 +1.6179e+00 -2.1270e+00 -3.3341e-01
228 0 +3.620945878e+03 +3.620945878e+03 +4.620945878e+03 +4.620945878e+03 +1.5917e+00 -2.1211e+00 -3.5335e-01
237 0 +3.514339947e+03 +3.514339947e+03 +4.514339947e+03 +4.514339947e+03 +1.5315e+00 -2.1126e+00 -4.0391e-01
240 0 +3.424437370e+03 +3.424437370e+03 +4.424437370e+03 +4.424437370e+03 +1.5051e+00 -2.1065e+00 -4.2396e-01
241 0 +3.352704340e+03 +3.352704340e+03 +4.352704340e+03 +4.352704340e+03 +1.4845e+00 -2.1016e+00 -4.3947e-01
243 0 +3.301861234e+03 +3.301861234e+03 +4.301861234e+03 +4.301861234e+03 +1.3809e+00 -2.0862e+00 -5.2565e-01
244 0 +3.225427510e+03 +3.225427510e+03 +4.225427510e+03 +4.225427510e+03 +1.4038e+00 -2.0883e+00 -5.0543e-01
245 0 +3.102459367e+03 +3.102459367e+03 +4.102459367e+03 +4.102459367e+03 +1.3504e+00 -2.0778e+00 -5.4762e-01
246 0 +3.023710193e+03 +3.023710193e+03 +4.023710193e+03 +4.023710193e+03 +1.3044e+00 -2.0687e+00 -5.8392e-01
247 0 +2.909136948e+03 +2.909136948e+03 +3.909136948e+03 +3.909136948e+03 +1.2035e+00 -2.0489e+00 -6.6359e-01
248 0 +2.852939923e+03 +2.852939923e+03 +3.852939923e+03 +3.852939923e+03 +1.1388e+00 -2.0403e+00 -7.1844e-01
250 0 +2.569401543e+03 +2.569401543e+03 +3.569401543e+03 +3.569401543e+03 +1.0809e+00 -2.0251e+00 -7.6078e-01
251 0 +2.112933021e+03 +2.112933021e+03 +3.112933021e+03 +3.112933021e+03 +9.3088e-01 -1.9946e+00 -8.7835e-01
255 0 +2.052138586e+03 +2.052138586e+03 +3.052138586e+03 +3.052138586e+03 +7.5982e-01 -1.9592e+00 -1.0119e+00
258 0 +1.734755904e+03 +1.734755904e+03 +2.734755904e+03 +2.734755904e+03 +7.2113e-01 -1.9486e+00 -1.0397e+00
264 0 +1.557503186e+03 +1.557503186e+03 +2.557503186e+03 +2.557503186e+03 +7.7129e-01 -1.9560e+00 -9.9790e-01
265 0 +1.509847156e+03 +1.509847156e+03 +2.509847156e+03 +2.509847156e+03 +7.7703e-01 -1.9543e+00 -9.9092e-01
266 0 +1.472628792e+03 +1.472628792e+03 +2.472628792e+03 +2.472628792e+03 +5.3002e-01 -1.9045e+00 -1.1848e+00
268 0 +1.272945607e+03 +1.272945607e+03 +2.272945607e+03 +2.272945607e+03 +5.9294e-01 -1.9146e+00 -1.1332e+00
269 0 +1.170672932e+03 +1.170672932e+03 +2.170672932e+03 +2.170672932e+03 +5.2885e-01 -1.8977e+00 -1.1799e+00
270 0 +1.057980097e+03 +1.057980097e+03 +2.057980097e+03 +2.057980097e+03 +5.5987e-01 -1.9016e+00 -1.1535e+00
271 0 +5.933426709e+02 +5.933426709e+02 +1.593342671e+03 +1.593342671e+03 +5.0777e-01 -1.8844e+00 -1.1884e+00
273 0 +2.993252329e+02 +2.993252329e+02 +1.299325233e+03 +1.299325233e+03 +3.3932e-01 -1.8414e+00 -1.3126e+00
274 0 +5.813184838e+01 +5.813184838e+01 +1.058131848e+03 +1.058131848e+03 +2.4398e-01 -1.8098e+00 -1.3766e+00
275 0 +2.624692559e+01 +2.624692559e+01 +1.026246926e+03 +1.026246926e+03 +1.5058e-01 -1.7896e+00 -1.4486e+00
283 0 +1.496065789e+01 +1.496065789e+01 +1.014960658e+03 +1.014960658e+03 +2.4062e-02 -1.7597e+00 -1.5441e+00
288 0 +1.345791464e+01 +1.345791464e+01 +1.013457915e+03 +1.013457915e+03 +2.1374e-02 -1.7577e+00 -1.5449e+00
292 0 +1.226570975e+01 +1.226570975e+01 +1.012265710e+03 +1.012265710e+03 +8.0538e-02 -1.7704e+00 -1.4991e+00
294 0 +1.116400470e+01 +1.116400470e+01 +1.011164005e+03 +1.011164005e+03 +4.5940e-02 -1.7640e+00 -1.5268e+00
296 0 +1.053786680e+01 +1.053786680e+01 +1.010537867e+03 +1.010537867e+03 +4.8690e-02 -1.7641e+00 -1.5243e+00
302 0 +1.035235585e+01 +1.035235585e+01 +1.010352356e+03 +1.010352356e+03 +5.5974e-02 -1.7660e+00 -1.5190e+00
304 0 +1.020798676e+01 +1.020798676e+01 +1.010207987e+03 +1.010207987e+03 +6.8988e-02 -1.7689e+00 -1.5090e+00
% f evaluations | g evaluations | best noise-free fitness - Fopt | noise-free fitness - Fopt (-1.000000000000e+03) | measured fitness | best measured fitness | x1 | x2...
1 0 +1.768516060e+07 +1.768516060e+07 +1.768416060e+07 +1.768416060e+07 +0.0000e+00 +0.0000e+00 +0.0000e+00
5 0 +1.768468899e+07 +1.768468899e+07 +1.768368899e+07 +1.768368899e+07 +1.6667e-04 -2.5000e-04 +1.6667e-04
28 0 +1.734498577e+07 +1.734498577e+07 +1.734398577e+07 +1.734398577e+07 -8.0000e-03 -5.8000e-02 +2.3000e-02
32 0 +1.689646927e+07 +1.689646927e+07 +1.689546927e+07 +1.689546927e+07 -2.0250e-02 -1.3250e-01 +5.1500e-02
34 0 +1.648235185e+07 +1.648235185e+07 +1.648135185e+07 +1.648135185e+07 -3.1000e-02 -2.0300e-01 +8.1250e-02
36 0 +1.585612857e+07 +1.585612857e+07 +1.585512857e+07 +1.585512857e+07 -5.0000e-02 -3.0600e-01 +1.2200e-01
37 0 +1.565388442e+07 +1.565388442e+07 +1.565288442e+07 +1.565288442e+07 -5.2750e-02 -3.4117e-01 +1.3458e-01
38 0 +1.489693085e+07 +1.489693085e+07 +1.489593085e+07 +1.489593085e+07 -7.1750e-02 -4.6850e-01 +1.8425e-01
39 0 +1.459490433e+07 +1.459490433e+07 +1.459390433e+07 +1.459390433e+07 -8.1583e-02 -5.1917e-01 +2.0683e-01
40 0 +1.345484142e+07 +1.345484142e+07 +1.345384142e+07 +1.345384142e+07 -1.1225e-01 -7.1250e-01 +2.8450e-01
41 0 +1.300335742e+07 +1.300335742e+07 +1.300235742e+07 +1.300235742e+07 -1.2500e-01 -7.8833e-01 +3.1258e-01
42 0 +1.133077000e+07 +1.133077000e+07 +1.132977000e+07 +1.132977000e+07 -1.7200e-01 -1.0810e+00 +4.2825e-01
43 0 +1.068034457e+07 +1.068034457e+07 +1.067934457e+07 +1.067934457e+07 -1.8733e-01 -1.2020e+00 +4.7600e-01
44 0 +8.418928147e+06 +8.418928147e+06 +8.417928147e+06 +8.417928147e+06 -2.5600e-01 -1.6500e+00 +6.5300e-01
45 0 +7.617886411e+06 +7.617886411e+06 +7.616886411e+06 +7.616886411e+06 -2.8842e-01 -1.8272e+00 +7.2625e-01
46 0 +5.206853558e+06 +5.206853558e+06 +5.205853558e+06 +5.205853558e+06 -3.9675e-01 -2.5065e+00 +9.9725e-01
47 0 +4.502534875e+06 +4.502534875e+06 +4.501534875e+06 +4.501534875e+06 -4.3758e-01 -2.7792e+00 +1.1012e+00
48 0 +2.246639648e+06 +2.246639648e+06 +2.245639648e+06 +2.245639648e+06 -6.0025e-01 -3.8125e+00 +1.5095e+00
49 0 +1.189076882e+06 +1.189076882e+06 +1.188076882e+06 +1.188076882e+06 -6.6333e-01 -4.2317e+00 +1.6783e+00
50 0 +2.541303278e+04 +2.541303278e+04 +2.441303278e+04 +2.441303278e+04 -9.0900e-01 -5.8070e+00 +2.3033e+00
64 0 +1.590948211e+04 +1.590948211e+04 +1.490948211e+04 +1.490948211e+04 -8.7442e-01 -5.5677e+00 +2.2091e+00
66 0 +1.407657150e+04 +1.407657150e+04 +1.307657150e+04 +1.307657150e+04 -8.7978e-01 -5.6024e+00 +2.2220e+00
72 0 +1.249843168e+04 +1.249843168e+04 +1.149843168e+04 +1.149843168e+04 -8.9309e-01 -5.6866e+00 +2.2560e+00
80 0 +1.224602388e+04 +1.224602388e+04 +1.124602388e+04 +1.124602388e+04 -8.8587e-01 -5.6425e+00 +2.2384e+00
158 0 +1.201189501e+04 +1.201189501e+04 +1.101189501e+04 +1.101189501e+04 -8.8217e-01 -5.6567e+00 +2.2347e+00
167 0 +1.174633846e+04 +1.174633846e+04 +1.074633846e+04 +1.074633846e+04 -8.5343e-01 -5.6435e+00 +2.1874e+00
175 0 +1.141809134e+04 +1.141809134e+04 +1.041809134e+04 +1.041809134e+04 -8.3231e-01 -5.6449e+00 +2.1547e+00
177 0 +1.117931368e+04 +1.117931368e+04 +1.017931368e+04 +1.017931368e+04 -8.0693e-01 -5.6391e+00 +2.1137e+00
178 0 +1.093303712e+04 +1.093303712e+04 +9.933037121e+03 +9.933037121e+03 -7.8241e-01 -5.6348e+00 +2.0744e+00
180 0 +1.056484978e+04 +1.056484978e+04 +9.564849782e+03 +9.564849782e+03 -7.5870e-01 -5.6367e+00 +2.0378e+00
181 0 +1.010640945e+04 +1.010640945e+04 +9.106409453e+03 +9.106409453e+03 -7.2684e-01 -5.6377e+00 +1.9880e+00
183 0 +9.829573488e+03 +9.829573488e+03 +8.829573488e+03 +8.829573488e+03 -7.0272e-01 -5.6354e+00 +1.9493e+00
184 0 +9.306479760e+03 +9.306479760e+03 +8.306479760e+03 +8.306479760e+03 -6.7032e-01 -5.6399e+00 +1.8990e+00
185 0 +8.800204974e+03 +8.800204974e+03 +7.800204974e+03 +7.800204974e+03 -6.1309e-01 -5.6305e+00 +1.8080e+00
186 0 +7.854216024e+03 +7.854216024e+03 +6.854216024e+03 +6.854216024e+03 -5.2843e-01 -5.6283e+00 +1.6748e+00
188 0 +6.967224341e+03 +6.967224341e+03 +5.967224341e+03 +5.967224341e+03 -4.6409e-01 -5.6412e+00 +1.5754e+00
189 0 +5.786089985e+03 +5.786089985e+03 +4.786089985e+03 +4.786089985e+03 -3.3271e-01 -5.6430e+00 +1.3691e+00
190 0 +5.503389437e+03 +5.503389437e+03 +4.503389437e+03 +4.503389437e+03 -2.9553e-01 -5.6412e+00 +1.3111e+00
191 0 +4.319492493e+03 +4.319492493e+03 +3.319492493e+03 +3.319492493e+03 -1.0813e-01 -5.6418e+00 +1.0171e+00
192 0 +4.081986869e+03 +4.081986869e+03 +3.081986869e+03 +3.081986869e+03 -5.8542e-02 -5.6253e+00 +9.3600e-01
193 0 +2.761164377e+03 +2.761164377e+03 +1.761164377e+03 +1.761164377e+03 +2.0601e-01 -5.6128e+00 +5.1833e-01
194 0 +1.768372787e+03 +1.768372787e+03 +7.683727869e+02 +7.683727869e+02 +3.7187e-01 -5.6368e+00 +2.6159e-01
195 0 +8.842604413e+02 +8.842604413e+02 -1.157395587e+02 -1.157395587e+02 +8.2202e-01 -5.6410e+00 -4.4499e-01
196 0 +1.951081011e+02 +1.951081011e+02 -8.048918989e+02 -8.048918989e+02 +9.4597e-01 -5.6207e+00 -6.4211e-01
201 0 +1.152065656e+02 +1.152065656e+02 -8.847934344e+02 -8.847934344e+02 +1.1814e+00 -5.5900e+00 -1.0171e+00
209 0 +5.434827686e+01 +5.434827686e+01 -9.456517231e+02 -9.456517231e+02 +1.1280e+00 -5.6025e+00 -9.3154e-01
211 0 +3.758602888e+01 +3.758602888e+01 -9.624139711e+02 -9.624139711e+02 +9.8763e-01 -5.6091e+00 -7.0962e-01
213 0 +1.975477775e+01 +1.975477775e+01 -9.802452223e+02 -9.802452223e+02 +9.8324e-01 -5.6064e+00 -7.0337e-01
218 0 +1.368813402e+01 +1.368813402e+01 -9.863118660e+02 -9.863118660e+02 +1.0560e+00 -5.5975e+00 -8.1908e-01
221 0 +1.053266585e+01 +1.053266585e+01 -9.894673341e+02 -9.894673341e+02 +1.0560e+00 -5.6006e+00 -8.1846e-01
225 0 +9.735571993e+00 +9.735571993e+00 -9.902644280e+02 -9.902644280e+02 +1.0108e+00 -5.6035e+00 -7.4717e-01
227 0 +7.862664800e+00 +7.862664800e+00 -9.921373352e+02 -9.921373352e+02 +1.0397e+00 -5.6000e+00 -7.9304e-01
235 0 +7.389026772e+00 +7.389026772e+00 -9.926109732e+02 -9.926109732e+02 +1.0266e+00 -5.6018e+00 -7.7213e-01
240 0 +7.228489506e+00 +7.228489506e+00 -9.927715105e+02 -9.927715105e+02 +1.0206e+00 -5.6016e+00 -7.6268e-01
242 0 +7.041536886e+00 +7.041536886e+00 -9.929584631e+02 -9.929584631e+02 +1.0286e+00 -5.6008e+00 -7.7544e-01
% f evaluations | g evaluations | best noise-free fitness - Fopt | noise-free fitness - Fopt (-1.527400000000e+02) | measured fitness | best measured fitness | x1 | x2...
1 0 +4.820055611e+04 +4.820055611e+04 +4.804781611e+04 +4.804781611e+04 +0.0000e+00 +0.0000e+00 +0.0000e+00
3 0 +4.818904068e+04 +4.818904068e+04 +4.803630068e+04 +4.803630068e+04 +0.0000e+00 +2.5000e-04 +0.0000e+00
9 0 +4.781635755e+04 +4.781635755e+04 +4.766361755e+04 +4.766361755e+04 -8.3333e-04 +8.3333e-05 +8.3333e-04
15 0 +4.672143842e+04 +4.672143842e+04 +4.656869842e+04 +4.656869842e+04 -3.8333e-03 +5.8333e-04 +2.5833e-03
19 0 +4.495357071e+04 +4.495357071e+04 +4.480083071e+04 +4.480083071e+04 -9.0000e-03 +1.0000e-03 +5.2500e-03
20 0 +4.446029666e+04 +4.446029666e+04 +4.430755666e+04 +4.430755666e+04 -1.0333e-02 +1.6667e-03 +6.0000e-03
21 0 +4.302374559e+04 +4.302374559e+04 +4.287100559e+04 +4.287100559e+04 -1.4333e-02 +2.3333e-03 +8.3333e-03
22 0 +4.262652836e+04 +4.262652836e+04 +4.247378836e+04 +4.247378836e+04 -1.5833e-02 +2.5833e-03 +8.5833e-03
23 0 +4.057659075e+04 +4.057659075e+04 +4.042385075e+04 +4.042385075e+04 -2.1833e-02 +3.5833e-03 +1.1583e-02
24 0 +3.966052162e+04 +3.966052162e+04 +3.950778162e+04 +3.950778162e+04 -2.3944e-02 +3.1944e-03 +1.3611e-02
25 0 +3.639430364e+04 +3.639430364e+04 +3.624156364e+04 +3.624156364e+04 -3.2833e-02 +4.0833e-03 +1.8833e-02
26 0 +3.494120393e+04 +3.494120393e+04 +3.478846393e+04 +3.478846393e+04 -3.7000e-02 +5.6667e-03 +2.0583e-02
27 0 +2.964394765e+04 +2.964394765e+04 +2.949120765e+04 +2.949120765e+04 -5.1000e-02 +8.0000e-03 +2.8250e-02
28 0 +2.779673703e+04 +2.779673703e+04 +2.764399703e+04 +2.764399703e+04 -5.6111e-02 +8.1111e-03 +3.0778e-02
29 0 +2.045643559e+04 +2.045643559e+04 +2.030369559e+04 +2.030369559e+04 -7.7000e-02 +1.1000e-02 +4.2000e-02
30 0 +1.785025589e+04 +1.785025589e+04 +1.769751589e+04 +1.769751589e+04 -8.5389e-02 +1.1806e-02 +4.7806e-02
31 0 +1.284676778e+04 +1.284676778e+04 +1.269402778e+04 +1.269402778e+04 -1.1717e-01 +1.5917e-02 +6.5917e-02
32 0 +1.188775717e+04 +1.188775717e+04 +1.173501717e+04 +1.173501717e+04 -1.3061e-01 +1.9194e-02 +7.1944e-02
33 0 +9.448096871e+03 +9.448096871e+03 +9.295356871e+03 +9.295356871e+03 -1.7950e-01 +2.6750e-02 +9.8500e-02
82 0 +9.311722846e+03 +9.311722846e+03 +9.158982846e+03 +9.158982846e+03 -1.8342e-01 +4.6209e-02 +9.1560e-02
88 0 +9.079502470e+03 +9.079502470e+03 +8.926762470e+03 +8.926762470e+03 -1.8589e-01 +7.5053e-02 +7.9142e-02
91 0 +8.817030894e+03 +8.817030894e+03 +8.664290894e+03 +8.664290894e+03 -1.9264e-01 +1.1284e-01 +6.5275e-02
92 0 +8.699354126e+03 +8.699354126e+03 +8.546614126e+03 +8.546614126e+03 -2.0187e-01 +1.3678e-01 +5.9352e-02
93 0 +8.471779101e+03 +8.471779101e+03 +8.319039101e+03 +8.319039101e+03 -2.1317e-01 +1.7992e-01 +4.5562e-02
95 0 +8.097758859e+03 +8.097758859e+03 +7.945018859e+03 +7.945018859e+03 -2.0914e-01 +2.2511e-01 +2.1335e-02
96 0 +7.903105192e+03 +7.903105192e+03 +7.750365192e+03 +7.750365192e+03 -2.2284e-01 +2.5577e-01 +1.5182e-02
97 0 +7.411702551e+03 +7.411702551e+03 +7.258962551e+03 +7.258962551e+03 -2.4070e-01 +3.3892e-01 -1.3694e-02
98 0 +7.154708504e+03 +7.154708504e+03 +7.001968504e+03 +7.001968504e+03 -2.4936e-01 +3.8312e-01 -2.9806e-02
99 0 +6.453921234e+03 +6.453921234e+03 +6.301181234e+03 +6.301181234e+03 -2.7772e-01 +5.1826e-01 -7.7347e-02
100 0 +6.300449926e+03 +6.300449926e+03 +6.147709926e+03 +6.147709926e+03 -2.7187e-01 +5.4160e-01 -9.2032e-02
101 0 +5.573912057e+03 +5.573912057e+03 +5.421172057e+03 +5.421172057e+03 -3.0121e-01 +7.2244e-01 -1.6083e-01
102 0 +5.058936091e+03 +5.058936091e+03 +4.906196091e+03 +4.906196091e+03 -3.3728e-01 +8.2798e-01 -1.8925e-01
103 0 +4.144082330e+03 +4.144082330e+03 +3.991342330e+03 +3.991342330e+03 -4.0136e-01 +1.1294e+00 -2.9454e-01
104 0 +3.700207730e+03 +3.700207730e+03 +3.547467730e+03 +3.547467730e+03 -4.1283e-01 +1.2412e+00 -3.4145e-01
105 0 +2.329609531e+03 +2.329609531e+03 +2.176869531e+03 +2.176869531e+03 -4.9890e-01 +1.6923e+00 -5.0533e-01
106 0 +1.859144881e+03 +1.859144881e+03 +1.706404881e+03 +1.706404881e+03 -5.2325e-01 +1.8445e+00 -5.6312e-01
107 0 +6.873534054e+02 +6.873534054e+02 +5.346134054e+02 +5.346134054e+02 -6.4602e-01 +2.5076e+00 -8.0600e-01
108 0 +6.152314162e+01 +6.152314162e+01 -9.121685838e+01 -9.121685838e+01 -7.2964e-01 +2.8304e+00 -9.0975e-01
115 0 +2.839098665e+01 +2.839098665e+01 -1.243490134e+02 -1.243490134e+02 -7.5835e-01 +2.9695e+00 -9.5923e-01
122 0 +2.762550706e+01 +2.762550706e+01 -1.251144929e+02 -1.251144929e+02 -7.8113e-01 +3.1051e+00 -1.0101e+00
126 0 +2.437943956e+01 +2.437943956e+01 -1.283605604e+02 -1.283605604e+02 -7.4791e-01 +2.9283e+00 -9.4560e-01
128 0 +1.797214420e+01 +1.797214420e+01 -1.347678558e+02 -1.347678558e+02 -7.6077e-01 +3.0023e+00 -9.7332e-01
132 0 +1.736227224e+01 +1.736227224e+01 -1.353777278e+02 -1.353777278e+02 -7.6882e-01 +3.0394e+00 -9.8619e-01
136 0 +1.665814573e+01 +1.665814573e+01 -1.360818543e+02 -1.360818543e+02 -7.6388e-01 +3.0110e+00 -9.7562e-01
147 0 +1.652393480e+01 +1.652393480e+01 -1.362160652e+02 -1.362160652e+02 -7.6388e-01 +3.0137e+00 -9.7689e-01
