% f evaluations | g evaluations | best noise-free fitness - Fopt | noise-free fitness - Fopt (7.948000000000e+01) | measured fitness | best measured fitness | x1 | x2...
1 0 +2.328450760e+01 +2.328450760e+01 +1.027645076e+02 +1.027645076e+02 -3.4739e+00 -4.2222e+00
4 0 +7.021065483e+00 +7.021065483e+00 +8.650106548e+01 +8.650106548e+01 +4.6078e-01 -3.7984e+00
6 0 +3.474968878e+00 +3.474968878e+00 +8.295496888e+01 +8.295496888e+01 -4.8416e-01 -2.8691e+00
10 0 +1.468168134e+00 +1.468168134e+00 +8.094816813e+01 +8.094816813e+01 +1.0200e+00 -2.1891e-01
15 0 +4.395804329e-01 +4.395804329e-01 +7.991958043e+01 +7.991958043e+01 +5.3733e-01 -5.5795e-01
43 0 +4.188014514e-01 +4.188014514e-01 +7.989880145e+01 +7.989880145e+01 -3.9186e-01 -1.1001e+00
71 0 +3.896146072e-02 +3.896146072e-02 +7.951896146e+01 +7.951896146e+01 +2.6316e-01 -9.5969e-01
409 0 +2.015738128e-02 +2.015738128e-02 +7.950015738e+01 +7.950015738e+01 +3.2151e-01 -1.0326e+00
425 0 +4.662328395e-05 +4.662328395e-05 +7.948004662e+01 +7.948004662e+01 +2.5338e-01 -1.1636e+00
767 0 +5.737710580e-06 +5.737710580e-06 +7.948000574e+01 +7.948000574e+01 +2.5519e-01 -1.1569e+00
1131 0 +4.834883441e-06 +4.834883441e-06 +7.948000483e+01 +7.948000483e+01 +2.5094e-01 -1.1580e+00
1459 0 +9.364138407e-07 +9.364138407e-07 +7.948000094e+01 +7.948000094e+01 +2.5275e-01 -1.1578e+00
1515 0 +6.060201798e-07 +6.060201798e-07 +7.948000061e+01 +7.948000061e+01 +2.5206e-01 -1.1570e+00
1811 0 +2.145393410e-07 +2.145393410e-07 +7.948000021e+01 +7.948000021e+01 +2.5254e-01 -1.1572e+00
1873 0 +7.744375807e-09 +7.744375807e-09 +7.948000001e+01 +7.948000001e+01 +2.5278e-01 -1.1569e+00
3951 0 +0.000000000e+00 +0.000000000e+00 +7.948000000e+01 +7.948000000e+01 +2.5280e-01 -1.1568e+00
% f evaluations | g evaluations | best noise-free fitness - Fopt | noise-free fitness - Fopt (3.944800000000e+02) | measured fitness | best measured fitness | x1 | x2...
1 0 +4.448630791e+01 +4.448630791e+01 +4.389663079e+02 +4.389663079e+02 +2.7248e+00 -3.6778e+00
2 0 +4.218781667e+01 +4.218781667e+01 +4.366678167e+02 +4.366678167e+02 -4.7230e+00 +3.5523e+00
5 0 +4.065460239e+01 +4.065460239e+01 +4.351346024e+02 +4.351346024e+02 +1.3907e+00 +6.7051e-01
7 0 +3.808949160e+00 +3.808949160e+00 +3.982889492e+02 +3.982889492e+02 -3.6673e+00 -9.5248e-01
27 0 +1.498335215e+00 +1.498335215e+00 +3.959783352e+02 +3.959783352e+02 -3.9579e+00 -1.6678e+00
53 0 +5.578095744e-01 +5.578095744e-01 +3.950378096e+02 +3.950378096e+02 -4.0196e+00 -2.1534e+00
99 0 +4.016457114e-01 +4.016457114e-01 +3.948816457e+02 +3.948816457e+02 -3.9979e+00 -2.2645e+00
101 0 +3.179293690e-03 +3.179293690e-03 +3.944831793e+02 +3.944831793e+02 -3.9280e+00 -2.9384e+00
413 0 +2.567032384e-03 +2.567032384e-03 +3.944825670e+02 +3.944825670e+02 -3.9114e+00 -2.9394e+00
761 0 +2.462203178e-03 +2.462203178e-03 +3.944824622e+02 +3.944824622e+02 -3.8981e+00 -2.9400e+00
773 0 +6.068572081e-04 +6.068572081e-04 +3.944806069e+02 +3.944806069e+02 -3.8766e+00 -2.9019e+00
791 0 +5.016862650e-04 +5.016862650e-04 +3.944805017e+02 +3.944805017e+02 -3.8835e+00 -2.9071e+00
801 0 +4.150877746e-04 +4.150877746e-04 +3.944804151e+02 +3.944804151e+02 -3.9171e+00 -2.8823e+00
821 0 +5.514432763e-05 +5.514432763e-05 +3.944800551e+02 +3.944800551e+02 -3.9058e+00 -2.8895e+00
1113 0 +4.118908271e-05 +4.118908271e-05 +3.944800412e+02 +3.944800412e+02 -3.9025e+00 -2.8953e+00
1125 0 +2.675164046e-05 +2.675164046e-05 +3.944800268e+02 +3.944800268e+02 -3.8935e+00 -2.8922e+00
1141 0 +1.681737672e-06 +1.681737672e-06 +3.944800017e+02 +3.944800017e+02 -3.8979e+00 -2.8892e+00
1467 0 +6.829112067e-07 +6.829112067e-07 +3.944800007e+02 +3.944800007e+02 -3.8989e+00 -2.8897e+00
1521 0 +2.318515158e-07 +2.318515158e-07 +3.944800002e+02 +3.944800002e+02 -3.8986e+00 -2.8908e+00
1813 0 +1.329093493e-07 +1.329093493e-07 +3.944800001e+02 +3.944800001e+02 -3.8987e+00 -2.8902e+00
1815 0 +1.154376719e-07 +1.154376719e-07 +3.944800001e+02 +3.944800001e+02 -3.8986e+00 -2.8907e+00
1851 0 +5.673649639e-08 +5.673649639e-08 +3.944800001e+02 +3.944800001e+02 -3.8986e+00 -2.8904e+00
2169 0 +5.531103398e-08 +5.531103398e-08 +3.944800001e+02 +3.944800001e+02 -3.8986e+00 -2.8904e+00
2191 0 +3.155889772e-08 +3.155889772e-08 +3.944800000e+02 +3.944800000e+02 -3.8986e+00 -2.8904e+00
2233 0 +1.215272505e-08 +1.215272505e-08 +3.944800000e+02 +3.944800000e+02 -3.8985e+00 -2.8905e+00
2515 0 +1.132991656e-08 +1.132991656e-08 +3.944800000e+02 +3.944800000e+02 -3.8985e+00 -2.8905e+00
2521 0 +7.068194918e-09 +7.068194918e-09 +3.944800000e+02 +3.944800000e+02 -3.8985e+00 -2.8905e+00
3931 0 +0.000000000e+00 +0.000000000e+00 +3.944800000e+02 +3.944800000e+02 -3.8984e+00 -2.8904e+00
% f evaluations | g evaluations | best noise-free fitness - Fopt | noise-free fitness - Fopt (-2.471100000000e+02) | measured fitness | best measured fitness | x1 | x2...
1 0 +4.292729992e+00 +4.292729992e+00 -2.428172700e+02 -2.428172700e+02 -2.6321e+00 +1.9156e+00
10 0 +4.332623957e-01 +4.332623957e-01 -2.466767376e+02 -2.466767376e+02 -3.6610e+00 +8.4694e-01
53 0 +6.533230045e-03 +6.533230045e-03 -2.471034668e+02 -2.471034668e+02 -3.7200e+00 +1.8372e-01
419 0 +3.527435995e-03 +3.527435995e-03 -2.471064726e+02 -2.471064726e+02 -3.7400e+00 +2.1403e-01
437 0 +1.581205193e-03 +1.581205193e-03 -2.471084188e+02 -2.471084188e+02 -3.8191e+00 +1.6928e-01
451 0 +2.346107645e-04 +2.346107645e-04 -2.471097654e+02 -2.471097654e+02 -3.7897e+00 +1.9058e-01
761 0 +1.907734884e-06 +1.907734884e-06 -2.471099981e+02 -2.471099981e+02 -3.7984e+00 +2.0458e-01
1467 0 +1.555547300e-06 +1.555547300e-06 -2.471099984e+02 -2.471099984e+02 -3.7988e+00 +2.0438e-01
1471 0 +8.823040218e-07 +8.823040218e-07 -2.471099991e+02 -2.471099991e+02 -3.7988e+00 +2.0407e-01
1483 0 +2.524757292e-08 +2.524757292e-08 -2.471100000e+02 -2.471100000e+02 -3.7984e+00 +2.0304e-01
1855 0 +2.893330020e-10 +2.893330020e-10 -2.471100000e+02 -2.471100000e+02 -3.7984e+00 +2.0320e-01
3219 0 +0.000000000e+00 +0.000000000e+00 -2.471100000e+02 -2.471100000e+02 -3.7984e+00 +2.0320e-01
% f evaluations | g evaluations | best noise-free fitness - Fopt | noise-free fitness - Fopt (-1.520400000000e+02) | measured fitness | best measured fitness | x1 | x2...
1 0 +2.928622246e+01 +2.928622246e+01 -1.227537775e+02 -1.227537775e+02 +9.0378e-01 -3.8595e+00
2 0 +1.110767176e+01 +1.110767176e+01 -1.409323282e+02 -1.409323282e+02 -2.9858e+00 +3.3519e+00
7 0 +5.619962094e-01 +5.619962094e-01 -1.514780038e+02 -1.514780038e+02 -8.2655e-01 +1.9231e+00
32 0 +8.425768916e-02 +8.425768916e-02 -1.519557423e+02 -1.519557423e+02 -5.1016e-01 +1.5828e+00
63 0 +5.046140948e-02 +5.046140948e-02 -1.519895386e+02 -1.519895386e+02 -3.6738e-01 +1.6251e+00
129 0 +3.685794109e-02 +3.685794109e-02 -1.520031421e+02 -1.520031421e+02 -4.3153e-01 +1.3247e+00
419 0 +3.595863911e-02 +3.595863911e-02 -1.520040414e+02 -1.520040414e+02 -4.0589e-01 +1.2947e+00
423 0 +2.618908679e-02 +2.618908679e-02 -1.520138109e+02 -1.520138109e+02 -3.6629e-01 +1.2961e+00
435 0 +2.227486434e-02 +2.227486434e-02 -1.520177251e+02 -1.520177251e+02 -4.0475e-01 +1.3661e+00
453 0 +1.581048044e-02 +1.581048044e-02 -1.520241895e+02 -1.520241895e+02 -3.1374e-01 +1.5408e+00
465 0 +1.498611687e-02 +1.498611687e-02 -1.520250139e+02 -1.520250139e+02 -3.8033e-01 +1.3772e+00
757 0 +1.410392180e-02 +1.410392180e-02 -1.520258961e+02 -1.520258961e+02 -3.7499e-01 +1.3742e+00
763 0 +5.717631397e-03 +5.717631397e-03 -1.520342824e+02 -1.520342824e+02 -3.3850e-01 +1.3988e+00
769 0 +3.896509743e-03 +3.896509743e-03 -1.520361035e+02 -1.520361035e+02 -3.2850e-01 +1.4122e+00
1111 0 +2.347473251e-03 +2.347473251e-03 -1.520376525e+02 -1.520376525e+02 -3.1381e-01 +1.4108e+00
1117 0 +5.215691985e-04 +5.215691985e-04 -1.520394784e+02 -1.520394784e+02 -2.9003e-01 +1.4232e+00
1127 0 +5.103402772e-04 +5.103402772e-04 -1.520394897e+02 -1.520394897e+02 -2.8922e-01 +1.4290e+00
1465 0 +1.659344578e-04 +1.659344578e-04 -1.520398341e+02 -1.520398341e+02 -2.7875e-01 +1.4297e+00
1481 0 +1.577001360e-04 +1.577001360e-04 -1.520398423e+02 -1.520398423e+02 -2.7856e-01 +1.4293e+00
1483 0 +7.562553347e-05 +7.562553347e-05 -1.520399244e+02 -1.520399244e+02 -2.7578e-01 +1.4254e+00
1517 0 +6.224386092e-05 +6.224386092e-05 -1.520399378e+02 -1.520399378e+02 -2.6844e-01 +1.4318e+00
1815 0 +5.177019582e-05 +5.177019582e-05 -1.520399482e+02 -1.520399482e+02 -2.6872e-01 +1.4310e+00
1829 0 +4.086764955e-05 +4.086764955e-05 -1.520399591e+02 -1.520399591e+02 -2.6999e-01 +1.4298e+00
1895 0 +3.162932001e-05 +3.162932001e-05 -1.520399684e+02 -1.520399684e+02 -2.6393e-01 +1.4286e+00
2165 0 +2.512713402e-05 +2.512713402e-05 -1.520399749e+02 -1.520399749e+02 -2.6377e-01 +1.4277e+00
2169 0 +1.004502431e-05 +1.004502431e-05 -1.520399900e+02 -1.520399900e+02 -2.6515e-01 +1.4264e+00
2517 0 +8.622101348e-06 +8.622101348e-06 -1.520399914e+02 -1.520399914e+02 -2.6635e-01 +1.4268e+00
2519 0 +8.344543431e-06 +8.344543431e-06 -1.520399917e+02 -1.520399917e+02 -2.6598e-01 +1.4266e+00
2525 0 +5.990765374e-06 +5.990765374e-06 -1.520399940e+02 -1.520399940e+02 -2.6659e-01 +1.4264e+00
2549 0 +2.709636846e-06 +2.709636846e-06 -1.520399973e+02 -1.520399973e+02 -2.6651e-01 +1.4255e+00
2871 0 +1.750130735e-06 +1.750130735e-06 -1.520399982e+02 -1.520399982e+02 -2.6624e-01 +1.4249e+00
2877 0 +1.465337903e-06 +1.465337903e-06 -1.520399985e+02 -1.520399985e+02 -2.6656e-01 +1.4250e+00
2897 0 +6.071079497e-07 +6.071079497e-07 -1.520399994e+02 -1.520399994e+02 -2.6663e-01 +1.4245e+00
3221 0 +5.903179670e-07 +5.903179670e-07 -1.520399994e+02 -1.520399994e+02 -2.6661e-01 +1.4245e+00
3223 0 +3.200321999e-07 +3.200321999e-07 -1.520399997e+02 -1.520399997e+02 -2.6685e-01 +1.4244e+00
3259 0 +2.833202473e-07 +2.833202473e-07 -1.520399997e+02 -1.520399997e+02 -2.6668e-01 +1.4241e+00
3263 0 +1.730760744e-07 +1.730760744e-07 -1.520399998e+02 -1.520399998e+02 -2.6701e-01 +1.4244e+00
3571 0 +1.570244592e-07 +1.570244592e-07 -1.520399998e+02 -1.520399998e+02 -2.6705e-01 +1.4244e+00
3577 0 +1.209895402e-07 +1.209895402e-07 -1.520399999e+02 -1.520399999e+02 -2.6706e-01 +1.4243e+00
3589 0 +8.271510410e-08 +8.271510410e-08 -1.520399999e+02 -1.520399999e+02 -2.6707e-01 +1.4243e+00
3923 0 +5.071225928e-08 +5.071225928e-08 -1.520399999e+02 -1.520399999e+02 -2.6707e-01 +1.4242e+00
3995 0 +4.223042538e-08 +4.223042538e-08 -1.520400000e+02 -1.520400000e+02 -2.6709e-01 +1.4242e+00
4281 0 +2.657080245e-08 +2.657080245e-08 -1.520400000e+02 -1.520400000e+02 -2.6709e-01 +1.4241e+00
4305 0 +2.486621042e-08 +2.486621042e-08 -1.520400000e+02 -1.520400000e+02 -2.6710e-01 +1.4241e+00
4339 0 +2.328135906e-08 +2.328135906e-08 -1.520400000e+02 -1.520400000e+02 -2.6709e-01 +1.4241e+00
4341 0 +2.246463282e-08 +2.246463282e-08 -1.520400000e+02 -1.520400000e+02 -2.6709e-01 +1.4241e+00
4627 0 +1.652003334e-08 +1.652003334e-08 -1.520400000e+02 -1.520400000e+02 -2.6710e-01 +1.4241e+00
4639 0 +1.508362857e-08 +1.508362857e-08 -1.520400000e+02 -1.520400000e+02 -2.6709e-01 +1.4241e+00
4979 0 +1.420954732e-08 +1.420954732e-08 -1.520400000e+02 -1.520400000e+02 -2.6709e-01 +1.4240e+00
4981 0 +1.383105541e-08 +1.383105541e-08 -1.520400000e+02 -1.520400000e+02 -2.6709e-01 +1.4240e+00
4995 0 +1.248199055e-08 +1.248199055e-08 -1.520400000e+02 -1.520400000e+02 -2.6709e-01 +1.4240e+00
5333 0 +1.216173473e-08 +1.216173473e-08 -1.520400000e+02 -1.520400000e+02 -2.6709e-01 +1.4240e+00
5337 0 +1.185472343e-08 +1.185472343e-08 -1.520400000e+02 -1.520400000e+02 -2.6709e-01 +1.4240e+00
5717 0 +1.169198072e-08 +1.169198072e-08 -1.520400000e+02 -1.520400000e+02 -2.6709e-01 +1.4240e+00
6387 0 +1.146477757e-08 +1.146477757e-08 -1.520400000e+02 -1.520400000e+02 -2.6709e-01 +1.4240e+00
% f evaluations | g evaluations | best noise-free fitness - Fopt | noise-free fitness - Fopt (-2.525000000000e+01) | measured fitness | best measured fitness | x1 | x2...
1 0 +4.893499812e+00 +4.893499812e+00 -2.035650019e+01 -2.035650019e+01 +4.5348e+00 -1.3763e+00
2 0 +1.797569767e-01 +1.797569767e-01 -2.507024302e+01 -2.507024302e+01 +3.9545e+00 +3.8207e-01
85 0 +1.121338761e-01 +1.121338761e-01 -2.513786612e+01 -2.513786612e+01 +3.8528e+00 +8.7035e-01
107 0 +7.822447867e-02 +7.822447867e-02 -2.517177552e+01 -2.517177552e+01 +3.7525e+00 +3.9200e-01
403 0 +6.409694301e-02 +6.409694301e-02 -2.518590306e+01 -2.518590306e+01 +3.7761e+00 +4.4035e-01
407 0 +5.458756669e-02 +5.458756669e-02 -2.519541243e+01 -2.519541243e+01 +3.7997e+00 +7.7754e-01
433 0 +2.633050959e-02 +2.633050959e-02 -2.522366949e+01 -2.522366949e+01 +3.7550e+00 +7.1616e-01
465 0 +1.599440583e-02 +1.599440583e-02 -2.523400559e+01 -2.523400559e+01 +3.6920e+00 +5.3531e-01
477 0 +5.533132382e-03 +5.533132382e-03 -2.524446687e+01 -2.524446687e+01 +3.6874e+00 +6.2113e-01
483 0 +4.009951578e-03 +4.009951578e-03 -2.524599005e+01 -2.524599005e+01 +3.6564e+00 +6.8256e-01
769 0 +3.937776813e-03 +3.937776813e-03 -2.524606222e+01 -2.524606222e+01 +3.6444e+00 +6.9032e-01
777 0 +1.998999092e-04 +1.998999092e-04 -2.524980010e+01 -2.524980010e+01 +3.6269e+00 +6.2861e-01
787 0 +3.818296581e-05 +3.818296581e-05 -2.524996182e+01 -2.524996182e+01 +3.6146e+00 +6.4138e-01
847 0 +1.143525925e-05 +1.143525925e-05 -2.524998856e+01 -2.524998856e+01 +3.6167e+00 +6.3772e-01
1147 0 +7.052614247e-06 +7.052614247e-06 -2.524999295e+01 -2.524999295e+01 +3.6121e+00 +6.3655e-01
1197 0 +6.711728382e-07 +6.711728382e-07 -2.524999933e+01 -2.524999933e+01 +3.6152e+00 +6.3490e-01
1459 0 +1.599051167e-07 +1.599051167e-07 -2.524999984e+01 -2.524999984e+01 +3.6140e+00 +6.3532e-01
1493 0 +4.441530166e-08 +4.441530166e-08 -2.524999996e+01 -2.524999996e+01 +3.6145e+00 +6.3537e-01
1811 0 +3.105346380e-08 +3.105346380e-08 -2.524999997e+01 -2.524999997e+01 +3.6145e+00 +6.3535e-01
1819 0 +2.668033261e-08 +2.668033261e-08 -2.524999997e+01 -2.524999997e+01 +3.6142e+00 +6.3524e-01
1839 0 +1.434820973e-08 +1.434820973e-08 -2.524999999e+01 -2.524999999e+01 +3.6145e+00 +6.3526e-01
1897 0 +6.614293113e-09 +6.614293113e-09 -2.524999999e+01 -2.524999999e+01 +3.6145e+00 +6.3523e-01
3663 0 +0.000000000e+00 +0.000000000e+00 -2.525000000e+01 -2.525000000e+01 +3.6144e+00 +6.3520e-01
% f evaluations | g evaluations | best noise-free fitness - Fopt | noise-free fitness - Fopt (1.830100000000e+02) | measured fitness | best measured fitness | x1 | x2...
1 0 +6.608468677e+01 +6.608468677e+01 +2.490946868e+02 +2.490946868e+02 +1.9264e+00 -3.9382e+00
2 0 +4.247284366e+01 +4.247284366e+01 +2.254828437e+02 +2.254828437e+02 -1.6729e+00 -3.3974e+00
3 0 +3.734502773e+01 +3.734502773e+01 +2.203550277e+02 +2.203550277e+02 -3.4609e+00 -2.8625e+00
4 0 +1.950858212e+00 +1.950858212e+00 +1.849608582e+02 +1.849608582e+02 -2.8147e+00 +4.3239e+00
21 0 +1.734336809e+00 +1.734336809e+00 +1.847443368e+02 +1.847443368e+02 -1.2149e+00 +4.0444e+00
28 0 +8.602208585e-02 +8.602208585e-02 +1.830960221e+02 +1.830960221e+02 -1.8753e+00 +3.2376e+00
69 0 +4.938442594e-02 +4.938442594e-02 +1.830593844e+02 +1.830593844e+02 -2.3306e+00 +3.2106e+00
135 0 +2.030571078e-02 +2.030571078e-02 +1.830303057e+02 +1.830303057e+02 -2.2151e+00 +3.2217e+00
403 0 +1.328237973e-02 +1.328237973e-02 +1.830232824e+02 +1.830232824e+02 -2.0946e+00 +3.2108e+00
413 0 +1.232723436e-02 +1.232723436e-02 +1.830223272e+02 +1.830223272e+02 -2.2138e+00 +3.0240e+00
419 0 +1.063823731e-02 +1.063823731e-02 +1.830206382e+02 +1.830206382e+02 -2.2391e+00 +3.1044e+00
449 0 +6.901686480e-03 +6.901686480e-03 +1.830169017e+02 +1.830169017e+02 -2.2045e+00 +3.1502e+00
755 0 +3.795872416e-03 +3.795872416e-03 +1.830137959e+02 +1.830137959e+02 -2.1872e+00 +3.1375e+00
763 0 +6.918469552e-06 +6.918469552e-06 +1.830100069e+02 +1.830100069e+02 -2.1336e+00 +3.1022e+00
1471 0 +1.441515138e-06 +1.441515138e-06 +1.830100014e+02 +1.830100014e+02 -2.1354e+00 +3.1022e+00
1487 0 +1.395662139e-06 +1.395662139e-06 +1.830100014e+02 +1.830100014e+02 -2.1349e+00 +3.1037e+00
1541 0 +1.116521531e-06 +1.116521531e-06 +1.830100011e+02 +1.830100011e+02 -2.1358e+00 +3.1022e+00
1543 0 +9.174787010e-07 +9.174787010e-07 +1.830100009e+02 +1.830100009e+02 -2.1351e+00 +3.1030e+00
1811 0 +6.253329445e-07 +6.253329445e-07 +1.830100006e+02 +1.830100006e+02 -2.1358e+00 +3.1024e+00
1815 0 +2.879906447e-07 +2.879906447e-07 +1.830100003e+02 +1.830100003e+02 -2.1355e+00 +3.1030e+00
1825 0 +9.872013607e-08 +9.872013607e-08 +1.830100001e+02 +1.830100001e+02 -2.1357e+00 +3.1034e+00
1869 0 +6.263780961e-08 +6.263780961e-08 +1.830100001e+02 +1.830100001e+02 -2.1358e+00 +3.1031e+00
1899 0 +3.804504445e-08 +3.804504445e-08 +1.830100000e+02 +1.830100000e+02 -2.1358e+00 +3.1033e+00
2165 0 +3.268550586e-08 +3.268550586e-08 +1.830100000e+02 +1.830100000e+02 -2.1358e+00 +3.1033e+00
2171 0 +1.653484105e-08 +1.653484105e-08 +1.830100000e+02 +1.830100000e+02 -2.1359e+00 +3.1032e+00
2181 0 +1.549818762e-08 +1.549818762e-08 +1.830100000e+02 +1.830100000e+02 -2.1361e+00 +3.1033e+00
2193 0 +7.697195770e-09 +7.697195770e-09 +1.830100000e+02 +1.830100000e+02 -2.1359e+00 +3.1032e+00
% f evaluations | g evaluations | best noise-free fitness - Fopt | noise-free fitness - Fopt (1.835200000000e+02) | measured fitness | best measured fitness | x1 | x2...
1 0 +2.098530338e+01 +2.098530338e+01 +2.045053034e+02 +2.045053034e+02 -4.5770e+00 -3.4587e+00
2 0 +9.839392653e+00 +9.839392653e+00 +1.933593927e+02 +1.933593927e+02 +1.8278e+00 -1.4080e+00
4 0 +5.132282558e+00 +5.132282558e+00 +1.886522826e+02 +1.886522826e+02 -1.0104e+00 -1.9033e+00
7 0 +3.021591100e+00 +3.021591100e+00 +1.865415911e+02 +1.865415911e+02 -1.7416e+00 -3.6905e+00
16 0 +8.131534905e-01 +8.131534905e-01 +1.843331535e+02 +1.843331535e+02 -6.4514e-01 -4.5930e+00
30 0 +4.019943930e-01 +4.019943930e-01 +1.839219944e+02 +1.839219944e+02 +1.4910e-01 -4.5522e+00
63 0 +3.345541887e-01 +3.345541887e-01 +1.838545542e+02 +1.838545542e+02 -2.5586e-01 -4.4704e+00
99 0 +1.747069621e-01 +1.747069621e-01 +1.836947070e+02 +1.836947070e+02 -4.1711e-01 -3.8064e+00
107 0 +1.573255360e-01 +1.573255360e-01 +1.836773255e+02 +1.836773255e+02 -2.9583e-01 -4.2282e+00
133 0 +2.073285964e-02 +2.073285964e-02 +1.835407329e+02 +1.835407329e+02 +1.2162e-01 -3.9565e+00
409 0 +3.266331701e-03 +3.266331701e-03 +1.835232663e+02 +1.835232663e+02 -3.5106e-02 -3.8861e+00
759 0 +2.586715410e-03 +2.586715410e-03 +1.835225867e+02 +1.835225867e+02 -6.5946e-02 -3.9167e+00
767 0 +1.787652678e-03 +1.787652678e-03 +1.835217877e+02 +1.835217877e+02 -2.6584e-02 -3.9836e+00
769 0 +6.115073400e-04 +6.115073400e-04 +1.835206115e+02 +1.835206115e+02 -4.3887e-02 -3.9309e+00
815 0 +5.462227495e-04 +5.462227495e-04 +1.835205462e+02 +1.835205462e+02 -3.9043e-02 -3.9572e+00
1109 0 +4.307885471e-04 +4.307885471e-04 +1.835204308e+02 +1.835204308e+02 -3.5623e-02 -3.9569e+00
1111 0 +2.208621792e-04 +2.208621792e-04 +1.835202209e+02 +1.835202209e+02 -3.6396e-02 -3.9402e+00
1189 0 +1.132900052e-04 +1.132900052e-04 +1.835201133e+02 +1.835201133e+02 -3.2104e-02 -3.9433e+00
1463 0 +9.501111725e-05 +9.501111725e-05 +1.835200950e+02 +1.835200950e+02 -3.1347e-02 -3.9417e+00
1467 0 +9.168665585e-05 +9.168665585e-05 +1.835200917e+02 +1.835200917e+02 -3.1161e-02 -3.9421e+00
1471 0 +5.062604293e-05 +5.062604293e-05 +1.835200506e+02 +1.835200506e+02 -2.8696e-02 -3.9421e+00
1477 0 +4.171763902e-05 +4.171763902e-05 +1.835200417e+02 +1.835200417e+02 -2.7456e-02 -3.9443e+00
1811 0 +3.372488243e-05 +3.372488243e-05 +1.835200337e+02 +1.835200337e+02 -2.6722e-02 -3.9443e+00
1815 0 +2.319883257e-05 +2.319883257e-05 +1.835200232e+02 +1.835200232e+02 -2.6308e-02 -3.9426e+00
1817 0 +2.134011584e-05 +2.134011584e-05 +1.835200213e+02 +1.835200213e+02 -2.5808e-02 -3.9435e+00
1819 0 +2.039190451e-05 +2.039190451e-05 +1.835200204e+02 +1.835200204e+02 -2.5224e-02 -3.9443e+00
1835 0 +5.090008329e-06 +5.090008329e-06 +1.835200051e+02 +1.835200051e+02 -2.2764e-02 -3.9435e+00
2165 0 +3.786549541e-06 +3.786549541e-06 +1.835200038e+02 +1.835200038e+02 -2.1628e-02 -3.9435e+00
2173 0 +2.819235164e-06 +2.819235164e-06 +1.835200028e+02 +1.835200028e+02 -2.0822e-02 -3.9431e+00
2221 0 +1.453620797e-06 +1.453620797e-06 +1.835200015e+02 +1.835200015e+02 -2.1686e-02 -3.9428e+00
2231 0 +1.200352898e-06 +1.200352898e-06 +1.835200012e+02 +1.835200012e+02 -2.1332e-02 -3.9427e+00
2515 0 +9.523601534e-07 +9.523601534e-07 +1.835200010e+02 +1.835200010e+02 -2.1163e-02 -3.9425e+00
2517 0 +8.967736562e-07 +8.967736562e-07 +1.835200009e+02 +1.835200009e+02 -2.1476e-02 -3.9425e+00
2521 0 +4.211448470e-07 +4.211448470e-07 +1.835200004e+02 +1.835200004e+02 -2.1758e-02 -3.9422e+00
2541 0 +3.404125550e-07 +3.404125550e-07 +1.835200003e+02 +1.835200003e+02 -2.1558e-02 -3.9422e+00
2545 0 +2.285837866e-07 +2.285837866e-07 +1.835200002e+02 +1.835200002e+02 -2.1183e-02 -3.9418e+00
2869 0 +1.477349372e-07 +1.477349372e-07 +1.835200001e+02 +1.835200001e+02 -2.1221e-02 -3.9415e+00
2883 0 +1.446375109e-08 +1.446375109e-08 +1.835200000e+02 +1.835200000e+02 -2.1511e-02 -3.9417e+00
3223 0 +1.287094165e-08 +1.287094165e-08 +1.835200000e+02 +1.835200000e+02 -2.1553e-02 -3.9417e+00
3229 0 +7.665846624e-09 +7.665846624e-09 +1.835200000e+02 +1.835200000e+02 -2.1570e-02 -3.9417e+00
5409 0 +0.000000000e+00 +0.000000000e+00 +1.835200000e+02 +1.835200000e+02 -2.1600e-02 -3.9416e+00
% f evaluations | g evaluations | best noise-free fitness - Fopt | noise-free fitness - Fopt (-5.938400000000e+02) | measured fitness | best measured fitness | x1 | x2...
1 0 +2.141045362e+00 +2.141045362e+00 -5.916989546e+02 -5.916989546e+02 -1.1186e+00 +2.8347e-01
9 0 +1.946004047e+00 +1.946004047e+00 -5.918939960e+02 -5.918939960e+02 -3.3745e+00 -1.0449e+00
17 0 +6.926589710e-01 +6.926589710e-01 -5.931473410e+02 -5.931473410e+02 -2.3032e+00 +8.8287e-01
53 0 +6.119344074e-01 +6.119344074e-01 -5.932280656e+02 -5.932280656e+02 -2.2980e+00 +8.2799e-01
75 0 +1.832850625e-01 +1.832850625e-01 -5.936567149e+02 -5.936567149e+02 -2.3401e+00 -2.6703e-01
89 0 +1.678778048e-01 +1.678778048e-01 -5.936721222e+02 -5.936721222e+02 -2.3317e+00 -2.3917e-01
91 0 +6.395029828e-02 +6.395029828e-02 -5.937760497e+02 -5.937760497e+02 -2.3186e+00 +1.2519e-01
405 0 +6.221331198e-02 +6.221331198e-02 -5.937777867e+02 -5.937777867e+02 -2.3204e+00 +1.0575e-01
407 0 +4.096798359e-02 +4.096798359e-02 -5.937990320e+02 -5.937990320e+02 -2.6138e+00 +2.9193e-01
459 0 +3.546798874e-02 +3.546798874e-02 -5.938045320e+02 -5.938045320e+02 -2.4125e+00 -9.3932e-03
469 0 +1.701828793e-02 +1.701828793e-02 -5.938229817e+02 -5.938229817e+02 -2.4423e+00 +1.2277e-01
759 0 +1.359105335e-02 +1.359105335e-02 -5.938264089e+02 -5.938264089e+02 -2.5186e+00 +1.9921e-01
761 0 +9.091700347e-03 +9.091700347e-03 -5.938309083e+02 -5.938309083e+02 -2.4768e+00 +7.2482e-02
763 0 +8.285708322e-03 +8.285708322e-03 -5.938317143e+02 -5.938317143e+02 -2.4823e+00 +6.8665e-02
803 0 +5.199480615e-03 +5.199480615e-03 -5.938348005e+02 -5.938348005e+02 -2.5138e+00 +1.4008e-01
817 0 +3.432026569e-03 +3.432026569e-03 -5.938365680e+02 -5.938365680e+02 -2.5118e+00 +8.4638e-02
845 0 +1.068842968e-03 +1.068842968e-03 -5.938389312e+02 -5.938389312e+02 -2.5545e+00 +1.2339e-01
1113 0 +5.967140314e-04 +5.967140314e-04 -5.938394033e+02 -5.938394033e+02 -2.5500e+00 +1.0903e-01
1191 0 +1.551281501e-04 +1.551281501e-04 -5.938398449e+02 -5.938398449e+02 -2.5599e+00 +1.0218e-01
1459 0 +1.421924794e-04 +1.421924794e-04 -5.938398578e+02 -5.938398578e+02 -2.5770e+00 +1.0373e-01
1467 0 +8.199278420e-05 +8.199278420e-05 -5.938399180e+02 -5.938399180e+02 -2.5624e+00 +9.9917e-02
1475 0 +7.650305042e-05 +7.650305042e-05 -5.938399235e+02 -5.938399235e+02 -2.5713e+00 +8.5822e-02
1517 0 +1.080258448e-05 +1.080258448e-05 -5.938399892e+02 -5.938399892e+02 -2.5724e+00 +9.2637e-02
1821 0 +4.577802088e-06 +4.577802088e-06 -5.938399954e+02 -5.938399954e+02 -2.5682e+00 +9.2751e-02
1883 0 +1.550733828e-06 +1.550733828e-06 -5.938399984e+02 -5.938399984e+02 -2.5708e+00 +9.4557e-02
2163 0 +1.148618026e-06 +1.148618026e-06 -5.938399989e+02 -5.938399989e+02 -2.5699e+00 +9.3376e-02
2191 0 +1.228796691e-07 +1.228796691e-07 -5.938399999e+02 -5.938399999e+02 -2.5699e+00 +9.4475e-02
2245 0 +7.545577319e-08 +7.545577319e-08 -5.938399999e+02 -5.938399999e+02 -2.5696e+00 +9.4126e-02
2519 0 +6.892639703e-08 +6.892639703e-08 -5.938399999e+02 -5.938399999e+02 -2.5698e+00 +9.4276e-02
2531 0 +4.973719570e-08 +4.973719570e-08 -5.938400000e+02 -5.938400000e+02 -2.5696e+00 +9.4178e-02
2537 0 +3.903278412e-08 +3.903278412e-08 -5.938400000e+02 -5.938400000e+02 -2.5698e+00 +9.4416e-02
2573 0 +3.444961294e-08 +3.444961294e-08 -5.938400000e+02 -5.938400000e+02 -2.5694e+00 +9.4346e-02
2581 0 +3.137938620e-08 +3.137938620e-08 -5.938400000e+02 -5.938400000e+02 -2.5696e+00 +9.4226e-02
2871 0 +2.276669875e-08 +2.276669875e-08 -5.938400000e+02 -5.938400000e+02 -2.5697e+00 +9.4258e-02
2879 0 +2.016156486e-08 +2.016156486e-08 -5.938400000e+02 -5.938400000e+02 -2.5696e+00 +9.4258e-02
2897 0 +9.988866623e-09 +9.988866623e-09 -5.938400000e+02 -5.938400000e+02 -2.5696e+00 +9.4304e-02
4635 0 +0.000000000e+00 +0.000000000e+00 -5.938400000e+02 -5.938400000e+02 -2.5696e+00 +9.4400e-02
% f evaluations | g evaluations | best noise-free fitness - Fopt | noise-free fitness - Fopt (-1.000000000000e+03) | measured fitness | best measured fitness | x1 | x2...
1 0 +1.188853229e+02 +1.188853229e+02 -8.811146771e+02 -8.811146771e+02 +3.8217e+00 -3.9019e+00
2 0 +3.711743060e+01 +3.711743060e+01 -9.628825694e+02 -9.628825694e+02 -4.9710e+00 -2.1343e+00
10 0 +2.133808704e+01 +2.133808704e+01 -9.786619130e+02 -9.786619130e+02 +3.0842e-01 +1.8274e+00
12 0 +1.668344230e+01 +1.668344230e+01 -9.833165577e+02 -9.833165577e+02 +1.8548e-01 +4.5260e+00
13 0 +5.086432829e+00 +5.086432829e+00 -9.949135672e+02 -9.949135672e+02 -1.5897e+00 +3.9443e+00
37 0 +1.131279473e+00 +1.131279473e+00 -9.988687205e+02 -9.988687205e+02 -3.5838e+00 +4.8843e+00
63 0 +1.023256715e+00 +1.023256715e+00 -9.989767433e+02 -9.989767433e+02 -4.3680e+00 +2.9880e+00
77 0 +1.894519133e-01 +1.894519133e-01 -9.998105481e+02 -9.998105481e+02 -3.4424e+00 +4.0226e+00
405 0 +8.906110935e-02 +8.906110935e-02 -9.999109389e+02 -9.999109389e+02 -3.5923e+00 +3.6911e+00
419 0 +2.638444946e-02 +2.638444946e-02 -9.999736156e+02 -9.999736156e+02 -3.8116e+00 +4.0121e+00
773 0 +4.884403349e-03 +4.884403349e-03 -9.999951156e+02 -9.999951156e+02 -3.8874e+00 +3.7987e+00
787 0 +4.299149601e-04 +4.299149601e-04 -9.999995701e+02 -9.999995701e+02 -3.8303e+00 +3.8366e+00
1111 0 +3.474376081e-05 +3.474376081e-05 -9.999999653e+02 -9.999999653e+02 -3.8375e+00 +3.8543e+00
1461 0 +2.895026864e-05 +2.895026864e-05 -9.999999710e+02 -9.999999710e+02 -3.8385e+00 +3.8501e+00
1477 0 +2.141859318e-05 +2.141859318e-05 -9.999999786e+02 -9.999999786e+02 -3.8472e+00 +3.8505e+00
1503 0 +1.117264344e-05 +1.117264344e-05 -9.999999888e+02 -9.999999888e+02 -3.8421e+00 +3.8496e+00
1521 0 +4.579025699e-06 +4.579025699e-06 -9.999999954e+02 -9.999999954e+02 -3.8412e+00 +3.8534e+00
1533 0 +8.661155562e-07 +8.661155562e-07 -9.999999991e+02 -9.999999991e+02 -3.8423e+00 +3.8530e+00
1819 0 +2.310923719e-08 +2.310923719e-08 -1.000000000e+03 -1.000000000e+03 -3.8431e+00 +3.8527e+00
2209 0 +1.003752459e-08 +1.003752459e-08 -1.000000000e+03 -1.000000000e+03 -3.8432e+00 +3.8527e+00
2215 0 +1.194280230e-09 +1.194280230e-09 -1.000000000e+03 -1.000000000e+03 -3.8432e+00 +3.8528e+00
3647 0 +0.000000000e+00 +0.000000000e+00 -1.000000000e+03 -1.000000000e+03 -3.8432e+00 +3.8528e+00
% f evaluations | g evaluations | best noise-free fitness - Fopt | noise-free fitness - Fopt (-2.531000000000e+01) | measured fitness | best measured fitness | x1 | x2...
1 0 +6.465181677e+01 +6.465181677e+01 +3.934181677e+01 +3.934181677e+01 +1.5571e+00 -4.2773e+00
2 0 +6.307627112e+01 +6.307627112e+01 +3.776627112e+01 +3.776627112e+01 -9.2127e-01 -3.0856e+00
3 0 +5.829021292e+01 +5.829021292e+01 +3.298021292e+01 +3.298021292e+01 -2.5459e+00 -1.1697e+00
4 0 +4.205657790e+00 +4.205657790e+00 -2.110434221e+01 -2.110434221e+01 +1.8005e+00 +4.7254e+00
6 0 +1.373155990e+00 +1.373155990e+00 -2.393684401e+01 -2.393684401e+01 +4.2866e+00 +4.3720e+00
19 0 +1.223591671e+00 +1.223591671e+00 -2.408640833e+01 -2.408640833e+01 +2.8022e+00 +4.4156e+00
25 0 +6.860191003e-01 +6.860191003e-01 -2.462398090e+01 -2.462398090e+01 +2.8486e+00 +2.9838e+00
59 0 +1.947713183e-01 +1.947713183e-01 -2.511522868e+01 -2.511522868e+01 +3.5563e+00 +3.1002e+00
208 0 +1.039714823e-01 +1.039714823e-01 -2.520602852e+01 -2.520602852e+01 +3.4039e+00 +3.8486e+00
403 0 +6.357665267e-02 +6.357665267e-02 -2.524642335e+01 -2.524642335e+01 +3.3448e+00 +3.7524e+00
407 0 +7.985930541e-04 +7.985930541e-04 -2.530920141e+01 -2.530920141e+01 +3.4611e+00 +3.5056e+00
485 0 +2.920731056e-04 +2.920731056e-04 -2.530970793e+01 -2.530970793e+01 +3.4660e+00 +3.5159e+00
759 0 +1.125084046e-04 +1.125084046e-04 -2.530988749e+01 -2.530988749e+01 +3.4684e+00 +3.5222e+00
761 0 +2.397559281e-05 +2.397559281e-05 -2.530997602e+01 -2.530997602e+01 +3.4640e+00 +3.5337e+00
1109 0 +1.418374505e-05 +1.418374505e-05 -2.530998582e+01 -2.530998582e+01 +3.4652e+00 +3.5339e+00
1123 0 +3.401745609e-06 +3.401745609e-06 -2.530999660e+01 -2.530999660e+01 +3.4703e+00 +3.5317e+00
1463 0 +2.204713709e-06 +2.204713709e-06 -2.530999780e+01 -2.530999780e+01 +3.4679e+00 +3.5340e+00
1471 0 +9.444149676e-07 +9.444149676e-07 -2.530999906e+01 -2.530999906e+01 +3.4687e+00 +3.5318e+00
1815 0 +2.973876079e-07 +2.973876079e-07 -2.530999970e+01 -2.530999970e+01 +3.4684e+00 +3.5332e+00
1859 0 +2.348377492e-07 +2.348377492e-07 -2.530999977e+01 -2.530999977e+01 +3.4683e+00 +3.5328e+00
2173 0 +2.125298835e-07 +2.125298835e-07 -2.530999979e+01 -2.530999979e+01 +3.4683e+00 +3.5327e+00
2175 0 +1.052157543e-07 +1.052157543e-07 -2.530999989e+01 -2.530999989e+01 +3.4685e+00 +3.5330e+00
2195 0 +9.144160629e-08 +9.144160629e-08 -2.530999991e+01 -2.530999991e+01 +3.4686e+00 +3.5330e+00
2229 0 +7.523474821e-08 +7.523474821e-08 -2.530999992e+01 -2.530999992e+01 +3.4686e+00 +3.5327e+00
2515 0 +2.797426291e-08 +2.797426291e-08 -2.530999997e+01 -2.530999997e+01 +3.4687e+00 +3.5329e+00
2599 0 +2.575925251e-08 +2.575925251e-08 -2.530999997e+01 -2.530999997e+01 +3.4686e+00 +3.5328e+00
2879 0 +1.925399218e-08 +1.925399218e-08 -2.530999998e+01 -2.530999998e+01 +3.4687e+00 +3.5327e+00
2895 0 +8.025068610e-09 +8.025068610e-09 -2.530999999e+01 -2.530999999e+01 +3.4687e+00 +3.5328e+00
% f evaluations | g evaluations | best noise-free fitness - Fopt | noise-free fitness - Fopt (2.228000000000e+01) | measured fitness | best measured fitness | x1 | x2...
1 0 +4.328176942e+00 +4.328176942e+00 +2.660817694e+01 +2.660817694e+01 +5.9108e-01 +1.3447e-01
13 0 +4.212736169e+00 +4.212736169e+00 +2.649273617e+01 +2.649273617e+01 -3.5918e-01 -2.8126e+00
23 0 +1.138323111e+00 +1.138323111e+00 +2.341832311e+01 +2.341832311e+01 +2.2787e+00 -1.1535e+00
34 0 +8.515907327e-01 +8.515907327e-01 +2.313159073e+01 +2.313159073e+01 +2.2776e+00 -2.0989e+00
67 0 +2.851647602e-01 +2.851647602e-01 +2.256516476e+01 +2.256516476e+01 +1.9067e+00 -1.9798e+00
79 0 +1.704865769e-01 +1.704865769e-01 +2.245048658e+01 +2.245048658e+01 +1.0456e+00 -1.9656e+00
405 0 +7.035123826e-02 +7.035123826e-02 +2.235035124e+01 +2.235035124e+01 +1.4568e+00 -2.0384e+00
417 0 +2.522213155e-03 +2.522213155e-03 +2.228252221e+01 +2.228252221e+01 +1.3628e+00 -1.7719e+00
773 0 +1.366226846e-03 +1.366226846e-03 +2.228136623e+01 +2.228136623e+01 +1.3831e+00 -1.7549e+00
783 0 +3.154708879e-04 +3.154708879e-04 +2.228031547e+01 +2.228031547e+01 +1.4139e+00 -1.7591e+00
1111 0 +1.747720604e-04 +1.747720604e-04 +2.228017477e+01 +2.228017477e+01 +1.4117e+00 -1.7636e+00
1143 0 +1.483702282e-04 +1.483702282e-04 +2.228014837e+01 +2.228014837e+01 +1.4034e+00 -1.7691e+00
1175 0 +2.789822159e-05 +2.789822159e-05 +2.228002790e+01 +2.228002790e+01 +1.4179e+00 -1.7753e+00
1467 0 +1.907096756e-06 +1.907096756e-06 +2.228000191e+01 +2.228000191e+01 +1.4139e+00 -1.7777e+00
1497 0 +3.841282634e-07 +3.841282634e-07 +2.228000038e+01 +2.228000038e+01 +1.4127e+00 -1.7774e+00
1819 0 +1.705157544e-07 +1.705157544e-07 +2.228000017e+01 +2.228000017e+01 +1.4128e+00 -1.7772e+00
1867 0 +2.631814056e-08 +2.631814056e-08 +2.228000003e+01 +2.228000003e+01 +1.4128e+00 -1.7766e+00
2169 0 +3.147064831e-09 +3.147064831e-09 +2.228000000e+01 +2.228000000e+01 +1.4128e+00 -1.7769e+00
3923 0 +0.000000000e+00 +0.000000000e+00 +2.228000000e+01 +2.228000000e+01 +1.4128e+00 -1.7768e+00
% f evaluations | g evaluations | best noise-free fitness - Fopt | noise-free fitness - Fopt (3.561400000000e+02) | measured fitness | best measured fitness | x1 | x2...
1 0 +1.816797486e+01 +1.816797486e+01 +3.743079749e+02 +3.743079749e+02 +4.8286e+00 +2.0847e+00
4 0 +1.388878614e+01 +1.388878614e+01 +3.700287861e+02 +3.700287861e+02 +1.6326e+00 +3.1979e+00
10 0 +5.834960480e+00 +5.834960480e+00 +3.619749605e+02 +3.619749605e+02 +1.3823e+00 -2.9392e+00
12 0 +1.041065835e+00 +1.041065835e+00 +3.571810658e+02 +3.571810658e+02 +1.2100e+00 -1.5144e+00
26 0 +8.064592176e-01 +8.064592176e-01 +3.569464592e+02 +3.569464592e+02 +8.5199e-01 +1.3756e-01
48 0 +5.850724220e-01 +5.850724220e-01 +3.567250724e+02 +3.567250724e+02 +1.3108e+00 +2.2572e-01
57 0 +4.185237890e-01 +4.185237890e-01 +3.565585238e+02 +3.565585238e+02 +1.2331e+00 -1.1312e+00
69 0 +2.263445043e-01 +2.263445043e-01 +3.563663445e+02 +3.563663445e+02 +1.2697e+00 -8.8080e-02
89 0 +1.225232510e-01 +1.225232510e-01 +3.562625233e+02 +3.562625233e+02 +1.4202e+00 -1.7685e-01
409 0 +9.508489244e-02 +9.508489244e-02 +3.562350849e+02 +3.562350849e+02 +1.3794e+00 -2.2673e-01
411 0 +6.818234519e-02 +6.818234519e-02 +3.562081823e+02 +3.562081823e+02 +1.3977e+00 -2.7084e-01
427 0 +3.434738521e-02 +3.434738521e-02 +3.561743474e+02 +3.561743474e+02 +1.3761e+00 -6.9083e-01
435 0 +4.750081173e-03 +4.750081173e-03 +3.561447501e+02 +3.561447501e+02 +1.4013e+00 -4.8620e-01
497 0 +1.843742729e-03 +1.843742729e-03 +3.561418437e+02 +3.561418437e+02 +1.4278e+00 -4.9463e-01
759 0 +1.699961390e-03 +1.699961390e-03 +3.561417000e+02 +3.561417000e+02 +1.4176e+00 -5.1891e-01
773 0 +1.653493844e-03 +1.653493844e-03 +3.561416535e+02 +3.561416535e+02 +1.4294e+00 -4.9631e-01
777 0 +9.415544044e-04 +9.415544044e-04 +3.561409416e+02 +3.561409416e+02 +1.4277e+00 -5.2486e-01
807 0 +1.460185181e-04 +1.460185181e-04 +3.561401460e+02 +3.561401460e+02 +1.4700e+00 -5.2158e-01
1109 0 +1.439741908e-04 +1.439741908e-04 +3.561401440e+02 +3.561401440e+02 +1.4697e+00 -5.2888e-01
1133 0 +1.179305766e-04 +1.179305766e-04 +3.561401179e+02 +3.561401179e+02 +1.4684e+00 -5.2915e-01
1139 0 +6.431591828e-05 +6.431591828e-05 +3.561400643e+02 +3.561400643e+02 +1.4508e+00 -5.2220e-01
1147 0 +6.164732946e-05 +6.164732946e-05 +3.561400616e+02 +3.561400616e+02 +1.4512e+00 -5.2171e-01
1149 0 +5.334875959e-05 +5.334875959e-05 +3.561400533e+02 +3.561400533e+02 +1.4517e+00 -5.2771e-01
1169 0 +3.446285120e-05 +3.446285120e-05 +3.561400345e+02 +3.561400345e+02 +1.4545e+00 -5.2043e-01
1459 0 +3.199943797e-05 +3.199943797e-05 +3.561400320e+02 +3.561400320e+02 +1.4548e+00 -5.2044e-01
1467 0 +2.675613678e-05 +2.675613678e-05 +3.561400268e+02 +3.561400268e+02 +1.4542e+00 -5.2177e-01
1471 0 +2.472590461e-05 +2.472590461e-05 +3.561400247e+02 +3.561400247e+02 +1.4616e+00 -5.2096e-01
1473 0 +2.040519217e-05 +2.040519217e-05 +3.561400204e+02 +3.561400204e+02 +1.4566e+00 -5.2067e-01
1485 0 +9.856562428e-07 +9.856562428e-07 +3.561400010e+02 +3.561400010e+02 +1.4574e+00 -5.2462e-01
1813 0 +5.088941180e-07 +5.088941180e-07 +3.561400005e+02 +3.561400005e+02 +1.4584e+00 -5.2409e-01
2167 0 +1.716896350e-07 +1.716896350e-07 +3.561400002e+02 +3.561400002e+02 +1.4583e+00 -5.2441e-01
2185 0 +1.592498506e-07 +1.592498506e-07 +3.561400002e+02 +3.561400002e+02 +1.4580e+00 -5.2490e-01
2207 0 +2.051893944e-08 +2.051893944e-08 +3.561400000e+02 +3.561400000e+02 +1.4583e+00 -5.2467e-01
2515 0 +7.320522855e-09 +7.320522855e-09 +3.561400000e+02 +3.561400000e+02 +1.4583e+00 -5.2480e-01
4297 0 +0.000000000e+00 +0.000000000e+00 +3.561400000e+02 +3.561400000e+02 +1.4584e+00 -5.2480e-01
% f evaluations | g evaluations | best noise-free fitness - Fopt | noise-free fitness - Fopt (-4.757000000000e+02) | measured fitness | best measured fitness | x1 | x2...
1 0 +9.448543678e+00 +9.448543678e+00 -4.662514563e+02 -4.662514563e+02 -3.7653e+00 -1.3552e+00
2 0 +5.765115578e+00 +5.765115578e+00 -4.699348844e+02 -4.699348844e+02 -3.1310e+00 -1.1287e+00
3 0 +5.399696727e+00 +5.399696727e+00 -4.703003033e+02 -4.703003033e+02 +1.4940e+00 -4.2490e-01
4 0 +1.329409243e+00 +1.329409243e+00 -4.743705908e+02 -4.743705908e+02 -1.4889e+00 +5.0191e-01
13 0 +1.034935628e+00 +1.034935628e+00 -4.746650644e+02 -4.746650644e+02 -1.3988e+00 -1.2872e+00
22 0 +4.789653206e-01 +4.789653206e-01 -4.752210347e+02 -4.752210347e+02 -3.9878e-01 +9.7629e-02
38 0 +4.330193490e-01 +4.330193490e-01 -4.752669807e+02 -4.752669807e+02 -1.4637e+00 -2.6813e-01
63 0 +2.902903982e-01 +2.902903982e-01 -4.754097096e+02 -4.754097096e+02 -4.6072e-01 -5.1296e-02
89 0 +2.144758880e-01 +2.144758880e-01 -4.754855241e+02 -4.754855241e+02 -1.2186e+00 -1.9272e-01
91 0 +2.006713858e-01 +2.006713858e-01 -4.754993286e+02 -4.754993286e+02 -9.1769e-01 -8.8322e-01
105 0 +1.479573718e-01 +1.479573718e-01 -4.755520426e+02 -4.755520426e+02 -4.4510e-01 -4.3317e-01
147 0 +4.491720911e-02 +4.491720911e-02 -4.756550828e+02 -4.756550828e+02 -7.3100e-01 -2.5639e-01
413 0 +3.195941499e-02 +3.195941499e-02 -4.756680406e+02 -4.756680406e+02 -9.7662e-01 -5.4571e-01
421 0 +2.208629620e-03 +2.208629620e-03 -4.756977914e+02 -4.756977914e+02 -8.1617e-01 -3.9896e-01
775 0 +1.985814193e-03 +1.985814193e-03 -4.756980142e+02 -4.756980142e+02 -8.7294e-01 -4.3365e-01
811 0 +1.191541077e-03 +1.191541077e-03 -4.756988085e+02 -4.756988085e+02 -8.0040e-01 -4.2559e-01
819 0 +2.260632580e-04 +2.260632580e-04 -4.756997739e+02 -4.756997739e+02 -8.1831e-01 -4.5392e-01
1109 0 +7.683195122e-06 +7.683195122e-06 -4.756999923e+02 -4.756999923e+02 -8.3079e-01 -4.4150e-01
1189 0 +3.767738065e-06 +3.767738065e-06 -4.756999962e+02 -4.756999962e+02 -8.2810e-01 -4.4523e-01
1461 0 +6.428410870e-08 +6.428410870e-08 -4.756999999e+02 -4.756999999e+02 -8.2979e-01 -4.4417e-01
1829 0 +3.483978617e-08 +3.483978617e-08 -4.757000000e+02 -4.757000000e+02 -8.2972e-01 -4.4414e-01
1873 0 +1.849741693e-08 +1.849741693e-08 -4.757000000e+02 -4.757000000e+02 -8.2953e-01 -4.4412e-01
2163 0 +8.326423995e-10 +8.326423995e-10 -4.757000000e+02 -4.757000000e+02 -8.2963e-01 -4.4400e-01
3579 0 +0.000000000e+00 +0.000000000e+00 -4.757000000e+02 -4.757000000e+02 -8.2960e-01 -4.4400e-01
% f evaluations | g evaluations | best noise-free fitness - Fopt | noise-free fitness - Fopt (-1.000000000000e+03) | measured fitness | best measured fitness | x1 | x2...
1 0 +1.628060918e+00 +1.628060918e+00 -9.983719391e+02 -9.983719391e+02 -3.6088e+00 +4.5828e+00
30 0 +1.489173249e+00 +1.489173249e+00 -9.985108268e+02 -9.985108268e+02 -4.9653e+00 +2.9518e+00
41 0 +1.276464585e+00 +1.276464585e+00 -9.987235354e+02 -9.987235354e+02 -3.0382e+00 +4.1538e+00
51 0 +1.194497905e+00 +1.194497905e+00 -9.988055021e+02 -9.988055021e+02 -3.1900e+00 +4.2268e+00
57 0 +1.710659427e-01 +1.710659427e-01 -9.998289341e+02 -9.998289341e+02 -3.4770e+00 +3.5769e+00
83 0 +9.560938803e-02 +9.560938803e-02 -9.999043906e+02 -9.999043906e+02 -3.6031e+00 +3.5580e+00
93 0 +7.149210688e-03 +7.149210688e-03 -9.999928508e+02 -9.999928508e+02 -3.8616e+00 +3.3820e+00
417 0 +5.778787629e-03 +5.778787629e-03 -9.999942212e+02 -9.999942212e+02 -3.7608e+00 +3.3852e+00
423 0 +3.570519546e-03 +3.570519546e-03 -9.999964295e+02 -9.999964295e+02 -3.8465e+00 +3.3619e+00
493 0 +2.088002251e-03 +2.088002251e-03 -9.999979120e+02 -9.999979120e+02 -3.8266e+00 +3.3603e+00
757 0 +1.443258725e-03 +1.443258725e-03 -9.999985567e+02 -9.999985567e+02 -3.7963e+00 +3.2841e+00
763 0 +8.386551567e-04 +8.386551567e-04 -9.999991613e+02 -9.999991613e+02 -3.7750e+00 +3.3311e+00
779 0 +6.318800087e-04 +6.318800087e-04 -9.999993681e+02 -9.999993681e+02 -3.8177e+00 +3.3415e+00
789 0 +1.406334370e-04 +1.406334370e-04 -9.999998594e+02 -9.999998594e+02 -3.8132e+00 +3.3166e+00
829 0 +6.876934970e-05 +6.876934970e-05 -9.999999312e+02 -9.999999312e+02 -3.8088e+00 +3.3269e+00
1135 0 +4.408381358e-05 +4.408381358e-05 -9.999999559e+02 -9.999999559e+02 -3.8015e+00 +3.3282e+00
1189 0 +1.550714467e-05 +1.550714467e-05 -9.999999845e+02 -9.999999845e+02 -3.8008e+00 +3.3180e+00
1461 0 +1.810398771e-06 +1.810398771e-06 -9.999999982e+02 -9.999999982e+02 -3.8021e+00 +3.3203e+00
1485 0 +7.917017228e-07 +7.917017228e-07 -9.999999992e+02 -9.999999992e+02 -3.8031e+00 +3.3221e+00
1811 0 +4.134686833e-07 +4.134686833e-07 -9.999999996e+02 -9.999999996e+02 -3.8026e+00 +3.3222e+00
1853 0 +2.645315362e-07 +2.645315362e-07 -9.999999997e+02 -9.999999997e+02 -3.8022e+00 +3.3211e+00
1855 0 +3.146237759e-08 +3.146237759e-08 -1.000000000e+03 -1.000000000e+03 -3.8022e+00 +3.3216e+00
2187 0 +1.105740921e-08 +1.105740921e-08 -1.000000000e+03 -1.000000000e+03 -3.8023e+00 +3.3216e+00
2243 0 +1.025796337e-08 +1.025796337e-08 -1.000000000e+03 -1.000000000e+03 -3.8024e+00 +3.3217e+00
2247 0 +2.499291440e-09 +2.499291440e-09 -1.000000000e+03 -1.000000000e+03 -3.8024e+00 +3.3216e+00
4303 0 +0.000000000e+00 +0.000000000e+00 -1.000000000e+03 -1.000000000e+03 -3.8024e+00 +3.3216e+00
% f evaluations | g evaluations | best noise-free fitness - Fopt | noise-free fitness - Fopt (-4.158000000000e+01) | measured fitness | best measured fitness | x1 | x2...
1 0 +4.364160086e+01 +4.364160086e+01 +2.061600858e+00 +2.061600858e+00 -3.2631e+00 -2.5078e+00
4 0 +6.544462602e+00 +6.544462602e+00 -3.503553740e+01 -3.503553740e+01 -1.6184e+00 +1.5746e+00
6 0 +6.158715668e+00 +6.158715668e+00 -3.542128433e+01 -3.542128433e+01 +3.0435e+00 +2.4331e+00
7 0 +2.381337908e+00 +2.381337908e+00 -3.919866209e+01 -3.919866209e+01 +2.1397e+00 +2.7952e+00
67 0 +2.605724645e-01 +2.605724645e-01 -4.131942754e+01 -4.131942754e+01 +9.0128e-01 +2.4425e+00
118 0 +1.720291936e-01 +1.720291936e-01 -4.140797081e+01 -4.140797081e+01 +8.0087e-01 +2.4913e+00
127 0 +1.142070175e-02 +1.142070175e-02 -4.156857930e+01 -4.156857930e+01 +5.7448e-01 +2.9571e+00
415 0 +1.048910674e-02 +1.048910674e-02 -4.156951089e+01 -4.156951089e+01 +5.5189e-01 +2.9444e+00
417 0 +4.172166828e-03 +4.172166828e-03 -4.157582783e+01 -4.157582783e+01 +6.1650e-01 +2.9146e+00
485 0 +5.901581056e-04 +5.901581056e-04 -4.157940984e+01 -4.157940984e+01 +5.9449e-01 +2.8769e+00
755 0 +1.427587374e-04 +1.427587374e-04 -4.157985724e+01 -4.157985724e+01 +5.9049e-01 +2.8624e+00
839 0 +6.573527567e-05 +6.573527567e-05 -4.157993426e+01 -4.157993426e+01 +5.8972e-01 +2.8509e+00
1135 0 +6.396234151e-05 +6.396234151e-05 -4.157993604e+01 -4.157993604e+01 +5.8966e-01 +2.8538e+00
1137 0 +1.069741155e-05 +1.069741155e-05 -4.157998930e+01 -4.157998930e+01 +5.9462e-01 +2.8515e+00
1459 0 +2.028759859e-06 +2.028759859e-06 -4.157999797e+01 -4.157999797e+01 +5.9700e-01 +2.8515e+00
1465 0 +5.866164372e-07 +5.866164372e-07 -4.157999941e+01 -4.157999941e+01 +5.9833e-01 +2.8530e+00
1475 0 +3.511494242e-07 +3.511494242e-07 -4.157999965e+01 -4.157999965e+01 +5.9810e-01 +2.8531e+00
1815 0 +1.951042705e-07 +1.951042705e-07 -4.157999980e+01 -4.157999980e+01 +5.9742e-01 +2.8532e+00
1821 0 +1.461132157e-07 +1.461132157e-07 -4.157999985e+01 -4.157999985e+01 +5.9782e-01 +2.8531e+00
1837 0 +3.636234425e-08 +3.636234425e-08 -4.157999996e+01 -4.157999996e+01 +5.9742e-01 +2.8527e+00
2175 0 +1.859908849e-08 +1.859908849e-08 -4.157999998e+01 -4.157999998e+01 +5.9749e-01 +2.8529e+00
2177 0 +7.468287322e-09 +7.468287322e-09 -4.157999999e+01 -4.157999999e+01 +5.9769e-01 +2.8528e+00
3927 0 +0.000000000e+00 +0.000000000e+00 -4.158000000e+01 -4.158000000e+01 +5.9760e-01 +2.8528e+00
