% f evaluations | g evaluations | best noise-free fitness - Fopt | noise-free fitness - Fopt (7.135000000000e+01) | measured fitness | best measured fitness | x1 | x2...
1 0 +1.492547433e+02 +1.492547433e+02 +2.206047433e+02 +2.206047433e+02 +3.4678e+00 +3.7644e+00
2 0 +3.970231263e+01 +3.970231263e+01 +1.110523126e+02 +1.110523126e+02 +1.0663e+00 +2.2351e+00
3 0 +2.882684771e+01 +2.882684771e+01 +1.001768477e+02 +1.001768477e+02 +1.0274e+00 +1.6651e+00
14 0 +1.750593481e+01 +1.750593481e+01 +8.885593481e+01 +8.885593481e+01 +2.8834e+00 -1.0845e+00
26 0 +1.565549947e+01 +1.565549947e+01 +8.700549947e+01 +8.700549947e+01 +2.6008e-01 +1.7223e+00
27 0 +6.311928794e+00 +6.311928794e+00 +7.766192879e+01 +7.766192879e+01 +1.5170e+00 +1.9060e+00
45 0 +5.921076813e+00 +5.921076813e+00 +7.727107681e+01 +7.727107681e+01 +2.7369e+00 -2.1508e+00
75 0 +5.712630177e+00 +5.712630177e+00 +7.706263018e+01 +7.706263018e+01 +2.8229e+00 -2.1110e+00
109 0 +5.550877058e+00 +5.550877058e+00 +7.690087706e+01 +7.690087706e+01 +2.9043e+00 -2.1593e+00
111 0 +2.917281678e+00 +2.917281678e+00 +7.426728168e+01 +7.426728168e+01 +2.9001e+00 -2.1168e+00
175 0 +1.221977109e+00 +1.221977109e+00 +7.257197711e+01 +7.257197711e+01 +9.5385e-01 +4.1615e+00
197 0 +1.103685187e+00 +1.103685187e+00 +7.245368519e+01 +7.245368519e+01 +1.9116e+00 -2.1051e+00
210 0 +6.758457658e-01 +6.758457658e-01 +7.202584577e+01 +7.202584577e+01 +1.6434e+00 +9.1559e-01
761 0 +5.393662625e-01 +5.393662625e-01 +7.188936626e+01 +7.188936626e+01 +1.6201e+00 +9.1277e-01
767 0 +9.999447287e-04 +9.999447287e-04 +7.135099994e+01 +7.135099994e+01 +1.4512e+00 +9.1891e-01
1463 0 +7.325038983e-04 +7.325038983e-04 +7.135073250e+01 +7.135073250e+01 +1.4367e+00 +9.1940e-01
1477 0 +2.111930001e-04 +2.111930001e-04 +7.135021119e+01 +7.135021119e+01 +1.4519e+00 +9.1988e-01
1505 0 +6.023891903e-05 +6.023891903e-05 +7.135006024e+01 +7.135006024e+01 +1.4495e+00 +9.1939e-01
1535 0 +2.994775993e-05 +2.994775993e-05 +7.135002995e+01 +7.135002995e+01 +1.4509e+00 +9.1962e-01
1815 0 +1.086758532e-05 +1.086758532e-05 +7.135001087e+01 +7.135001087e+01 +1.4512e+00 +9.1957e-01
1819 0 +5.826498082e-06 +5.826498082e-06 +7.135000583e+01 +7.135000583e+01 +1.4505e+00 +9.1959e-01
1873 0 +5.013423973e-06 +5.013423973e-06 +7.135000501e+01 +7.135000501e+01 +1.4509e+00 +9.1954e-01
1881 0 +2.619018176e-06 +2.619018176e-06 +7.135000262e+01 +7.135000262e+01 +1.4508e+00 +9.1954e-01
2167 0 +2.268991338e-06 +2.268991338e-06 +7.135000227e+01 +7.135000227e+01 +1.4507e+00 +9.1954e-01
2175 0 +7.217427935e-07 +7.217427935e-07 +7.135000072e+01 +7.135000072e+01 +1.4508e+00 +9.1955e-01
2559 0 +7.055346316e-07 +7.055346316e-07 +7.135000071e+01 +7.135000071e+01 +1.4508e+00 +9.1955e-01
2927 0 +6.915075232e-07 +6.915075232e-07 +7.135000069e+01 +7.135000069e+01 +1.4508e+00 +9.1955e-01
% f evaluations | g evaluations | best noise-free fitness - Fopt | noise-free fitness - Fopt (-3.552200000000e+02) | measured fitness | best measured fitness | x1 | x2...
1 0 +1.419651576e+02 +1.419651576e+02 -2.132548424e+02 -2.132548424e+02 +3.8345e+00 +4.4644e+00
2 0 +7.516742246e+01 +7.516742246e+01 -2.800525775e+02 -2.800525775e+02 +3.7227e+00 +3.7906e+00
4 0 +2.908683757e+01 +2.908683757e+01 -3.261331624e+02 -3.261331624e+02 +2.9779e-01 -1.1575e+00
6 0 +1.479866316e+01 +1.479866316e+01 -3.404213368e+02 -3.404213368e+02 +4.5179e+00 +1.8090e+00
8 0 +1.210443355e+01 +1.210443355e+01 -3.431155664e+02 -3.431155664e+02 -2.5031e+00 -2.1473e+00
11 0 +3.927357303e-01 +3.927357303e-01 -3.548272643e+02 -3.548272643e+02 +2.8496e+00 +2.1103e+00
467 0 +3.017292668e-01 +3.017292668e-01 -3.549182707e+02 -3.549182707e+02 +2.8729e+00 +2.1160e+00
757 0 +2.373467843e-01 +2.373467843e-01 -3.549826532e+02 -3.549826532e+02 +2.8704e+00 +2.1171e+00
789 0 +1.482490514e-01 +1.482490514e-01 -3.550717509e+02 -3.550717509e+02 +2.8662e+00 +2.1159e+00
799 0 +8.045529358e-02 +8.045529358e-02 -3.551395447e+02 -3.551395447e+02 +3.0444e+00 +2.1855e+00
1179 0 +2.931529718e-02 +2.931529718e-02 -3.551906847e+02 -3.551906847e+02 +3.0834e+00 +2.2125e+00
1183 0 +9.921650367e-03 +9.921650367e-03 -3.552100783e+02 -3.552100783e+02 +3.0842e+00 +2.2084e+00
1485 0 +4.469246334e-03 +4.469246334e-03 -3.552155308e+02 -3.552155308e+02 +3.0825e+00 +2.2084e+00
1533 0 +3.156977491e-03 +3.156977491e-03 -3.552168430e+02 -3.552168430e+02 +3.0734e+00 +2.2038e+00
1813 0 +2.871491025e-03 +2.871491025e-03 -3.552171285e+02 -3.552171285e+02 +3.0728e+00 +2.2044e+00
1819 0 +1.054218434e-03 +1.054218434e-03 -3.552189458e+02 -3.552189458e+02 +3.0721e+00 +2.2045e+00
1841 0 +8.155589683e-06 +8.155589683e-06 -3.552199918e+02 -3.552199918e+02 +3.0611e+00 +2.2002e+00
2535 0 +1.607382842e-06 +1.607382842e-06 -3.552199984e+02 -3.552199984e+02 +3.0607e+00 +2.2000e+00
2889 0 +1.575438944e-06 +1.575438944e-06 -3.552199984e+02 -3.552199984e+02 +3.0607e+00 +2.2000e+00
2921 0 +6.559324675e-07 +6.559324675e-07 -3.552199993e+02 -3.552199993e+02 +3.0606e+00 +2.2000e+00
2965 0 +5.519738124e-07 +5.519738124e-07 -3.552199994e+02 -3.552199994e+02 +3.0607e+00 +2.2000e+00
3279 0 +3.370163313e-07 +3.370163313e-07 -3.552199997e+02 -3.552199997e+02 +3.0607e+00 +2.2000e+00
3571 0 +2.594283046e-07 +2.594283046e-07 -3.552199997e+02 -3.552199997e+02 +3.0607e+00 +2.2000e+00
3601 0 +1.516880843e-07 +1.516880843e-07 -3.552199998e+02 -3.552199998e+02 +3.0607e+00 +2.2000e+00
3635 0 +1.316818725e-07 +1.316818725e-07 -3.552199999e+02 -3.552199999e+02 +3.0607e+00 +2.2000e+00
3923 0 +1.271329211e-07 +1.271329211e-07 -3.552199999e+02 -3.552199999e+02 +3.0607e+00 +2.2000e+00
3927 0 +1.132211196e-07 +1.132211196e-07 -3.552199999e+02 -3.552199999e+02 +3.0607e+00 +2.2000e+00
3937 0 +1.099153337e-07 +1.099153337e-07 -3.552199999e+02 -3.552199999e+02 +3.0607e+00 +2.2000e+00
4277 0 +1.037016659e-07 +1.037016659e-07 -3.552199999e+02 -3.552199999e+02 +3.0607e+00 +2.2000e+00
4635 0 +9.718849014e-08 +9.718849014e-08 -3.552199999e+02 -3.552199999e+02 +3.0607e+00 +2.2000e+00
5343 0 +9.457454553e-08 +9.457454553e-08 -3.552199999e+02 -3.552199999e+02 +3.0607e+00 +2.2000e+00
6771 0 +9.328647366e-08 +9.328647366e-08 -3.552199999e+02 -3.552199999e+02 +3.0607e+00 +2.2000e+00
% f evaluations | g evaluations | best noise-free fitness - Fopt | noise-free fitness - Fopt (9.917000000000e+01) | measured fitness | best measured fitness | x1 | x2...
1 0 +1.013260374e+02 +1.013260374e+02 +2.004960374e+02 +2.004960374e+02 -4.6186e+00 -1.6674e+00
2 0 +3.411850058e+01 +3.411850058e+01 +1.332885006e+02 +1.332885006e+02 -1.3389e+00 -3.9662e+00
5 0 +1.156753589e+01 +1.156753589e+01 +1.107375359e+02 +1.107375359e+02 +4.6491e+00 +3.8791e+00
43 0 +5.799890560e+00 +5.799890560e+00 +1.049698906e+02 +1.049698906e+02 +3.9522e+00 +1.3599e-01
91 0 +2.390710904e+00 +2.390710904e+00 +1.015607109e+02 +1.015607109e+02 +3.9914e+00 -2.3181e-01
471 0 +1.049001063e+00 +1.049001063e+00 +1.002190011e+02 +1.002190011e+02 +3.9834e+00 -1.0361e-01
765 0 +5.442181999e-01 +5.442181999e-01 +9.971421820e+01 +9.971421820e+01 +3.9866e+00 -1.4408e-01
795 0 +5.288155993e-01 +5.288155993e-01 +9.969881560e+01 +9.969881560e+01 +3.9841e+00 -1.2536e-01
821 0 +4.595921828e-01 +4.595921828e-01 +9.962959218e+01 +9.962959218e+01 +3.9391e+00 -2.8326e-03
1107 0 +1.363891413e-01 +1.363891413e-01 +9.930638914e+01 +9.930638914e+01 +3.9471e+00 -4.7725e-02
1109 0 +9.342682034e-02 +9.342682034e-02 +9.926342682e+01 +9.926342682e+01 +3.9399e+00 -3.2813e-02
1131 0 +4.302557948e-02 +4.302557948e-02 +9.921302558e+01 +9.921302558e+01 +3.9111e+00 +5.6113e-02
1463 0 +3.949400245e-03 +3.949400245e-03 +9.917394940e+01 +9.917394940e+01 +3.9005e+00 +5.4481e-02
1819 0 +1.360683978e-03 +1.360683978e-03 +9.917136068e+01 +9.917136068e+01 +3.8995e+00 +5.6190e-02
2167 0 +1.174217666e-03 +1.174217666e-03 +9.917117422e+01 +9.917117422e+01 +3.8995e+00 +5.6269e-02
2191 0 +7.487174200e-04 +7.487174200e-04 +9.917074872e+01 +9.917074872e+01 +3.8990e+00 +5.7366e-02
2523 0 +6.150036939e-04 +6.150036939e-04 +9.917061500e+01 +9.917061500e+01 +3.8986e+00 +5.8231e-02
2563 0 +4.803753872e-04 +4.803753872e-04 +9.917048038e+01 +9.917048038e+01 +3.8990e+00 +5.7412e-02
3225 0 +4.741260179e-04 +4.741260179e-04 +9.917047413e+01 +9.917047413e+01 +3.8989e+00 +5.7417e-02
% f evaluations | g evaluations | best noise-free fitness - Fopt | noise-free fitness - Fopt (-5.179100000000e+02) | measured fitness | best measured fitness | x1 | x2...
1 0 +2.908790720e+01 +2.908790720e+01 -4.888220928e+02 -4.888220928e+02 +7.2300e-01 -1.6256e+00
5 0 +1.807634561e+01 +1.807634561e+01 -4.998336544e+02 -4.998336544e+02 -1.9562e-01 -1.2691e+00
8 0 +2.919024054e+00 +2.919024054e+00 -5.149909759e+02 -5.149909759e+02 -1.3922e+00 +3.3019e+00
89 0 +2.332124033e+00 +2.332124033e+00 -5.155778760e+02 -5.155778760e+02 -1.3599e+00 +3.3035e+00
419 0 +2.044037760e+00 +2.044037760e+00 -5.158659622e+02 -5.158659622e+02 -1.3913e+00 +3.2800e+00
761 0 +1.533616838e+00 +1.533616838e+00 -5.163763832e+02 -5.163763832e+02 -1.3979e+00 +3.2788e+00
1123 0 +1.444532981e+00 +1.444532981e+00 -5.164654670e+02 -5.164654670e+02 -1.3988e+00 +3.2786e+00
1465 0 +1.399142832e+00 +1.399142832e+00 -5.165108572e+02 -5.165108572e+02 -1.3987e+00 +3.2786e+00
1819 0 +1.369585070e+00 +1.369585070e+00 -5.165404149e+02 -5.165404149e+02 -1.3986e+00 +3.2786e+00
% f evaluations | g evaluations | best noise-free fitness - Fopt | noise-free fitness - Fopt (-5.721000000000e+01) | measured fitness | best measured fitness | x1 | x2...
1 0 +1.276751850e+02 +1.276751850e+02 +7.046518504e+01 +7.046518504e+01 -3.2192e+00 +2.8379e+00
2 0 +6.292151473e+01 +6.292151473e+01 +5.711514729e+00 +5.711514729e+00 -4.3290e+00 -1.3945e+00
6 0 +4.345070053e+01 +4.345070053e+01 -1.375929947e+01 -1.375929947e+01 +1.9834e-01 -3.3696e+00
9 0 +8.646322659e+00 +8.646322659e+00 -4.856367734e+01 -4.856367734e+01 +1.3731e+00 +2.7254e+00
25 0 +3.979005830e-01 +3.979005830e-01 -5.681209942e+01 -5.681209942e+01 +4.5907e+00 +2.1852e+00
445 0 +4.038301676e-02 +4.038301676e-02 -5.716961698e+01 -5.716961698e+01 +4.5921e+00 +2.1540e+00
759 0 +3.667649100e-02 +3.667649100e-02 -5.717332351e+01 -5.717332351e+01 +4.5917e+00 +2.1543e+00
821 0 +3.190479108e-02 +3.190479108e-02 -5.717809521e+01 -5.717809521e+01 +4.5949e+00 +2.1519e+00
829 0 +1.659767512e-02 +1.659767512e-02 -5.719340232e+01 -5.719340232e+01 +4.6164e+00 +2.1336e+00
1117 0 +2.142067401e-03 +2.142067401e-03 -5.720785793e+01 -5.720785793e+01 +4.6266e+00 +2.1317e+00
1139 0 +1.224761275e-03 +1.224761275e-03 -5.720877524e+01 -5.720877524e+01 +4.6290e+00 +2.1281e+00
1169 0 +1.671989299e-04 +1.671989299e-04 -5.720983280e+01 -5.720983280e+01 +4.6241e+00 +2.1321e+00
1471 0 +1.262696445e-04 +1.262696445e-04 -5.720987373e+01 -5.720987373e+01 +4.6251e+00 +2.1305e+00
1495 0 +1.291847924e-05 +1.291847924e-05 -5.720998708e+01 -5.720998708e+01 +4.6246e+00 +2.1313e+00
1553 0 +2.546452869e-06 +2.546452869e-06 -5.720999745e+01 -5.720999745e+01 +4.6249e+00 +2.1312e+00
1817 0 +1.481099254e-06 +1.481099254e-06 -5.720999852e+01 -5.720999852e+01 +4.6248e+00 +2.1313e+00
1823 0 +1.032388191e-06 +1.032388191e-06 -5.720999897e+01 -5.720999897e+01 +4.6249e+00 +2.1312e+00
1897 0 +1.010535279e-06 +1.010535279e-06 -5.720999899e+01 -5.720999899e+01 +4.6247e+00 +2.1314e+00
2167 0 +6.378759991e-07 +6.378759991e-07 -5.720999936e+01 -5.720999936e+01 +4.6246e+00 +2.1314e+00
2211 0 +2.785333848e-07 +2.785333848e-07 -5.720999972e+01 -5.720999972e+01 +4.6246e+00 +2.1314e+00
2217 0 +3.591220832e-08 +3.591220832e-08 -5.720999996e+01 -5.720999996e+01 +4.6246e+00 +2.1314e+00
2925 0 +3.159974682e-08 +3.159974682e-08 -5.720999997e+01 -5.720999997e+01 +4.6246e+00 +2.1314e+00
2929 0 +1.907631741e-08 +1.907631741e-08 -5.720999998e+01 -5.720999998e+01 +4.6246e+00 +2.1314e+00
3249 0 +1.797210558e-08 +1.797210558e-08 -5.720999998e+01 -5.720999998e+01 +4.6246e+00 +2.1314e+00
3297 0 +1.674585093e-08 +1.674585093e-08 -5.720999998e+01 -5.720999998e+01 +4.6246e+00 +2.1314e+00
3571 0 +1.354795387e-08 +1.354795387e-08 -5.720999999e+01 -5.720999999e+01 +4.6246e+00 +2.1314e+00
3577 0 +1.321688359e-08 +1.321688359e-08 -5.720999999e+01 -5.720999999e+01 +4.6246e+00 +2.1314e+00
3599 0 +1.225103574e-08 +1.225103574e-08 -5.720999999e+01 -5.720999999e+01 +4.6246e+00 +2.1314e+00
3937 0 +1.178830900e-08 +1.178830900e-08 -5.720999999e+01 -5.720999999e+01 +4.6246e+00 +2.1314e+00
3957 0 +1.157812335e-08 +1.157812335e-08 -5.720999999e+01 -5.720999999e+01 +4.6246e+00 +2.1314e+00
4019 0 +1.146050010e-08 +1.146050010e-08 -5.720999999e+01 -5.720999999e+01 +4.6246e+00 +2.1314e+00
4287 0 +1.112981352e-08 +1.112981352e-08 -5.720999999e+01 -5.720999999e+01 +4.6246e+00 +2.1314e+00
4327 0 +1.092493562e-08 +1.092493562e-08 -5.720999999e+01 -5.720999999e+01 +4.6246e+00 +2.1314e+00
4705 0 +1.058394616e-08 +1.058394616e-08 -5.720999999e+01 -5.720999999e+01 +4.6246e+00 +2.1314e+00
4981 0 +1.040101694e-08 +1.040101694e-08 -5.720999999e+01 -5.720999999e+01 +4.6246e+00 +2.1314e+00
% f evaluations | g evaluations | best noise-free fitness - Fopt | noise-free fitness - Fopt (6.626000000000e+01) | measured fitness | best measured fitness | x1 | x2...
1 0 +6.344890176e+00 +6.344890176e+00 +7.260489018e+01 +7.260489018e+01 +2.0488e+00 -1.7982e+00
44 0 +3.377068554e+00 +3.377068554e+00 +6.963706855e+01 +6.963706855e+01 +4.3885e+00 -4.0420e+00
477 0 +1.248471000e+00 +1.248471000e+00 +6.750847100e+01 +6.750847100e+01 +4.3988e+00 -3.4970e+00
771 0 +1.055798046e+00 +1.055798046e+00 +6.731579805e+01 +6.731579805e+01 +4.3923e+00 -3.5693e+00
1109 0 +9.967268527e-01 +9.967268527e-01 +6.725672685e+01 +6.725672685e+01 +4.3882e+00 -3.6093e+00
1113 0 +7.051288019e-01 +7.051288019e-01 +6.696512880e+01 +6.696512880e+01 +4.3905e+00 -3.5677e+00
1129 0 +6.510857089e-01 +6.510857089e-01 +6.691108571e+01 +6.691108571e+01 +4.3889e+00 -3.5770e+00
1133 0 +5.012371496e-01 +5.012371496e-01 +6.676123715e+01 +6.676123715e+01 +4.3887e+00 -3.5715e+00
1159 0 +3.889268652e-01 +3.889268652e-01 +6.664892687e+01 +6.664892687e+01 +4.3836e+00 -3.5781e+00
1485 0 +3.750061055e-01 +3.750061055e-01 +6.663500611e+01 +6.663500611e+01 +4.3838e+00 -3.5780e+00
1523 0 +3.022028554e-01 +3.022028554e-01 +6.656220286e+01 +6.656220286e+01 +4.3869e+00 -3.5576e+00
1811 0 +2.877010394e-01 +2.877010394e-01 +6.654770104e+01 +6.654770104e+01 +4.3877e+00 -3.5622e+00
1813 0 +2.731205321e-01 +2.731205321e-01 +6.653312053e+01 +6.653312053e+01 +4.3863e+00 -3.5626e+00
1831 0 +2.445329556e-01 +2.445329556e-01 +6.650453296e+01 +6.650453296e+01 +4.3872e+00 -3.5643e+00
1871 0 +2.286310272e-01 +2.286310272e-01 +6.648863103e+01 +6.648863103e+01 +4.3866e+00 -3.5624e+00
2165 0 +2.205690414e-01 +2.205690414e-01 +6.648056904e+01 +6.648056904e+01 +4.3868e+00 -3.5624e+00
2181 0 +2.170889666e-01 +2.170889666e-01 +6.647708897e+01 +6.647708897e+01 +4.3869e+00 -3.5624e+00
2183 0 +2.049563040e-01 +2.049563040e-01 +6.646495630e+01 +6.646495630e+01 +4.3868e+00 -3.5629e+00
2237 0 +1.885368364e-01 +1.885368364e-01 +6.644853684e+01 +6.644853684e+01 +4.3869e+00 -3.5644e+00
2517 0 +1.835223998e-01 +1.835223998e-01 +6.644352240e+01 +6.644352240e+01 +4.3868e+00 -3.5644e+00
2555 0 +1.806785178e-01 +1.806785178e-01 +6.644067852e+01 +6.644067852e+01 +4.3869e+00 -3.5643e+00
% f evaluations | g evaluations | best noise-free fitness - Fopt | noise-free fitness - Fopt (-1.386200000000e+02) | measured fitness | best measured fitness | x1 | x2...
1 0 +9.071627521e+01 +9.071627521e+01 -4.790372479e+01 -4.790372479e+01 +5.5688e-01 -3.9970e+00
2 0 +7.728247190e+01 +7.728247190e+01 -6.133752810e+01 -6.133752810e+01 +2.0760e+00 -2.6605e+00
7 0 +6.526723474e+00 +6.526723474e+00 -1.320932765e+02 -1.320932765e+02 +5.8967e-01 +4.2846e+00
17 0 +7.754948807e-01 +7.754948807e-01 -1.378445051e+02 -1.378445051e+02 +2.8537e+00 +3.6122e+00
89 0 +5.298580658e-01 +5.298580658e-01 -1.380901419e+02 -1.380901419e+02 +2.4869e+00 +5.4286e-02
1117 0 +4.727165840e-01 +4.727165840e-01 -1.381472834e+02 -1.381472834e+02 +2.4820e+00 +7.7339e-02
1137 0 +4.305737432e-01 +4.305737432e-01 -1.381894263e+02 -1.381894263e+02 +2.4871e+00 +4.1335e-02
1469 0 +3.851463922e-01 +3.851463922e-01 -1.382348536e+02 -1.382348536e+02 +2.4837e+00 +5.6349e-02
1815 0 +3.448501322e-01 +3.448501322e-01 -1.382751499e+02 -1.382751499e+02 +2.4835e+00 +5.5089e-02
1827 0 +2.580426193e-01 +2.580426193e-01 -1.383619574e+02 -1.383619574e+02 +2.4834e+00 +5.3862e-02
1831 0 +2.467143778e-01 +2.467143778e-01 -1.383732856e+02 -1.383732856e+02 +2.4830e+00 +5.5493e-02
2173 0 +2.427087997e-01 +2.427087997e-01 -1.383772912e+02 -1.383772912e+02 +2.4830e+00 +5.5309e-02
2217 0 +2.382671075e-01 +2.382671075e-01 -1.383817329e+02 -1.383817329e+02 +2.4830e+00 +5.5028e-02
2533 0 +2.290478407e-01 +2.290478407e-01 -1.383909522e+02 -1.383909522e+02 +2.4831e+00 +5.4778e-02
3269 0 +2.237818302e-01 +2.237818302e-01 -1.383962182e+02 -1.383962182e+02 +2.4831e+00 +5.4749e-02
% f evaluations | g evaluations | best noise-free fitness - Fopt | noise-free fitness - Fopt (7.313900000000e+02) | measured fitness | best measured fitness | x1 | x2...
1 0 +3.946424078e+02 +3.946424078e+02 +1.126032408e+03 +1.126032408e+03 +1.1773e+00 +1.9357e+00
2 0 +7.066158802e+01 +7.066158802e+01 +8.020515880e+02 +8.020515880e+02 -1.8923e-01 +9.3200e-01
3 0 +4.211200783e+01 +4.211200783e+01 +7.735020078e+02 +7.735020078e+02 +7.9141e-01 -2.0893e+00
6 0 +1.878732592e+01 +1.878732592e+01 +7.501773259e+02 +7.501773259e+02 +1.9356e+00 +2.0233e+00
9 0 +6.407813551e+00 +6.407813551e+00 +7.377978136e+02 +7.377978136e+02 +7.5003e-01 -3.4413e+00
11 0 +5.698411591e+00 +5.698411591e+00 +7.370884116e+02 +7.370884116e+02 +3.7279e+00 +3.7622e+00
33 0 +5.139557841e+00 +5.139557841e+00 +7.365295578e+02 +7.365295578e+02 -3.5087e+00 +2.0571e+00
243 0 +2.360702150e+00 +2.360702150e+00 +7.337507021e+02 +7.337507021e+02 -4.7381e+00 -2.8936e+00
765 0 +1.551108033e+00 +1.551108033e+00 +7.329411080e+02 +7.329411080e+02 -4.8082e+00 -2.9220e+00
783 0 +9.045568345e-02 +9.045568345e-02 +7.314804557e+02 +7.314804557e+02 -4.7334e+00 -3.0807e+00
1107 0 +6.306904741e-02 +6.306904741e-02 +7.314530690e+02 +7.314530690e+02 -4.7333e+00 -3.0772e+00
1459 0 +5.478305871e-02 +5.478305871e-02 +7.314447831e+02 +7.314447831e+02 -4.7336e+00 -3.0775e+00
1469 0 +4.625409825e-02 +4.625409825e-02 +7.314362541e+02 +7.314362541e+02 -4.7282e+00 -3.0795e+00
1495 0 +3.673578707e-02 +3.673578707e-02 +7.314267358e+02 +7.314267358e+02 -4.7336e+00 -3.0735e+00
1819 0 +3.584579465e-02 +3.584579465e-02 +7.314258458e+02 +7.314258458e+02 -4.7336e+00 -3.0737e+00
1823 0 +3.030383576e-02 +3.030383576e-02 +7.314203038e+02 +7.314203038e+02 -4.7334e+00 -3.0744e+00
1859 0 +3.003686254e-02 +3.003686254e-02 +7.314200369e+02 +7.314200369e+02 -4.7336e+00 -3.0744e+00
1901 0 +2.605054824e-02 +2.605054824e-02 +7.314160505e+02 +7.314160505e+02 -4.7332e+00 -3.0753e+00
2545 0 +2.509438911e-02 +2.509438911e-02 +7.314150944e+02 +7.314150944e+02 -4.7332e+00 -3.0753e+00
2869 0 +2.409838537e-02 +2.409838537e-02 +7.314140984e+02 +7.314140984e+02 -4.7332e+00 -3.0753e+00
2933 0 +2.392194295e-02 +2.392194295e-02 +7.314139219e+02 +7.314139219e+02 -4.7332e+00 -3.0753e+00
% f evaluations | g evaluations | best noise-free fitness - Fopt | noise-free fitness - Fopt (7.526000000000e+01) | measured fitness | best measured fitness | x1 | x2...
1 0 +7.059228629e+00 +7.059228629e+00 +8.231922863e+01 +8.231922863e+01 +3.1336e+00 +1.3239e+00
18 0 +6.443358461e-01 +6.443358461e-01 +7.590433585e+01 +7.590433585e+01 -3.4515e+00 -4.5487e+00
475 0 +4.528507087e-01 +4.528507087e-01 +7.571285071e+01 +7.571285071e+01 -3.4476e+00 -4.5323e+00
763 0 +3.789829853e-01 +3.789829853e-01 +7.563898299e+01 +7.563898299e+01 -3.4415e+00 -4.5317e+00
789 0 +3.433391186e-01 +3.433391186e-01 +7.560333912e+01 +7.560333912e+01 -3.4459e+00 -4.5353e+00
1113 0 +3.235507941e-01 +3.235507941e-01 +7.558355079e+01 +7.558355079e+01 -3.4482e+00 -4.5378e+00
1139 0 +2.797656712e-01 +2.797656712e-01 +7.553976567e+01 +7.553976567e+01 -3.4475e+00 -4.5373e+00
1147 0 +2.151391252e-01 +2.151391252e-01 +7.547513913e+01 +7.547513913e+01 -3.4533e+00 -4.5433e+00
2171 0 +2.110177285e-01 +2.110177285e-01 +7.547101773e+01 +7.547101773e+01 -3.4533e+00 -4.5433e+00
2193 0 +2.071405489e-01 +2.071405489e-01 +7.546714055e+01 +7.546714055e+01 -3.4533e+00 -4.5433e+00
% f evaluations | g evaluations | best noise-free fitness - Fopt | noise-free fitness - Fopt (-4.913000000000e+01) | measured fitness | best measured fitness | x1 | x2...
1 0 +3.768072315e+01 +3.768072315e+01 -1.144927685e+01 -1.144927685e+01 +2.9387e-02 +1.4753e+00
3 0 +2.364163951e+01 +2.364163951e+01 -2.548836049e+01 -2.548836049e+01 +4.2717e+00 +3.4758e+00
23 0 +1.534547422e+01 +1.534547422e+01 -3.378452578e+01 -3.378452578e+01 -4.8958e+00 +2.6376e+00
28 0 +1.318862434e+01 +1.318862434e+01 -3.594137566e+01 -3.594137566e+01 -1.4618e+00 +4.1538e+00
68 0 +9.600745919e+00 +9.600745919e+00 -3.952925408e+01 -3.952925408e+01 -3.2334e+00 +1.3536e+00
84 0 +9.246597145e+00 +9.246597145e+00 -3.988340285e+01 -3.988340285e+01 -1.4150e+00 +2.5144e+00
98 0 +5.577561784e+00 +5.577561784e+00 -4.355243822e+01 -4.355243822e+01 -1.7951e+00 +8.7516e-01
117 0 +4.192593210e+00 +4.192593210e+00 -4.493740679e+01 -4.493740679e+01 -1.9610e+00 +4.0663e+00
449 0 +3.378436224e+00 +3.378436224e+00 -4.575156378e+01 -4.575156378e+01 -2.9700e+00 +3.4682e+00
499 0 +2.798124640e+00 +2.798124640e+00 -4.633187536e+01 -4.633187536e+01 -1.8122e+00 +3.9609e+00
803 0 +2.331564531e+00 +2.331564531e+00 -4.679843547e+01 -4.679843547e+01 -1.8348e+00 +3.9486e+00
1161 0 +1.905046920e+00 +1.905046920e+00 -4.722495308e+01 -4.722495308e+01 -1.8508e+00 +3.9354e+00
1825 0 +1.719741583e+00 +1.719741583e+00 -4.741025842e+01 -4.741025842e+01 -1.8529e+00 +3.9353e+00
2193 0 +1.689949308e+00 +1.689949308e+00 -4.744005069e+01 -4.744005069e+01 -1.8530e+00 +3.9347e+00
% f evaluations | g evaluations | best noise-free fitness - Fopt | noise-free fitness - Fopt (-1.418900000000e+02) | measured fitness | best measured fitness | x1 | x2...
1 0 +2.825411614e+01 +2.825411614e+01 -1.136358839e+02 -1.136358839e+02 -1.1072e+00 -2.4128e+00
4 0 +2.104172808e+01 +2.104172808e+01 -1.208482719e+02 -1.208482719e+02 +3.4934e+00 +2.9388e+00
15 0 +2.392817297e+00 +2.392817297e+00 -1.394971827e+02 -1.394971827e+02 -7.6993e-01 -8.4113e-01
82 0 +1.904650105e+00 +1.904650105e+00 -1.399853499e+02 -1.399853499e+02 -1.5560e+00 +3.9676e+00
145 0 +1.860100286e+00 +1.860100286e+00 -1.400298997e+02 -1.400298997e+02 -6.4425e-01 -9.0054e-01
403 0 +1.802052664e+00 +1.802052664e+00 -1.400879473e+02 -1.400879473e+02 -5.8906e-01 -8.4908e-01
411 0 +7.704527525e-02 +7.704527525e-02 -1.418129547e+02 -1.418129547e+02 -7.8989e-01 +8.1924e-01
1133 0 +6.724683063e-02 +6.724683063e-02 -1.418227532e+02 -1.418227532e+02 -7.8119e-01 +8.3140e-01
1147 0 +6.165247864e-03 +6.165247864e-03 -1.418838348e+02 -1.418838348e+02 -7.5328e-01 +8.1863e-01
1459 0 +3.352583818e-03 +3.352583818e-03 -1.418866474e+02 -1.418866474e+02 -7.3985e-01 +8.1156e-01
1815 0 +5.820274561e-04 +5.820274561e-04 -1.418894180e+02 -1.418894180e+02 -7.3027e-01 +8.0769e-01
2169 0 +1.818283955e-04 +1.818283955e-04 -1.418898182e+02 -1.418898182e+02 -7.3044e-01 +8.0805e-01
2247 0 +1.237802406e-04 +1.237802406e-04 -1.418898762e+02 -1.418898762e+02 -7.2925e-01 +8.0764e-01
2517 0 +1.005575905e-04 +1.005575905e-04 -1.418898994e+02 -1.418898994e+02 -7.2875e-01 +8.0743e-01
2527 0 +6.053161846e-05 +6.053161846e-05 -1.418899395e+02 -1.418899395e+02 -7.2937e-01 +8.0784e-01
2529 0 +2.347497627e-07 +2.347497627e-07 -1.418899998e+02 -1.418899998e+02 -7.3075e-01 +8.0843e-01
3229 0 +1.351337175e-07 +1.351337175e-07 -1.418899999e+02 -1.418899999e+02 -7.3074e-01 +8.0843e-01
3623 0 +1.149719822e-07 +1.149719822e-07 -1.418899999e+02 -1.418899999e+02 -7.3074e-01 +8.0843e-01
3659 0 +1.075780744e-07 +1.075780744e-07 -1.418899999e+02 -1.418899999e+02 -7.3074e-01 +8.0843e-01
3951 0 +1.028742531e-07 +1.028742531e-07 -1.418899999e+02 -1.418899999e+02 -7.3074e-01 +8.0843e-01
3967 0 +9.974877457e-08 +9.974877457e-08 -1.418899999e+02 -1.418899999e+02 -7.3074e-01 +8.0843e-01
4309 0 +9.749240348e-08 +9.749240348e-08 -1.418899999e+02 -1.418899999e+02 -7.3074e-01 +8.0843e-01
4371 0 +9.548645608e-08 +9.548645608e-08 -1.418899999e+02 -1.418899999e+02 -7.3074e-01 +8.0843e-01
5411 0 +9.328104511e-08 +9.328104511e-08 -1.418899999e+02 -1.418899999e+02 -7.3074e-01 +8.0843e-01
% f evaluations | g evaluations | best noise-free fitness - Fopt | noise-free fitness - Fopt (1.095700000000e+02) | measured fitness | best measured fitness | x1 | x2...
1 0 +1.017102992e+01 +1.017102992e+01 +1.197410299e+02 +1.197410299e+02 +4.7394e-01 -2.2606e+00
9 0 +7.059923998e+00 +7.059923998e+00 +1.166299240e+02 +1.166299240e+02 -2.1354e+00 -1.5041e+00
25 0 +2.135271996e+00 +2.135271996e+00 +1.117052720e+02 +1.117052720e+02 -1.6085e+00 +3.8687e+00
761 0 +1.835797385e+00 +1.835797385e+00 +1.114057974e+02 +1.114057974e+02 -1.6079e+00 +3.8571e+00
1461 0 +1.807889832e+00 +1.807889832e+00 +1.113778898e+02 +1.113778898e+02 -1.6079e+00 +3.8570e+00
2165 0 +1.764452193e+00 +1.764452193e+00 +1.113344522e+02 +1.113344522e+02 -1.6079e+00 +3.8566e+00
% f evaluations | g evaluations | best noise-free fitness - Fopt | noise-free fitness - Fopt (7.836000000000e+01) | measured fitness | best measured fitness | x1 | x2...
1 0 +8.287654183e+01 +8.287654183e+01 +1.612365418e+02 +1.612365418e+02 -1.1968e+00 -1.2904e+00
2 0 +7.505777516e+01 +7.505777516e+01 +1.534177752e+02 +1.534177752e+02 -2.9314e+00 +3.2334e+00
5 0 +7.190922380e+01 +7.190922380e+01 +1.502692238e+02 +1.502692238e+02 +1.4788e+00 +3.5574e+00
6 0 +2.821657925e+01 +2.821657925e+01 +1.065765793e+02 +1.065765793e+02 -9.6912e-01 +2.2895e+00
8 0 +1.775068498e+01 +1.775068498e+01 +9.611068498e+01 +9.611068498e+01 -4.4223e+00 -1.9956e+00
14 0 +1.512474580e+01 +1.512474580e+01 +9.348474580e+01 +9.348474580e+01 +3.9029e+00 -3.0960e+00
21 0 +7.457404515e+00 +7.457404515e+00 +8.581740452e+01 +8.581740452e+01 -3.6322e+00 +3.4439e-01
74 0 +2.624340141e+00 +2.624340141e+00 +8.098434014e+01 +8.098434014e+01 -3.0646e+00 +3.5467e-01
103 0 +2.095952244e+00 +2.095952244e+00 +8.045595224e+01 +8.045595224e+01 -4.0048e+00 -1.8263e+00
117 0 +5.571976488e-01 +5.571976488e-01 +7.891719765e+01 +7.891719765e+01 -2.7589e+00 +3.4162e-01
495 0 +3.735354691e-01 +3.735354691e-01 +7.873353547e+01 +7.873353547e+01 -2.6873e+00 +4.1464e-01
759 0 +4.236106603e-02 +4.236106603e-02 +7.840236107e+01 +7.840236107e+01 -2.7496e+00 +3.7684e-01
773 0 +3.270365934e-02 +3.270365934e-02 +7.839270366e+01 +7.839270366e+01 -2.6562e+00 +3.8990e-01
805 0 +5.809059941e-03 +5.809059941e-03 +7.836580906e+01 +7.836580906e+01 -2.6907e+00 +3.7984e-01
1113 0 +3.658946228e-03 +3.658946228e-03 +7.836365895e+01 +7.836365895e+01 -2.6915e+00 +3.8479e-01
1129 0 +2.143454965e-03 +2.143454965e-03 +7.836214345e+01 +7.836214345e+01 -2.6911e+00 +3.8209e-01
1169 0 +8.225560787e-04 +8.225560787e-04 +7.836082256e+01 +7.836082256e+01 -2.6948e+00 +3.8295e-01
1469 0 +6.004406790e-04 +6.004406790e-04 +7.836060044e+01 +7.836060044e+01 -2.6940e+00 +3.8342e-01
1813 0 +4.111394918e-04 +4.111394918e-04 +7.836041114e+01 +7.836041114e+01 -2.6912e+00 +3.8342e-01
1815 0 +3.657454062e-04 +3.657454062e-04 +7.836036575e+01 +7.836036575e+01 -2.6941e+00 +3.8317e-01
1837 0 +3.174398186e-04 +3.174398186e-04 +7.836031744e+01 +7.836031744e+01 -2.6910e+00 +3.8356e-01
2167 0 +3.112696349e-04 +3.112696349e-04 +7.836031127e+01 +7.836031127e+01 -2.6911e+00 +3.8352e-01
2183 0 +2.565669921e-04 +2.565669921e-04 +7.836025657e+01 +7.836025657e+01 -2.6906e+00 +3.8358e-01
2187 0 +1.870497391e-04 +1.870497391e-04 +7.836018705e+01 +7.836018705e+01 -2.6903e+00 +3.8366e-01
2227 0 +4.472272417e-05 +4.472272417e-05 +7.836004472e+01 +7.836004472e+01 -2.6901e+00 +3.8361e-01
3219 0 +4.466546966e-05 +4.466546966e-05 +7.836004467e+01 +7.836004467e+01 -2.6901e+00 +3.8361e-01
% f evaluations | g evaluations | best noise-free fitness - Fopt | noise-free fitness - Fopt (1.140900000000e+02) | measured fitness | best measured fitness | x1 | x2...
1 0 +3.784549956e+01 +3.784549956e+01 +1.519354996e+02 +1.519354996e+02 +2.7457e+00 +9.0610e-01
3 0 +1.790513842e+01 +1.790513842e+01 +1.319951384e+02 +1.319951384e+02 +4.8147e+00 +3.4805e+00
4 0 +2.202464927e+00 +2.202464927e+00 +1.162924649e+02 +1.162924649e+02 +4.8725e+00 +3.8982e+00
14 0 +9.606045614e-01 +9.606045614e-01 +1.150506046e+02 +1.150506046e+02 -2.1670e+00 +1.0878e+00
29 0 +6.405183156e-02 +6.405183156e-02 +1.141540518e+02 +1.141540518e+02 -2.1820e+00 +1.3520e+00
761 0 +5.896371618e-02 +5.896371618e-02 +1.141489637e+02 +1.141489637e+02 -2.1820e+00 +1.3513e+00
775 0 +4.090436587e-02 +4.090436587e-02 +1.141309044e+02 +1.141309044e+02 -2.1810e+00 +1.3305e+00
799 0 +3.943906289e-02 +3.943906289e-02 +1.141294391e+02 +1.141294391e+02 -2.1825e+00 +1.3479e+00
1115 0 +3.785825387e-02 +3.785825387e-02 +1.141278583e+02 +1.141278583e+02 -2.1830e+00 +1.3458e+00
1177 0 +3.703528987e-02 +3.703528987e-02 +1.141270353e+02 +1.141270353e+02 -2.1825e+00 +1.3469e+00
1459 0 +3.581023121e-02 +3.581023121e-02 +1.141258102e+02 +1.141258102e+02 -2.1825e+00 +1.3468e+00
1481 0 +3.544839824e-02 +3.544839824e-02 +1.141254484e+02 +1.141254484e+02 -2.1825e+00 +1.3475e+00
1549 0 +3.446751015e-02 +3.446751015e-02 +1.141244675e+02 +1.141244675e+02 -2.1826e+00 +1.3469e+00
1821 0 +3.367427884e-02 +3.367427884e-02 +1.141236743e+02 +1.141236743e+02 -2.1825e+00 +1.3469e+00
2515 0 +3.308080932e-02 +3.308080932e-02 +1.141230808e+02 +1.141230808e+02 -2.1825e+00 +1.3469e+00
% f evaluations | g evaluations | best noise-free fitness - Fopt | noise-free fitness - Fopt (-5.445900000000e+02) | measured fitness | best measured fitness | x1 | x2...
1 0 +9.496734260e-01 +9.496734260e-01 -5.436403266e+02 -5.436403266e+02 +4.4742e+00 -2.9286e+00
429 0 +1.992293697e-01 +1.992293697e-01 -5.443907706e+02 -5.443907706e+02 +4.4315e+00 -2.9310e+00
785 0 +8.182137196e-02 +8.182137196e-02 -5.445081786e+02 -5.445081786e+02 +4.4151e+00 -2.8958e+00
1107 0 +3.105193423e-02 +3.105193423e-02 -5.445589481e+02 -5.445589481e+02 +4.4115e+00 -2.9019e+00
1149 0 +2.703983790e-02 +2.703983790e-02 -5.445629602e+02 -5.445629602e+02 +4.4108e+00 -2.9023e+00
1183 0 +1.478396471e-02 +1.478396471e-02 -5.445752160e+02 -5.445752160e+02 +4.4081e+00 -2.9028e+00
1467 0 +1.404556694e-02 +1.404556694e-02 -5.445759544e+02 -5.445759544e+02 +4.4084e+00 -2.9026e+00
1507 0 +1.254592242e-02 +1.254592242e-02 -5.445774541e+02 -5.445774541e+02 +4.4065e+00 -2.9013e+00
1511 0 +1.121601930e-02 +1.121601930e-02 -5.445787840e+02 -5.445787840e+02 +4.4070e+00 -2.9028e+00
1517 0 +6.875929761e-03 +6.875929761e-03 -5.445831241e+02 -5.445831241e+02 +4.4038e+00 -2.8994e+00
2169 0 +5.333962796e-03 +5.333962796e-03 -5.445846660e+02 -5.445846660e+02 +4.4038e+00 -2.8996e+00
2173 0 +5.047806630e-03 +5.047806630e-03 -5.445849522e+02 -5.445849522e+02 +4.4035e+00 -2.8994e+00
2215 0 +4.910268682e-03 +4.910268682e-03 -5.445850897e+02 -5.445850897e+02 +4.4035e+00 -2.8996e+00
2259 0 +4.106576993e-03 +4.106576993e-03 -5.445858934e+02 -5.445858934e+02 +4.4034e+00 -2.8994e+00
2539 0 +3.781995537e-03 +3.781995537e-03 -5.445862180e+02 -5.445862180e+02 +4.4034e+00 -2.8994e+00
