% f evaluations | g evaluations | best noise-free fitness - Fopt | noise-free fitness - Fopt (-5.235000000000e+01) | measured fitness | best measured fitness | x1 | x2...
1 0 +2.651497023e+00 +2.651497023e+00 -4.969850298e+01 -4.969850298e+01 +1.4714e+00 +1.4059e-01
5 0 +2.088477027e+00 +2.088477027e+00 -5.026152297e+01 -5.026152297e+01 +1.1849e+00 -8.5048e-01
21 0 +3.961050450e-01 +3.961050450e-01 -5.195389495e+01 -5.195389495e+01 -3.9240e-01 -1.5171e+00
55 0 +3.329361493e-02 +3.329361493e-02 -5.231670639e+01 -5.231670639e+01 -8.2748e-01 -1.5122e+00
66 0 +4.026780359e-03 +4.026780359e-03 -5.234597322e+01 -5.234597322e+01 -9.1257e-01 -1.0920e+00
109 0 +2.493805713e-03 +2.493805713e-03 -5.234750619e+01 -5.234750619e+01 -9.0727e-01 -1.1139e+00
159 0 +1.517587348e-03 +1.517587348e-03 -5.234848241e+01 -5.234848241e+01 -9.0072e-01 -1.1423e+00
213 0 +1.317106119e-03 +1.317106119e-03 -5.234868289e+01 -5.234868289e+01 -9.0071e-01 -1.1391e+00
224 0 +8.599713043e-04 +8.599713043e-04 -5.234914003e+01 -5.234914003e+01 -8.9438e-01 -1.1601e+00
267 0 +6.683082950e-04 +6.683082950e-04 -5.234933169e+01 -5.234933169e+01 -8.9389e-01 -1.1653e+00
325 0 +6.453690607e-04 +6.453690607e-04 -5.234935463e+01 -5.234935463e+01 -8.9364e-01 -1.1662e+00
363 0 +5.587184844e-04 +5.587184844e-04 -5.234944128e+01 -5.234944128e+01 -8.9348e-01 -1.1653e+00
424 0 +5.409225685e-04 +5.409225685e-04 -5.234945908e+01 -5.234945908e+01 -8.9330e-01 -1.1662e+00
426 0 +5.354542299e-04 +5.354542299e-04 -5.234946455e+01 -5.234946455e+01 -8.9321e-01 -1.1668e+00
522 0 +5.232857201e-04 +5.232857201e-04 -5.234947671e+01 -5.234947671e+01 -8.9303e-01 -1.1670e+00
741 0 +5.121732409e-04 +5.121732409e-04 -5.234948783e+01 -5.234948783e+01 -8.9290e-01 -1.1676e+00
% f evaluations | g evaluations | best noise-free fitness - Fopt | noise-free fitness - Fopt (-1.795400000000e+02) | measured fitness | best measured fitness | x1 | x2...
1 0 +2.345644457e+00 +2.345644457e+00 -1.771943555e+02 -1.771943555e+02 -1.0947e+00 +1.9659e+00
13 0 +1.783133089e+00 +1.783133089e+00 -1.777568669e+02 -1.777568669e+02 +1.3227e+00 -1.0038e+00
19 0 +7.391660394e-02 +7.391660394e-02 -1.794660834e+02 -1.794660834e+02 +8.3178e-01 +7.4641e-01
61 0 +6.227985893e-02 +6.227985893e-02 -1.794777201e+02 -1.794777201e+02 +7.1985e-01 +5.0658e-01
82 0 +5.368096990e-02 +5.368096990e-02 -1.794863190e+02 -1.794863190e+02 +6.0415e-01 +2.1178e-01
88 0 +1.134978211e-02 +1.134978211e-02 -1.795286502e+02 -1.795286502e+02 +6.8930e-01 +3.2195e-01
146 0 +1.513436029e-03 +1.513436029e-03 -1.795384866e+02 -1.795384866e+02 +7.4083e-01 +4.1164e-01
197 0 +1.082475680e-03 +1.082475680e-03 -1.795389175e+02 -1.795389175e+02 +7.5503e-01 +4.3711e-01
238 0 +6.126840510e-04 +6.126840510e-04 -1.795393873e+02 -1.795393873e+02 +7.5511e-01 +4.3887e-01
289 0 +5.981475107e-04 +5.981475107e-04 -1.795394019e+02 -1.795394019e+02 +7.5500e-01 +4.3885e-01
369 0 +5.879988596e-04 +5.879988596e-04 -1.795394120e+02 -1.795394120e+02 +7.5515e-01 +4.3944e-01
424 0 +5.744855773e-04 +5.744855773e-04 -1.795394255e+02 -1.795394255e+02 +7.5545e-01 +4.3979e-01
467 0 +5.547583365e-04 +5.547583365e-04 -1.795394452e+02 -1.795394452e+02 +7.5601e-01 +4.4117e-01
480 0 +5.468811172e-04 +5.468811172e-04 -1.795394531e+02 -1.795394531e+02 +7.5605e-01 +4.4113e-01
573 0 +5.316820694e-04 +5.316820694e-04 -1.795394683e+02 -1.795394683e+02 +7.5646e-01 +4.4171e-01
727 0 +5.246915665e-04 +5.246915665e-04 -1.795394753e+02 -1.795394753e+02 +7.5653e-01 +4.4199e-01
% f evaluations | g evaluations | best noise-free fitness - Fopt | noise-free fitness - Fopt (7.731000000000e+01) | measured fitness | best measured fitness | x1 | x2...
1 0 +1.968338503e+00 +1.968338503e+00 +7.927833850e+01 +7.927833850e+01 +1.6832e-01 +6.5050e-01
4 0 +1.019905568e+00 +1.019905568e+00 +7.832990557e+01 +7.832990557e+01 -1.4368e-01 -9.7722e-01
20 0 +2.843837685e-01 +2.843837685e-01 +7.759438377e+01 +7.759438377e+01 +6.0887e-01 -6.3547e-01
69 0 +1.522383654e-01 +1.522383654e-01 +7.746223837e+01 +7.746223837e+01 +7.3554e-01 -7.3887e-01
81 0 +1.286270916e-01 +1.286270916e-01 +7.743862709e+01 +7.743862709e+01 +8.0703e-01 -1.0872e+00
112 0 +8.537286658e-02 +8.537286658e-02 +7.739537287e+01 +7.739537287e+01 +9.3259e-01 -1.0054e+00
114 0 +1.002961856e-02 +1.002961856e-02 +7.732002962e+01 +7.732002962e+01 +9.0177e-01 -4.0155e-01
132 0 +4.234180523e-03 +4.234180523e-03 +7.731423418e+01 +7.731423418e+01 +8.9386e-01 -5.5550e-01
164 0 +3.200161028e-03 +3.200161028e-03 +7.731320016e+01 +7.731320016e+01 +8.9136e-01 -6.1949e-01
166 0 +1.981402900e-03 +1.981402900e-03 +7.731198140e+01 +7.731198140e+01 +8.9882e-01 -5.7839e-01
207 0 +1.627949190e-03 +1.627949190e-03 +7.731162795e+01 +7.731162795e+01 +8.9842e-01 -5.7918e-01
212 0 +7.081069803e-04 +7.081069803e-04 +7.731070811e+01 +7.731070811e+01 +8.9565e-01 -5.8691e-01
268 0 +6.812407692e-04 +6.812407692e-04 +7.731068124e+01 +7.731068124e+01 +8.9606e-01 -5.8011e-01
281 0 +4.952270426e-05 +4.952270426e-05 +7.731004952e+01 +7.731004952e+01 +8.9699e-01 -5.7485e-01
322 0 +4.853133197e-05 +4.853133197e-05 +7.731004853e+01 +7.731004853e+01 +8.9695e-01 -5.7695e-01
340 0 +3.007392617e-05 +3.007392617e-05 +7.731003007e+01 +7.731003007e+01 +8.9691e-01 -5.7697e-01
496 0 +2.948759064e-05 +2.948759064e-05 +7.731002949e+01 +7.731002949e+01 +8.9690e-01 -5.7715e-01
% f evaluations | g evaluations | best noise-free fitness - Fopt | noise-free fitness - Fopt (3.992000000000e+01) | measured fitness | best measured fitness | x1 | x2...
1 0 +2.126401151e+02 +2.126401151e+02 +2.525601151e+02 +2.525601151e+02 +1.1290e+00 +4.3402e+00
2 0 +1.183839491e+02 +1.183839491e+02 +1.583039491e+02 +1.583039491e+02 -4.5429e+00 +1.6571e+00
3 0 +7.342010987e+00 +7.342010987e+00 +4.726201099e+01 +4.726201099e+01 -2.6726e+00 -4.0969e+00
6 0 +3.037055557e+00 +3.037055557e+00 +4.295705556e+01 +4.295705556e+01 +1.0139e+00 -1.8457e+00
8 0 +1.345540288e+00 +1.345540288e+00 +4.126554029e+01 +4.126554029e+01 +2.6715e+00 -1.4929e+00
30 0 +6.796279878e-01 +6.796279878e-01 +4.059962799e+01 +4.059962799e+01 +4.6043e+00 -1.7129e+00
57 0 +2.012415613e-02 +2.012415613e-02 +3.994012416e+01 +3.994012416e+01 +3.9717e+00 -1.0710e+00
111 0 +2.987337180e-03 +2.987337180e-03 +3.992298734e+01 +3.992298734e+01 +3.9825e+00 -1.1749e+00
198 0 +2.190357128e-03 +2.190357128e-03 +3.992219036e+01 +3.992219036e+01 +3.9846e+00 -1.1880e+00
215 0 +2.096602404e-03 +2.096602404e-03 +3.992209660e+01 +3.992209660e+01 +3.9848e+00 -1.1907e+00
246 0 +1.520475143e-03 +1.520475143e-03 +3.992152048e+01 +3.992152048e+01 +3.9811e+00 -1.1780e+00
269 0 +1.449418050e-03 +1.449418050e-03 +3.992144942e+01 +3.992144942e+01 +3.9806e+00 -1.1785e+00
273 0 +1.420683829e-03 +1.420683829e-03 +3.992142068e+01 +3.992142068e+01 +3.9805e+00 -1.1779e+00
296 0 +1.412518326e-03 +1.412518326e-03 +3.992141252e+01 +3.992141252e+01 +3.9793e+00 -1.1751e+00
302 0 +1.302279509e-03 +1.302279509e-03 +3.992130228e+01 +3.992130228e+01 +3.9797e+00 -1.1748e+00
331 0 +1.287283484e-03 +1.287283484e-03 +3.992128728e+01 +3.992128728e+01 +3.9796e+00 -1.1735e+00
400 0 +1.254557141e-03 +1.254557141e-03 +3.992125456e+01 +3.992125456e+01 +3.9794e+00 -1.1733e+00
432 0 +1.229502540e-03 +1.229502540e-03 +3.992122950e+01 +3.992122950e+01 +3.9792e+00 -1.1728e+00
696 0 +1.200967292e-03 +1.200967292e-03 +3.992120097e+01 +3.992120097e+01 +3.9790e+00 -1.1720e+00
% f evaluations | g evaluations | best noise-free fitness - Fopt | noise-free fitness - Fopt (-5.661000000000e+01) | measured fitness | best measured fitness | x1 | x2...
1 0 +1.359723275e+02 +1.359723275e+02 +7.936232745e+01 +7.936232745e+01 -1.9427e+00 -1.7401e+00
2 0 +3.146699838e+01 +3.146699838e+01 -2.514300162e+01 -2.514300162e+01 +9.2696e-01 -4.0835e+00
10 0 +3.294642613e+00 +3.294642613e+00 -5.331535739e+01 -5.331535739e+01 +1.2915e+00 +5.2202e-01
11 0 +2.017493752e+00 +2.017493752e+00 -5.459250625e+01 -5.459250625e+01 +2.7759e+00 +4.2713e+00
17 0 +1.370212154e+00 +1.370212154e+00 -5.523978785e+01 -5.523978785e+01 +1.9568e+00 +1.4858e+00
30 0 +1.320342525e+00 +1.320342525e+00 -5.528965748e+01 -5.528965748e+01 +1.5505e+00 +1.5230e+00
58 0 +6.289312775e-01 +6.289312775e-01 -5.598106872e+01 -5.598106872e+01 +2.7496e+00 +2.5917e+00
87 0 +2.017416235e-01 +2.017416235e-01 -5.640825838e+01 -5.640825838e+01 +1.5283e+00 +2.9887e+00
103 0 +1.767051833e-01 +1.767051833e-01 -5.643329482e+01 -5.643329482e+01 +2.4369e+00 +2.9263e+00
105 0 +1.322961033e-01 +1.322961033e-01 -5.647770390e+01 -5.647770390e+01 +1.9039e+00 +2.7674e+00
110 0 +3.409725111e-02 +3.409725111e-02 -5.657590275e+01 -5.657590275e+01 +1.8052e+00 +2.9102e+00
155 0 +9.980536029e-03 +9.980536029e-03 -5.660001946e+01 -5.660001946e+01 +1.9189e+00 +2.9009e+00
195 0 +3.390941201e-03 +3.390941201e-03 -5.660660906e+01 -5.660660906e+01 +2.0213e+00 +2.9481e+00
199 0 +3.052871190e-03 +3.052871190e-03 -5.660694713e+01 -5.660694713e+01 +1.8315e+00 +2.8855e+00
211 0 +6.217009610e-04 +6.217009610e-04 -5.660937830e+01 -5.660937830e+01 +1.8752e+00 +2.8968e+00
273 0 +4.460102499e-04 +4.460102499e-04 -5.660955399e+01 -5.660955399e+01 +1.8778e+00 +2.8980e+00
403 0 +4.186637423e-04 +4.186637423e-04 -5.660958134e+01 -5.660958134e+01 +1.8792e+00 +2.8985e+00
420 0 +4.078359549e-04 +4.078359549e-04 -5.660959216e+01 -5.660959216e+01 +1.8799e+00 +2.8987e+00
487 0 +4.058505398e-04 +4.058505398e-04 -5.660959415e+01 -5.660959415e+01 +1.8800e+00 +2.8988e+00
% f evaluations | g evaluations | best noise-free fitness - Fopt | noise-free fitness - Fopt (3.270000000000e+01) | measured fitness | best measured fitness | x1 | x2...
1 0 +9.204283155e+00 +9.204283155e+00 +4.190428315e+01 +4.190428315e+01 +4.8994e-01 -1.0679e+00
4 0 +9.426056548e-02 +9.426056548e-02 +3.279426057e+01 +3.279426057e+01 -2.2053e+00 -1.4356e+00
39 0 +1.327193941e-02 +1.327193941e-02 +3.271327194e+01 +3.271327194e+01 -1.9665e+00 -1.6393e+00
103 0 +1.282398853e-02 +1.282398853e-02 +3.271282399e+01 +3.271282399e+01 -1.9721e+00 -1.6371e+00
118 0 +7.009193868e-03 +7.009193868e-03 +3.270700919e+01 +3.270700919e+01 -2.0024e+00 -1.6445e+00
122 0 +6.626760216e-03 +6.626760216e-03 +3.270662676e+01 +3.270662676e+01 -1.9891e+00 -1.6504e+00
123 0 +4.984834559e-03 +4.984834559e-03 +3.270498483e+01 +3.270498483e+01 -1.9864e+00 -1.6390e+00
163 0 +7.114979081e-04 +7.114979081e-04 +3.270071150e+01 +3.270071150e+01 -2.0295e+00 -1.6231e+00
256 0 +4.340478753e-04 +4.340478753e-04 +3.270043405e+01 +3.270043405e+01 -2.0617e+00 -1.6079e+00
273 0 +2.121603076e-04 +2.121603076e-04 +3.270021216e+01 +3.270021216e+01 -2.0679e+00 -1.6052e+00
358 0 +1.758653327e-04 +1.758653327e-04 +3.270017587e+01 +3.270017587e+01 -2.0675e+00 -1.6054e+00
363 0 +1.256549946e-04 +1.256549946e-04 +3.270012565e+01 +3.270012565e+01 -2.0676e+00 -1.6055e+00
405 0 +3.140235776e-05 +3.140235776e-05 +3.270003140e+01 +3.270003140e+01 -2.0680e+00 -1.6055e+00
422 0 +2.260983545e-05 +2.260983545e-05 +3.270002261e+01 +3.270002261e+01 -2.0678e+00 -1.6055e+00
429 0 +1.536412154e-05 +1.536412154e-05 +3.270001536e+01 +3.270001536e+01 -2.0680e+00 -1.6055e+00
453 0 +9.062729475e-06 +9.062729475e-06 +3.270000906e+01 +3.270000906e+01 -2.0678e+00 -1.6055e+00
467 0 +2.160665225e-06 +2.160665225e-06 +3.270000216e+01 +3.270000216e+01 -2.0678e+00 -1.6055e+00
544 0 +1.043887856e-06 +1.043887856e-06 +3.270000104e+01 +3.270000104e+01 -2.0678e+00 -1.6055e+00
578 0 +8.695505826e-07 +8.695505826e-07 +3.270000087e+01 +3.270000087e+01 -2.0678e+00 -1.6055e+00
605 0 +7.445859609e-07 +7.445859609e-07 +3.270000074e+01 +3.270000074e+01 -2.0678e+00 -1.6055e+00
638 0 +7.406737907e-07 +7.406737907e-07 +3.270000074e+01 +3.270000074e+01 -2.0678e+00 -1.6055e+00
% f evaluations | g evaluations | best noise-free fitness - Fopt | noise-free fitness - Fopt (-3.943000000000e+01) | measured fitness | best measured fitness | x1 | x2...
1 0 +1.206408716e+01 +1.206408716e+01 -2.736591284e+01 -2.736591284e+01 +1.6561e+00 -7.8087e-01
2 0 +2.328935105e+00 +2.328935105e+00 -3.710106490e+01 -3.710106490e+01 +2.9648e+00 +1.1204e+00
16 0 +5.427247423e-01 +5.427247423e-01 -3.888727526e+01 -3.888727526e+01 +4.2462e+00 +2.8606e+00
26 0 +2.562176261e-01 +2.562176261e-01 -3.917378237e+01 -3.917378237e+01 +4.2032e+00 +3.1493e+00
40 0 +1.947992977e-01 +1.947992977e-01 -3.923520070e+01 -3.923520070e+01 +3.8635e+00 +3.1868e+00
66 0 +5.720071357e-02 +5.720071357e-02 -3.937279929e+01 -3.937279929e+01 +3.7217e+00 +3.4342e+00
77 0 +2.040672907e-02 +2.040672907e-02 -3.940959327e+01 -3.940959327e+01 +3.5959e+00 +3.3926e+00
133 0 +5.434373108e-03 +5.434373108e-03 -3.942456563e+01 -3.942456563e+01 +3.5984e+00 +3.3701e+00
158 0 +6.394125050e-04 +6.394125050e-04 -3.942936059e+01 -3.942936059e+01 +3.7306e+00 +3.3766e+00
213 0 +3.878085614e-04 +3.878085614e-04 -3.942961219e+01 -3.942961219e+01 +3.7640e+00 +3.3780e+00
259 0 +2.451202564e-04 +2.451202564e-04 -3.942975488e+01 -3.942975488e+01 +3.8225e+00 +3.3805e+00
281 0 +1.029985175e-04 +1.029985175e-04 -3.942989700e+01 -3.942989700e+01 +3.7876e+00 +3.3790e+00
284 0 +5.772336578e-05 +5.772336578e-05 -3.942994228e+01 -3.942994228e+01 +3.7685e+00 +3.3784e+00
333 0 +3.252899792e-05 +3.252899792e-05 -3.942996747e+01 -3.942996747e+01 +3.7632e+00 +3.3783e+00
344 0 +1.993147576e-05 +1.993147576e-05 -3.942998007e+01 -3.942998007e+01 +3.7661e+00 +3.3784e+00
351 0 +7.697297463e-06 +7.697297463e-06 -3.942999230e+01 -3.942999230e+01 +3.7639e+00 +3.3784e+00
369 0 +7.438298780e-06 +7.438298780e-06 -3.942999256e+01 -3.942999256e+01 +3.7634e+00 +3.3783e+00
424 0 +2.218419162e-06 +2.218419162e-06 -3.942999778e+01 -3.942999778e+01 +3.7630e+00 +3.3783e+00
453 0 +2.002873764e-06 +2.002873764e-06 -3.942999800e+01 -3.942999800e+01 +3.7630e+00 +3.3783e+00
456 0 +4.817881916e-07 +4.817881916e-07 -3.942999952e+01 -3.942999952e+01 +3.7632e+00 +3.3783e+00
471 0 +2.098993974e-07 +2.098993974e-07 -3.942999979e+01 -3.942999979e+01 +3.7633e+00 +3.3783e+00
476 0 +6.353971571e-08 +6.353971571e-08 -3.942999994e+01 -3.942999994e+01 +3.7631e+00 +3.3783e+00
534 0 +4.131635478e-08 +4.131635478e-08 -3.942999996e+01 -3.942999996e+01 +3.7631e+00 +3.3783e+00
584 0 +1.763036295e-08 +1.763036295e-08 -3.942999998e+01 -3.942999998e+01 +3.7631e+00 +3.3783e+00
685 0 +1.540586680e-08 +1.540586680e-08 -3.942999998e+01 -3.942999998e+01 +3.7631e+00 +3.3783e+00
% f evaluations | g evaluations | best noise-free fitness - Fopt | noise-free fitness - Fopt (4.197200000000e+02) | measured fitness | best measured fitness | x1 | x2...
1 0 +1.693946151e+02 +1.693946151e+02 +5.891146151e+02 +5.891146151e+02 -1.2240e+00 -2.7993e+00
2 0 +1.037004382e+00 +1.037004382e+00 +4.207570044e+02 +4.207570044e+02 -1.4071e+00 +1.7710e+00
54 0 +3.140560591e-01 +3.140560591e-01 +4.200340561e+02 +4.200340561e+02 -1.1616e+00 +2.0828e+00
59 0 +1.008093935e-01 +1.008093935e-01 +4.198208094e+02 +4.198208094e+02 -1.2575e+00 +2.3184e+00
104 0 +2.263573288e-02 +2.263573288e-02 +4.197426357e+02 +4.197426357e+02 -1.1546e+00 +2.6452e+00
143 0 +2.577996273e-03 +2.577996273e-03 +4.197225780e+02 +4.197225780e+02 -1.1777e+00 +2.6634e+00
184 0 +9.337665447e-04 +9.337665447e-04 +4.197209338e+02 +4.197209338e+02 -1.1706e+00 +2.7157e+00
223 0 +7.257595373e-04 +7.257595373e-04 +4.197207258e+02 +4.197207258e+02 -1.1708e+00 +2.6981e+00
233 0 +2.215856031e-04 +2.215856031e-04 +4.197202216e+02 +4.197202216e+02 -1.1681e+00 +2.7315e+00
297 0 +1.668080729e-04 +1.668080729e-04 +4.197201668e+02 +4.197201668e+02 -1.1686e+00 +2.7268e+00
321 0 +1.403207944e-04 +1.403207944e-04 +4.197201403e+02 +4.197201403e+02 -1.1686e+00 +2.7267e+00
323 0 +3.705091456e-05 +3.705091456e-05 +4.197200371e+02 +4.197200371e+02 -1.1684e+00 +2.7269e+00
456 0 +3.614859423e-05 +3.614859423e-05 +4.197200361e+02 +4.197200361e+02 -1.1684e+00 +2.7271e+00
% f evaluations | g evaluations | best noise-free fitness - Fopt | noise-free fitness - Fopt (7.640000000000e+00) | measured fitness | best measured fitness | x1 | x2...
1 0 +1.460470965e+01 +1.460470965e+01 +2.224470965e+01 +2.224470965e+01 +4.0067e+00 -3.5803e+00
2 0 +5.157933662e+00 +5.157933662e+00 +1.279793366e+01 +1.279793366e+01 +1.5412e+00 +2.0742e+00
3 0 +8.405135131e-01 +8.405135131e-01 +8.480513513e+00 +8.480513513e+00 +4.2235e+00 +3.2785e+00
33 0 +3.749377405e-01 +3.749377405e-01 +8.014937740e+00 +8.014937740e+00 +3.7964e+00 +2.9341e+00
40 0 +3.190956668e-01 +3.190956668e-01 +7.959095667e+00 +7.959095667e+00 +4.0598e+00 +2.2453e+00
52 0 +2.558206999e-01 +2.558206999e-01 +7.895820700e+00 +7.895820700e+00 +3.4061e+00 +2.3976e+00
54 0 +1.352282047e-01 +1.352282047e-01 +7.775228205e+00 +7.775228205e+00 +4.0135e+00 +2.4812e+00
86 0 +7.324321809e-02 +7.324321809e-02 +7.713243218e+00 +7.713243218e+00 +3.8519e+00 +2.5899e+00
107 0 +1.523725720e-02 +1.523725720e-02 +7.655237257e+00 +7.655237257e+00 +3.5182e+00 +2.6141e+00
109 0 +1.360087142e-02 +1.360087142e-02 +7.653600871e+00 +7.653600871e+00 +3.7495e+00 +2.5555e+00
130 0 +1.190338920e-02 +1.190338920e-02 +7.651903389e+00 +7.651903389e+00 +3.7220e+00 +2.5724e+00
160 0 +1.115661759e-02 +1.115661759e-02 +7.651156618e+00 +7.651156618e+00 +3.7323e+00 +2.5580e+00
161 0 +9.776884995e-03 +9.776884995e-03 +7.649776885e+00 +7.649776885e+00 +3.7244e+00 +2.5616e+00
165 0 +7.737134079e-03 +7.737134079e-03 +7.647737134e+00 +7.647737134e+00 +3.7085e+00 +2.5667e+00
181 0 +5.384262832e-03 +5.384262832e-03 +7.645384263e+00 +7.645384263e+00 +3.6522e+00 +2.5917e+00
202 0 +5.213246701e-03 +5.213246701e-03 +7.645213247e+00 +7.645213247e+00 +3.6789e+00 +2.5753e+00
209 0 +3.309433830e-03 +3.309433830e-03 +7.643309434e+00 +7.643309434e+00 +3.6616e+00 +2.5848e+00
218 0 +3.002159572e-03 +3.002159572e-03 +7.643002160e+00 +7.643002160e+00 +3.6392e+00 +2.5885e+00
265 0 +2.656657909e-03 +2.656657909e-03 +7.642656658e+00 +7.642656658e+00 +3.6475e+00 +2.5897e+00
281 0 +1.644733493e-03 +1.644733493e-03 +7.641644733e+00 +7.641644733e+00 +3.6343e+00 +2.5928e+00
320 0 +1.585148993e-03 +1.585148993e-03 +7.641585149e+00 +7.641585149e+00 +3.6333e+00 +2.5928e+00
323 0 +1.551554943e-03 +1.551554943e-03 +7.641551555e+00 +7.641551555e+00 +3.6318e+00 +2.5930e+00
355 0 +1.452543397e-03 +1.452543397e-03 +7.641452543e+00 +7.641452543e+00 +3.6284e+00 +2.5949e+00
364 0 +1.415835843e-03 +1.415835843e-03 +7.641415836e+00 +7.641415836e+00 +3.6292e+00 +2.5942e+00
372 0 +1.411281060e-03 +1.411281060e-03 +7.641411281e+00 +7.641411281e+00 +3.6283e+00 +2.5948e+00
381 0 +1.324435103e-03 +1.324435103e-03 +7.641324435e+00 +7.641324435e+00 +3.6268e+00 +2.5950e+00
384 0 +1.297986205e-03 +1.297986205e-03 +7.641297986e+00 +7.641297986e+00 +3.6252e+00 +2.5951e+00
402 0 +1.284892304e-03 +1.284892304e-03 +7.641284892e+00 +7.641284892e+00 +3.6250e+00 +2.5952e+00
422 0 +1.244778239e-03 +1.244778239e-03 +7.641244778e+00 +7.641244778e+00 +3.6247e+00 +2.5956e+00
452 0 +1.204519480e-03 +1.204519480e-03 +7.641204519e+00 +7.641204519e+00 +3.6233e+00 +2.5959e+00
463 0 +1.201078343e-03 +1.201078343e-03 +7.641201078e+00 +7.641201078e+00 +3.6230e+00 +2.5964e+00
470 0 +1.160057081e-03 +1.160057081e-03 +7.641160057e+00 +7.641160057e+00 +3.6221e+00 +2.5963e+00
495 0 +1.144667527e-03 +1.144667527e-03 +7.641144668e+00 +7.641144668e+00 +3.6218e+00 +2.5965e+00
531 0 +1.116027628e-03 +1.116027628e-03 +7.641116028e+00 +7.641116028e+00 +3.6209e+00 +2.5967e+00
624 0 +1.090021459e-03 +1.090021459e-03 +7.641090021e+00 +7.641090021e+00 +3.6201e+00 +2.5970e+00
936 0 +1.071497421e-03 +1.071497421e-03 +7.641071497e+00 +7.641071497e+00 +3.6197e+00 +2.5972e+00
% f evaluations | g evaluations | best noise-free fitness - Fopt | noise-free fitness - Fopt (-1.276800000000e+02) | measured fitness | best measured fitness | x1 | x2...
1 0 +9.984241933e+01 +9.984241933e+01 -2.783758067e+01 -2.783758067e+01 -3.9711e+00 +8.6414e-01
2 0 +2.154074882e+01 +2.154074882e+01 -1.061392512e+02 -1.061392512e+02 +4.8369e+00 +2.7422e+00
3 0 +7.498679086e+00 +7.498679086e+00 -1.201813209e+02 -1.201813209e+02 -1.3786e+00 -4.3927e-01
11 0 +5.110457124e+00 +5.110457124e+00 -1.225695429e+02 -1.225695429e+02 -1.8037e-01 +2.2185e+00
12 0 +3.970042066e+00 +3.970042066e+00 -1.237099579e+02 -1.237099579e+02 +7.9286e-01 +1.0917e-01
16 0 +3.691492720e-01 +3.691492720e-01 -1.273108507e+02 -1.273108507e+02 +2.3768e+00 +3.3514e+00
62 0 +1.513193192e-01 +1.513193192e-01 -1.275286807e+02 -1.275286807e+02 +2.5179e+00 +3.8553e+00
108 0 +8.731172122e-02 +8.731172122e-02 -1.275926883e+02 -1.275926883e+02 +2.5177e+00 +3.7852e+00
111 0 +7.928665947e-02 +7.928665947e-02 -1.276007133e+02 -1.276007133e+02 +2.5900e+00 +3.7393e+00
113 0 +4.697526697e-02 +4.697526697e-02 -1.276330247e+02 -1.276330247e+02 +2.5091e+00 +3.7435e+00
128 0 +2.670154123e-02 +2.670154123e-02 -1.276532985e+02 -1.276532985e+02 +2.4104e+00 +3.7650e+00
144 0 +2.287517792e-02 +2.287517792e-02 -1.276571248e+02 -1.276571248e+02 +2.2839e+00 +3.8134e+00
164 0 +2.656434675e-03 +2.656434675e-03 -1.276773436e+02 -1.276773436e+02 +2.2837e+00 +3.7859e+00
165 0 +9.219777483e-04 +9.219777483e-04 -1.276790780e+02 -1.276790780e+02 +2.2916e+00 +3.7845e+00
183 0 +4.949772726e-04 +4.949772726e-04 -1.276795050e+02 -1.276795050e+02 +2.2815e+00 +3.7891e+00
207 0 +3.166794729e-04 +3.166794729e-04 -1.276796833e+02 -1.276796833e+02 +2.2855e+00 +3.7877e+00
214 0 +1.416422013e-04 +1.416422013e-04 -1.276798584e+02 -1.276798584e+02 +2.2809e+00 +3.7901e+00
217 0 +1.142147250e-04 +1.142147250e-04 -1.276798858e+02 -1.276798858e+02 +2.2829e+00 +3.7892e+00
259 0 +1.153065067e-05 +1.153065067e-05 -1.276799885e+02 -1.276799885e+02 +2.2830e+00 +3.7891e+00
474 0 +1.116324121e-05 +1.116324121e-05 -1.276799888e+02 -1.276799888e+02 +2.2830e+00 +3.7891e+00
515 0 +1.095431735e-05 +1.095431735e-05 -1.276799890e+02 -1.276799890e+02 +2.2829e+00 +3.7891e+00
% f evaluations | g evaluations | best noise-free fitness - Fopt | noise-free fitness - Fopt (-3.650000000000e+01) | measured fitness | best measured fitness | x1 | x2...
1 0 +5.990033157e+01 +5.990033157e+01 +2.340033157e+01 +2.340033157e+01 +4.9672e-01 -4.6443e+00
2 0 +3.254545068e+00 +3.254545068e+00 -3.324545493e+01 -3.324545493e+01 +2.3982e+00 -2.4919e+00
16 0 +1.626291146e+00 +1.626291146e+00 -3.487370885e+01 -3.487370885e+01 +2.5106e+00 -1.1282e+00
24 0 +9.787856922e-01 +9.787856922e-01 -3.552121431e+01 -3.552121431e+01 +2.4562e+00 -4.1894e-01
55 0 +8.605961718e-02 +8.605961718e-02 -3.641394038e+01 -3.641394038e+01 +1.7051e+00 +3.0798e-01
115 0 +3.570589866e-02 +3.570589866e-02 -3.646429410e+01 -3.646429410e+01 +1.8221e+00 +3.3323e-01
137 0 +8.072975829e-03 +8.072975829e-03 -3.649192702e+01 -3.649192702e+01 +1.9836e+00 +4.2938e-01
211 0 +6.151473826e-03 +6.151473826e-03 -3.649384853e+01 -3.649384853e+01 +1.9906e+00 +4.3546e-01
212 0 +5.654823401e-03 +5.654823401e-03 -3.649434518e+01 -3.649434518e+01 +2.0837e+00 +4.8776e-01
214 0 +3.812610042e-03 +3.812610042e-03 -3.649618739e+01 -3.649618739e+01 +1.9792e+00 +4.3250e-01
221 0 +3.166874424e-03 +3.166874424e-03 -3.649683313e+01 -3.649683313e+01 +1.9820e+00 +4.3487e-01
266 0 +2.369789672e-03 +2.369789672e-03 -3.649763021e+01 -3.649763021e+01 +1.9818e+00 +4.3658e-01
274 0 +2.250142031e-03 +2.250142031e-03 -3.649774986e+01 -3.649774986e+01 +1.9826e+00 +4.3750e-01
324 0 +2.228230559e-03 +2.228230559e-03 -3.649777177e+01 -3.649777177e+01 +1.9834e+00 +4.3774e-01
447 0 +2.177110342e-03 +2.177110342e-03 -3.649782289e+01 -3.649782289e+01 +1.9837e+00 +4.3830e-01
525 0 +2.137796573e-03 +2.137796573e-03 -3.649786220e+01 -3.649786220e+01 +1.9845e+00 +4.3860e-01
1143 0 +2.089008165e-03 +2.089008165e-03 -3.649791099e+01 -3.649791099e+01 +1.9853e+00 +4.3909e-01
% f evaluations | g evaluations | best noise-free fitness - Fopt | noise-free fitness - Fopt (1.728700000000e+02) | measured fitness | best measured fitness | x1 | x2...
1 0 +7.457304165e+01 +7.457304165e+01 +2.474430416e+02 +2.474430416e+02 -1.5085e+00 +2.1700e+00
4 0 +3.826132581e+00 +3.826132581e+00 +1.766961326e+02 +1.766961326e+02 +2.7325e+00 +3.0193e+00
7 0 +2.520480950e+00 +2.520480950e+00 +1.753904810e+02 +1.753904810e+02 +4.4391e+00 -2.1471e+00
13 0 +4.579790674e-01 +4.579790674e-01 +1.733279791e+02 +1.733279791e+02 +2.4576e+00 -1.2535e+00
18 0 +3.356367874e-01 +3.356367874e-01 +1.732056368e+02 +1.732056368e+02 +3.7128e+00 -8.5580e-01
57 0 +1.161459776e-01 +1.161459776e-01 +1.729861460e+02 +1.729861460e+02 +3.2864e+00 -8.8578e-01
79 0 +7.186482916e-02 +7.186482916e-02 +1.729418648e+02 +1.729418648e+02 +3.1964e+00 -8.5143e-01
121 0 +4.297209357e-03 +4.297209357e-03 +1.728742972e+02 +1.728742972e+02 +2.8753e+00 -8.0981e-01
160 0 +1.049994969e-03 +1.049994969e-03 +1.728710500e+02 +1.728710500e+02 +2.9903e+00 -7.9946e-01
260 0 +5.407279503e-04 +5.407279503e-04 +1.728705407e+02 +1.728705407e+02 +2.9811e+00 -8.0199e-01
261 0 +2.247764164e-04 +2.247764164e-04 +1.728702248e+02 +1.728702248e+02 +2.9664e+00 -8.0302e-01
294 0 +2.192259965e-04 +2.192259965e-04 +1.728702192e+02 +1.728702192e+02 +2.9891e+00 -8.0085e-01
312 0 +1.803469175e-04 +1.803469175e-04 +1.728701803e+02 +1.728701803e+02 +2.9923e+00 -8.0048e-01
318 0 +1.768383937e-04 +1.768383937e-04 +1.728701768e+02 +1.728701768e+02 +2.9707e+00 -8.0250e-01
322 0 +1.548928363e-04 +1.548928363e-04 +1.728701549e+02 +1.728701549e+02 +2.9896e+00 -8.0044e-01
323 0 +1.316981208e-04 +1.316981208e-04 +1.728701317e+02 +1.728701317e+02 +2.9890e+00 -8.0076e-01
340 0 +5.553486366e-05 +5.553486366e-05 +1.728700555e+02 +1.728700555e+02 +2.9901e+00 -8.0056e-01
364 0 +5.000245656e-05 +5.000245656e-05 +1.728700500e+02 +1.728700500e+02 +2.9899e+00 -8.0056e-01
525 0 +4.892199132e-05 +4.892199132e-05 +1.728700489e+02 +1.728700489e+02 +2.9900e+00 -8.0054e-01
% f evaluations | g evaluations | best noise-free fitness - Fopt | noise-free fitness - Fopt (1.577200000000e+02) | measured fitness | best measured fitness | x1 | x2...
1 0 +1.587197500e+02 +1.587197500e+02 +3.164397500e+02 +3.164397500e+02 +4.7158e+00 +3.5955e+00
2 0 +5.646402993e+01 +5.646402993e+01 +2.141840299e+02 +2.141840299e+02 +1.0143e+00 -2.1940e+00
3 0 +1.651520798e+01 +1.651520798e+01 +1.742352080e+02 +1.742352080e+02 -3.6800e+00 +3.5985e+00
7 0 +3.258587223e+00 +3.258587223e+00 +1.609785872e+02 +1.609785872e+02 -3.8637e+00 -4.7706e+00
12 0 +2.707328820e+00 +2.707328820e+00 +1.604273288e+02 +1.604273288e+02 -1.3076e+00 -1.3713e+00
13 0 +6.218184534e-02 +6.218184534e-02 +1.577821818e+02 +1.577821818e+02 -2.7213e+00 -1.7838e+00
62 0 +3.227353211e-02 +3.227353211e-02 +1.577522735e+02 +1.577522735e+02 -2.5659e+00 -1.7723e+00
68 0 +1.611188238e-02 +1.611188238e-02 +1.577361119e+02 +1.577361119e+02 -2.6876e+00 -1.7142e+00
122 0 +1.309605981e-02 +1.309605981e-02 +1.577330961e+02 +1.577330961e+02 -2.6476e+00 -1.7475e+00
167 0 +1.006397009e-02 +1.006397009e-02 +1.577300640e+02 +1.577300640e+02 -2.6692e+00 -1.7405e+00
226 0 +9.954460448e-03 +9.954460448e-03 +1.577299545e+02 +1.577299545e+02 -2.6691e+00 -1.7402e+00
230 0 +9.313281121e-03 +9.313281121e-03 +1.577293133e+02 +1.577293133e+02 -2.6692e+00 -1.7379e+00
239 0 +8.322768353e-03 +8.322768353e-03 +1.577283228e+02 +1.577283228e+02 -2.6751e+00 -1.7339e+00
245 0 +4.427499697e-03 +4.427499697e-03 +1.577244275e+02 +1.577244275e+02 -2.7118e+00 -1.7219e+00
259 0 +3.388998703e-03 +3.388998703e-03 +1.577233890e+02 +1.577233890e+02 -2.7273e+00 -1.7148e+00
324 0 +3.241230381e-03 +3.241230381e-03 +1.577232412e+02 +1.577232412e+02 -2.7273e+00 -1.7154e+00
327 0 +3.166321262e-03 +3.166321262e-03 +1.577231663e+02 +1.577231663e+02 -2.7364e+00 -1.7146e+00
331 0 +2.986483022e-03 +2.986483022e-03 +1.577229865e+02 +1.577229865e+02 -2.7346e+00 -1.7121e+00
342 0 +2.869759467e-03 +2.869759467e-03 +1.577228698e+02 +1.577228698e+02 -2.7326e+00 -1.7144e+00
388 0 +2.659993628e-03 +2.659993628e-03 +1.577226600e+02 +1.577226600e+02 -2.7361e+00 -1.7133e+00
424 0 +2.554869431e-03 +2.554869431e-03 +1.577225549e+02 +1.577225549e+02 -2.7396e+00 -1.7108e+00
467 0 +2.422525995e-03 +2.422525995e-03 +1.577224225e+02 +1.577224225e+02 -2.7401e+00 -1.7111e+00
478 0 +2.393048745e-03 +2.393048745e-03 +1.577223930e+02 +1.577223930e+02 -2.7402e+00 -1.7115e+00
480 0 +2.286415638e-03 +2.286415638e-03 +1.577222864e+02 +1.577222864e+02 -2.7422e+00 -1.7109e+00
521 0 +2.228940987e-03 +2.228940987e-03 +1.577222289e+02 +1.577222289e+02 -2.7435e+00 -1.7106e+00
549 0 +2.182373193e-03 +2.182373193e-03 +1.577221824e+02 +1.577221824e+02 -2.7442e+00 -1.7098e+00
580 0 +2.128012155e-03 +2.128012155e-03 +1.577221280e+02 +1.577221280e+02 -2.7451e+00 -1.7098e+00
641 0 +2.087569468e-03 +2.087569468e-03 +1.577220876e+02 +1.577220876e+02 -2.7458e+00 -1.7094e+00
795 0 +2.039162566e-03 +2.039162566e-03 +1.577220392e+02 +1.577220392e+02 -2.7470e+00 -1.7093e+00
8009 0 +1.995244768e-03 +1.995244768e-03 +1.577219952e+02 +1.577219952e+02 -2.7479e+00 -1.7090e+00
% f evaluations | g evaluations | best noise-free fitness - Fopt | noise-free fitness - Fopt (2.819000000000e+01) | measured fitness | best measured fitness | x1 | x2...
1 0 +1.095098539e+01 +1.095098539e+01 +3.914098539e+01 +3.914098539e+01 -6.5433e-01 +3.8091e+00
2 0 +5.649227372e+00 +5.649227372e+00 +3.383922737e+01 +3.383922737e+01 +1.7578e-02 +3.7786e+00
3 0 +5.328240789e-01 +5.328240789e-01 +2.872282408e+01 +2.872282408e+01 +2.5613e+00 -3.1400e-01
51 0 +4.487372789e-01 +4.487372789e-01 +2.863873728e+01 +2.863873728e+01 +2.4098e+00 -1.1070e+00
59 0 +2.532805041e-01 +2.532805041e-01 +2.844328050e+01 +2.844328050e+01 +2.2240e+00 -4.4790e-01
60 0 +1.113429235e-01 +1.113429235e-01 +2.830134292e+01 +2.830134292e+01 +2.0618e+00 -8.1915e-01
77 0 +5.519608917e-02 +5.519608917e-02 +2.824519609e+01 +2.824519609e+01 +1.7227e+00 -7.8973e-01
112 0 +4.747267309e-02 +4.747267309e-02 +2.823747267e+01 +2.823747267e+01 +1.7369e+00 -7.8090e-01
133 0 +2.171789201e-02 +2.171789201e-02 +2.821171789e+01 +2.821171789e+01 +1.7195e+00 -7.1303e-01
155 0 +2.046730618e-02 +2.046730618e-02 +2.821046731e+01 +2.821046731e+01 +1.7274e+00 -7.1363e-01
160 0 +1.740015889e-02 +1.740015889e-02 +2.820740016e+01 +2.820740016e+01 +1.7024e+00 -7.1893e-01
173 0 +2.455051094e-03 +2.455051094e-03 +2.819245505e+01 +2.819245505e+01 +1.7229e+00 -7.3516e-01
267 0 +2.343707943e-03 +2.343707943e-03 +2.819234371e+01 +2.819234371e+01 +1.7228e+00 -7.3431e-01
300 0 +8.552032263e-04 +8.552032263e-04 +2.819085520e+01 +2.819085520e+01 +1.7627e+00 -7.3097e-01
317 0 +7.411916318e-04 +7.411916318e-04 +2.819074119e+01 +2.819074119e+01 +1.7658e+00 -7.3086e-01
324 0 +5.545469532e-04 +5.545469532e-04 +2.819055455e+01 +2.819055455e+01 +1.7739e+00 -7.3052e-01
369 0 +5.377358756e-04 +5.377358756e-04 +2.819053774e+01 +2.819053774e+01 +1.7760e+00 -7.3043e-01
397 0 +4.997063863e-04 +4.997063863e-04 +2.819049971e+01 +2.819049971e+01 +1.7763e+00 -7.3027e-01
457 0 +4.527377660e-04 +4.527377660e-04 +2.819045274e+01 +2.819045274e+01 +1.7793e+00 -7.2988e-01
467 0 +4.355948238e-04 +4.355948238e-04 +2.819043559e+01 +2.819043559e+01 +1.7801e+00 -7.2982e-01
472 0 +4.151870705e-04 +4.151870705e-04 +2.819041519e+01 +2.819041519e+01 +1.7811e+00 -7.2989e-01
512 0 +3.773101363e-04 +3.773101363e-04 +2.819037731e+01 +2.819037731e+01 +1.7837e+00 -7.2971e-01
528 0 +3.647328003e-04 +3.647328003e-04 +2.819036473e+01 +2.819036473e+01 +1.7840e+00 -7.2959e-01
555 0 +3.562191367e-04 +3.562191367e-04 +2.819035622e+01 +2.819035622e+01 +1.7845e+00 -7.2957e-01
580 0 +3.536441311e-04 +3.536441311e-04 +2.819035364e+01 +2.819035364e+01 +1.7847e+00 -7.2956e-01
589 0 +3.420535858e-04 +3.420535858e-04 +2.819034205e+01 +2.819034205e+01 +1.7855e+00 -7.2950e-01
629 0 +3.269637992e-04 +3.269637992e-04 +2.819032696e+01 +2.819032696e+01 +1.7870e+00 -7.2944e-01
679 0 +3.221562427e-04 +3.221562427e-04 +2.819032216e+01 +2.819032216e+01 +1.7870e+00 -7.2941e-01
695 0 +3.156768356e-04 +3.156768356e-04 +2.819031568e+01 +2.819031568e+01 +1.7874e+00 -7.2937e-01
779 0 +3.086091828e-04 +3.086091828e-04 +2.819030861e+01 +2.819030861e+01 +1.7879e+00 -7.2932e-01
915 0 +3.015678249e-04 +3.015678249e-04 +2.819030157e+01 +2.819030157e+01 +1.7884e+00 -7.2927e-01
1126 0 +2.950160045e-04 +2.950160045e-04 +2.819029502e+01 +2.819029502e+01 +1.7890e+00 -7.2925e-01
8792 0 +2.883527752e-04 +2.883527752e-04 +2.819028835e+01 +2.819028835e+01 +1.7895e+00 -7.2921e-01
% f evaluations | g evaluations | best noise-free fitness - Fopt | noise-free fitness - Fopt (-9.925000000000e+01) | measured fitness | best measured fitness | x1 | x2...
1 0 +9.156838286e+00 +9.156838286e+00 -9.009316171e+01 -9.009316171e+01 -1.1085e+00 -3.5675e+00
8 0 +6.156688441e+00 +6.156688441e+00 -9.309331156e+01 -9.309331156e+01 +4.6313e+00 +3.8433e-01
10 0 +7.881180085e-01 +7.881180085e-01 -9.846188199e+01 -9.846188199e+01 +2.4349e+00 -2.5769e+00
12 0 +3.524089951e-01 +3.524089951e-01 -9.889759100e+01 -9.889759100e+01 +1.9100e+00 -2.9399e+00
84 0 +3.359732289e-01 +3.359732289e-01 -9.891402677e+01 -9.891402677e+01 +2.0254e+00 -2.9161e+00
86 0 +1.411741273e-01 +1.411741273e-01 -9.910882587e+01 -9.910882587e+01 +2.2055e+00 -3.2480e+00
112 0 +8.850643609e-02 +8.850643609e-02 -9.916149356e+01 -9.916149356e+01 +1.9763e+00 -3.2973e+00
131 0 +8.229915456e-02 +8.229915456e-02 -9.916770085e+01 -9.916770085e+01 +2.1885e+00 -3.5868e+00
134 0 +4.433438600e-02 +4.433438600e-02 -9.920566561e+01 -9.920566561e+01 +2.0585e+00 -3.3485e+00
162 0 +1.918428410e-02 +1.918428410e-02 -9.923081572e+01 -9.923081572e+01 +2.0975e+00 -3.3388e+00
218 0 +1.884559330e-02 +1.884559330e-02 -9.923115441e+01 -9.923115441e+01 +2.0974e+00 -3.3454e+00
225 0 +1.703152537e-02 +1.703152537e-02 -9.923296847e+01 -9.923296847e+01 +2.1034e+00 -3.3537e+00
230 0 +1.263273579e-02 +1.263273579e-02 -9.923736726e+01 -9.923736726e+01 +2.1191e+00 -3.3662e+00
261 0 +1.243888622e-02 +1.243888622e-02 -9.923756111e+01 -9.923756111e+01 +2.1196e+00 -3.3704e+00
312 0 +1.211780019e-02 +1.211780019e-02 -9.923788220e+01 -9.923788220e+01 +2.1209e+00 -3.3714e+00
314 0 +1.186695044e-02 +1.186695044e-02 -9.923813305e+01 -9.923813305e+01 +2.1248e+00 -3.3687e+00
336 0 +1.172727365e-02 +1.172727365e-02 -9.923827273e+01 -9.923827273e+01 +2.1227e+00 -3.3705e+00
363 0 +1.044127456e-02 +1.044127456e-02 -9.923955873e+01 -9.923955873e+01 +2.1361e+00 -3.3792e+00
420 0 +9.787653008e-03 +9.787653008e-03 -9.924021235e+01 -9.924021235e+01 +2.1318e+00 -3.3801e+00
436 0 +9.634792114e-03 +9.634792114e-03 -9.924036521e+01 -9.924036521e+01 +2.1327e+00 -3.3809e+00
437 0 +9.057143653e-03 +9.057143653e-03 -9.924094286e+01 -9.924094286e+01 +2.1356e+00 -3.3843e+00
468 0 +8.819262414e-03 +8.819262414e-03 -9.924118074e+01 -9.924118074e+01 +2.1356e+00 -3.3892e+00
474 0 +8.461118867e-03 +8.461118867e-03 -9.924153888e+01 -9.924153888e+01 +2.1374e+00 -3.3887e+00
523 0 +8.225099126e-03 +8.225099126e-03 -9.924177490e+01 -9.924177490e+01 +2.1389e+00 -3.3897e+00
578 0 +8.125289257e-03 +8.125289257e-03 -9.924187471e+01 -9.924187471e+01 +2.1400e+00 -3.3902e+00
630 0 +7.938602999e-03 +7.938602999e-03 -9.924206140e+01 -9.924206140e+01 +2.1399e+00 -3.3926e+00
711 0 +7.752558017e-03 +7.752558017e-03 -9.924224744e+01 -9.924224744e+01 +2.1412e+00 -3.3929e+00
834 0 +7.566354828e-03 +7.566354828e-03 -9.924243365e+01 -9.924243365e+01 +2.1419e+00 -3.3948e+00
1041 0 +7.394099432e-03 +7.394099432e-03 -9.924260590e+01 -9.924260590e+01 +2.1429e+00 -3.3957e+00
2287 0 +7.244107637e-03 +7.244107637e-03 -9.924275589e+01 -9.924275589e+01 +2.1445e+00 -3.3962e+00
