% f evaluations | g evaluations | best noise-free fitness - Fopt | noise-free fitness - Fopt (7.948000000000e+01) | measured fitness | best measured fitness | x1 | x2...
1 0 +1.112168583e+01 +1.112168583e+01 +9.060168583e+01 +9.060168583e+01 +7.2395e-01 -3.3623e+00 -3.1808e+00
10 0 +7.690127375e+00 +7.690127375e+00 +8.717012738e+01 +8.717012738e+01 +1.5962e+00 -2.5327e+00 +1.2741e+00
31 0 +6.054091163e+00 +6.054091163e+00 +8.553409116e+01 +8.553409116e+01 -1.7279e+00 -2.6165e+00 -7.4102e-01
42 0 +5.364793095e+00 +5.364793095e+00 +8.484479310e+01 +8.484479310e+01 -2.0579e+00 -1.2342e+00 -8.6353e-01
60 0 +2.084371467e+00 +2.084371467e+00 +8.156437147e+01 +8.156437147e+01 +6.0656e-01 -1.0635e+00 -2.1206e+00
83 0 +1.680575573e+00 +1.680575573e+00 +8.116057557e+01 +8.116057557e+01 +1.4043e+00 -1.7087e+00 -9.4790e-01
159 0 +1.446069770e+00 +1.446069770e+00 +8.092606977e+01 +8.092606977e+01 -9.2654e-01 -1.3755e+00 -6.3793e-01
165 0 +4.488132276e-01 +4.488132276e-01 +7.992881323e+01 +7.992881323e+01 -2.2450e-02 -1.3423e+00 -1.3059e+00
187 0 +2.190860880e-01 +2.190860880e-01 +7.969908609e+01 +7.969908609e+01 +7.0997e-01 -1.1891e+00 -6.2892e-01
952 0 +2.151567532e-01 +2.151567532e-01 +7.969515675e+01 +7.969515675e+01 +4.3267e-02 -1.5121e+00 -9.3610e-01
% f evaluations | g evaluations | best noise-free fitness - Fopt | noise-free fitness - Fopt (3.944800000000e+02) | measured fitness | best measured fitness | x1 | x2...
1 0 +1.310483000e+02 +1.310483000e+02 +5.255283000e+02 +5.255283000e+02 +4.1898e+00 +3.6170e+00 +1.0230e+00
2 0 +3.986804433e+01 +3.986804433e+01 +4.343480443e+02 +4.343480443e+02 -1.3718e+00 +2.7221e+00 -2.3938e+00
7 0 +3.420154771e+01 +3.420154771e+01 +4.286815477e+02 +4.286815477e+02 +1.3062e+00 -4.6283e+00 -1.7792e+00
10 0 +9.997118715e+00 +9.997118715e+00 +4.044771187e+02 +4.044771187e+02 -4.6939e+00 -2.6535e+00 -7.5147e-01
23 0 +1.425983109e+00 +1.425983109e+00 +3.959059831e+02 +3.959059831e+02 -4.3053e+00 -2.0560e+00 -4.5536e+00
110 0 +7.622148732e-02 +7.622148732e-02 +3.945562215e+02 +3.945562215e+02 -3.8747e+00 -2.7037e+00 -3.6004e+00
411 0 +3.998765465e-02 +3.998765465e-02 +3.945199877e+02 +3.945199877e+02 -3.9378e+00 -2.7035e+00 -3.7432e+00
422 0 +7.567209387e-03 +7.567209387e-03 +3.944875672e+02 +3.944875672e+02 -3.8563e+00 -2.8144e+00 -3.7987e+00
435 0 +5.823859223e-03 +5.823859223e-03 +3.944858239e+02 +3.944858239e+02 -3.9009e+00 -2.8909e+00 -3.7261e+00
% f evaluations | g evaluations | best noise-free fitness - Fopt | noise-free fitness - Fopt (-2.471100000000e+02) | measured fitness | best measured fitness | x1 | x2...
1 0 +3.049027130e+00 +3.049027130e+00 -2.440609729e+02 -2.440609729e+02 -4.0431e+00 +1.8317e+00 -1.1043e-01
148 0 +1.956991417e+00 +1.956991417e+00 -2.451530086e+02 -2.451530086e+02 -4.7095e+00 -1.2551e-01 -1.7006e+00
161 0 +4.278994882e-01 +4.278994882e-01 -2.466821005e+02 -2.466821005e+02 -4.3167e+00 +1.0314e-01 -3.0492e-01
% f evaluations | g evaluations | best noise-free fitness - Fopt | noise-free fitness - Fopt (-1.520400000000e+02) | measured fitness | best measured fitness | x1 | x2...
1 0 +8.132413866e+01 +8.132413866e+01 -7.071586134e+01 -7.071586134e+01 -1.3278e+00 +2.6066e+00 +4.9522e+00
2 0 +1.453305282e+01 +1.453305282e+01 -1.375069472e+02 -1.375069472e+02 -1.5078e+00 +4.9093e+00 -3.0047e+00
13 0 +1.118385561e+01 +1.118385561e+01 -1.408561444e+02 -1.408561444e+02 +1.6932e+00 +3.9119e+00 -4.9977e+00
45 0 +4.647922137e+00 +4.647922137e+00 -1.473920779e+02 -1.473920779e+02 -1.2023e+00 -4.9874e-01 -4.2014e+00
51 0 +3.840042705e+00 +3.840042705e+00 -1.481999573e+02 -1.481999573e+02 +4.3415e-02 -4.7373e-01 -4.3019e+00
53 0 +6.007382464e-01 +6.007382464e-01 -1.514392618e+02 -1.514392618e+02 +2.2243e-01 +1.5037e+00 -4.5203e+00
200 0 +4.967419033e-01 +4.967419033e-01 -1.515432581e+02 -1.515432581e+02 +3.5433e-01 +1.7545e+00 -3.9595e+00
428 0 +4.536686710e-01 +4.536686710e-01 -1.515863313e+02 -1.515863313e+02 -1.7431e-01 +1.2817e+00 -4.5766e+00
437 0 +2.801190214e-01 +2.801190214e-01 -1.517598810e+02 -1.517598810e+02 +9.9387e-02 +1.5083e+00 -4.2971e+00
445 0 +4.807849077e-02 +4.807849077e-02 -1.519919215e+02 -1.519919215e+02 -4.5697e-01 +1.5336e+00 -3.9182e+00
% f evaluations | g evaluations | best noise-free fitness - Fopt | noise-free fitness - Fopt (-2.525000000000e+01) | measured fitness | best measured fitness | x1 | x2...
1 0 +8.948651104e+00 +8.948651104e+00 -1.630134890e+01 -1.630134890e+01 +2.2901e+00 -1.2015e+00 -3.3764e+00
3 0 +4.964567882e+00 +4.964567882e+00 -2.028543212e+01 -2.028543212e+01 +3.8803e+00 +2.6370e+00 -4.7998e-01
18 0 +3.705489456e+00 +3.705489456e+00 -2.154451054e+01 -2.154451054e+01 +2.5863e+00 +1.5063e+00 -4.6951e-02
51 0 +1.527743125e+00 +1.527743125e+00 -2.372225688e+01 -2.372225688e+01 +3.9133e+00 +1.5457e+00 -6.4098e-01
137 0 +5.194992016e-01 +5.194992016e-01 -2.473050080e+01 -2.473050080e+01 +3.3210e+00 +1.1358e+00 -9.9403e-01
305 0 +2.835750968e-01 +2.835750968e-01 -2.496642490e+01 -2.496642490e+01 +3.4457e+00 +1.0644e+00 -1.1552e+00
418 0 +1.813744545e-01 +1.813744545e-01 -2.506862555e+01 -2.506862555e+01 +3.3822e+00 +9.7047e-01 -1.2989e+00
664 0 +1.092995736e-01 +1.092995736e-01 -2.514070043e+01 -2.514070043e+01 +3.4286e+00 +8.4753e-01 -1.2493e+00
703 0 +7.610883323e-02 +7.610883323e-02 -2.517389117e+01 -2.517389117e+01 +3.5876e+00 +8.8518e-01 -1.3080e+00
% f evaluations | g evaluations | best noise-free fitness - Fopt | noise-free fitness - Fopt (1.830100000000e+02) | measured fitness | best measured fitness | x1 | x2...
1 0 +1.000740517e+01 +1.000740517e+01 +1.930174052e+02 +1.930174052e+02 -2.1137e+00 +3.3272e+00 +3.0343e-01
33 0 +6.106784161e+00 +6.106784161e+00 +1.891167842e+02 +1.891167842e+02 -2.1495e+00 +1.3226e+00 -1.1385e+00
38 0 +5.218778386e+00 +5.218778386e+00 +1.882287784e+02 +1.882287784e+02 -1.0564e-02 +2.4257e+00 -3.3442e+00
72 0 +2.669222371e+00 +2.669222371e+00 +1.856792224e+02 +1.856792224e+02 -2.3685e+00 +1.7228e+00 -2.0096e+00
123 0 +2.230859980e+00 +2.230859980e+00 +1.852408600e+02 +1.852408600e+02 -9.3704e-01 +2.7056e+00 -2.0550e+00
156 0 +1.833136301e+00 +1.833136301e+00 +1.848431363e+02 +1.848431363e+02 -3.0461e+00 +3.7741e+00 -3.5968e+00
168 0 +1.730686456e+00 +1.730686456e+00 +1.847406865e+02 +1.847406865e+02 -1.1715e+00 +2.4744e+00 -3.4884e+00
172 0 +5.897225721e-01 +5.897225721e-01 +1.835997226e+02 +1.835997226e+02 -2.1203e+00 +3.3640e+00 -2.1299e+00
182 0 +3.822285387e-01 +3.822285387e-01 +1.833922285e+02 +1.833922285e+02 -2.0994e+00 +2.9008e+00 -3.4350e+00
% f evaluations | g evaluations | best noise-free fitness - Fopt | noise-free fitness - Fopt (1.835200000000e+02) | measured fitness | best measured fitness | x1 | x2...
1 0 +1.950912128e+01 +1.950912128e+01 +2.030291213e+02 +2.030291213e+02 +2.8548e+00 -6.2846e-01 -1.8259e+00
3 0 +1.629610092e+01 +1.629610092e+01 +1.998161009e+02 +1.998161009e+02 +3.6313e+00 -4.7728e+00 -8.3061e-01
10 0 +5.654312296e+00 +5.654312296e+00 +1.891743123e+02 +1.891743123e+02 +2.2103e+00 -3.6461e+00 -1.5692e+00
23 0 +9.747397825e-01 +9.747397825e-01 +1.844947398e+02 +1.844947398e+02 +7.6491e-01 -4.4853e+00 -2.0883e+00
155 0 +9.157025615e-01 +9.157025615e-01 +1.844357026e+02 +1.844357026e+02 +7.4486e-01 -4.4672e+00 -2.1064e+00
156 0 +7.289976149e-01 +7.289976149e-01 +1.842489976e+02 +1.842489976e+02 -2.4946e-01 -3.1300e+00 -2.1987e+00
413 0 +6.053209901e-01 +6.053209901e-01 +1.841253210e+02 +1.841253210e+02 +1.5197e-01 -4.6018e+00 -2.7076e+00
415 0 +5.959602890e-01 +5.959602890e-01 +1.841159603e+02 +1.841159603e+02 -3.5260e-01 -4.5207e+00 -2.7231e+00
422 0 +2.281002174e-01 +2.281002174e-01 +1.837481002e+02 +1.837481002e+02 -1.4889e-01 -4.4018e+00 -2.3468e+00
% f evaluations | g evaluations | best noise-free fitness - Fopt | noise-free fitness - Fopt (-5.938400000000e+02) | measured fitness | best measured fitness | x1 | x2...
1 0 +1.707757858e+01 +1.707757858e+01 -5.767624214e+02 -5.767624214e+02 +5.9532e-01 -2.4189e+00 +1.4345e+00
10 0 +1.562590548e+01 +1.562590548e+01 -5.782140945e+02 -5.782140945e+02 -3.1891e+00 +4.1124e-02 -3.3318e+00
13 0 +3.548110904e+00 +3.548110904e+00 -5.902918891e+02 -5.902918891e+02 -2.2233e+00 -1.0391e+00 -8.9199e-01
44 0 +1.544128519e+00 +1.544128519e+00 -5.922958715e+02 -5.922958715e+02 -1.8492e+00 -8.5549e-01 +9.2261e-01
90 0 +1.506436443e+00 +1.506436443e+00 -5.923335636e+02 -5.923335636e+02 -1.3955e+00 +3.5264e-01 +3.2457e-01
144 0 +5.606130148e-01 +5.606130148e-01 -5.932793870e+02 -5.932793870e+02 -3.0705e+00 +3.6717e-01 +1.0571e+00
407 0 +1.888561386e-01 +1.888561386e-01 -5.936511439e+02 -5.936511439e+02 -2.7980e+00 +2.0361e-01 +9.2520e-01
427 0 +3.428932398e-02 +3.428932398e-02 -5.938057107e+02 -5.938057107e+02 -2.7206e+00 +1.8184e-01 +6.3395e-01
% f evaluations | g evaluations | best noise-free fitness - Fopt | noise-free fitness - Fopt (-1.000000000000e+03) | measured fitness | best measured fitness | x1 | x2...
1 0 +2.822171638e+01 +2.822171638e+01 -9.717782836e+02 -9.717782836e+02 -1.9039e+00 -9.2483e-01 -2.5428e+00
6 0 +2.114966459e+01 +2.114966459e+01 -9.788503354e+02 -9.788503354e+02 -1.9482e+00 -3.2224e-01 -3.4642e+00
15 0 +7.704877314e+00 +7.704877314e+00 -9.922951227e+02 -9.922951227e+02 -2.3650e+00 +4.7942e+00 -1.6690e+00
39 0 +6.966697308e+00 +6.966697308e+00 -9.930333027e+02 -9.930333027e+02 -4.9137e+00 +3.4465e+00 -1.4434e+00
51 0 +4.191079867e+00 +4.191079867e+00 -9.958089201e+02 -9.958089201e+02 -4.8188e+00 +3.9449e+00 -5.6190e+00
144 0 +3.448928510e-01 +3.448928510e-01 -9.996551071e+02 -9.996551071e+02 -4.1230e+00 +4.2988e+00 -4.0818e+00
413 0 +1.848960604e-01 +1.848960604e-01 -9.998151039e+02 -9.998151039e+02 -4.2052e+00 +3.8164e+00 -4.0507e+00
429 0 +1.658695105e-01 +1.658695105e-01 -9.998341305e+02 -9.998341305e+02 -3.6664e+00 +3.5943e+00 -4.0819e+00
683 0 +1.123944654e-01 +1.123944654e-01 -9.998876055e+02 -9.998876055e+02 -3.9936e+00 +4.0012e+00 -4.0819e+00
% f evaluations | g evaluations | best noise-free fitness - Fopt | noise-free fitness - Fopt (-2.531000000000e+01) | measured fitness | best measured fitness | x1 | x2...
1 0 +5.975983202e+01 +5.975983202e+01 +3.444983202e+01 +3.444983202e+01 -2.5082e+00 +3.9126e+00 -4.0350e+00
2 0 +1.728639981e+01 +1.728639981e+01 -8.023600194e+00 -8.023600194e+00 +2.1209e+00 +3.0992e+00 -3.0564e+00
9 0 +1.575078815e+01 +1.575078815e+01 -9.559211852e+00 -9.559211852e+00 +4.1979e+00 -1.6278e-01 -3.9698e-01
13 0 +1.245161122e+01 +1.245161122e+01 -1.285838878e+01 -1.285838878e+01 +1.3428e+00 +3.3718e+00 -1.9589e+00
19 0 +7.115640317e+00 +7.115640317e+00 -1.819435968e+01 -1.819435968e+01 +4.7602e+00 +1.3067e+00 +1.5544e+00
42 0 +4.788434560e+00 +4.788434560e+00 -2.052156544e+01 -2.052156544e+01 +4.7175e+00 +4.6855e+00 -5.2580e-01
52 0 +4.512616494e+00 +4.512616494e+00 -2.079738351e+01 -2.079738351e+01 +3.3914e+00 +2.6357e+00 -1.0712e+00
104 0 +1.103266177e+00 +1.103266177e+00 -2.420673382e+01 -2.420673382e+01 +2.7484e+00 +4.2541e+00 +1.1060e+00
156 0 +1.068675673e+00 +1.068675673e+00 -2.424132433e+01 -2.424132433e+01 +3.9073e+00 +4.2999e+00 +1.3894e+00
305 0 +3.718687551e-01 +3.718687551e-01 -2.493813124e+01 -2.493813124e+01 +2.9621e+00 +3.8370e+00 +1.0030e+00
422 0 +3.159851747e-01 +3.159851747e-01 -2.499401483e+01 -2.499401483e+01 +3.6339e+00 +3.8077e+00 +1.3145e+00
443 0 +1.368505523e-01 +1.368505523e-01 -2.517314945e+01 -2.517314945e+01 +3.6697e+00 +3.8138e+00 +7.2039e-01
667 0 +9.836085347e-02 +9.836085347e-02 -2.521163915e+01 -2.521163915e+01 +3.1979e+00 +3.6363e+00 +9.7232e-01
691 0 +3.643786564e-02 +3.643786564e-02 -2.527356213e+01 -2.527356213e+01 +3.4511e+00 +3.6270e+00 +1.0179e+00
% f evaluations | g evaluations | best noise-free fitness - Fopt | noise-free fitness - Fopt (2.228000000000e+01) | measured fitness | best measured fitness | x1 | x2...
1 0 +1.108705805e+01 +1.108705805e+01 +3.336705805e+01 +3.336705805e+01 +3.7421e-01 -4.4975e+00 -2.0723e-01
2 0 +6.485514986e+00 +6.485514986e+00 +2.876551499e+01 +2.876551499e+01 +5.3180e-01 +6.1032e-01 -1.7167e+00
7 0 +5.708768525e+00 +5.708768525e+00 +2.798876853e+01 +2.798876853e+01 +2.6587e+00 -8.7116e-01 -3.6481e+00
19 0 +4.112802587e+00 +4.112802587e+00 +2.639280259e+01 +2.639280259e+01 +2.6333e+00 -3.0018e+00 -7.6207e-01
33 0 +2.352242000e+00 +2.352242000e+00 +2.463224200e+01 +2.463224200e+01 +7.7368e-01 -4.2274e-01 -1.4895e+00
35 0 +2.301700330e+00 +2.301700330e+00 +2.458170033e+01 +2.458170033e+01 +2.5940e-02 -1.9466e+00 -1.2304e+00
55 0 +1.689133305e+00 +1.689133305e+00 +2.396913330e+01 +2.396913330e+01 +2.4582e+00 -1.1456e+00 -2.2665e+00
158 0 +4.821652057e-01 +4.821652057e-01 +2.276216521e+01 +2.276216521e+01 +1.0289e+00 -2.3384e+00 -1.6824e+00
161 0 +2.668381408e-02 +2.668381408e-02 +2.230668381e+01 +2.230668381e+01 +1.4114e+00 -1.6313e+00 -1.7473e+00
% f evaluations | g evaluations | best noise-free fitness - Fopt | noise-free fitness - Fopt (3.561400000000e+02) | measured fitness | best measured fitness | x1 | x2...
1 0 +4.282996479e+01 +4.282996479e+01 +3.989699648e+02 +3.989699648e+02 -2.5899e+00 +4.4622e+00 -4.7911e+00
2 0 +2.919215726e+01 +2.919215726e+01 +3.853321573e+02 +3.853321573e+02 +4.6270e+00 +3.8123e+00 -2.9533e+00
3 0 +1.583181226e+01 +1.583181226e+01 +3.719718123e+02 +3.719718123e+02 +1.3462e+00 +3.2325e-01 +3.4828e-01
13 0 +4.947692079e+00 +4.947692079e+00 +3.610876921e+02 +3.610876921e+02 +6.2294e-01 +1.4326e+00 -2.8908e+00
19 0 +1.233360313e+00 +1.233360313e+00 +3.573733603e+02 +3.573733603e+02 +1.0939e+00 -7.6247e-01 -2.5158e+00
51 0 +8.869234747e-01 +8.869234747e-01 +3.570269235e+02 +3.570269235e+02 +1.2081e+00 -1.3795e+00 -3.2314e+00
158 0 +8.085868559e-01 +8.085868559e-01 +3.569485869e+02 +3.569485869e+02 +1.0825e+00 -1.5520e-01 -4.2661e+00
178 0 +6.314823348e-01 +6.314823348e-01 +3.567714823e+02 +3.567714823e+02 +1.3937e+00 -1.2880e+00 -3.7494e+00
412 0 +1.177244226e-01 +1.177244226e-01 +3.562577244e+02 +3.562577244e+02 +1.1278e+00 -6.0434e-01 -3.5835e+00
% f evaluations | g evaluations | best noise-free fitness - Fopt | noise-free fitness - Fopt (-4.757000000000e+02) | measured fitness | best measured fitness | x1 | x2...
1 0 +2.867217220e+01 +2.867217220e+01 -4.470278278e+02 -4.470278278e+02 -4.1706e+00 -1.2824e+00 -3.1246e-01
2 0 +1.771825443e+01 +1.771825443e+01 -4.579817456e+02 -4.579817456e+02 +1.1530e+00 -3.5276e+00 +1.7186e+00
7 0 +1.558425142e+01 +1.558425142e+01 -4.601157486e+02 -4.601157486e+02 +1.0448e+00 -8.6647e-01 +3.3868e-01
11 0 +4.902640192e+00 +4.902640192e+00 -4.707973598e+02 -4.707973598e+02 -2.1966e+00 -1.5873e+00 +2.4732e+00
18 0 +3.137329444e+00 +3.137329444e+00 -4.725626706e+02 -4.725626706e+02 +1.0749e-01 +1.0066e+00 +3.3935e+00
45 0 +2.759080919e+00 +2.759080919e+00 -4.729409191e+02 -4.729409191e+02 -1.2400e-01 -1.6695e+00 +4.6586e+00
159 0 +2.255642583e+00 +2.255642583e+00 -4.734443574e+02 -4.734443574e+02 -4.9765e-01 -1.8967e+00 +3.9747e+00
163 0 +1.778782496e+00 +1.778782496e+00 -4.739212175e+02 -4.739212175e+02 -1.0244e+00 -1.7297e+00 +3.4907e+00
170 0 +9.278299411e-01 +9.278299411e-01 -4.747721701e+02 -4.747721701e+02 -4.9366e-02 -5.0919e-01 +4.3483e+00
171 0 +1.907441559e-01 +1.907441559e-01 -4.755092558e+02 -4.755092558e+02 -7.2423e-01 -1.0078e-01 +3.5385e+00
416 0 +5.133398056e-02 +5.133398056e-02 -4.756486660e+02 -4.756486660e+02 -8.5571e-01 -5.6747e-01 +3.9754e+00
667 0 +2.246339216e-02 +2.246339216e-02 -4.756775366e+02 -4.756775366e+02 -6.8786e-01 -4.4889e-01 +3.8357e+00
% f evaluations | g evaluations | best noise-free fitness - Fopt | noise-free fitness - Fopt (-1.000000000000e+03) | measured fitness | best measured fitness | x1 | x2...
1 0 +6.929309471e+01 +6.929309471e+01 -9.307069053e+02 -9.307069053e+02 +2.5598e-01 -2.4951e+00 -6.2474e-01
3 0 +3.606523537e+01 +3.606523537e+01 -9.639347646e+02 -9.639347646e+02 -8.1790e-01 -1.3305e+00 +1.3841e+00
11 0 +2.167419808e+01 +2.167419808e+01 -9.783258019e+02 -9.783258019e+02 -4.9068e+00 -4.2069e-01 +1.1932e+00
24 0 +5.570152029e+00 +5.570152029e+00 -9.944298480e+02 -9.944298480e+02 -4.0615e+00 +1.5736e+00 +2.1683e+00
49 0 +4.352727248e+00 +4.352727248e+00 -9.956472728e+02 -9.956472728e+02 -2.4944e+00 +1.7230e+00 +3.4390e+00
51 0 +3.697229548e+00 +3.697229548e+00 -9.963027705e+02 -9.963027705e+02 -2.3961e+00 +4.6113e+00 +3.4961e+00
116 0 +1.326205722e+00 +1.326205722e+00 -9.986737943e+02 -9.986737943e+02 -4.1898e+00 +2.4078e+00 +3.1488e+00
155 0 +1.026428258e-01 +1.026428258e-01 -9.998973572e+02 -9.998973572e+02 -3.8618e+00 +3.1314e+00 +3.9837e+00
% f evaluations | g evaluations | best noise-free fitness - Fopt | noise-free fitness - Fopt (-4.158000000000e+01) | measured fitness | best measured fitness | x1 | x2...
1 0 +1.369234223e+01 +1.369234223e+01 -2.788765777e+01 -2.788765777e+01 +2.9436e+00 +2.8499e+00 -2.7605e-01
12 0 +9.355729858e+00 +9.355729858e+00 -3.222427014e+01 -3.222427014e+01 -1.9171e+00 +4.5785e+00 -3.3706e+00
13 0 +7.582457954e+00 +7.582457954e+00 -3.399754205e+01 -3.399754205e+01 -2.0484e-01 +1.6506e+00 -7.9385e-01
16 0 +6.821417925e+00 +6.821417925e+00 -3.475858207e+01 -3.475858207e+01 +2.6033e+00 +3.8670e+00 -1.8072e+00
18 0 +6.657870696e+00 +6.657870696e+00 -3.492212930e+01 -3.492212930e+01 +4.8082e-01 +3.7921e-01 -3.8626e+00
30 0 +1.997673398e+00 +1.997673398e+00 -3.958232660e+01 -3.958232660e+01 +1.7379e+00 +2.8715e+00 -3.9725e+00
120 0 +2.369111613e-01 +2.369111613e-01 -4.134308884e+01 -4.134308884e+01 +1.3411e-01 +2.8770e+00 -3.2842e+00
411 0 +2.166237192e-02 +2.166237192e-02 -4.155833763e+01 -4.155833763e+01 +6.5571e-01 +2.9855e+00 -3.1636e+00
