Generation:
30

Phenotype:
import numpy as np
import src
import testFunctions as tf
n = 30
iterations = 30
my_func = tf.ackley_function
dimension = 2
bounds = -5, 5
crx = src.op.crx_exponential
beta = .5
pr = .7
def ge():
  X = np.array([src.solution(my_func, dimension, bounds) for i in range(n)])
  [Xi.initRandom() for Xi in X]
  for it in range(iterations):
    X1 = src.op.apply_op_de(src.op.op_de, X, (crx, beta, pr))
    X = src.op.selection_de(X, X1)
  return X 
ge()
XXX_output_XXX = src.solution.best.x

Genotype:
[82983, 10075, 75856, 31587, 62054, 19868, 72830, 20777, 57671, 52714, 80280, 16628, 94914, 83293, 41767, 31428, 85389, 98958, 68799, 75933, 91490, 90152, 81935, 59763, 66785, 31256, 68584, 86399, 30661, 96681, 48316, 56189, 14333, 77155, 44446, 14625, 84435, 21456, 46515, 87065, 54894, 47377, 77220, 6754, 26610, 26403, 70805, 63112, 44417, 89934, 57562, 9582, 87054, 20209, 82365, 93786, 13701, 94094, 99362, 63041, 47396, 54543, 53575, 91803, 29881, 91662, 18634, 61778, 95709, 99178, 23738, 85193, 13262, 91002, 44031, 59770, 86073, 5839, 19885, 84823, 39531, 69238, 92306, 76298, 22119, 86024, 16474, 3500, 65159, 64903, 21840, 29781, 58905, 49106, 38692, 96903, 21533, 30084, 67285, 5680, 28962, 91298, 55521, 88925, 54517, 61783, 88559, 68665, 34618, 60233, 64704, 30259, 11725, 31237, 66442, 49418, 23454, 74664, 66448, 78582, 35334, 4870, 73999, 67976, 59787, 84068, 71969, 20478, 69381, 43926, 91125, 4747, 5979, 5469, 81332, 26377, 78282, 2838, 1248, 75660, 2971, 25050, 17622, 56588, 93816, 36606, 75395, 71629, 39791, 41507, 16701, 25657, 44295, 60726, 30917, 15641, 64685, 14992, 27266, 65524, 63096, 36581, 75187, 91528, 94681, 7933, 93839, 90998, 33117, 87627, 71780, 13096, 37604, 1053, 92101, 70097, 80411, 86438, 98668, 55398, 85938, 95478, 73876, 46323, 44554, 52223, 96923, 6075, 98657, 53799, 17761, 65745, 84887, 91025, 21649, 88811, 80731, 90945, 3946, 3153, 50259, 76475, 54217, 54012, 92998, 46845, 28987]
Tree:
None

Fitness:
2.5850285179096488e-05