% f evaluations | g evaluations | best noise-free fitness - Fopt | noise-free fitness - Fopt (7.627000000000e+01) | measured fitness | best measured fitness | x1 | x2...
1 0 +1.313110939e+07 +1.313110939e+07 +1.313118566e+07 +1.313118566e+07 +2.5499e+00 -3.9370e-01
2 0 +1.427758250e+06 +1.427758250e+06 +1.427834520e+06 +1.427834520e+06 -6.2609e-01 -4.4407e+00
4 0 +2.186849709e+05 +2.186849709e+05 +2.187612409e+05 +2.187612409e+05 +2.1267e+00 -4.6055e+00
7 0 +4.090161957e+01 +4.090161957e+01 +1.171716196e+02 +1.171716196e+02 -6.3703e-02 -3.4201e+00
5460 0 +2.504747949e+01 +2.504747949e+01 +1.013174795e+02 +1.013174795e+02 +3.8042e+00 -4.6494e+00
99884 0 +2.398185176e+01 +2.398185176e+01 +1.002518518e+02 +1.002518518e+02 +3.7363e+00 -4.6283e+00
135969 0 +2.216053301e+01 +2.216053301e+01 +9.843053301e+01 +9.843053301e+01 +2.9877e+00 -4.3900e+00
145308 0 +1.812183693e+01 +1.812183693e+01 +9.439183693e+01 +9.439183693e+01 +3.1082e+00 -4.4301e+00
281484 0 +1.596212441e+01 +1.596212441e+01 +9.223212441e+01 +9.223212441e+01 +2.7002e+00 -4.2999e+00
290007 0 +1.501308270e+01 +1.501308270e+01 +9.128308270e+01 +9.128308270e+01 +2.7316e+00 -4.3118e+00
311598 0 +1.305672645e+01 +1.305672645e+01 +8.932672645e+01 +8.932672645e+01 +2.5427e+00 -4.2510e+00
357585 0 +6.409174687e+00 +6.409174687e+00 +8.267917469e+01 +8.267917469e+01 +1.2747e+00 -3.8497e+00
386677 0 +4.775511715e+00 +4.775511715e+00 +8.104551172e+01 +8.104551172e+01 +1.0711e+00 -3.7863e+00
% f evaluations | g evaluations | best noise-free fitness - Fopt | noise-free fitness - Fopt (-2.255000000000e+01) | measured fitness | best measured fitness | x1 | x2...
1 0 +8.031092077e+06 +8.031092077e+06 +8.031069527e+06 +8.031069527e+06 +4.8972e+00 +4.7773e+00
2 0 +2.461140689e+06 +2.461140689e+06 +2.461118139e+06 +2.461118139e+06 +1.4340e+00 +6.0809e-01
6 0 +1.306540868e+06 +1.306540868e+06 +1.306518318e+06 +1.306518318e+06 +1.8140e+00 +1.4432e+00
27 0 +3.692303467e+05 +3.692303467e+05 +3.692077967e+05 +3.692077967e+05 +3.3683e+00 +2.2708e+00
40 0 +2.663140567e+05 +2.663140567e+05 +2.662915067e+05 +2.662915067e+05 +2.0814e+00 +2.4267e+00
42 0 +8.427657132e+04 +8.427657132e+04 +8.425402132e+04 +8.425402132e+04 +2.0673e+00 +4.9505e+00
1427 0 +3.945520496e+04 +3.945520496e+04 +3.943265496e+04 +3.943265496e+04 +3.4424e+00 -6.2052e-01
2141 0 +9.851111528e+03 +9.851111528e+03 +9.828561528e+03 +9.828561528e+03 +3.6129e+00 -8.0472e-01
2192 0 +2.564907862e+03 +2.564907862e+03 +2.542357862e+03 +2.542357862e+03 +3.7261e+00 -6.9455e-01
4030 0 +1.061038375e+03 +1.061038375e+03 +1.038488375e+03 +1.038488375e+03 +3.6298e+00 -6.7291e-01
7449 0 +6.536022979e+02 +6.536022979e+02 +6.310522979e+02 +6.310522979e+02 +3.5780e+00 -3.3005e-01
7757 0 +1.848649400e+02 +1.848649400e+02 +1.623149400e+02 +1.623149400e+02 +3.7150e+00 -7.7307e-01
8114 0 +1.624715024e+01 +1.624715024e+01 -6.302849761e+00 -6.302849761e+00 +3.5602e+00 -3.6577e-01
39146 0 +1.178203622e+01 +1.178203622e+01 -1.076796378e+01 -1.076796378e+01 +3.6504e+00 -6.2069e-01
56857 0 +8.756934157e+00 +8.756934157e+00 -1.379306584e+01 -1.379306584e+01 +3.5171e+00 -2.2742e-01
% f evaluations | g evaluations | best noise-free fitness - Fopt | noise-free fitness - Fopt (1.366000000000e+01) | measured fitness | best measured fitness | x1 | x2...
1 0 +1.427241079e+07 +1.427241079e+07 +1.427242445e+07 +1.427242445e+07 +4.5072e+00 +1.6110e+00
2 0 +1.047237857e+07 +1.047237857e+07 +1.047239223e+07 +1.047239223e+07 -3.7296e+00 +1.6753e+00
3 0 +2.449460091e+06 +2.449460091e+06 +2.449473751e+06 +2.449473751e+06 +4.5176e-01 -1.0339e+00
4 0 +2.204498298e+06 +2.204498298e+06 +2.204511958e+06 +2.204511958e+06 +6.5176e-01 -5.0967e-01
5 0 +2.005008107e+06 +2.005008107e+06 +2.005021767e+06 +2.005021767e+06 +2.9534e-01 -7.0188e-01
13 0 +1.545066962e+06 +1.545066962e+06 +1.545080622e+06 +1.545080622e+06 -2.1264e+00 +2.4986e-01
14 0 +1.572577739e+04 +1.572577739e+04 +1.573943739e+04 +1.573943739e+04 -1.0835e+00 -5.3629e-01
1223 0 +8.925864697e+02 +8.925864697e+02 +9.062464697e+02 +9.062464697e+02 +1.0703e+00 +3.2352e+00
2447 0 +4.774539335e+02 +4.774539335e+02 +4.911139335e+02 +4.911139335e+02 +8.6619e-01 +2.9118e+00
5050 0 +1.973556348e+01 +1.973556348e+01 +3.339556348e+01 +3.339556348e+01 +1.0380e+00 +3.2467e+00
5562 0 +2.827661952e+00 +2.827661952e+00 +1.648766195e+01 +1.648766195e+01 +8.8379e-01 +2.9857e+00
9644 0 +1.913946269e+00 +1.913946269e+00 +1.557394627e+01 +1.557394627e+01 +8.9081e-01 +2.9967e+00
32102 0 +1.209592942e+00 +1.209592942e+00 +1.486959294e+01 +1.486959294e+01 +8.0034e-01 +2.8459e+00
62369 0 +1.025687729e-02 +1.025687729e-02 +1.367025688e+01 +1.367025688e+01 +3.8003e-01 +2.1455e+00
% f evaluations | g evaluations | best noise-free fitness - Fopt | noise-free fitness - Fopt (9.378400000000e+02) | measured fitness | best measured fitness | x1 | x2...
1 0 +1.182652006e+06 +1.182652006e+06 +1.183589846e+06 +1.183589846e+06 +6.5644e-02 +2.1688e+00
2 0 +5.522537040e+05 +5.522537040e+05 +5.531915440e+05 +5.531915440e+05 -4.5780e+00 -4.6699e+00
9 0 +8.296697940e+03 +8.296697940e+03 +9.234537940e+03 +9.234537940e+03 -4.5668e+00 -3.3334e+00
50 0 +5.321351362e+03 +5.321351362e+03 +6.259191362e+03 +6.259191362e+03 -3.6668e+00 -1.8846e+00
101 0 +1.827329916e+03 +1.827329916e+03 +2.765169916e+03 +2.765169916e+03 -3.5659e+00 -1.6498e+00
611 0 +5.348134925e+01 +5.348134925e+01 +9.913213493e+02 +9.913213493e+02 -3.5582e+00 -1.5561e+00
1223 0 +3.419123475e+01 +3.419123475e+01 +9.720312348e+02 +9.720312348e+02 -3.5563e+00 -1.5628e+00
22761 0 +3.220488867e+01 +3.220488867e+01 +9.700448887e+02 +9.700448887e+02 -3.4956e+00 -1.4658e+00
39350 0 +3.018918061e+01 +3.018918061e+01 +9.680291806e+02 +9.680291806e+02 -3.2775e+00 -1.1238e+00
67524 0 +2.869625480e+01 +2.869625480e+01 +9.665362548e+02 +9.665362548e+02 -3.2876e+00 -1.1373e+00
68850 0 +2.624430546e+01 +2.624430546e+01 +9.640843055e+02 +9.640843055e+02 -3.1274e+00 -8.8470e-01
94472 0 +2.399585970e+01 +2.399585970e+01 +9.618358597e+02 +9.618358597e+02 -2.9199e+00 -5.5929e-01
95749 0 +2.278900705e+01 +2.278900705e+01 +9.606290070e+02 +9.606290070e+02 -2.8869e+00 -5.0594e-01
127752 0 +2.233475162e+01 +2.233475162e+01 +9.601747516e+02 +9.601747516e+02 -2.8355e+00 -4.2318e-01
295570 0 +2.141309208e+01 +2.141309208e+01 +9.592530921e+02 +9.592530921e+02 -2.6727e+00 -1.6503e-01
299552 0 +2.056526613e+01 +2.056526613e+01 +9.584052661e+02 +9.584052661e+02 -2.7242e+00 -2.4805e-01
307310 0 +1.721507676e+01 +1.721507676e+01 +9.550550768e+02 +9.550550768e+02 -2.2881e+00 +4.3522e-01
% f evaluations | g evaluations | best noise-free fitness - Fopt | noise-free fitness - Fopt (-7.872000000000e+01) | measured fitness | best measured fitness | x1 | x2...
1 0 +8.261751171e+06 +8.261751171e+06 +8.261672451e+06 +8.261672451e+06 +4.7535e+00 +3.0742e+00
2 0 +3.313653793e+05 +3.313653793e+05 +3.312866593e+05 +3.312866593e+05 +3.8907e+00 -1.8397e+00
8 0 +5.116305634e+03 +5.116305634e+03 +5.037585634e+03 +5.037585634e+03 -7.3166e-01 -4.4754e+00
917 0 +1.785660654e+02 +1.785660654e+02 +9.984606540e+01 +9.984606540e+01 +1.0932e+00 -3.0604e+00
9185 0 +1.377598983e+01 +1.377598983e+01 -6.494401017e+01 -6.494401017e+01 +2.8587e+00 -1.8202e+00
11584 0 +1.495839650e+00 +1.495839650e+00 -7.722416035e+01 -7.722416035e+01 +2.9137e+00 -1.7754e+00
25825 0 +6.165676200e-01 +6.165676200e-01 -7.810343238e+01 -7.810343238e+01 +2.8961e+00 -1.7899e+00
26692 0 +6.010388368e-01 +6.010388368e-01 -7.811896116e+01 -7.811896116e+01 +2.8961e+00 -1.7898e+00
31031 0 +4.094642042e-01 +4.094642042e-01 -7.831053580e+01 -7.831053580e+01 +2.8945e+00 -1.7901e+00
180169 0 +3.174424505e-01 +3.174424505e-01 -7.840255755e+01 -7.840255755e+01 +3.1284e+00 -1.6229e+00
189816 0 +2.369867915e-01 +2.369867915e-01 -7.848301321e+01 -7.848301321e+01 +3.3693e+00 -1.4509e+00
223553 0 +2.839705427e-02 +2.839705427e-02 -7.869160295e+01 -7.869160295e+01 +3.3742e+00 -1.4482e+00
265560 0 +1.336526963e-04 +1.336526963e-04 -7.871986635e+01 -7.871986635e+01 +3.4206e+00 -1.4149e+00
% f evaluations | g evaluations | best noise-free fitness - Fopt | noise-free fitness - Fopt (-4.151000000000e+01) | measured fitness | best measured fitness | x1 | x2...
1 0 +2.760751904e+07 +2.760751904e+07 +2.760747753e+07 +2.760747753e+07 -3.8983e+00 -2.2137e-01
2 0 +1.560792501e+07 +1.560792501e+07 +1.560788350e+07 +1.560788350e+07 -1.4850e+00 -2.1185e+00
3 0 +1.507846041e+04 +1.507846041e+04 +1.503695041e+04 +1.503695041e+04 +9.2044e-02 +4.1074e+00
48 0 +3.128667033e+03 +3.128667033e+03 +3.087157033e+03 +3.087157033e+03 +1.3916e+00 +1.1008e+00
203 0 +2.804049559e+02 +2.804049559e+02 +2.388949559e+02 +2.388949559e+02 +1.3826e+00 +1.2312e+00
1427 0 +8.930645037e+00 +8.930645037e+00 -3.257935496e+01 -3.257935496e+01 +1.3001e+00 +1.4731e+00
20874 0 +8.236910466e+00 +8.236910466e+00 -3.327308953e+01 -3.327308953e+01 +1.5162e+00 +9.4410e-01
22047 0 +6.245416108e+00 +6.245416108e+00 -3.526458389e+01 -3.526458389e+01 +1.5081e+00 +9.6778e-01
46598 0 +5.757611652e+00 +5.757611652e+00 -3.575238835e+01 -3.575238835e+01 +1.5400e+00 +8.8961e-01
86255 0 +4.575417685e+00 +4.575417685e+00 -3.693458231e+01 -3.693458231e+01 +1.6344e+00 +6.5762e-01
126781 0 +3.995035074e+00 +3.995035074e+00 -3.751496493e+01 -3.751496493e+01 +1.6423e+00 +6.4074e-01
162611 0 +2.845270923e+00 +2.845270923e+00 -3.866472908e+01 -3.866472908e+01 +1.7239e+00 +4.4030e-01
164551 0 +2.526973309e+00 +2.526973309e+00 -3.898302669e+01 -3.898302669e+01 +1.7557e+00 +3.6256e-01
177566 0 +2.266412080e+00 +2.266412080e+00 -3.924358792e+01 -3.924358792e+01 +1.9073e+00 -5.0117e-03
305319 0 +2.199184168e+00 +2.199184168e+00 -3.931081583e+01 -3.931081583e+01 +1.8592e+00 +1.0984e-01
441903 0 +7.425822780e-01 +7.425822780e-01 -4.076741772e+01 -4.076741772e+01 +2.0895e+00 -4.4994e-01
442617 0 +7.028393195e-01 +7.028393195e-01 -4.080716068e+01 -4.080716068e+01 +2.0654e+00 -3.9170e-01
% f evaluations | g evaluations | best noise-free fitness - Fopt | noise-free fitness - Fopt (1.320700000000e+02) | measured fitness | best measured fitness | x1 | x2...
1 0 +1.070390949e+06 +1.070390949e+06 +1.070523019e+06 +1.070523019e+06 -1.4619e+00 +3.6783e+00
3 0 +6.119530135e+05 +6.119530135e+05 +6.120850835e+05 +6.120850835e+05 -3.7859e+00 -4.0927e-01
11 0 +2.651387552e+05 +2.651387552e+05 +2.652708252e+05 +2.652708252e+05 -2.8188e+00 -4.4993e+00
12 0 +2.198045830e+03 +2.198045830e+03 +2.330115830e+03 +2.330115830e+03 -2.9817e+00 -1.4024e+00
254 0 +9.051516580e+02 +9.051516580e+02 +1.037221658e+03 +1.037221658e+03 -2.4590e+00 +4.2832e+00
1784 0 +8.087267994e+02 +8.087267994e+02 +9.407967994e+02 +9.407967994e+02 -2.3733e+00 +4.5376e+00
4030 0 +4.542137081e+02 +4.542137081e+02 +5.862837081e+02 +5.862837081e+02 -2.4260e+00 +4.0989e+00
7653 0 +4.624865955e+00 +4.624865955e+00 +1.366948660e+02 +1.366948660e+02 -2.4395e+00 +4.1550e+00
7961 0 +9.323579023e-01 +9.323579023e-01 +1.330023579e+02 +1.330023579e+02 -2.4360e+00 +4.2006e+00
9134 0 +4.404437690e-01 +4.404437690e-01 +1.325104438e+02 +1.325104438e+02 -2.4372e+00 +4.1931e+00
9491 0 +2.159378273e-01 +2.159378273e-01 +1.322859378e+02 +1.322859378e+02 -2.4368e+00 +4.2002e+00
9644 0 +1.749194233e-01 +1.749194233e-01 +1.322449194e+02 +1.322449194e+02 -2.4499e+00 +4.0742e+00
37563 0 +1.600422516e-01 +1.600422516e-01 +1.322300423e+02 +1.322300423e+02 -2.4672e+00 +3.9085e+00
56141 0 +9.389096566e-02 +9.389096566e-02 +1.321638910e+02 +1.321638910e+02 -2.4501e+00 +4.0749e+00
80641 0 +6.216169176e-02 +6.216169176e-02 +1.321321617e+02 +1.321321617e+02 -2.4944e+00 +3.6514e+00
287047 0 +2.540542946e-02 +2.540542946e-02 +1.320954054e+02 +1.320954054e+02 -2.4914e+00 +3.6835e+00
% f evaluations | g evaluations | best noise-free fitness - Fopt | noise-free fitness - Fopt (9.725000000000e+01) | measured fitness | best measured fitness | x1 | x2...
1 0 +1.436586459e+06 +1.436586459e+06 +1.436683709e+06 +1.436683709e+06 -4.9027e+00 -5.7293e-01
3 0 +1.281335484e+05 +1.281335484e+05 +1.282307984e+05 +1.282307984e+05 -6.3881e-02 +6.4697e-01
9 0 +6.700951765e+01 +6.700951765e+01 +1.642595177e+02 +1.642595177e+02 +4.4663e+00 +1.4632e+00
9950 0 +1.306733466e+01 +1.306733466e+01 +1.103173347e+02 +1.103173347e+02 -2.7955e+00 +7.4536e-01
17708 0 +1.167117512e+01 +1.167117512e+01 +1.089211751e+02 +1.089211751e+02 -2.7713e+00 +7.4994e-01
22353 0 +1.084394449e+01 +1.084394449e+01 +1.080939445e+02 +1.080939445e+02 -2.7105e+00 +7.5466e-01
30264 0 +8.047455228e+00 +8.047455228e+00 +1.052974552e+02 +1.052974552e+02 -2.2671e+00 +7.9890e-01
38328 0 +7.214056587e+00 +7.214056587e+00 +1.044640566e+02 +1.044640566e+02 -2.0959e+00 +8.1574e-01
45270 0 +6.424022572e+00 +6.424022572e+00 +1.036740226e+02 +1.036740226e+02 -2.0239e+00 +8.2226e-01
81100 0 +5.365226794e+00 +5.365226794e+00 +1.026152268e+02 +1.026152268e+02 -1.1641e+00 +9.0739e-01
85796 0 +3.491248961e+00 +3.491248961e+00 +1.007412490e+02 +1.007412490e+02 -1.0152e+00 +9.1977e-01
88501 0 +2.550031634e+00 +2.550031634e+00 +9.980003163e+01 +9.980003163e+01 -7.6670e-01 +9.4414e-01
106824 0 +1.441991082e+00 +1.441991082e+00 +9.869199108e+01 +9.869199108e+01 -5.5341e-01 +9.6567e-01
114633 0 +1.393832580e+00 +1.393832580e+00 +9.864383258e+01 +9.864383258e+01 -5.0043e-01 +9.7109e-01
130610 0 +8.542650913e-01 +8.542650913e-01 +9.810426509e+01 +9.810426509e+01 -3.2002e-01 +9.8802e-01
131579 0 +6.969470738e-01 +6.969470738e-01 +9.794694707e+01 +9.794694707e+01 -2.9590e-01 +9.9071e-01
143319 0 +2.285808336e-01 +2.285808336e-01 +9.747858083e+01 +9.747858083e+01 +3.1905e-01 +1.0511e+00
% f evaluations | g evaluations | best noise-free fitness - Fopt | noise-free fitness - Fopt (-2.033000000000e+01) | measured fitness | best measured fitness | x1 | x2...
1 0 +1.710036941e+06 +1.710036941e+06 +1.710016611e+06 +1.710016611e+06 +1.1519e+00 -3.7896e+00
2 0 +5.943144061e+05 +5.943144061e+05 +5.942940761e+05 +5.942940761e+05 +3.8728e+00 -1.3330e+00
8 0 +2.504598868e+05 +2.504598868e+05 +2.504395568e+05 +2.504395568e+05 +1.5968e+00 -4.9662e+00
30 0 +6.516225233e+04 +6.516225233e+04 +6.514192233e+04 +6.514192233e+04 +2.1045e+00 -3.9423e+00
713 0 +4.278613172e+04 +4.278613172e+04 +4.276580172e+04 +4.276580172e+04 +2.4251e+00 -2.8422e+00
917 0 +1.095299163e+04 +1.095299163e+04 +1.093266163e+04 +1.093266163e+04 +2.3577e+00 -3.5315e+00
3112 0 +1.666919203e+03 +1.666919203e+03 +1.646589203e+03 +1.646589203e+03 +3.0291e+00 -1.0500e+00
3622 0 +5.822906611e+02 +5.822906611e+02 +5.619606611e+02 +5.619606611e+02 +3.0004e+00 -1.4268e+00
7194 0 +4.319736808e+02 +4.319736808e+02 +4.116436808e+02 +4.116436808e+02 +3.0755e+00 -9.3228e-01
8063 0 +2.134852918e+01 +2.134852918e+01 +1.018529184e+00 +1.018529184e+00 +3.0660e+00 -1.0725e+00
13881 0 +1.604497431e+01 +1.604497431e+01 -4.285025690e+00 -4.285025690e+00 +3.0221e+00 -1.2449e+00
33889 0 +1.542578566e+01 +1.542578566e+01 -4.904214338e+00 -4.904214338e+00 +3.2127e+00 -4.6395e-01
34654 0 +1.334591849e+01 +1.334591849e+01 -6.984081507e+00 -6.984081507e+00 +3.2000e+00 -4.9665e-01
43485 0 +9.891117843e+00 +9.891117843e+00 -1.043888216e+01 -1.043888216e+01 +3.2582e+00 -2.7139e-01
95137 0 +9.146052103e+00 +9.146052103e+00 -1.118394790e+01 -1.118394790e+01 +3.2047e+00 -4.8775e-01
127546 0 +8.748299237e+00 +8.748299237e+00 -1.158170076e+01 -1.158170076e+01 +3.3406e+00 +6.8436e-02
132140 0 +6.681883715e+00 +6.681883715e+00 -1.364811629e+01 -1.364811629e+01 +3.3670e+00 +1.8155e-01
290568 0 +5.534252646e+00 +5.534252646e+00 -1.479574735e+01 -1.479574735e+01 +3.4052e+00 +3.4289e-01
302614 0 +5.046006126e+00 +5.046006126e+00 -1.528399387e+01 -1.528399387e+01 +3.4219e+00 +4.1151e-01
310066 0 +3.688817458e+00 +3.688817458e+00 -1.664118254e+01 -1.664118254e+01 +3.4670e+00 +5.9679e-01
370957 0 +1.201603310e+00 +1.201603310e+00 -1.912839669e+01 -1.912839669e+01 +3.6843e+00 +1.4925e+00
% f evaluations | g evaluations | best noise-free fitness - Fopt | noise-free fitness - Fopt (9.431000000000e+01) | measured fitness | best measured fitness | x1 | x2...
1 0 +1.280938025e+05 +1.280938025e+05 +1.281881125e+05 +1.281881125e+05 +4.3944e-01 -3.2284e+00
6 0 +3.075569506e+04 +3.075569506e+04 +3.085000506e+04 +3.085000506e+04 -2.3602e-01 -1.4469e+00
4795 0 +1.091754851e+04 +1.091754851e+04 +1.101185851e+04 +1.101185851e+04 -3.3791e+00 +2.2954e+00
5664 0 +4.442391130e+03 +4.442391130e+03 +4.536701130e+03 +4.536701130e+03 -3.4482e+00 +2.6717e+00
9542 0 +2.045861279e+02 +2.045861279e+02 +2.988961279e+02 +2.988961279e+02 -3.8686e+00 +3.1323e+00
10411 0 +1.390060909e+02 +1.390060909e+02 +2.333160909e+02 +2.333160909e+02 -3.5353e+00 +2.6460e+00
10717 0 +1.116256974e+02 +1.116256974e+02 +2.059356974e+02 +2.059356974e+02 -3.3865e+00 +2.4857e+00
11023 0 +8.857602540e+01 +8.857602540e+01 +1.828860254e+02 +1.828860254e+02 -3.2803e+00 +2.3429e+00
11635 0 +1.311109722e+00 +1.311109722e+00 +9.562110972e+01 +9.562110972e+01 -3.2606e+00 +2.3013e+00
19189 0 +5.080284989e-01 +5.080284989e-01 +9.481802850e+01 +9.481802850e+01 -3.4743e+00 +2.5850e+00
36798 0 +1.187511338e-01 +1.187511338e-01 +9.442875113e+01 +9.442875113e+01 -3.8060e+00 +3.0252e+00
% f evaluations | g evaluations | best noise-free fitness - Fopt | noise-free fitness - Fopt (-1.436900000000e+02) | measured fitness | best measured fitness | x1 | x2...
1 0 +4.142486066e+07 +4.142486066e+07 +4.142471697e+07 +4.142471697e+07 +4.9808e+00 +4.9093e+00
2 0 +7.823567949e+06 +7.823567949e+06 +7.823424259e+06 +7.823424259e+06 -2.6165e+00 +3.8897e+00
3 0 +1.368880676e+03 +1.368880676e+03 +1.225190676e+03 +1.225190676e+03 -8.9150e-01 +3.0787e-01
40 0 +1.062561319e+01 +1.062561319e+01 -1.330643868e+02 -1.330643868e+02 -3.3660e+00 +1.2355e+00
2243 0 +6.976210465e+00 +6.976210465e+00 -1.367137895e+02 -1.367137895e+02 -3.2051e+00 +1.1783e+00
4642 0 +3.726519511e+00 +3.726519511e+00 -1.399634805e+02 -1.399634805e+02 -2.6161e+00 +9.6895e-01
93707 0 +2.721952410e+00 +2.721952410e+00 -1.409680476e+02 -1.409680476e+02 +2.5522e-01 -6.9465e-02
143625 0 +2.532998903e+00 +2.532998903e+00 -1.411570011e+02 -1.411570011e+02 -2.0002e-01 +9.6193e-02
153782 0 +2.037492068e+00 +2.037492068e+00 -1.416525079e+02 -1.416525079e+02 -1.8570e-01 +8.9726e-02
158682 0 +1.385523502e+00 +1.385523502e+00 -1.423044765e+02 -1.423044765e+02 -3.9250e-01 +1.6529e-01
% f evaluations | g evaluations | best noise-free fitness - Fopt | noise-free fitness - Fopt (-3.533800000000e+02) | measured fitness | best measured fitness | x1 | x2...
1 0 +2.180646521e+06 +2.180646521e+06 +2.180293141e+06 +2.180293141e+06 -1.3749e+00 +9.9037e-02
6 0 +1.989009647e+05 +1.989009647e+05 +1.985475847e+05 +1.985475847e+05 -1.9859e+00 -3.9254e+00
10 0 +1.447934589e+04 +1.447934589e+04 +1.412596589e+04 +1.412596589e+04 -1.9785e+00 -2.4099e+00
30 0 +9.899561364e+02 +9.899561364e+02 +6.365761364e+02 +6.365761364e+02 -2.9572e+00 -1.1941e-01
49 0 +8.168186146e+02 +8.168186146e+02 +4.634386146e+02 +4.634386146e+02 -4.4462e+00 +3.6997e+00
2704 0 +5.297846826e+02 +5.297846826e+02 +1.764046826e+02 +1.764046826e+02 -4.2163e+00 +3.0946e+00
3061 0 +4.014438495e+01 +4.014438495e+01 -3.132356151e+02 -3.132356151e+02 -4.2457e+00 +3.0916e+00
5101 0 +3.085685996e+01 +3.085685996e+01 -3.225231400e+02 -3.225231400e+02 -4.2214e+00 +3.0324e+00
6123 0 +9.147631363e+00 +9.147631363e+00 -3.442323686e+02 -3.442323686e+02 -4.1903e+00 +2.9584e+00
7296 0 +3.601898267e+00 +3.601898267e+00 -3.497781017e+02 -3.497781017e+02 -4.3088e+00 +3.2730e+00
16943 0 +2.207728368e+00 +2.207728368e+00 -3.511722716e+02 -3.511722716e+02 -4.1648e+00 +2.9012e+00
20311 0 +2.170604541e+00 +2.170604541e+00 -3.512093955e+02 -3.512093955e+02 -4.1892e+00 +2.9635e+00
285617 0 +1.965297007e+00 +1.965297007e+00 -3.514147030e+02 -3.514147030e+02 -4.0897e+00 +2.7070e+00
302716 0 +1.860690619e+00 +1.860690619e+00 -3.515193094e+02 -3.515193094e+02 -4.0526e+00 +2.6098e+00
305115 0 +1.780047307e+00 +1.780047307e+00 -3.515999527e+02 -3.515999527e+02 -4.0560e+00 +2.6202e+00
384635 0 +1.497640361e+00 +1.497640361e+00 -3.518823596e+02 -3.518823596e+02 -4.0140e+00 +2.5125e+00
417913 0 +1.004927786e+00 +1.004927786e+00 -3.523750722e+02 -3.523750722e+02 -3.8307e+00 +2.0410e+00
% f evaluations | g evaluations | best noise-free fitness - Fopt | noise-free fitness - Fopt (-2.910000000000e+00) | measured fitness | best measured fitness | x1 | x2...
1 0 +5.358134920e+07 +5.358134920e+07 +5.358134629e+07 +5.358134629e+07 -4.5201e+00 +2.4989e+00
2 0 +8.994330143e+06 +8.994330143e+06 +8.994327233e+06 +8.994327233e+06 +1.6102e+00 -1.4459e+00
3 0 +7.436235395e+06 +7.436235395e+06 +7.436232485e+06 +7.436232485e+06 -1.3122e-01 +4.7012e+00
4 0 +4.120301514e+06 +4.120301514e+06 +4.120298604e+06 +4.120298604e+06 +2.7344e+00 -1.4949e+00
7 0 +1.180591524e+04 +1.180591524e+04 +1.180300524e+04 +1.180300524e+04 +3.1234e+00 +3.4409e+00
407 0 +3.486088314e+03 +3.486088314e+03 +3.483178314e+03 +3.483178314e+03 +3.2358e+00 +3.2479e+00
1223 0 +4.092759830e+02 +4.092759830e+02 +4.063659830e+02 +4.063659830e+02 +3.1416e+00 +3.6728e+00
13269 0 +7.111726992e+00 +7.111726992e+00 +4.201726992e+00 +4.201726992e+00 +4.4290e+00 -2.0702e-01
26692 0 +6.102631706e+00 +6.102631706e+00 +3.192631706e+00 +3.192631706e+00 +4.3750e+00 -4.1994e-02
69617 0 +4.971170358e+00 +4.971170358e+00 +2.061170358e+00 +2.061170358e+00 +4.4016e+00 -1.1866e-01
70484 0 +4.858221231e+00 +4.858221231e+00 +1.948221231e+00 +1.948221231e+00 +4.3956e+00 -1.0119e-01
82020 0 +4.577423899e+00 +4.577423899e+00 +1.667423899e+00 +1.667423899e+00 +4.1817e+00 +5.5949e-01
100241 0 +3.911735336e+00 +3.911735336e+00 +1.001735336e+00 +1.001735336e+00 +4.3202e+00 +1.3263e-01
160059 0 +3.136281605e+00 +3.136281605e+00 +2.262816052e-01 +2.262816052e-01 +4.2744e+00 +2.7274e-01
181854 0 +2.789673722e+00 +2.789673722e+00 -1.203262779e-01 -1.203262779e-01 +4.2560e+00 +3.2870e-01
197574 0 +2.062580110e+00 +2.062580110e+00 -8.474198902e-01 -8.474198902e-01 +4.1755e+00 +5.7375e-01
224677 0 +1.549870570e+00 +1.549870570e+00 -1.360129430e+00 -1.360129430e+00 +4.0844e+00 +8.5234e-01
226666 0 +1.510286214e+00 +1.510286214e+00 -1.399713786e+00 -1.399713786e+00 +4.0844e+00 +8.5222e-01
240193 0 +9.278305549e-01 +9.278305549e-01 -1.982169445e+00 -1.982169445e+00 +4.0342e+00 +1.0064e+00
254330 0 +8.891694405e-01 +8.891694405e-01 -2.020830560e+00 -2.020830560e+00 +4.0343e+00 +1.0056e+00
% f evaluations | g evaluations | best noise-free fitness - Fopt | noise-free fitness - Fopt (-2.970000000000e+00) | measured fitness | best measured fitness | x1 | x2...
1 0 +2.170198607e+06 +2.170198607e+06 +2.170195637e+06 +2.170195637e+06 +3.3350e+00 +2.8766e+00
5 0 +1.089190929e+05 +1.089190929e+05 +1.089161229e+05 +1.089161229e+05 +1.4507e-01 +2.4382e+00
15 0 +8.812051800e+04 +8.812051800e+04 +8.811754800e+04 +8.811754800e+04 -4.4841e+00 +3.0578e+00
713 0 +4.630924537e+04 +4.630924537e+04 +4.630627537e+04 +4.630627537e+04 -2.9858e+00 +2.7347e+00
815 0 +3.711649399e+04 +3.711649399e+04 +3.711352399e+04 +3.711352399e+04 -3.9503e+00 +3.4146e+00
2653 0 +8.234284446e+03 +8.234284446e+03 +8.231314446e+03 +8.231314446e+03 -3.6406e+00 +3.0342e+00
2857 0 +5.724877121e+02 +5.724877121e+02 +5.695177121e+02 +5.695177121e+02 -3.9926e+00 +3.2519e+00
7757 0 +3.312910857e+02 +3.312910857e+02 +3.283210857e+02 +3.283210857e+02 -3.9925e+00 +3.2126e+00
8012 0 +6.899768345e+01 +6.899768345e+01 +6.602768345e+01 +6.602768345e+01 -4.0507e+00 +3.2440e+00
18781 0 +6.737933767e+01 +6.737933767e+01 +6.440933767e+01 +6.440933767e+01 -3.7181e+00 +3.1560e+00
34246 0 +6.474610111e+01 +6.474610111e+01 +6.177610111e+01 +6.177610111e+01 -3.5966e+00 +3.1208e+00
45984 0 +6.447503668e+01 +6.447503668e+01 +6.150503668e+01 +6.150503668e+01 -3.5863e+00 +3.1192e+00
428121 0 +6.081843757e+01 +6.081843757e+01 +5.784843757e+01 +5.784843757e+01 -3.2735e+00 +3.0339e+00
465993 0 +5.623580123e+01 +5.623580123e+01 +5.326580123e+01 +5.326580123e+01 -2.7621e+00 +2.8928e+00
469924 0 +5.554984248e+01 +5.554984248e+01 +5.257984248e+01 +5.257984248e+01 -2.8910e+00 +2.9292e+00
488145 0 +5.235418775e+01 +5.235418775e+01 +4.938418775e+01 +4.938418775e+01 -2.7052e+00 +2.8790e+00
493759 0 +4.817141004e+01 +4.817141004e+01 +4.520141004e+01 +4.520141004e+01 -2.2147e+00 +2.7435e+00
496974 0 +4.413337823e+01 +4.413337823e+01 +4.116337823e+01 +4.116337823e+01 -2.2389e+00 +2.7526e+00
499526 0 +3.821196357e+01 +3.821196357e+01 +3.524196357e+01 +3.524196357e+01 -1.2778e+00 +2.4945e+00
% f evaluations | g evaluations | best noise-free fitness - Fopt | noise-free fitness - Fopt (2.996300000000e+02) | measured fitness | best measured fitness | x1 | x2...
1 0 +3.568891509e+06 +3.568891509e+06 +3.569191139e+06 +3.569191139e+06 +4.3834e+00 +2.3220e+00
3 0 +8.085548361e+04 +8.085548361e+04 +8.115511361e+04 +8.115511361e+04 -2.2025e+00 -2.4873e+00
6 0 +7.978327671e+03 +7.978327671e+03 +8.277957671e+03 +8.277957671e+03 +3.6264e+00 -1.3390e-02
9 0 +3.124463858e+03 +3.124463858e+03 +3.424093858e+03 +3.424093858e+03 -1.9996e+00 -2.1637e+00
866 0 +5.364372794e+02 +5.364372794e+02 +8.360672794e+02 +8.360672794e+02 +3.0991e+00 -1.4842e-01
3520 0 +3.008564601e+01 +3.008564601e+01 +3.297156460e+02 +3.297156460e+02 -3.6908e+00 -2.7709e+00
90186 0 +2.472255338e+01 +2.472255338e+01 +3.243525534e+02 +3.243525534e+02 -3.8798e+00 -2.8404e+00
214161 0 +2.369946426e+01 +2.369946426e+01 +3.233294643e+02 +3.233294643e+02 -3.8365e+00 -2.8245e+00
436901 0 +2.320624961e+01 +2.320624961e+01 +3.228362496e+02 +3.228362496e+02 -3.5994e+00 -2.7308e+00
440371 0 +2.253207251e+01 +2.253207251e+01 +3.221620725e+02 +3.221620725e+02 -3.6195e+00 -2.7408e+00
441801 0 +2.071034866e+01 +2.071034866e+01 +3.203403487e+02 +3.203403487e+02 -3.1551e+00 -2.5573e+00
443178 0 +1.936211439e+01 +1.936211439e+01 +3.189921144e+02 +3.189921144e+02 -3.1544e+00 -2.5601e+00
444353 0 +1.778822622e+01 +1.778822622e+01 +3.174182262e+02 +3.174182262e+02 -2.7621e+00 -2.4081e+00
448333 0 +1.641658630e+01 +1.641658630e+01 +3.160465863e+02 +3.160465863e+02 -2.9653e+00 -2.4856e+00
474465 0 +1.178056464e+01 +1.178056464e+01 +3.114105646e+02 +3.114105646e+02 -2.4135e+00 -2.2709e+00
