% f evaluations | g evaluations | best noise-free fitness - Fopt | noise-free fitness - Fopt (-4.620900000000e+02) | measured fitness | best measured fitness | x1 | x2...
1 0 +2.593937234e+01 +2.593937234e+01 -4.361506277e+02 -4.361506277e+02 +1.7026e+00 +1.5545e+00
11 0 +2.421244406e+01 +2.421244406e+01 -4.378775559e+02 -4.378775559e+02 -1.7815e+00 +1.6506e+00
14 0 +2.259911972e+01 +2.259911972e+01 -4.394908803e+02 -4.394908803e+02 -3.2043e+00 +1.1160e+00
23 0 +1.188686758e+01 +1.188686758e+01 -4.502031324e+02 -4.502031324e+02 -2.1292e+00 +1.6018e+00
57 0 +2.235131176e+00 +2.235131176e+00 -4.598548688e+02 -4.598548688e+02 -3.3537e+00 +1.9974e+00
521 0 +1.671539975e+00 +1.671539975e+00 -4.604184600e+02 -4.604184600e+02 -2.2964e+00 +1.9802e+00
619 0 +1.006760919e+00 +1.006760919e+00 -4.610832391e+02 -4.610832391e+02 -3.3393e+00 +2.3022e+00
904 0 +9.728679234e-01 +9.728679234e-01 -4.611171321e+02 -4.611171321e+02 -2.4022e+00 +2.2875e+00
1282 0 +9.815868991e-02 +9.815868991e-02 -4.619918413e+02 -4.619918413e+02 -2.3445e+00 +2.2926e+00
1471 0 +5.650409842e-02 +5.650409842e-02 -4.620334959e+02 -4.620334959e+02 -2.3390e+00 +2.3061e+00
1703 0 +2.167999078e-02 +2.167999078e-02 -4.620683200e+02 -4.620683200e+02 -2.3303e+00 +2.3000e+00
1819 0 +1.725726473e-02 +1.725726473e-02 -4.620727427e+02 -4.620727427e+02 -2.3320e+00 +2.2992e+00
2144 0 +8.439412984e-03 +8.439412984e-03 -4.620815606e+02 -4.620815606e+02 -2.3348e+00 +2.2989e+00
2158 0 +7.225565619e-03 +7.225565619e-03 -4.620827744e+02 -4.620827744e+02 -2.3424e+00 +2.2981e+00
2171 0 +4.146072815e-04 +4.146072815e-04 -4.620895854e+02 -4.620895854e+02 -2.3395e+00 +2.3002e+00
2242 0 +2.123881478e-05 +2.123881478e-05 -4.620899788e+02 -4.620899788e+02 -2.3409e+00 +2.3001e+00
2617 0 +1.124951666e-06 +1.124951666e-06 -4.620899989e+02 -4.620899989e+02 -2.3409e+00 +2.3000e+00
2813 0 +6.072328347e-07 +6.072328347e-07 -4.620899994e+02 -4.620899994e+02 -2.3408e+00 +2.3000e+00
3112 0 +5.624717687e-07 +5.624717687e-07 -4.620899994e+02 -4.620899994e+02 -2.3407e+00 +2.3000e+00
3184 0 +2.151016929e-07 +2.151016929e-07 -4.620899998e+02 -4.620899998e+02 -2.3408e+00 +2.3000e+00
3236 0 +1.037601010e-07 +1.037601010e-07 -4.620899999e+02 -4.620899999e+02 -2.3408e+00 +2.3000e+00
3237 0 +5.521940238e-09 +5.521940238e-09 -4.620900000e+02 -4.620900000e+02 -2.3408e+00 +2.3000e+00
4630 0 +0.000000000e+00 +0.000000000e+00 -4.620900000e+02 -4.620900000e+02 -2.3408e+00 +2.3000e+00
% f evaluations | g evaluations | best noise-free fitness - Fopt | noise-free fitness - Fopt (7.766000000000e+01) | measured fitness | best measured fitness | x1 | x2...
1 0 +2.402188770e+03 +2.402188770e+03 +2.479848770e+03 +2.479848770e+03 +9.4215e-01 +5.2514e+00
2 0 +5.673591304e+01 +5.673591304e+01 +1.343959130e+02 +1.343959130e+02 +5.4620e-02 +3.8173e-01
4 0 +1.693394570e+01 +1.693394570e+01 +9.459394570e+01 +9.459394570e+01 +2.1626e-01 -1.1079e+00
39 0 +1.056131371e+01 +1.056131371e+01 +8.822131371e+01 +8.822131371e+01 +4.7331e-01 -1.4343e-01
142 0 +7.993417423e+00 +7.993417423e+00 +8.565341742e+01 +8.565341742e+01 +2.5404e+00 -2.5271e-01
215 0 +7.935763285e+00 +7.935763285e+00 +8.559576329e+01 +8.559576329e+01 +2.2428e+00 -1.1372e+00
234 0 +6.099506621e+00 +6.099506621e+00 +8.375950662e+01 +8.375950662e+01 +3.6988e-01 -4.6340e-01
311 0 +4.730824115e+00 +4.730824115e+00 +8.239082411e+01 +8.239082411e+01 +3.4588e+00 -5.0464e-01
601 0 +2.792190990e+00 +2.792190990e+00 +8.045219099e+01 +8.045219099e+01 +1.4201e+00 -1.1819e+00
792 0 +1.241422614e+00 +1.241422614e+00 +7.890142261e+01 +7.890142261e+01 +2.4258e+00 -1.1603e+00
1005 0 +1.151250037e+00 +1.151250037e+00 +7.881125004e+01 +7.881125004e+01 +2.3821e+00 -1.1721e+00
1102 0 +8.830984523e-01 +8.830984523e-01 +7.854309845e+01 +7.854309845e+01 +2.3499e+00 -8.4022e-01
1264 0 +3.375818006e-01 +3.375818006e-01 +7.799758180e+01 +7.799758180e+01 +2.3944e+00 -8.6891e-01
1659 0 +1.947408395e-01 +1.947408395e-01 +7.785474084e+01 +7.785474084e+01 +2.4307e+00 -8.5838e-01
1783 0 +3.999608218e-02 +3.999608218e-02 +7.769999608e+01 +7.769999608e+01 +2.4124e+00 -8.5638e-01
2034 0 +1.250228360e-02 +1.250228360e-02 +7.767250228e+01 +7.767250228e+01 +2.3971e+00 -8.5315e-01
2251 0 +1.631689253e-03 +1.631689253e-03 +7.766163169e+01 +7.766163169e+01 +2.4015e+00 -8.5593e-01
2487 0 +7.031596563e-04 +7.031596563e-04 +7.766070316e+01 +7.766070316e+01 +2.3986e+00 -8.5539e-01
2509 0 +3.973633807e-05 +3.973633807e-05 +7.766003974e+01 +7.766003974e+01 +2.3988e+00 -8.5596e-01
2614 0 +1.483326804e-05 +1.483326804e-05 +7.766001483e+01 +7.766001483e+01 +2.3985e+00 -8.5608e-01
2954 0 +9.578021150e-06 +9.578021150e-06 +7.766000958e+01 +7.766000958e+01 +2.3986e+00 -8.5602e-01
3047 0 +4.746507969e-06 +4.746507969e-06 +7.766000475e+01 +7.766000475e+01 +2.3983e+00 -8.5602e-01
3049 0 +1.973821497e-06 +1.973821497e-06 +7.766000197e+01 +7.766000197e+01 +2.3985e+00 -8.5597e-01
3212 0 +7.382291898e-07 +7.382291898e-07 +7.766000074e+01 +7.766000074e+01 +2.3984e+00 -8.5602e-01
3269 0 +2.368401368e-07 +2.368401368e-07 +7.766000024e+01 +7.766000024e+01 +2.3984e+00 -8.5599e-01
3381 0 +1.972028230e-07 +1.972028230e-07 +7.766000020e+01 +7.766000020e+01 +2.3984e+00 -8.5601e-01
3412 0 +1.607796207e-07 +1.607796207e-07 +7.766000016e+01 +7.766000016e+01 +2.3984e+00 -8.5600e-01
3459 0 +1.001771750e-07 +1.001771750e-07 +7.766000010e+01 +7.766000010e+01 +2.3984e+00 -8.5600e-01
3565 0 +5.465990682e-08 +5.465990682e-08 +7.766000005e+01 +7.766000005e+01 +2.3984e+00 -8.5600e-01
3615 0 +4.794245001e-09 +4.794245001e-09 +7.766000000e+01 +7.766000000e+01 +2.3984e+00 -8.5600e-01
5015 0 +0.000000000e+00 +0.000000000e+00 +7.766000000e+01 +7.766000000e+01 +2.3984e+00 -8.5600e-01
% f evaluations | g evaluations | best noise-free fitness - Fopt | noise-free fitness - Fopt (1.156800000000e+02) | measured fitness | best measured fitness | x1 | x2...
1 0 +3.491558370e+01 +3.491558370e+01 +1.505955837e+02 +1.505955837e+02 +2.7409e+00 -1.7216e+00
11 0 +1.413934442e+01 +1.413934442e+01 +1.298193444e+02 +1.298193444e+02 +8.7841e-01 -3.1752e-01
22 0 +6.471760141e+00 +6.471760141e+00 +1.221517601e+02 +1.221517601e+02 -3.1436e+00 -9.1932e-01
266 0 +5.001922067e+00 +5.001922067e+00 +1.206819221e+02 +1.206819221e+02 -2.1306e+00 -5.5705e-01
530 0 +1.189687769e+00 +1.189687769e+00 +1.168696878e+02 +1.168696878e+02 -2.1064e+00 -9.6861e-01
1139 0 +1.170714231e+00 +1.170714231e+00 +1.168507142e+02 +1.168507142e+02 -2.1848e+00 -1.3011e+00
1431 0 +3.492259238e-01 +3.492259238e-01 +1.160292259e+02 +1.160292259e+02 -2.1421e+00 -9.7452e-01
1561 0 +7.197768835e-02 +7.197768835e-02 +1.157519777e+02 +1.157519777e+02 -2.1927e+00 -9.8680e-01
1584 0 +6.374973067e-02 +6.374973067e-02 +1.157437497e+02 +1.157437497e+02 -2.1682e+00 -9.7844e-01
1639 0 +4.315332033e-02 +4.315332033e-02 +1.157231533e+02 +1.157231533e+02 -2.1645e+00 -9.8162e-01
2242 0 +3.699997127e-02 +3.699997127e-02 +1.157170000e+02 +1.157170000e+02 -2.1906e+00 -9.8526e-01
2272 0 +1.384024869e-02 +1.384024869e-02 +1.156938402e+02 +1.156938402e+02 -2.1707e+00 -9.8222e-01
2371 0 +1.056997866e-02 +1.056997866e-02 +1.156905700e+02 +1.156905700e+02 -2.1814e+00 -9.8116e-01
2438 0 +2.190802388e-03 +2.190802388e-03 +1.156821908e+02 +1.156821908e+02 -2.1789e+00 -9.8217e-01
2526 0 +5.788690938e-04 +5.788690938e-04 +1.156805789e+02 +1.156805789e+02 -2.1800e+00 -9.8303e-01
2640 0 +5.472530862e-04 +5.472530862e-04 +1.156805473e+02 +1.156805473e+02 -2.1773e+00 -9.8355e-01
2652 0 +2.168280257e-04 +2.168280257e-04 +1.156802168e+02 +1.156802168e+02 -2.1776e+00 -9.8300e-01
2653 0 +1.149272112e-04 +1.149272112e-04 +1.156801149e+02 +1.156801149e+02 -2.1776e+00 -9.8323e-01
2839 0 +1.073834214e-05 +1.073834214e-05 +1.156800107e+02 +1.156800107e+02 -2.1784e+00 -9.8312e-01
3034 0 +4.705032026e-06 +4.705032026e-06 +1.156800047e+02 +1.156800047e+02 -2.1785e+00 -9.8316e-01
3122 0 +9.833749743e-07 +9.833749743e-07 +1.156800010e+02 +1.156800010e+02 -2.1784e+00 -9.8318e-01
3273 0 +6.936255659e-07 +6.936255659e-07 +1.156800007e+02 +1.156800007e+02 -2.1783e+00 -9.8319e-01
3303 0 +4.005370187e-07 +4.005370187e-07 +1.156800004e+02 +1.156800004e+02 -2.1784e+00 -9.8319e-01
3319 0 +9.255262512e-08 +9.255262512e-08 +1.156800001e+02 +1.156800001e+02 -2.1784e+00 -9.8320e-01
3401 0 +2.995589909e-08 +2.995589909e-08 +1.156800000e+02 +1.156800000e+02 -2.1784e+00 -9.8320e-01
3569 0 +2.654171283e-08 +2.654171283e-08 +1.156800000e+02 +1.156800000e+02 -2.1784e+00 -9.8320e-01
3657 0 +1.194867139e-08 +1.194867139e-08 +1.156800000e+02 +1.156800000e+02 -2.1784e+00 -9.8320e-01
3693 0 +1.390588977e-09 +1.390588977e-09 +1.156800000e+02 +1.156800000e+02 -2.1784e+00 -9.8320e-01
5061 0 +0.000000000e+00 +0.000000000e+00 +1.156800000e+02 +1.156800000e+02 -2.1784e+00 -9.8320e-01
% f evaluations | g evaluations | best noise-free fitness - Fopt | noise-free fitness - Fopt (-3.710000000000e+00) | measured fitness | best measured fitness | x1 | x2...
1 0 +7.377293697e+01 +7.377293697e+01 +7.006293697e+01 +7.006293697e+01 -3.8344e+00 -1.4980e+00
8 0 +6.333608009e+01 +6.333608009e+01 +5.962608009e+01 +5.962608009e+01 -4.6937e-01 -3.3854e+00
16 0 +4.136676463e+01 +4.136676463e+01 +3.765676463e+01 +3.765676463e+01 -3.1739e+00 -2.3503e+00
39 0 +3.904344288e+01 +3.904344288e+01 +3.533344288e+01 +3.533344288e+01 +6.9607e+00 -1.1637e+00
43 0 +3.718649253e+01 +3.718649253e+01 +3.347649253e+01 +3.347649253e+01 +4.9275e+00 -3.3152e+00
46 0 +2.482714722e+01 +2.482714722e+01 +2.111714722e+01 +2.111714722e+01 +1.6540e+00 -1.6591e+00
53 0 +2.437719307e+01 +2.437719307e+01 +2.066719307e+01 +2.066719307e+01 +1.9726e+00 -2.6962e+00
65 0 +1.611454773e+01 +1.611454773e+01 +1.240454773e+01 +1.240454773e+01 +2.0264e+00 -1.4972e+00
215 0 +1.492542503e+01 +1.492542503e+01 +1.121542503e+01 +1.121542503e+01 +8.8443e-01 -2.2495e+00
223 0 +1.095480186e+01 +1.095480186e+01 +7.244801863e+00 +7.244801863e+00 +2.3144e+00 -2.2845e+00
311 0 +6.686675814e+00 +6.686675814e+00 +2.976675814e+00 +2.976675814e+00 +3.2087e+00 -2.2315e+00
320 0 +2.117010207e+00 +2.117010207e+00 -1.592989793e+00 -1.592989793e+00 +3.1389e+00 -2.6253e+00
752 0 +1.086734834e+00 +1.086734834e+00 -2.623265166e+00 -2.623265166e+00 +3.1073e+00 -1.9444e+00
1405 0 +7.836381327e-01 +7.836381327e-01 -2.926361867e+00 -2.926361867e+00 +3.0681e+00 -2.2832e+00
1716 0 +5.053333206e-02 +5.053333206e-02 -3.659466668e+00 -3.659466668e+00 +3.1236e+00 -2.2897e+00
2047 0 +2.831273894e-02 +2.831273894e-02 -3.681687261e+00 -3.681687261e+00 +3.1306e+00 -2.2934e+00
2330 0 +1.641358103e-02 +1.641358103e-02 -3.693586419e+00 -3.693586419e+00 +3.1105e+00 -2.2957e+00
2430 0 +6.296732385e-03 +6.296732385e-03 -3.703703268e+00 -3.703703268e+00 +3.1166e+00 -2.2966e+00
2610 0 +1.348475325e-04 +1.348475325e-04 -3.709865152e+00 -3.709865152e+00 +3.1205e+00 -2.2950e+00
2800 0 +8.470780197e-07 +8.470780197e-07 -3.709999153e+00 -3.709999153e+00 +3.1201e+00 -2.2952e+00
3260 0 +1.716997122e-07 +1.716997122e-07 -3.709999828e+00 -3.709999828e+00 +3.1200e+00 -2.2952e+00
3406 0 +1.269684016e-07 +1.269684016e-07 -3.709999873e+00 -3.709999873e+00 +3.1200e+00 -2.2952e+00
3502 0 +2.305962399e-08 +2.305962399e-08 -3.709999977e+00 -3.709999977e+00 +3.1200e+00 -2.2952e+00
3665 0 +1.723951781e-08 +1.723951781e-08 -3.709999983e+00 -3.709999983e+00 +3.1200e+00 -2.2952e+00
3677 0 +1.176952180e-08 +1.176952180e-08 -3.709999988e+00 -3.709999988e+00 +3.1200e+00 -2.2952e+00
3722 0 +3.675320492e-09 +3.675320492e-09 -3.709999996e+00 -3.709999996e+00 +3.1200e+00 -2.2952e+00
5214 0 +0.000000000e+00 +0.000000000e+00 -3.710000000e+00 -3.710000000e+00 +3.1200e+00 -2.2952e+00
% f evaluations | g evaluations | best noise-free fitness - Fopt | noise-free fitness - Fopt (1.321800000000e+02) | measured fitness | best measured fitness | x1 | x2...
1 0 +7.639879526e+01 +7.639879526e+01 +2.085787953e+02 +2.085787953e+02 +4.3497e+00 +2.1358e+00
4 0 +4.955637519e+01 +4.955637519e+01 +1.817363752e+02 +1.817363752e+02 -4.9341e+00 +3.1142e+00
16 0 +4.177787271e+01 +4.177787271e+01 +1.739578727e+02 +1.739578727e+02 -4.4671e+00 +3.0137e+00
28 0 +3.529145744e+01 +3.529145744e+01 +1.674714574e+02 +1.674714574e+02 -2.5594e+00 +1.3055e+00
40 0 +2.301798927e+01 +2.301798927e+01 +1.551979893e+02 +1.551979893e+02 -4.7004e+00 +2.0117e+00
44 0 +2.194828676e+01 +2.194828676e+01 +1.541282868e+02 +1.541282868e+02 -4.1755e+00 +1.1452e+00
87 0 +1.732359327e+01 +1.732359327e+01 +1.495035933e+02 +1.495035933e+02 +2.9748e-01 +1.4906e+00
100 0 +9.786425045e+00 +9.786425045e+00 +1.419664250e+02 +1.419664250e+02 -3.8328e+00 +5.1865e-01
181 0 +6.795088552e+00 +6.795088552e+00 +1.389750886e+02 +1.389750886e+02 -2.7315e+00 +2.0809e+00
267 0 +3.062655004e+00 +3.062655004e+00 +1.352426550e+02 +1.352426550e+02 -4.7633e+00 +1.5219e+00
418 0 +2.358898615e+00 +2.358898615e+00 +1.345388986e+02 +1.345388986e+02 -2.7691e+00 +1.8195e+00
647 0 +1.452803006e+00 +1.452803006e+00 +1.336328030e+02 +1.336328030e+02 -3.7215e+00 +1.1663e+00
1181 0 +1.323993739e+00 +1.323993739e+00 +1.335039937e+02 +1.335039937e+02 -3.7606e+00 +1.5109e+00
1304 0 +1.070361413e-01 +1.070361413e-01 +1.322870361e+02 +1.322870361e+02 -3.7873e+00 +1.4815e+00
1641 0 +9.544474309e-02 +9.544474309e-02 +1.322754447e+02 +1.322754447e+02 -3.7660e+00 +1.4899e+00
1833 0 +8.423693718e-02 +8.423693718e-02 +1.322642369e+02 +1.322642369e+02 -3.7646e+00 +1.4755e+00
1855 0 +6.554594363e-02 +6.554594363e-02 +1.322455459e+02 +1.322455459e+02 -3.7549e+00 +1.4879e+00
2129 0 +3.475453504e-02 +3.475453504e-02 +1.322147545e+02 +1.322147545e+02 -3.7724e+00 +1.4791e+00
2178 0 +2.176201362e-02 +2.176201362e-02 +1.322017620e+02 +1.322017620e+02 -3.7669e+00 +1.4793e+00
2314 0 +1.797190762e-02 +1.797190762e-02 +1.321979719e+02 +1.321979719e+02 -3.7714e+00 +1.4844e+00
2318 0 +9.087138569e-03 +9.087138569e-03 +1.321890871e+02 +1.321890871e+02 -3.7712e+00 +1.4826e+00
2342 0 +7.105376419e-03 +7.105376419e-03 +1.321871054e+02 +1.321871054e+02 -3.7578e+00 +1.4827e+00
2437 0 +2.990840920e-03 +2.990840920e-03 +1.321829908e+02 +1.321829908e+02 -3.7635e+00 +1.4812e+00
2449 0 +1.011237897e-03 +1.011237897e-03 +1.321810112e+02 +1.321810112e+02 -3.7620e+00 +1.4825e+00
2530 0 +8.987384377e-04 +8.987384377e-04 +1.321808987e+02 +1.321808987e+02 -3.7641e+00 +1.4817e+00
2538 0 +1.896411811e-04 +1.896411811e-04 +1.321801896e+02 +1.321801896e+02 -3.7644e+00 +1.4827e+00
2641 0 +1.367190040e-04 +1.367190040e-04 +1.321801367e+02 +1.321801367e+02 -3.7634e+00 +1.4822e+00
2827 0 +6.922209573e-05 +6.922209573e-05 +1.321800692e+02 +1.321800692e+02 -3.7635e+00 +1.4825e+00
2874 0 +6.123438970e-05 +6.123438970e-05 +1.321800612e+02 +1.321800612e+02 -3.7645e+00 +1.4824e+00
2902 0 +3.592676399e-05 +3.592676399e-05 +1.321800359e+02 +1.321800359e+02 -3.7638e+00 +1.4823e+00
2910 0 +2.821537433e-05 +2.821537433e-05 +1.321800282e+02 +1.321800282e+02 -3.7637e+00 +1.4824e+00
2914 0 +1.300044545e-06 +1.300044545e-06 +1.321800013e+02 +1.321800013e+02 -3.7639e+00 +1.4824e+00
3266 0 +1.983221978e-07 +1.983221978e-07 +1.321800002e+02 +1.321800002e+02 -3.7640e+00 +1.4824e+00
3372 0 +5.799225278e-08 +5.799225278e-08 +1.321800001e+02 +1.321800001e+02 -3.7640e+00 +1.4824e+00
3441 0 +5.682406368e-08 +5.682406368e-08 +1.321800001e+02 +1.321800001e+02 -3.7640e+00 +1.4824e+00
3516 0 +2.563206181e-08 +2.563206181e-08 +1.321800000e+02 +1.321800000e+02 -3.7640e+00 +1.4824e+00
3641 0 +1.978861519e-09 +1.978861519e-09 +1.321800000e+02 +1.321800000e+02 -3.7640e+00 +1.4824e+00
4934 0 +0.000000000e+00 +0.000000000e+00 +1.321800000e+02 +1.321800000e+02 -3.7640e+00 +1.4824e+00
% f evaluations | g evaluations | best noise-free fitness - Fopt | noise-free fitness - Fopt (-3.930000000000e+01) | measured fitness | best measured fitness | x1 | x2...
1 0 +1.373507003e+02 +1.373507003e+02 +9.805070029e+01 +9.805070029e+01 -1.6504e+00 -4.7767e+00
2 0 +7.431548386e+01 +7.431548386e+01 +3.501548386e+01 +3.501548386e+01 +4.1158e+00 -2.0537e+00
3 0 +6.577580140e+01 +6.577580140e+01 +2.647580140e+01 +2.647580140e+01 -6.0983e+00 -2.4945e+00
4 0 +4.024693065e+01 +4.024693065e+01 +9.469306463e-01 +9.469306463e-01 -3.7404e+00 +2.1110e-01
8 0 +3.855478559e+01 +3.855478559e+01 -7.452144144e-01 -7.452144144e-01 -1.8511e+00 -2.0540e+00
15 0 +3.173661314e+01 +3.173661314e+01 -7.563386856e+00 -7.563386856e+00 -9.5420e-01 -2.2039e+00
27 0 +2.134194534e+01 +2.134194534e+01 -1.795805466e+01 -1.795805466e+01 -5.3561e+00 -1.2675e+00
35 0 +1.232381486e+01 +1.232381486e+01 -2.697618514e+01 -2.697618514e+01 +3.6074e-01 -8.9494e-01
186 0 +8.896487062e+00 +8.896487062e+00 -3.040351294e+01 -3.040351294e+01 -5.1063e-01 -5.7861e-01
204 0 +6.031392158e+00 +6.031392158e+00 -3.326860784e+01 -3.326860784e+01 -1.4820e+00 -9.1768e-01
294 0 +5.135545444e+00 +5.135545444e+00 -3.416445456e+01 -3.416445456e+01 -2.5572e+00 -1.1680e+00
351 0 +4.358199938e+00 +4.358199938e+00 -3.494180006e+01 -3.494180006e+01 -3.5890e+00 -1.5197e+00
463 0 +2.215911181e+00 +2.215911181e+00 -3.708408882e+01 -3.708408882e+01 -2.4343e+00 -1.2251e+00
531 0 +2.085385689e+00 +2.085385689e+00 -3.721461431e+01 -3.721461431e+01 -2.4674e+00 -8.9182e-01
643 0 +1.777078083e+00 +1.777078083e+00 -3.752292192e+01 -3.752292192e+01 -2.5814e+00 -1.2554e+00
716 0 +6.601087253e-01 +6.601087253e-01 -3.863989127e+01 -3.863989127e+01 -2.4906e+00 -1.2164e+00
1050 0 +8.557183241e-02 +8.557183241e-02 -3.921442817e+01 -3.921442817e+01 -2.5128e+00 -1.2290e+00
1747 0 +7.698184609e-02 +7.698184609e-02 -3.922301815e+01 -3.922301815e+01 -2.5273e+00 -1.2229e+00
1817 0 +6.274964517e-02 +6.274964517e-02 -3.923725035e+01 -3.923725035e+01 -2.5342e+00 -1.2232e+00
1847 0 +3.202910394e-02 +3.202910394e-02 -3.926797090e+01 -3.926797090e+01 -2.5273e+00 -1.2259e+00
1850 0 +2.614148244e-02 +2.614148244e-02 -3.927385852e+01 -3.927385852e+01 -2.5223e+00 -1.2290e+00
2202 0 +1.118172298e-02 +1.118172298e-02 -3.928881828e+01 -3.928881828e+01 -2.5334e+00 -1.2272e+00
2311 0 +1.860398253e-03 +1.860398253e-03 -3.929813960e+01 -3.929813960e+01 -2.5315e+00 -1.2289e+00
2479 0 +1.158750994e-03 +1.158750994e-03 -3.929884125e+01 -3.929884125e+01 -2.5314e+00 -1.2295e+00
2502 0 +3.614628688e-04 +3.614628688e-04 -3.929963854e+01 -3.929963854e+01 -2.5334e+00 -1.2292e+00
2589 0 +1.489853477e-04 +1.489853477e-04 -3.929985101e+01 -3.929985101e+01 -2.5328e+00 -1.2295e+00
2727 0 +1.103454891e-04 +1.103454891e-04 -3.929988965e+01 -3.929988965e+01 -2.5329e+00 -1.2295e+00
2820 0 +1.011943353e-05 +1.011943353e-05 -3.929998988e+01 -3.929998988e+01 -2.5337e+00 -1.2295e+00
3087 0 +2.877929930e-07 +2.877929930e-07 -3.929999971e+01 -3.929999971e+01 -2.5336e+00 -1.2296e+00
3169 0 +2.061130289e-08 +2.061130289e-08 -3.929999998e+01 -3.929999998e+01 -2.5336e+00 -1.2296e+00
3319 0 +2.022493106e-08 +2.022493106e-08 -3.929999998e+01 -3.929999998e+01 -2.5336e+00 -1.2296e+00
3675 0 +1.247855153e-08 +1.247855153e-08 -3.929999999e+01 -3.929999999e+01 -2.5336e+00 -1.2296e+00
3808 0 +8.921432482e-09 +8.921432482e-09 -3.929999999e+01 -3.929999999e+01 -2.5336e+00 -1.2296e+00
5318 0 +0.000000000e+00 +0.000000000e+00 -3.930000000e+01 -3.930000000e+01 -2.5336e+00 -1.2296e+00
% f evaluations | g evaluations | best noise-free fitness - Fopt | noise-free fitness - Fopt (4.296000000000e+01) | measured fitness | best measured fitness | x1 | x2...
1 0 +4.206857338e+01 +4.206857338e+01 +8.502857338e+01 +8.502857338e+01 +2.4755e+00 +2.9584e+00
17 0 +4.096124698e+01 +4.096124698e+01 +8.392124698e+01 +8.392124698e+01 +6.7775e+00 +2.4709e+00
20 0 +3.475487569e+01 +3.475487569e+01 +7.771487569e+01 +7.771487569e+01 +6.3064e-01 +2.7687e+00
21 0 +3.275323846e+01 +3.275323846e+01 +7.571323846e+01 +7.571323846e+01 +3.8526e+00 +2.4551e+00
34 0 +2.239969955e+01 +2.239969955e+01 +6.535969955e+01 +6.535969955e+01 +1.8704e+00 +2.0266e+00
81 0 +1.313551754e+01 +1.313551754e+01 +5.609551754e+01 +5.609551754e+01 +4.3906e+00 +2.0628e+00
98 0 +4.913451989e+00 +4.913451989e+00 +4.787345199e+01 +4.787345199e+01 +1.5448e+00 +1.6874e+00
335 0 +2.092085226e+00 +2.092085226e+00 +4.505208523e+01 +4.505208523e+01 +1.5148e+00 +2.0594e+00
537 0 +2.033800349e+00 +2.033800349e+00 +4.499380035e+01 +4.499380035e+01 +1.5657e+00 +1.7675e+00
595 0 +1.650601420e-01 +1.650601420e-01 +4.312506014e+01 +4.312506014e+01 +1.5109e+00 +1.7467e+00
1216 0 +8.736893496e-02 +8.736893496e-02 +4.304736893e+01 +4.304736893e+01 +1.5235e+00 +1.7433e+00
1275 0 +8.703608238e-02 +8.703608238e-02 +4.304703608e+01 +4.304703608e+01 +1.4991e+00 +1.7424e+00
1645 0 +3.222888878e-02 +3.222888878e-02 +4.299222889e+01 +4.299222889e+01 +1.5109e+00 +1.7408e+00
1818 0 +2.672184140e-02 +2.672184140e-02 +4.298672184e+01 +4.298672184e+01 +1.5013e+00 +1.7377e+00
1903 0 +1.969223032e-02 +1.969223032e-02 +4.297969223e+01 +4.297969223e+01 +1.5185e+00 +1.7399e+00
2001 0 +7.515808130e-03 +7.515808130e-03 +4.296751581e+01 +4.296751581e+01 +1.5071e+00 +1.7374e+00
2053 0 +5.931474417e-03 +5.931474417e-03 +4.296593147e+01 +4.296593147e+01 +1.5185e+00 +1.7366e+00
2123 0 +3.715775946e-03 +3.715775946e-03 +4.296371578e+01 +4.296371578e+01 +1.5160e+00 +1.7378e+00
2155 0 +1.679790201e-03 +1.679790201e-03 +4.296167979e+01 +4.296167979e+01 +1.5108e+00 +1.7375e+00
2214 0 +2.162192861e-04 +2.162192861e-04 +4.296021622e+01 +4.296021622e+01 +1.5120e+00 +1.7366e+00
2233 0 +2.000378338e-04 +2.000378338e-04 +4.296020004e+01 +4.296020004e+01 +1.5119e+00 +1.7367e+00
2470 0 +6.789255951e-05 +6.789255951e-05 +4.296006789e+01 +4.296006789e+01 +1.5131e+00 +1.7366e+00
2538 0 +4.970295919e-05 +4.970295919e-05 +4.296004970e+01 +4.296004970e+01 +1.5132e+00 +1.7369e+00
2554 0 +2.542422455e-05 +2.542422455e-05 +4.296002542e+01 +4.296002542e+01 +1.5125e+00 +1.7369e+00
2705 0 +1.158264026e-05 +1.158264026e-05 +4.296001158e+01 +4.296001158e+01 +1.5130e+00 +1.7368e+00
2762 0 +2.057962995e-06 +2.057962995e-06 +4.296000206e+01 +4.296000206e+01 +1.5129e+00 +1.7368e+00
2912 0 +1.102170728e-06 +1.102170728e-06 +4.296000110e+01 +4.296000110e+01 +1.5128e+00 +1.7368e+00
2931 0 +7.943422133e-07 +7.943422133e-07 +4.296000079e+01 +4.296000079e+01 +1.5129e+00 +1.7368e+00
3034 0 +3.058189364e-07 +3.058189364e-07 +4.296000031e+01 +4.296000031e+01 +1.5128e+00 +1.7368e+00
3070 0 +2.193721897e-07 +2.193721897e-07 +4.296000022e+01 +4.296000022e+01 +1.5128e+00 +1.7368e+00
3132 0 +1.899056201e-08 +1.899056201e-08 +4.296000002e+01 +4.296000002e+01 +1.5128e+00 +1.7368e+00
3209 0 +6.919975704e-10 +6.919975704e-10 +4.296000000e+01 +4.296000000e+01 +1.5128e+00 +1.7368e+00
4872 0 +0.000000000e+00 +0.000000000e+00 +4.296000000e+01 +4.296000000e+01 +1.5128e+00 +1.7368e+00
% f evaluations | g evaluations | best noise-free fitness - Fopt | noise-free fitness - Fopt (2.842200000000e+02) | measured fitness | best measured fitness | x1 | x2...
1 0 +8.162710472e+01 +8.162710472e+01 +3.658471047e+02 +3.658471047e+02 -2.3889e+00 -2.8747e+00
17 0 +6.070780934e+01 +6.070780934e+01 +3.449278093e+02 +3.449278093e+02 -1.7796e+00 +1.6005e+00
19 0 +2.719139746e+01 +2.719139746e+01 +3.114113975e+02 +3.114113975e+02 -1.2170e+00 -4.2433e-02
26 0 +2.594660472e+01 +2.594660472e+01 +3.101666047e+02 +3.101666047e+02 -4.2583e+00 -1.0043e+00
62 0 +2.079819426e+01 +2.079819426e+01 +3.050181943e+02 +3.050181943e+02 +1.9390e+00 +4.2021e-01
64 0 +1.354459000e+01 +1.354459000e+01 +2.977645900e+02 +2.977645900e+02 +1.1056e+00 -1.9142e-01
133 0 +1.266355956e+01 +1.266355956e+01 +2.968835596e+02 +2.968835596e+02 -2.2100e+00 -1.1586e+00
191 0 +5.518716701e+00 +5.518716701e+00 +2.897387167e+02 +2.897387167e+02 -2.1378e+00 -5.6993e-01
268 0 +4.915461024e+00 +4.915461024e+00 +2.891354610e+02 +2.891354610e+02 -2.0613e+00 -1.6541e-01
425 0 +1.743862608e+00 +1.743862608e+00 +2.859638626e+02 +2.859638626e+02 -3.1263e+00 -2.3224e-01
871 0 +1.416327457e+00 +1.416327457e+00 +2.856363275e+02 +2.856363275e+02 -2.0562e+00 -1.9433e-01
905 0 +8.677872647e-01 +8.677872647e-01 +2.850877873e+02 +2.850877873e+02 -2.0451e+00 -2.2859e-01
934 0 +7.838880339e-01 +7.838880339e-01 +2.850038880e+02 +2.850038880e+02 -2.0417e+00 -2.2483e-01
1272 0 +4.655151842e-01 +4.655151842e-01 +2.846855152e+02 +2.846855152e+02 -2.0721e+00 -2.0505e-01
1283 0 +5.423503803e-02 +5.423503803e-02 +2.842742350e+02 +2.842742350e+02 -2.0854e+00 -2.2090e-01
1569 0 +1.052358520e-02 +1.052358520e-02 +2.842305236e+02 +2.842305236e+02 -2.1006e+00 -2.2079e-01
1922 0 +8.340076528e-03 +8.340076528e-03 +2.842283401e+02 +2.842283401e+02 -2.0947e+00 -2.1710e-01
2007 0 +6.186166088e-03 +6.186166088e-03 +2.842261862e+02 +2.842261862e+02 -2.1049e+00 -2.1894e-01
2050 0 +9.900106642e-04 +9.900106642e-04 +2.842209900e+02 +2.842209900e+02 -2.0991e+00 -2.1772e-01
2077 0 +1.721153337e-04 +1.721153337e-04 +2.842201721e+02 +2.842201721e+02 -2.0994e+00 -2.1866e-01
2353 0 +1.351947072e-04 +1.351947072e-04 +2.842201352e+02 +2.842201352e+02 -2.1009e+00 -2.1840e-01
2427 0 +1.087682459e-04 +1.087682459e-04 +2.842201088e+02 +2.842201088e+02 -2.0994e+00 -2.1856e-01
2508 0 +6.417777217e-05 +6.417777217e-05 +2.842200642e+02 +2.842200642e+02 -2.1004e+00 -2.1832e-01
2648 0 +5.795887904e-05 +5.795887904e-05 +2.842200580e+02 +2.842200580e+02 -2.0997e+00 -2.1853e-01
2654 0 +3.737017602e-05 +3.737017602e-05 +2.842200374e+02 +2.842200374e+02 -2.1001e+00 -2.1853e-01
2711 0 +2.240633643e-05 +2.240633643e-05 +2.842200224e+02 +2.842200224e+02 -2.0997e+00 -2.1840e-01
2714 0 +7.542050639e-06 +7.542050639e-06 +2.842200075e+02 +2.842200075e+02 -2.1002e+00 -2.1837e-01
2794 0 +1.318248906e-07 +1.318248906e-07 +2.842200001e+02 +2.842200001e+02 -2.1000e+00 -2.1839e-01
2932 0 +7.292237569e-08 +7.292237569e-08 +2.842200001e+02 +2.842200001e+02 -2.1000e+00 -2.1841e-01
3004 0 +4.850409141e-08 +4.850409141e-08 +2.842200000e+02 +2.842200000e+02 -2.1000e+00 -2.1840e-01
3240 0 +3.599126330e-08 +3.599126330e-08 +2.842200000e+02 +2.842200000e+02 -2.1000e+00 -2.1840e-01
3329 0 +1.191756382e-08 +1.191756382e-08 +2.842200000e+02 +2.842200000e+02 -2.1000e+00 -2.1840e-01
3397 0 +3.773777735e-09 +3.773777735e-09 +2.842200000e+02 +2.842200000e+02 -2.1000e+00 -2.1840e-01
4772 0 +0.000000000e+00 +0.000000000e+00 +2.842200000e+02 +2.842200000e+02 -2.1000e+00 -2.1840e-01
% f evaluations | g evaluations | best noise-free fitness - Fopt | noise-free fitness - Fopt (-3.217000000000e+01) | measured fitness | best measured fitness | x1 | x2...
1 0 +5.801212566e+01 +5.801212566e+01 +2.584212566e+01 +2.584212566e+01 +3.7328e+00 +5.9069e-01
3 0 +2.624531385e+01 +2.624531385e+01 -5.924686152e+00 -5.924686152e+00 -2.3839e+00 +2.2939e+00
28 0 +1.125761803e+01 +1.125761803e+01 -2.091238197e+01 -2.091238197e+01 -7.1478e-01 +2.1657e+00
63 0 +5.317331197e+00 +5.317331197e+00 -2.685266880e+01 -2.685266880e+01 -4.5573e-01 +1.8788e+00
185 0 +4.835785407e+00 +4.835785407e+00 -2.733421459e+01 -2.733421459e+01 -5.9630e-01 +1.8620e+00
266 0 +2.219542578e+00 +2.219542578e+00 -2.995045742e+01 -2.995045742e+01 +2.4485e+00 +1.5355e+00
584 0 +2.460571918e-01 +2.460571918e-01 -3.192394281e+01 -3.192394281e+01 +1.4186e+00 +1.8617e+00
1091 0 +1.578056247e-01 +1.578056247e-01 -3.201219438e+01 -3.201219438e+01 +1.4720e+00 +1.8524e+00
1351 0 +3.013395805e-02 +3.013395805e-02 -3.213986604e+01 -3.213986604e+01 +1.4341e+00 +1.8539e+00
1816 0 +1.490332672e-02 +1.490332672e-02 -3.215509667e+01 -3.215509667e+01 +1.4426e+00 +1.8570e+00
1838 0 +6.399457127e-03 +6.399457127e-03 -3.216360054e+01 -3.216360054e+01 +1.4409e+00 +1.8543e+00
2128 0 +6.307057056e-03 +6.307057056e-03 -3.216369294e+01 -3.216369294e+01 +1.4510e+00 +1.8553e+00
2144 0 +5.607571237e-03 +5.607571237e-03 -3.216439243e+01 -3.216439243e+01 +1.4457e+00 +1.8527e+00
2146 0 +2.775348247e-03 +2.775348247e-03 -3.216722465e+01 -3.216722465e+01 +1.4457e+00 +1.8556e+00
2158 0 +1.701990292e-03 +1.701990292e-03 -3.216829801e+01 -3.216829801e+01 +1.4495e+00 +1.8547e+00
2174 0 +4.170087710e-04 +4.170087710e-04 -3.216958299e+01 -3.216958299e+01 +1.4467e+00 +1.8540e+00
2188 0 +3.454629561e-04 +3.454629561e-04 -3.216965454e+01 -3.216965454e+01 +1.4477e+00 +1.8545e+00
2237 0 +7.832259224e-05 +7.832259224e-05 -3.216992168e+01 -3.216992168e+01 +1.4466e+00 +1.8546e+00
2442 0 +6.789698394e-05 +6.789698394e-05 -3.216993210e+01 -3.216993210e+01 +1.4470e+00 +1.8544e+00
2444 0 +5.924551352e-05 +5.924551352e-05 -3.216994075e+01 -3.216994075e+01 +1.4461e+00 +1.8543e+00
2456 0 +2.842979916e-05 +2.842979916e-05 -3.216997157e+01 -3.216997157e+01 +1.4467e+00 +1.8543e+00
2492 0 +2.606310286e-05 +2.606310286e-05 -3.216997394e+01 -3.216997394e+01 +1.4466e+00 +1.8545e+00
2542 0 +8.317989369e-06 +8.317989369e-06 -3.216999168e+01 -3.216999168e+01 +1.4466e+00 +1.8544e+00
2620 0 +1.935737217e-06 +1.935737217e-06 -3.216999806e+01 -3.216999806e+01 +1.4465e+00 +1.8544e+00
2851 0 +1.568839110e-06 +1.568839110e-06 -3.216999843e+01 -3.216999843e+01 +1.4464e+00 +1.8544e+00
2858 0 +7.323422224e-07 +7.323422224e-07 -3.216999927e+01 -3.216999927e+01 +1.4463e+00 +1.8544e+00
2874 0 +1.579972846e-07 +1.579972846e-07 -3.216999984e+01 -3.216999984e+01 +1.4464e+00 +1.8544e+00
3161 0 +6.852530987e-08 +6.852530987e-08 -3.216999993e+01 -3.216999993e+01 +1.4464e+00 +1.8544e+00
3200 0 +3.792337111e-08 +3.792337111e-08 -3.216999996e+01 -3.216999996e+01 +1.4464e+00 +1.8544e+00
3212 0 +1.709294395e-08 +1.709294395e-08 -3.216999998e+01 -3.216999998e+01 +1.4464e+00 +1.8544e+00
3234 0 +1.446849751e-09 +1.446849751e-09 -3.217000000e+01 -3.217000000e+01 +1.4464e+00 +1.8544e+00
4826 0 +0.000000000e+00 +0.000000000e+00 -3.217000000e+01 -3.217000000e+01 +1.4464e+00 +1.8544e+00
% f evaluations | g evaluations | best noise-free fitness - Fopt | noise-free fitness - Fopt (-5.858000000000e+01) | measured fitness | best measured fitness | x1 | x2...
1 0 +3.552163841e+02 +3.552163841e+02 +2.966363841e+02 +2.966363841e+02 +1.0058e+00 +1.1226e+00
4 0 +3.001615035e+01 +3.001615035e+01 -2.856384965e+01 -2.856384965e+01 -6.0602e-01 -2.7088e+00
7 0 +6.759552062e+00 +6.759552062e+00 -5.182044794e+01 -5.182044794e+01 +5.4094e-01 -2.4688e+00
307 0 +6.044949946e+00 +6.044949946e+00 -5.253505005e+01 -5.253505005e+01 +5.7005e-01 -2.1770e+00
354 0 +3.558921184e+00 +3.558921184e+00 -5.502107882e+01 -5.502107882e+01 +1.5321e+00 -2.1548e+00
438 0 +1.836848249e+00 +1.836848249e+00 -5.674315175e+01 -5.674315175e+01 +3.5556e+00 -2.4971e+00
653 0 +8.253786049e-02 +8.253786049e-02 -5.849746214e+01 -5.849746214e+01 +2.6044e+00 -2.5025e+00
1855 0 +1.381897968e-02 +1.381897968e-02 -5.856618102e+01 -5.856618102e+01 +2.5937e+00 -2.5044e+00
2189 0 +4.243027022e-03 +4.243027022e-03 -5.857575697e+01 -5.857575697e+01 +2.5943e+00 -2.5065e+00
2327 0 +4.156723145e-03 +4.156723145e-03 -5.857584328e+01 -5.857584328e+01 +2.5912e+00 -2.5086e+00
2341 0 +2.449808367e-03 +2.449808367e-03 -5.857755019e+01 -5.857755019e+01 +2.5939e+00 -2.5069e+00
2357 0 +1.112488547e-03 +1.112488547e-03 -5.857888751e+01 -5.857888751e+01 +2.5898e+00 -2.5079e+00
2427 0 +1.285825011e-04 +1.285825011e-04 -5.857987142e+01 -5.857987142e+01 +2.5912e+00 -2.5073e+00
2623 0 +7.067620416e-06 +7.067620416e-06 -5.857999293e+01 -5.857999293e+01 +2.5904e+00 -2.5073e+00
2754 0 +2.429355504e-06 +2.429355504e-06 -5.857999757e+01 -5.857999757e+01 +2.5905e+00 -2.5072e+00
2967 0 +1.701028062e-06 +1.701028062e-06 -5.857999830e+01 -5.857999830e+01 +2.5903e+00 -2.5072e+00
2973 0 +7.848260495e-07 +7.848260495e-07 -5.857999922e+01 -5.857999922e+01 +2.5904e+00 -2.5072e+00
3105 0 +3.084644504e-07 +3.084644504e-07 -5.857999969e+01 -5.857999969e+01 +2.5904e+00 -2.5072e+00
3167 0 +8.988145339e-09 +8.988145339e-09 -5.857999999e+01 -5.857999999e+01 +2.5904e+00 -2.5072e+00
5179 0 +0.000000000e+00 +0.000000000e+00 -5.858000000e+01 -5.858000000e+01 +2.5904e+00 -2.5072e+00
% f evaluations | g evaluations | best noise-free fitness - Fopt | noise-free fitness - Fopt (-6.049200000000e+02) | measured fitness | best measured fitness | x1 | x2...
1 0 +7.136679896e+01 +7.136679896e+01 -5.335532010e+02 -5.335532010e+02 +1.5531e+00 +6.6944e-01
3 0 +5.269136861e+01 +5.269136861e+01 -5.522286314e+02 -5.522286314e+02 +1.5817e+00 +3.9302e-02
4 0 +3.468623502e+01 +3.468623502e+01 -5.702337650e+02 -5.702337650e+02 +1.5817e+00 -2.0122e+00
14 0 +1.142889011e+01 +1.142889011e+01 -5.934911099e+02 -5.934911099e+02 +2.1307e+00 -1.0436e+00
52 0 +9.017601552e+00 +9.017601552e+00 -5.959023984e+02 -5.959023984e+02 -2.7941e+00 -6.9913e-01
147 0 +7.801966624e+00 +7.801966624e+00 -5.971180334e+02 -5.971180334e+02 -2.1041e+00 -6.9496e-01
157 0 +4.728864442e+00 +4.728864442e+00 -6.001911356e+02 -6.001911356e+02 -2.0681e+00 -1.0436e+00
465 0 +4.222846588e+00 +4.222846588e+00 -6.006971534e+02 -6.006971534e+02 +5.4171e-02 -6.3823e-01
586 0 +4.710848096e-01 +4.710848096e-01 -6.044489152e+02 -6.044489152e+02 -1.0417e+00 -1.0199e+00
1032 0 +4.633369918e-02 +4.633369918e-02 -6.048736663e+02 -6.048736663e+02 -1.0015e+00 -1.0102e+00
1353 0 +3.033623616e-03 +3.033623616e-03 -6.049169664e+02 -6.049169664e+02 -9.9677e-01 -1.0141e+00
2253 0 +9.344793430e-04 +9.344793430e-04 -6.049190655e+02 -6.049190655e+02 -9.9677e-01 -1.0147e+00
2293 0 +5.926076010e-04 +5.926076010e-04 -6.049194074e+02 -6.049194074e+02 -1.0001e+00 -1.0153e+00
2439 0 +5.714852106e-04 +5.714852106e-04 -6.049194285e+02 -6.049194285e+02 -9.9911e-01 -1.0147e+00
2493 0 +5.487889534e-04 +5.487889534e-04 -6.049194512e+02 -6.049194512e+02 -1.0001e+00 -1.0152e+00
2508 0 +3.696062322e-05 +3.696062322e-05 -6.049199630e+02 -6.049199630e+02 -9.9797e-01 -1.0152e+00
2533 0 +1.189895431e-05 +1.189895431e-05 -6.049199881e+02 -6.049199881e+02 -9.9839e-01 -1.0151e+00
2801 0 +4.562143204e-06 +4.562143204e-06 -6.049199954e+02 -6.049199954e+02 -9.9841e-01 -1.0152e+00
2883 0 +2.320961471e-06 +2.320961471e-06 -6.049199977e+02 -6.049199977e+02 -9.9839e-01 -1.0152e+00
3037 0 +1.664428055e-06 +1.664428055e-06 -6.049199983e+02 -6.049199983e+02 -9.9840e-01 -1.0152e+00
3051 0 +5.879470564e-07 +5.879470564e-07 -6.049199994e+02 -6.049199994e+02 -9.9835e-01 -1.0152e+00
3122 0 +2.091433089e-07 +2.091433089e-07 -6.049199998e+02 -6.049199998e+02 -9.9837e-01 -1.0152e+00
3196 0 +1.780969114e-07 +1.780969114e-07 -6.049199998e+02 -6.049199998e+02 -9.9837e-01 -1.0152e+00
3335 0 +1.438197614e-07 +1.438197614e-07 -6.049199999e+02 -6.049199999e+02 -9.9843e-01 -1.0152e+00
3343 0 +3.215086508e-08 +3.215086508e-08 -6.049200000e+02 -6.049200000e+02 -9.9841e-01 -1.0152e+00
3416 0 +3.024183570e-09 +3.024183570e-09 -6.049200000e+02 -6.049200000e+02 -9.9840e-01 -1.0152e+00
4764 0 +0.000000000e+00 +0.000000000e+00 -6.049200000e+02 -6.049200000e+02 -9.9840e-01 -1.0152e+00
% f evaluations | g evaluations | best noise-free fitness - Fopt | noise-free fitness - Fopt (1.337000000000e+02) | measured fitness | best measured fitness | x1 | x2...
1 0 +2.113768929e+02 +2.113768929e+02 +3.450768929e+02 +3.450768929e+02 +3.1305e+00 -3.4152e+00
2 0 +1.190640102e+02 +1.190640102e+02 +2.527640102e+02 +2.527640102e+02 -3.4625e+00 +2.9233e+00
3 0 +2.753102852e+01 +2.753102852e+01 +1.612310285e+02 +1.612310285e+02 +2.0989e+00 +1.2266e+00
19 0 +2.368858557e+01 +2.368858557e+01 +1.573885856e+02 +1.573885856e+02 +4.3108e+00 +1.9363e+00
23 0 +1.829979568e+01 +1.829979568e+01 +1.519997957e+02 +1.519997957e+02 +2.7542e-01 +3.3077e-01
31 0 +1.795650246e+01 +1.795650246e+01 +1.516565025e+02 +1.516565025e+02 +1.7380e-01 +1.3672e+00
40 0 +1.240946134e+01 +1.240946134e+01 +1.461094613e+02 +1.461094613e+02 +3.3456e+00 +2.8701e-01
49 0 +1.123783913e+01 +1.123783913e+01 +1.449378391e+02 +1.449378391e+02 +4.3578e+00 +1.3282e+00
54 0 +5.666309180e+00 +5.666309180e+00 +1.393663092e+02 +1.393663092e+02 +2.5936e+00 +1.2671e+00
123 0 +4.310664757e+00 +4.310664757e+00 +1.380106648e+02 +1.380106648e+02 +2.4950e+00 +1.5633e+00
331 0 +1.981115436e+00 +1.981115436e+00 +1.356811154e+02 +1.356811154e+02 +2.5511e+00 +1.3222e+00
522 0 +8.181155230e-01 +8.181155230e-01 +1.345181155e+02 +1.345181155e+02 +2.4836e+00 +9.3408e-01
683 0 +4.431061012e-01 +4.431061012e-01 +1.341431061e+02 +1.341431061e+02 +2.4433e+00 +9.4339e-01
1127 0 +2.832316873e-01 +2.832316873e-01 +1.339832317e+02 +1.339832317e+02 +2.4495e+00 +9.6391e-01
1327 0 +2.630571712e-01 +2.630571712e-01 +1.339630572e+02 +1.339630572e+02 +2.4514e+00 +9.6391e-01
1334 0 +1.500467882e-01 +1.500467882e-01 +1.338500468e+02 +1.338500468e+02 +2.5000e+00 +9.5210e-01
1366 0 +8.244001118e-02 +8.244001118e-02 +1.337824400e+02 +1.337824400e+02 +2.4547e+00 +9.5426e-01
1557 0 +1.210820834e-02 +1.210820834e-02 +1.337121082e+02 +1.337121082e+02 +2.4758e+00 +9.5722e-01
1782 0 +6.461789284e-03 +6.461789284e-03 +1.337064618e+02 +1.337064618e+02 +2.4772e+00 +9.5271e-01
1960 0 +5.187681436e-03 +5.187681436e-03 +1.337051877e+02 +1.337051877e+02 +2.4751e+00 +9.5615e-01
2010 0 +3.033294013e-03 +3.033294013e-03 +1.337030333e+02 +1.337030333e+02 +2.4746e+00 +9.5570e-01
2036 0 +5.501771819e-04 +5.501771819e-04 +1.337005502e+02 +1.337005502e+02 +2.4747e+00 +9.5395e-01
2071 0 +4.241371237e-04 +4.241371237e-04 +1.337004241e+02 +1.337004241e+02 +2.4755e+00 +9.5488e-01
2243 0 +1.714735942e-05 +1.714735942e-05 +1.337000171e+02 +1.337000171e+02 +2.4749e+00 +9.5444e-01
2362 0 +5.794829974e-06 +5.794829974e-06 +1.337000058e+02 +1.337000058e+02 +2.4750e+00 +9.5442e-01
2682 0 +7.268340596e-09 +7.268340596e-09 +1.337000000e+02 +1.337000000e+02 +2.4752e+00 +9.5440e-01
4482 0 +0.000000000e+00 +0.000000000e+00 +1.337000000e+02 +1.337000000e+02 +2.4752e+00 +9.5440e-01
% f evaluations | g evaluations | best noise-free fitness - Fopt | noise-free fitness - Fopt (-2.098000000000e+01) | measured fitness | best measured fitness | x1 | x2...
1 0 +2.212312230e+02 +2.212312230e+02 +2.002512230e+02 +2.002512230e+02 +4.2563e+00 +4.9318e+00
2 0 +2.267883432e+01 +2.267883432e+01 +1.698834322e+00 +1.698834322e+00 +4.0291e-01 +9.8221e-01
17 0 +2.172679610e+01 +2.172679610e+01 +7.467960985e-01 +7.467960985e-01 +2.1596e+00 +7.0585e-01
23 0 +1.850570874e+01 +1.850570874e+01 -2.474291259e+00 -2.474291259e+00 +5.2029e+00 +1.8414e+00
45 0 +1.048532542e+01 +1.048532542e+01 -1.049467458e+01 -1.049467458e+01 -2.1605e-02 +2.5776e+00
205 0 +8.851556910e+00 +8.851556910e+00 -1.212844309e+01 -1.212844309e+01 +7.6512e-02 +1.8692e+00
236 0 +7.761867787e+00 +7.761867787e+00 -1.321813221e+01 -1.321813221e+01 +1.1980e+00 +1.6078e+00
269 0 +7.852550070e-01 +7.852550070e-01 -2.019474499e+01 -2.019474499e+01 +2.0764e+00 +1.8999e+00
553 0 +4.256221772e-01 +4.256221772e-01 -2.055437782e+01 -2.055437782e+01 +2.0970e+00 +1.9302e+00
1019 0 +5.299721253e-02 +5.299721253e-02 -2.092700279e+01 -2.092700279e+01 +2.0764e+00 +1.9180e+00
1869 0 +6.493867316e-03 +6.493867316e-03 -2.097350613e+01 -2.097350613e+01 +2.0640e+00 +1.9180e+00
2157 0 +1.985274439e-03 +1.985274439e-03 -2.097801473e+01 -2.097801473e+01 +2.0573e+00 +1.9198e+00
2334 0 +1.514966498e-04 +1.514966498e-04 -2.097984850e+01 -2.097984850e+01 +2.0592e+00 +1.9191e+00
2677 0 +6.256738558e-06 +6.256738558e-06 -2.097999374e+01 -2.097999374e+01 +2.0601e+00 +1.9192e+00
2925 0 +1.798881840e-06 +1.798881840e-06 -2.097999820e+01 -2.097999820e+01 +2.0601e+00 +1.9192e+00
3009 0 +1.041773107e-06 +1.041773107e-06 -2.097999896e+01 -2.097999896e+01 +2.0600e+00 +1.9192e+00
3069 0 +8.561436040e-07 +8.561436040e-07 -2.097999914e+01 -2.097999914e+01 +2.0600e+00 +1.9192e+00
3072 0 +2.800145893e-08 +2.800145893e-08 -2.097999997e+01 -2.097999997e+01 +2.0600e+00 +1.9192e+00
3426 0 +8.570530952e-09 +8.570530952e-09 -2.097999999e+01 -2.097999999e+01 +2.0600e+00 +1.9192e+00
5066 0 +0.000000000e+00 +0.000000000e+00 -2.098000000e+01 -2.098000000e+01 +2.0600e+00 +1.9192e+00
% f evaluations | g evaluations | best noise-free fitness - Fopt | noise-free fitness - Fopt (1.353300000000e+02) | measured fitness | best measured fitness | x1 | x2...
1 0 +1.541992987e+02 +1.541992987e+02 +2.895292987e+02 +2.895292987e+02 +7.4210e-01 -3.5845e+00
2 0 +9.872351871e+01 +9.872351871e+01 +2.340535187e+02 +2.340535187e+02 +3.3093e+00 -2.8414e+00
7 0 +2.313348353e+01 +2.313348353e+01 +1.584634835e+02 +1.584634835e+02 -4.5838e-01 -4.6264e-01
8 0 +1.627723199e+01 +1.627723199e+01 +1.516072320e+02 +1.516072320e+02 -2.3967e+00 +7.6906e-02
14 0 +1.003802704e+01 +1.003802704e+01 +1.453680270e+02 +1.453680270e+02 +3.1874e-01 +5.7328e-02
129 0 +9.250484166e+00 +9.250484166e+00 +1.445804842e+02 +1.445804842e+02 -3.7668e-01 +7.2526e-01
148 0 +7.383626192e+00 +7.383626192e+00 +1.427136262e+02 +1.427136262e+02 +3.6507e-01 +4.0376e-01
157 0 +6.372948736e+00 +6.372948736e+00 +1.417029487e+02 +1.417029487e+02 -1.3124e+00 +5.7328e-02
174 0 +2.736755304e+00 +2.736755304e+00 +1.380667553e+02 +1.380667553e+02 +5.0480e-01 -9.5111e-03
355 0 +1.986307866e+00 +1.986307866e+00 +1.373163079e+02 +1.373163079e+02 +4.6980e-01 +3.7284e-01
753 0 +1.225667949e+00 +1.225667949e+00 +1.365556679e+02 +1.365556679e+02 +4.6270e-01 +3.2924e-02
1162 0 +9.578573760e-01 +9.578573760e-01 +1.362878574e+02 +1.362878574e+02 +5.1216e-01 +4.5371e-02
1264 0 +9.114463097e-03 +9.114463097e-03 +1.353391145e+02 +1.353391145e+02 +5.4327e-01 +2.1818e-02
2137 0 +5.243717765e-03 +5.243717765e-03 +1.353352437e+02 +1.353352437e+02 +5.4720e-01 +2.2585e-02
2185 0 +3.340116539e-03 +3.340116539e-03 +1.353333401e+02 +1.353333401e+02 +5.4653e-01 +2.5200e-02
2186 0 +5.237424348e-04 +5.237424348e-04 +1.353305237e+02 +1.353305237e+02 +5.4564e-01 +2.3592e-02
2446 0 +9.143556488e-05 +9.143556488e-05 +1.353300914e+02 +1.353300914e+02 +5.4414e-01 +2.3959e-02
2562 0 +4.403048521e-05 +4.403048521e-05 +1.353300440e+02 +1.353300440e+02 +5.4527e-01 +2.4013e-02
2586 0 +3.916889617e-05 +3.916889617e-05 +1.353300392e+02 +1.353300392e+02 +5.4524e-01 +2.4025e-02
2616 0 +1.423353228e-05 +1.423353228e-05 +1.353300142e+02 +1.353300142e+02 +5.4505e-01 +2.3960e-02
2795 0 +6.539349300e-06 +6.539349300e-06 +1.353300065e+02 +1.353300065e+02 +5.4473e-01 +2.4053e-02
2806 0 +1.426104888e-06 +1.426104888e-06 +1.353300014e+02 +1.353300014e+02 +5.4476e-01 +2.4025e-02
2978 0 +1.067222399e-07 +1.067222399e-07 +1.353300001e+02 +1.353300001e+02 +5.4480e-01 +2.4007e-02
3162 0 +6.936318186e-08 +6.936318186e-08 +1.353300001e+02 +1.353300001e+02 +5.4482e-01 +2.4000e-02
3217 0 +6.430238386e-08 +6.430238386e-08 +1.353300001e+02 +1.353300001e+02 +5.4482e-01 +2.3999e-02
3219 0 +4.500407158e-09 +4.500407158e-09 +1.353300000e+02 +1.353300000e+02 +5.4480e-01 +2.4001e-02
4900 0 +0.000000000e+00 +0.000000000e+00 +1.353300000e+02 +1.353300000e+02 +5.4480e-01 +2.4000e-02
% f evaluations | g evaluations | best noise-free fitness - Fopt | noise-free fitness - Fopt (4.066000000000e+01) | measured fitness | best measured fitness | x1 | x2...
1 0 +2.271841326e+02 +2.271841326e+02 +2.678441326e+02 +2.678441326e+02 -3.7200e-01 -2.9849e+00
3 0 +5.610228863e+01 +5.610228863e+01 +9.676228863e+01 +9.676228863e+01 -4.4060e+00 +5.8150e-01
7 0 +4.555313632e+01 +4.555313632e+01 +8.621313632e+01 +8.621313632e+01 +1.0755e+00 -2.9998e-01
8 0 +3.532402537e+01 +3.532402537e+01 +7.598402537e+01 +7.598402537e+01 +4.6195e+00 +1.0260e+00
10 0 +2.587692876e+01 +2.587692876e+01 +6.653692876e+01 +6.653692876e+01 +4.6203e+00 +1.2038e+00
11 0 +2.036621510e+01 +2.036621510e+01 +6.102621510e+01 +6.102621510e+01 +2.0015e+00 +1.1249e+00
46 0 +1.097668231e+01 +1.097668231e+01 +5.163668231e+01 +5.163668231e+01 +1.3531e+00 +9.3334e-01
207 0 +6.300722673e+00 +6.300722673e+00 +4.696072267e+01 +4.696072267e+01 +4.0751e+00 +8.9764e-01
252 0 +5.155047112e+00 +5.155047112e+00 +4.581504711e+01 +4.581504711e+01 +2.0291e+00 +1.5517e+00
273 0 +5.017322159e+00 +5.017322159e+00 +4.567732216e+01 +4.567732216e+01 +4.1160e+00 +9.3334e-01
307 0 +2.462238842e+00 +2.462238842e+00 +4.312223884e+01 +4.312223884e+01 +4.0751e+00 +1.6051e+00
465 0 +1.844830475e+00 +1.844830475e+00 +4.250483047e+01 +4.250483047e+01 +3.0927e+00 +1.6386e+00
977 0 +7.026555783e-01 +7.026555783e-01 +4.136265558e+01 +4.136265558e+01 +2.9953e+00 +1.2397e+00
1222 0 +3.414468717e-01 +3.414468717e-01 +4.100144687e+01 +4.100144687e+01 +3.0290e+00 +1.2592e+00
1522 0 +1.500913259e-01 +1.500913259e-01 +4.081009133e+01 +4.081009133e+01 +3.0290e+00 +1.2526e+00
1722 0 +6.934354399e-02 +6.934354399e-02 +4.072934354e+01 +4.072934354e+01 +3.0626e+00 +1.2526e+00
2081 0 +5.480144910e-02 +5.480144910e-02 +4.071480145e+01 +4.071480145e+01 +3.0357e+00 +1.2474e+00
2104 0 +3.782138190e-03 +3.782138190e-03 +4.066378214e+01 +4.066378214e+01 +3.0545e+00 +1.2483e+00
2163 0 +3.580909611e-03 +3.580909611e-03 +4.066358091e+01 +4.066358091e+01 +3.0531e+00 +1.2487e+00
2254 0 +1.311214577e-03 +1.311214577e-03 +4.066131121e+01 +4.066131121e+01 +3.0545e+00 +1.2473e+00
2509 0 +9.827642057e-04 +9.827642057e-04 +4.066098276e+01 +4.066098276e+01 +3.0502e+00 +1.2476e+00
2554 0 +6.481278914e-05 +6.481278914e-05 +4.066006481e+01 +4.066006481e+01 +3.0525e+00 +1.2473e+00
2810 0 +1.422914254e-05 +1.422914254e-05 +4.066001423e+01 +4.066001423e+01 +3.0520e+00 +1.2471e+00
2857 0 +9.287642897e-06 +9.287642897e-06 +4.066000929e+01 +4.066000929e+01 +3.0521e+00 +1.2471e+00
2962 0 +4.551624286e-07 +4.551624286e-07 +4.066000046e+01 +4.066000046e+01 +3.0520e+00 +1.2472e+00
3280 0 +6.276384568e-08 +6.276384568e-08 +4.066000006e+01 +4.066000006e+01 +3.0520e+00 +1.2472e+00
3508 0 +5.784282564e-08 +5.784282564e-08 +4.066000006e+01 +4.066000006e+01 +3.0520e+00 +1.2472e+00
3570 0 +2.148912159e-08 +2.148912159e-08 +4.066000002e+01 +4.066000002e+01 +3.0520e+00 +1.2472e+00
3583 0 +1.100048053e-09 +1.100048053e-09 +4.066000000e+01 +4.066000000e+01 +3.0520e+00 +1.2472e+00
5099 0 +0.000000000e+00 +0.000000000e+00 +4.066000000e+01 +4.066000000e+01 +3.0520e+00 +1.2472e+00
