% f evaluations | g evaluations | best noise-free fitness - Fopt | noise-free fitness - Fopt (6.870000000000e+00) | measured fitness | best measured fitness | x1 | x2...
1 0 +2.483510099e+01 +2.483510099e+01 +3.170510099e+01 +3.170510099e+01 +0.0000e+00 +0.0000e+00
3 0 +2.178019589e+01 +2.178019589e+01 +2.865019589e+01 +2.865019589e+01 +5.1300e-01 +3.6747e+00
6 0 +1.503731526e+01 +1.503731526e+01 +2.190731526e+01 +2.190731526e+01 +3.5490e+00 -2.5013e+00
18 0 +1.247625656e+01 +1.247625656e+01 +1.934625656e+01 +1.934625656e+01 -1.1715e+00 -2.6435e+00
33 0 +1.035931964e+01 +1.035931964e+01 +1.722931964e+01 +1.722931964e+01 -4.1264e+00 -4.5851e+00
55 0 +6.344648551e+00 +6.344648551e+00 +1.321464855e+01 +1.321464855e+01 +2.5296e+00 +3.9224e+00
92 0 +5.158228807e+00 +5.158228807e+00 +1.202822881e+01 +1.202822881e+01 -4.3037e+00 -4.6693e+00
446 0 +4.442635357e+00 +4.442635357e+00 +1.131263536e+01 +1.131263536e+01 -4.1804e+00 -4.4818e+00
816 0 +2.599833821e+00 +2.599833821e+00 +9.469833821e+00 +9.469833821e+00 -4.1701e+00 -4.3545e+00
% f evaluations | g evaluations | best noise-free fitness - Fopt | noise-free fitness - Fopt (1.000000000000e-02) | measured fitness | best measured fitness | x1 | x2...
1 0 +3.874812351e+01 +3.874812351e+01 +3.875812351e+01 +3.875812351e+01 +0.0000e+00 +0.0000e+00
3 0 +2.883669779e+01 +2.883669779e+01 +2.884669779e+01 +2.884669779e+01 -5.8494e-02 +3.2594e+00
10 0 +7.552983440e+00 +7.552983440e+00 +7.562983440e+00 +7.562983440e+00 +8.2146e-02 -2.0485e-01
57 0 +6.554904338e+00 +6.554904338e+00 +6.564904338e+00 +6.564904338e+00 -3.6321e+00 -2.2884e+00
126 0 +5.170112362e+00 +5.170112362e+00 +5.180112362e+00 +5.180112362e+00 -1.3904e+00 -1.8052e+00
210 0 +1.835298643e+00 +1.835298643e+00 +1.845298643e+00 +1.845298643e+00 +2.3674e+00 -2.5934e+00
% f evaluations | g evaluations | best noise-free fitness - Fopt | noise-free fitness - Fopt (-1.306100000000e+02) | measured fitness | best measured fitness | x1 | x2...
1 0 +6.063859804e+01 +6.063859804e+01 -6.997140196e+01 -6.997140196e+01 +0.0000e+00 +0.0000e+00
2 0 +4.023463790e+01 +4.023463790e+01 -9.037536210e+01 -9.037536210e+01 -1.5554e+00 -1.0894e-01
6 0 +3.027454384e+01 +3.027454384e+01 -1.003354562e+02 -1.003354562e+02 +3.4214e+00 +4.6636e+00
8 0 +7.054763254e+00 +7.054763254e+00 -1.235552367e+02 -1.235552367e+02 -2.5241e+00 -1.7986e+00
83 0 +6.889213808e+00 +6.889213808e+00 -1.237207862e+02 -1.237207862e+02 +3.3712e-01 +1.4553e+00
85 0 +4.412422630e+00 +4.412422630e+00 -1.261975774e+02 -1.261975774e+02 -3.7871e+00 +2.2895e+00
92 0 +3.089968806e+00 +3.089968806e+00 -1.275200312e+02 -1.275200312e+02 -1.8016e+00 -2.1002e+00
167 0 +2.089690379e+00 +2.089690379e+00 -1.285203096e+02 -1.285203096e+02 +1.6684e+00 -4.0852e+00
% f evaluations | g evaluations | best noise-free fitness - Fopt | noise-free fitness - Fopt (-2.231200000000e+02) | measured fitness | best measured fitness | x1 | x2...
1 0 +5.548126590e+01 +5.548126590e+01 -1.676387341e+02 -1.676387341e+02 +0.0000e+00 +0.0000e+00
2 0 +6.563581086e+00 +6.563581086e+00 -2.165564189e+02 -2.165564189e+02 +2.7942e+00 +2.2471e+00
118 0 +7.650902933e-01 +7.650902933e-01 -2.223549097e+02 -2.223549097e+02 +3.2038e+00 +2.1084e+00
% f evaluations | g evaluations | best noise-free fitness - Fopt | noise-free fitness - Fopt (-4.443000000000e+01) | measured fitness | best measured fitness | x1 | x2...
1 0 +6.617331483e+01 +6.617331483e+01 +2.174331483e+01 +2.174331483e+01 +0.0000e+00 +0.0000e+00
2 0 +3.278069171e+01 +3.278069171e+01 -1.164930829e+01 -1.164930829e+01 +2.0436e+00 +3.9304e+00
8 0 +2.945232550e+01 +2.945232550e+01 -1.497767450e+01 -1.497767450e+01 -1.7529e+00 -4.1237e+00
9 0 +1.770147819e+01 +1.770147819e+01 -2.672852181e+01 -2.672852181e+01 -4.1735e+00 -3.0229e+00
13 0 +9.412897895e+00 +9.412897895e+00 -3.501710210e+01 -3.501710210e+01 +3.2854e+00 -2.3421e+00
23 0 +8.448431369e+00 +8.448431369e+00 -3.598156863e+01 -3.598156863e+01 -3.7108e+00 -1.6379e+00
25 0 +6.943340921e+00 +6.943340921e+00 -3.748665908e+01 -3.748665908e+01 +3.3066e+00 +1.7471e+00
56 0 +6.762274708e+00 +6.762274708e+00 -3.766772529e+01 -3.766772529e+01 +3.4962e+00 +3.3388e+00
86 0 +4.802697482e+00 +4.802697482e+00 -3.962730252e+01 -3.962730252e+01 -8.7317e-02 +3.2396e+00
460 0 +7.856013189e-01 +7.856013189e-01 -4.364439868e+01 -4.364439868e+01 -1.2638e-01 +2.0749e+00
% f evaluations | g evaluations | best noise-free fitness - Fopt | noise-free fitness - Fopt (2.557800000000e+02) | measured fitness | best measured fitness | x1 | x2...
1 0 +1.842580886e+01 +1.842580886e+01 +2.742058089e+02 +2.742058089e+02 +0.0000e+00 +0.0000e+00
13 0 +7.059254558e+00 +7.059254558e+00 +2.628392546e+02 +2.628392546e+02 -7.3940e-01 -4.0039e+00
25 0 +4.640052486e+00 +4.640052486e+00 +2.604200525e+02 +2.604200525e+02 +3.2281e+00 -2.9398e+00
59 0 +9.077110717e-01 +9.077110717e-01 +2.566877111e+02 +2.566877111e+02 -4.9117e+00 -4.2451e+00
% f evaluations | g evaluations | best noise-free fitness - Fopt | noise-free fitness - Fopt (1.000000000000e+03) | measured fitness | best measured fitness | x1 | x2...
1 0 +6.853549808e+01 +6.853549808e+01 +1.068535498e+03 +1.068535498e+03 +0.0000e+00 +0.0000e+00
3 0 +2.113188404e+01 +2.113188404e+01 +1.021131884e+03 +1.021131884e+03 -3.1020e+00 +1.6525e+00
7 0 +4.422177171e+00 +4.422177171e+00 +1.004422177e+03 +1.004422177e+03 +3.3015e+00 -1.3370e+00
73 0 +3.424850001e+00 +3.424850001e+00 +1.003424850e+03 +1.003424850e+03 +4.8450e+00 -1.4243e+00
106 0 +2.223540302e+00 +2.223540302e+00 +1.002223540e+03 +1.002223540e+03 +3.3083e+00 -1.1729e+00
1174 0 +2.064367402e+00 +2.064367402e+00 +1.002064367e+03 +1.002064367e+03 +3.3081e+00 -1.1729e+00
% f evaluations | g evaluations | best noise-free fitness - Fopt | noise-free fitness - Fopt (-1.869500000000e+02) | measured fitness | best measured fitness | x1 | x2...
1 0 +3.273904916e+01 +3.273904916e+01 -1.542109508e+02 -1.542109508e+02 +0.0000e+00 +0.0000e+00
5 0 +2.684202894e+01 +2.684202894e+01 -1.601079711e+02 -1.601079711e+02 -3.2434e+00 +3.3784e+00
6 0 +2.561203334e+01 +2.561203334e+01 -1.613379667e+02 -1.613379667e+02 +2.9447e+00 +3.1614e+00
7 0 +1.243726993e+01 +1.243726993e+01 -1.745127301e+02 -1.745127301e+02 +2.9848e+00 +3.6093e+00
17 0 +7.591456744e+00 +7.591456744e+00 -1.793585433e+02 -1.793585433e+02 +3.9438e+00 -1.5436e+00
25 0 +6.335145934e+00 +6.335145934e+00 -1.806148541e+02 -1.806148541e+02 -4.1979e+00 -1.2624e+00
38 0 +4.499474443e+00 +4.499474443e+00 -1.824505256e+02 -1.824505256e+02 -2.4804e+00 -2.8919e+00
63 0 +4.432711941e+00 +4.432711941e+00 -1.825172881e+02 -1.825172881e+02 -1.4832e+00 +1.8704e+00
95 0 +2.758835012e+00 +2.758835012e+00 -1.841911650e+02 -1.841911650e+02 -2.9045e-01 +7.2261e-01
129 0 +2.608785540e+00 +2.608785540e+00 -1.843412145e+02 -1.843412145e+02 +3.1572e+00 +2.7649e+00
% f evaluations | g evaluations | best noise-free fitness - Fopt | noise-free fitness - Fopt (5.859500000000e+02) | measured fitness | best measured fitness | x1 | x2...
1 0 +3.787535601e+01 +3.787535601e+01 +6.238253560e+02 +6.238253560e+02 +0.0000e+00 +0.0000e+00
3 0 +2.166983214e+01 +2.166983214e+01 +6.076198321e+02 +6.076198321e+02 -5.4415e-01 +8.8142e-01
6 0 +7.933567167e+00 +7.933567167e+00 +5.938835672e+02 +5.938835672e+02 -4.6681e+00 -1.3272e+00
49 0 +7.487451596e+00 +7.487451596e+00 +5.934374516e+02 +5.934374516e+02 -2.5056e+00 +4.5231e+00
80 0 +5.076589158e+00 +5.076589158e+00 +5.910265892e+02 +5.910265892e+02 -2.7930e+00 +5.9197e+00
500 0 +1.276549992e+00 +1.276549992e+00 +5.872265500e+02 +5.872265500e+02 -4.9322e+00 +2.5599e+00
% f evaluations | g evaluations | best noise-free fitness - Fopt | noise-free fitness - Fopt (2.871600000000e+02) | measured fitness | best measured fitness | x1 | x2...
1 0 +3.503851386e+01 +3.503851386e+01 +3.221985139e+02 +3.221985139e+02 +0.0000e+00 +0.0000e+00
2 0 +2.888849834e+01 +2.888849834e+01 +3.160484983e+02 +3.160484983e+02 -1.0656e+00 -1.8611e+00
5 0 +1.869691118e+01 +1.869691118e+01 +3.058569112e+02 +3.058569112e+02 -2.6354e+00 -2.2559e+00
10 0 +1.097578415e+01 +1.097578415e+01 +2.981357842e+02 +2.981357842e+02 +3.2158e+00 -4.0279e+00
14 0 +1.754989032e+00 +1.754989032e+00 +2.889149890e+02 +2.889149890e+02 +2.2335e+00 -2.4228e+00
% f evaluations | g evaluations | best noise-free fitness - Fopt | noise-free fitness - Fopt (-3.943800000000e+02) | measured fitness | best measured fitness | x1 | x2...
1 0 +1.924764757e+01 +1.924764757e+01 -3.751323524e+02 -3.751323524e+02 +0.0000e+00 +0.0000e+00
19 0 +1.794398678e+01 +1.794398678e+01 -3.764360132e+02 -3.764360132e+02 +1.6283e+00 +1.2321e+00
48 0 +8.349497450e+00 +8.349497450e+00 -3.860305026e+02 -3.860305026e+02 +1.9616e+00 +2.3364e+00
51 0 +1.226374909e+00 +1.226374909e+00 -3.931536251e+02 -3.931536251e+02 -4.0382e+00 +1.0454e+00
74 0 +9.645787308e-01 +9.645787308e-01 -3.934154213e+02 -3.934154213e+02 -9.5211e-01 +5.4882e-01
% f evaluations | g evaluations | best noise-free fitness - Fopt | noise-free fitness - Fopt (5.443000000000e+01) | measured fitness | best measured fitness | x1 | x2...
1 0 +2.789789578e+01 +2.789789578e+01 +8.232789578e+01 +8.232789578e+01 +0.0000e+00 +0.0000e+00
4 0 +5.925318584e+00 +5.925318584e+00 +6.035531858e+01 +6.035531858e+01 +2.1925e+00 +6.3967e-01
39 0 +2.174941070e+00 +2.174941070e+00 +5.660494107e+01 +5.660494107e+01 -1.1358e+00 +1.2027e+00
1174 0 +2.115410582e+00 +2.115410582e+00 +5.654541058e+01 +5.654541058e+01 -1.1354e+00 +1.2028e+00
% f evaluations | g evaluations | best noise-free fitness - Fopt | noise-free fitness - Fopt (1.396900000000e+02) | measured fitness | best measured fitness | x1 | x2...
1 0 +3.961222211e+01 +3.961222211e+01 +1.793022221e+02 +1.793022221e+02 +0.0000e+00 +0.0000e+00
2 0 +1.487790954e+01 +1.487790954e+01 +1.545679095e+02 +1.545679095e+02 -2.4730e+00 +2.6703e+00
40 0 +1.043956721e+01 +1.043956721e+01 +1.501295672e+02 +1.501295672e+02 -3.1542e+00 +4.9386e+00
43 0 +5.253797308e+00 +5.253797308e+00 +1.449437973e+02 +1.449437973e+02 +2.7306e+00 -4.8736e+00
120 0 +2.253546124e-01 +2.253546124e-01 +1.399153546e+02 +1.399153546e+02 +3.8109e+00 -4.3213e+00
% f evaluations | g evaluations | best noise-free fitness - Fopt | noise-free fitness - Fopt (-5.794000000000e+01) | measured fitness | best measured fitness | x1 | x2...
1 0 +1.251023227e+01 +1.251023227e+01 -4.542976773e+01 -4.542976773e+01 +0.0000e+00 +0.0000e+00
22 0 +7.262454485e+00 +7.262454485e+00 -5.067754552e+01 -5.067754552e+01 -4.6479e+00 -1.5488e-02
30 0 +5.552450717e+00 +5.552450717e+00 -5.238754928e+01 -5.238754928e+01 +1.8600e+00 +4.3993e+00
84 0 +2.152238448e+00 +2.152238448e+00 -5.578776155e+01 -5.578776155e+01 +1.6401e+00 +4.6221e+00
1112 0 +1.870607030e+00 +1.870607030e+00 -5.606939297e+01 -5.606939297e+01 +1.6398e+00 +4.6221e+00
% f evaluations | g evaluations | best noise-free fitness - Fopt | noise-free fitness - Fopt (1.253900000000e+02) | measured fitness | best measured fitness | x1 | x2...
1 0 +4.763482949e+01 +4.763482949e+01 +1.730248295e+02 +1.730248295e+02 +0.0000e+00 +0.0000e+00
2 0 +4.588763442e+01 +4.588763442e+01 +1.712776344e+02 +1.712776344e+02 +1.9983e+00 +2.6410e+00
4 0 +7.418874826e+00 +7.418874826e+00 +1.328088748e+02 +1.328088748e+02 +4.2834e+00 +3.4071e+00
33 0 +5.569938344e+00 +5.569938344e+00 +1.309599383e+02 +1.309599383e+02 -2.2965e+00 +3.2258e+00
84 0 +1.935157306e+00 +1.935157306e+00 +1.273251573e+02 +1.273251573e+02 -1.4282e+00 +3.3461e+00
836 0 +1.182414364e+00 +1.182414364e+00 +1.265724144e+02 +1.265724144e+02 -1.4286e+00 +3.3440e+00
1108 0 +9.891139688e-01 +9.891139688e-01 +1.263791140e+02 +1.263791140e+02 -1.4287e+00 +3.3438e+00
1122 0 +8.387259499e-01 +8.387259499e-01 +1.262287259e+02 +1.262287259e+02 -1.4288e+00 +3.3441e+00
1198 0 +7.794391912e-01 +7.794391912e-01 +1.261694392e+02 +1.261694392e+02 -1.4288e+00 +3.3426e+00
