% f evaluations | g evaluations | best noise-free fitness - Fopt | noise-free fitness - Fopt (-6.211100000000e+02) | measured fitness | best measured fitness | x1 | x2...
1 0 +4.732195920e+07 +4.732195920e+07 +4.732133809e+07 +4.732133809e+07 +4.2909e+00 -4.5904e+00 +3.9878e+00
2 0 +1.288165495e+06 +1.288165495e+06 +1.287544385e+06 +1.287544385e+06 +3.2279e+00 +1.4132e+00 -4.7004e-02
124 0 +5.385386324e+05 +5.385386324e+05 +5.379175224e+05 +5.379175224e+05 +3.9917e-01 +3.9675e+00 +1.1648e-01
158 0 +3.725408523e+05 +3.725408523e+05 +3.719197423e+05 +3.719197423e+05 +1.2137e+00 +3.1505e+00 -3.4317e-01
159 0 +8.546948289e+04 +8.546948289e+04 +8.484837289e+04 +8.484837289e+04 +2.9449e+00 +1.3374e+00 -8.0574e-01
428 0 +4.770422451e+04 +4.770422451e+04 +4.708311451e+04 +4.708311451e+04 +3.8173e-01 +2.8916e+00 -7.7296e-02
451 0 +2.707821216e+04 +2.707821216e+04 +2.645710216e+04 +2.645710216e+04 -8.7349e-01 +3.7871e+00 +2.1087e-01
% f evaluations | g evaluations | best noise-free fitness - Fopt | noise-free fitness - Fopt (-2.548200000000e+02) | measured fitness | best measured fitness | x1 | x2...
1 0 +5.040612210e+08 +5.040612210e+08 +5.040609662e+08 +5.040609662e+08 +1.6441e+00 -2.6018e+00 +2.6295e+00
2 0 +1.311176152e+08 +1.311176152e+08 +1.311173604e+08 +1.311173604e+08 -8.5429e-01 +4.7435e+00 +1.0849e+00
3 0 +4.055634509e+06 +4.055634509e+06 +4.055379689e+06 +4.055379689e+06 +2.5235e+00 -4.6588e+00 -2.6547e+00
6 0 +3.915591135e+06 +3.915591135e+06 +3.915336315e+06 +3.915336315e+06 +1.6265e+00 -2.3772e+00 -3.7318e+00
13 0 +6.251431578e+05 +6.251431578e+05 +6.248883378e+05 +6.248883378e+05 +3.4929e+00 +3.1193e+00 -1.0989e+00
41 0 +5.838375851e+05 +5.838375851e+05 +5.835827651e+05 +5.835827651e+05 +1.3209e+00 -6.2792e-01 -1.6835e+00
44 0 +1.920057325e+05 +1.920057325e+05 +1.917509125e+05 +1.917509125e+05 +7.3293e-01 -4.7082e+00 -2.8815e+00
51 0 +8.522868851e+04 +8.522868851e+04 +8.497386851e+04 +8.497386851e+04 +2.6056e-01 -6.8164e+00 -3.2341e+00
88 0 +9.695631567e+03 +9.695631567e+03 +9.440811567e+03 +9.440811567e+03 +1.9195e+00 -1.2452e+00 -1.3955e+00
416 0 +3.938828020e+03 +3.938828020e+03 +3.684008020e+03 +3.684008020e+03 +1.9113e+00 -1.0798e+00 -1.3469e+00
673 0 +1.521841226e+03 +1.521841226e+03 +1.267021226e+03 +1.267021226e+03 +1.8644e+00 -1.2437e+00 -1.4465e+00
925 0 +1.783105909e+02 +1.783105909e+02 -7.650940913e+01 -7.650940913e+01 +1.9105e+00 -1.0380e+00 -1.3843e+00
% f evaluations | g evaluations | best noise-free fitness - Fopt | noise-free fitness - Fopt (5.661000000000e+01) | measured fitness | best measured fitness | x1 | x2...
1 0 +4.642151849e+08 +4.642151849e+08 +4.642152415e+08 +4.642152415e+08 +4.5167e+00 -3.1427e+00 -1.2747e-01
3 0 +3.228534673e+08 +3.228534673e+08 +3.228535239e+08 +3.228535239e+08 +1.8515e+00 +1.6671e+00 -4.4007e+00
6 0 +7.757506751e+05 +7.757506751e+05 +7.758072851e+05 +7.758072851e+05 -2.5956e+00 -2.1111e+00 -4.1227e+00
71 0 +2.752688705e+05 +2.752688705e+05 +2.753254805e+05 +2.753254805e+05 -2.3507e+00 -3.4871e+00 -4.1722e+00
176 0 +2.252341747e+05 +2.252341747e+05 +2.252907847e+05 +2.252907847e+05 -2.6182e+00 -2.5365e+00 -4.2539e+00
305 0 +1.654918680e+05 +1.654918680e+05 +1.655484780e+05 +1.655484780e+05 -1.8597e+00 -3.8266e+00 -4.5578e+00
411 0 +6.548268993e+04 +6.548268993e+04 +6.553929993e+04 +6.553929993e+04 -2.4026e+00 -3.5003e+00 -4.6157e+00
429 0 +4.902143031e+04 +4.902143031e+04 +4.907804031e+04 +4.907804031e+04 -1.5713e+00 -3.9502e+00 -5.3633e+00
446 0 +1.036344448e+03 +1.036344448e+03 +1.092954448e+03 +1.092954448e+03 -2.3237e+00 -3.2704e+00 -4.6460e+00
% f evaluations | g evaluations | best noise-free fitness - Fopt | noise-free fitness - Fopt (-1.810000000000e+01) | measured fitness | best measured fitness | x1 | x2...
1 0 +3.882104223e+06 +3.882104223e+06 +3.882086123e+06 +3.882086123e+06 -3.9747e+00 +5.7721e-01 +2.5284e+00
3 0 +1.640279158e+06 +1.640279158e+06 +1.640261058e+06 +1.640261058e+06 +4.7539e+00 +2.6496e+00 +1.9298e+00
27 0 +5.717375995e+05 +5.717375995e+05 +5.717194995e+05 +5.717194995e+05 +3.3900e-01 +3.6416e-01 +2.3196e+00
153 0 +4.630908728e+05 +4.630908728e+05 +4.630727728e+05 +4.630727728e+05 -8.5073e-01 +2.2960e-01 +2.2942e+00
154 0 +5.533887306e+03 +5.533887306e+03 +5.515787306e+03 +5.515787306e+03 +1.8204e+00 +1.8042e+00 +1.9030e+00
445 0 +2.081214050e+03 +2.081214050e+03 +2.063114050e+03 +2.063114050e+03 +3.1661e-01 +1.1528e+00 +2.4003e+00
668 0 +5.530738869e+02 +5.530738869e+02 +5.349738869e+02 +5.349738869e+02 +1.3328e-01 +1.0795e+00 +2.5447e+00
963 0 +1.128625067e+02 +1.128625067e+02 +9.476250673e+01 +9.476250673e+01 +1.9773e-01 +1.1176e+00 +2.4949e+00
% f evaluations | g evaluations | best noise-free fitness - Fopt | noise-free fitness - Fopt (3.777000000000e+01) | measured fitness | best measured fitness | x1 | x2...
1 0 +5.190166973e+07 +5.190166973e+07 +5.190170750e+07 +5.190170750e+07 -4.7065e+00 -3.7079e-01 +1.6415e+00
2 0 +6.638090587e+06 +6.638090587e+06 +6.638128357e+06 +6.638128357e+06 -1.1277e+00 +5.5114e-01 +2.5498e+00
9 0 +2.386194462e+06 +2.386194462e+06 +2.386232232e+06 +2.386232232e+06 -5.9263e-02 +4.1876e+00 +9.1726e-01
25 0 +2.186253153e+06 +2.186253153e+06 +2.186290923e+06 +2.186290923e+06 -6.8132e-02 +3.8348e+00 -1.4257e+00
53 0 +5.846593566e+05 +5.846593566e+05 +5.846971266e+05 +5.846971266e+05 -3.1743e+00 +3.0952e-01 +2.6067e+00
61 0 +2.616534984e+05 +2.616534984e+05 +2.616912684e+05 +2.616912684e+05 -6.6181e-01 +1.6314e+00 +6.7458e-01
156 0 +1.233174649e+05 +1.233174649e+05 +1.233552349e+05 +1.233552349e+05 +9.3694e-01 +3.1324e+00 -1.4574e-01
427 0 +7.031012375e+04 +7.031012375e+04 +7.034789375e+04 +7.034789375e+04 -1.7249e+00 +1.1835e+00 +6.7679e-01
431 0 +6.763077097e+04 +6.763077097e+04 +6.766854097e+04 +6.766854097e+04 -1.0437e+00 +2.1815e+00 +2.2989e-01
687 0 +1.543907257e+04 +1.543907257e+04 +1.547684257e+04 +1.547684257e+04 -1.3435e+00 +1.6505e+00 +7.3090e-01
921 0 +1.331287431e+04 +1.331287431e+04 +1.335064431e+04 +1.335064431e+04 -6.0441e-01 +2.2389e+00 +4.1483e-01
946 0 +5.933196778e+03 +5.933196778e+03 +5.970966778e+03 +5.970966778e+03 -4.5189e-01 +2.4075e+00 +3.2316e-01
% f evaluations | g evaluations | best noise-free fitness - Fopt | noise-free fitness - Fopt (-6.325500000000e+02) | measured fitness | best measured fitness | x1 | x2...
1 0 +4.677608728e+07 +4.677608728e+07 +4.677545473e+07 +4.677545473e+07 +3.0118e+00 +4.5294e+00 -4.2443e+00
3 0 +9.934766376e+06 +9.934766376e+06 +9.934133826e+06 +9.934133826e+06 +1.2724e+00 +1.3771e+00 -1.1194e+00
5 0 +4.669874826e+05 +4.669874826e+05 +4.663549326e+05 +4.663549326e+05 +1.2489e+00 +4.1379e-01 +1.3918e+00
95 0 +3.238748379e+05 +3.238748379e+05 +3.232422879e+05 +3.232422879e+05 +4.7931e+00 +7.0377e-02 +1.1697e+00
161 0 +1.378318174e+05 +1.378318174e+05 +1.371992674e+05 +1.371992674e+05 +7.8398e-01 +5.7927e-01 +1.8034e+00
177 0 +9.685491416e+03 +9.685491416e+03 +9.052941416e+03 +9.052941416e+03 +1.1528e+00 +7.0732e-01 +2.1872e+00
687 0 +3.214440915e+03 +3.214440915e+03 +2.581890915e+03 +2.581890915e+03 +4.8439e+00 +5.9288e-01 +1.1688e+00
% f evaluations | g evaluations | best noise-free fitness - Fopt | noise-free fitness - Fopt (-8.530000000000e+01) | measured fitness | best measured fitness | x1 | x2...
1 0 +2.831136707e+07 +2.831136707e+07 +2.831128177e+07 +2.831128177e+07 -5.0808e-01 -4.1057e+00 -1.1535e+00
3 0 +3.250005817e+06 +3.250005817e+06 +3.249920517e+06 +3.249920517e+06 -1.4209e+00 -1.5092e+00 +1.1210e+00
13 0 +1.486487087e+06 +1.486487087e+06 +1.486401787e+06 +1.486401787e+06 +4.3810e+00 +2.4704e-01 +4.0565e+00
32 0 +1.512278412e+05 +1.512278412e+05 +1.511425412e+05 +1.511425412e+05 +2.9304e+00 -1.3011e-01 +2.5540e+00
162 0 +4.768192339e+04 +4.768192339e+04 +4.759662339e+04 +4.759662339e+04 +4.9108e-01 -3.1964e-01 +2.5093e+00
198 0 +3.156093902e+04 +3.156093902e+04 +3.147563902e+04 +3.147563902e+04 +3.0728e+00 +1.2618e-01 +2.9430e+00
408 0 +1.458259651e+04 +1.458259651e+04 +1.449729651e+04 +1.449729651e+04 -8.5029e-01 -4.0986e-01 +2.5070e+00
430 0 +8.113300116e+03 +8.113300116e+03 +8.028000116e+03 +8.028000116e+03 +1.2787e+00 -2.8933e-02 +2.6055e+00
674 0 +1.622693627e+03 +1.622693627e+03 +1.537393627e+03 +1.537393627e+03 +1.5814e+00 +3.1853e-02 +2.7484e+00
% f evaluations | g evaluations | best noise-free fitness - Fopt | noise-free fitness - Fopt (1.719500000000e+02) | measured fitness | best measured fitness | x1 | x2...
1 0 +3.684058330e+07 +3.684058330e+07 +3.684075525e+07 +3.684075525e+07 -3.4852e+00 +2.7990e+00 -3.5439e+00
5 0 +7.751878403e+06 +7.751878403e+06 +7.752050353e+06 +7.752050353e+06 +2.1681e+00 +1.2866e+00 -4.7022e+00
6 0 +6.932839355e+06 +6.932839355e+06 +6.933011305e+06 +6.933011305e+06 +4.8559e+00 +4.0733e-01 -1.5183e+00
44 0 +5.519702369e+06 +5.519702369e+06 +5.519874319e+06 +5.519874319e+06 +4.7626e+00 +6.6226e-01 -1.4072e+00
53 0 +2.653050148e+06 +2.653050148e+06 +2.653222098e+06 +2.653222098e+06 +3.3508e+00 +2.4555e+00 -4.5747e+00
75 0 +2.437684367e+06 +2.437684367e+06 +2.437856317e+06 +2.437856317e+06 +4.3409e+00 +3.9971e+00 +2.1008e-01
88 0 +2.055218157e+06 +2.055218157e+06 +2.055390107e+06 +2.055390107e+06 +3.9602e+00 +3.3065e+00 -4.8609e+00
101 0 +8.121266993e+05 +8.121266993e+05 +8.122986493e+05 +8.122986493e+05 +3.3488e+00 +4.6535e+00 -3.9960e+00
410 0 +3.416077026e+05 +3.416077026e+05 +3.417796526e+05 +3.417796526e+05 +3.3922e+00 +3.0488e+00 -3.2318e+00
418 0 +1.967902426e+05 +1.967902426e+05 +1.969621926e+05 +1.969621926e+05 +2.9878e+00 +3.6206e+00 -4.3587e+00
432 0 +1.674694339e+05 +1.674694339e+05 +1.676413839e+05 +1.676413839e+05 +2.6277e+00 +3.7079e+00 -3.5869e+00
451 0 +1.231697097e+05 +1.231697097e+05 +1.233416597e+05 +1.233416597e+05 +3.2083e+00 +3.8038e+00 -4.0655e+00
453 0 +3.746560898e+04 +3.746560898e+04 +3.763755898e+04 +3.763755898e+04 +2.9950e+00 +3.9991e+00 -4.0975e+00
% f evaluations | g evaluations | best noise-free fitness - Fopt | noise-free fitness - Fopt (6.816000000000e+01) | measured fitness | best measured fitness | x1 | x2...
1 0 +3.469190255e+07 +3.469190255e+07 +3.469197071e+07 +3.469197071e+07 +3.3667e+00 -1.5761e-01 -3.2781e+00
2 0 +8.472463149e+06 +8.472463149e+06 +8.472531309e+06 +8.472531309e+06 +5.3586e-01 +1.4552e+00 +3.5737e+00
4 0 +5.477225688e+06 +5.477225688e+06 +5.477293848e+06 +5.477293848e+06 +1.3193e+00 +1.0940e+00 +1.6594e+00
5 0 +1.294821156e+06 +1.294821156e+06 +1.294889316e+06 +1.294889316e+06 +3.4370e+00 +3.9805e+00 +2.0832e+00
32 0 +7.849728657e+05 +7.849728657e+05 +7.850410257e+05 +7.850410257e+05 +9.8330e-01 +4.1519e+00 -3.0258e-01
158 0 +4.088645721e+05 +4.088645721e+05 +4.089327321e+05 +4.089327321e+05 +1.5700e+00 +4.0568e+00 -2.4483e-01
161 0 +5.800293149e+03 +5.800293149e+03 +5.868453149e+03 +5.868453149e+03 +1.4248e+00 +4.8525e+00 -3.9100e-01
% f evaluations | g evaluations | best noise-free fitness - Fopt | noise-free fitness - Fopt (1.000000000000e+03) | measured fitness | best measured fitness | x1 | x2...
1 0 +1.933078299e+09 +1.933078299e+09 +1.933079299e+09 +1.933079299e+09 -4.2975e+00 +1.9857e+00 -3.5175e+00
2 0 +3.454202563e+08 +3.454202563e+08 +3.454212563e+08 +3.454212563e+08 -2.1671e+00 -3.5874e+00 -4.3319e+00
3 0 +3.522570028e+07 +3.522570028e+07 +3.522670028e+07 +3.522670028e+07 -3.3692e-01 +2.0794e+00 -2.1052e+00
5 0 +2.415697200e+07 +2.415697200e+07 +2.415797200e+07 +2.415797200e+07 -1.4075e+00 +3.0477e+00 -1.0735e+00
6 0 +2.071063226e+07 +2.071063226e+07 +2.071163226e+07 +2.071163226e+07 +4.7890e-02 -8.2892e-01 +2.6305e+00
11 0 +8.570879477e+06 +8.570879477e+06 +8.571879477e+06 +8.571879477e+06 +2.8334e+00 +3.4158e+00 +1.5410e+00
25 0 +7.470366669e+06 +7.470366669e+06 +7.471366669e+06 +7.471366669e+06 -4.9744e+00 -1.3205e+00 +3.2512e+00
49 0 +6.966139398e+06 +6.966139398e+06 +6.967139398e+06 +6.967139398e+06 +2.8405e+00 +4.2907e+00 +1.0528e+00
51 0 +3.816310146e+06 +3.816310146e+06 +3.817310146e+06 +3.817310146e+06 +2.8546e+00 +6.2722e+00 +1.0730e+00
69 0 +1.878024099e+06 +1.878024099e+06 +1.879024099e+06 +1.879024099e+06 +1.3360e+00 +3.9399e+00 +2.7038e+00
144 0 +8.563524384e+05 +8.563524384e+05 +8.573524384e+05 +8.573524384e+05 -4.7354e+00 -3.3981e-01 +1.9824e+00
165 0 +4.862650027e+05 +4.862650027e+05 +4.872650027e+05 +4.872650027e+05 +8.7013e-01 +4.5727e+00 +2.9465e+00
192 0 +3.826348927e+05 +3.826348927e+05 +3.836348927e+05 +3.836348927e+05 +2.2924e+00 +5.7965e+00 +2.3905e+00
441 0 +1.693588411e+05 +1.693588411e+05 +1.703588411e+05 +1.703588411e+05 -4.1426e+00 +1.7772e+00 +2.3882e+00
687 0 +9.979337855e+04 +9.979337855e+04 +1.007933786e+05 +1.007933786e+05 -4.7724e+00 +5.0583e-01 +2.2914e+00
% f evaluations | g evaluations | best noise-free fitness - Fopt | noise-free fitness - Fopt (-6.837000000000e+01) | measured fitness | best measured fitness | x1 | x2...
1 0 +2.069569170e+07 +2.069569170e+07 +2.069562333e+07 +2.069562333e+07 +1.0224e+00 +2.9716e+00 -4.9711e+00
2 0 +1.539158067e+06 +1.539158067e+06 +1.539089697e+06 +1.539089697e+06 +3.8054e+00 +3.3025e+00 +1.2326e-01
11 0 +3.846173999e+05 +3.846173999e+05 +3.845490299e+05 +3.845490299e+05 +6.1177e-01 +4.6321e+00 +5.6204e-01
169 0 +1.733802785e+05 +1.733802785e+05 +1.733119085e+05 +1.733119085e+05 +1.4671e+00 +4.8276e+00 +5.4040e-01
408 0 +3.970594405e+03 +3.970594405e+03 +3.902224405e+03 +3.902224405e+03 +3.2897e+00 +3.2076e+00 -9.2830e-01
926 0 +2.835681571e+03 +2.835681571e+03 +2.767311571e+03 +2.767311571e+03 +1.9136e+00 +4.2147e+00 +9.1613e-02
% f evaluations | g evaluations | best noise-free fitness - Fopt | noise-free fitness - Fopt (-5.548000000000e+01) | measured fitness | best measured fitness | x1 | x2...
1 0 +1.341345191e+05 +1.341345191e+05 +1.340790391e+05 +1.340790391e+05 -2.4469e+00 -4.4549e+00 -3.3907e-01
51 0 +9.990062986e+03 +9.990062986e+03 +9.934582986e+03 +9.934582986e+03 -2.3269e+00 -4.0591e+00 -1.1834e-01
423 0 +2.449078627e+03 +2.449078627e+03 +2.393598627e+03 +2.393598627e+03 -2.4629e+00 -4.0238e+00 -1.7713e-01
668 0 +2.274387060e+03 +2.274387060e+03 +2.218907060e+03 +2.218907060e+03 -2.3287e+00 -4.0817e+00 -3.1060e-01
703 0 +1.503148813e+03 +1.503148813e+03 +1.447668813e+03 +1.447668813e+03 -2.3355e+00 -4.0594e+00 -2.4229e-01
932 0 +1.131801222e+03 +1.131801222e+03 +1.076321222e+03 +1.076321222e+03 -2.3302e+00 -4.0746e+00 -2.2010e-01
% f evaluations | g evaluations | best noise-free fitness - Fopt | noise-free fitness - Fopt (-5.349000000000e+01) | measured fitness | best measured fitness | x1 | x2...
1 0 +4.471699529e+07 +4.471699529e+07 +4.471694180e+07 +4.471694180e+07 +3.3625e+00 +2.7211e+00 -1.0555e+00
3 0 +1.784297657e+07 +1.784297657e+07 +1.784292308e+07 +1.784292308e+07 +2.9036e+00 -1.4981e+00 -1.7317e+00
5 0 +1.755483529e+07 +1.755483529e+07 +1.755478180e+07 +1.755478180e+07 +2.4153e+00 +2.6256e+00 -1.3661e+00
9 0 +1.177541692e+07 +1.177541692e+07 +1.177536343e+07 +1.177536343e+07 +1.6446e+00 +4.1887e+00 +2.6421e+00
16 0 +1.540667593e+06 +1.540667593e+06 +1.540614103e+06 +1.540614103e+06 +5.9569e-01 +3.9942e+00 +3.3871e+00
23 0 +1.393483923e+06 +1.393483923e+06 +1.393430433e+06 +1.393430433e+06 +1.6080e+00 +1.6099e+00 +2.1147e+00
55 0 +1.368727061e+03 +1.368727061e+03 +1.315237061e+03 +1.315237061e+03 -2.9122e-01 +1.1573e+00 -2.9004e+00
669 0 +5.102974747e+02 +5.102974747e+02 +4.568074747e+02 +4.568074747e+02 -3.4150e-01 +1.1533e+00 -2.9781e+00
671 0 +2.124250375e+02 +2.124250375e+02 +1.589350375e+02 +1.589350375e+02 -2.3797e-01 +1.2198e+00 -2.8643e+00
922 0 +2.253797355e+01 +2.253797355e+01 -3.095202645e+01 -3.095202645e+01 -2.9155e-01 +1.1794e+00 -2.9273e+00
1187 0 +6.201645449e+00 +6.201645449e+00 -4.728835455e+01 -4.728835455e+01 -2.8133e-01 +1.1872e+00 -2.9137e+00
% f evaluations | g evaluations | best noise-free fitness - Fopt | noise-free fitness - Fopt (1.172700000000e+02) | measured fitness | best measured fitness | x1 | x2...
1 0 +4.618988298e+09 +4.618988298e+09 +4.618988415e+09 +4.618988415e+09 -1.2534e+00 +2.1011e+00 +3.5969e+00
2 0 +2.632982812e+09 +2.632982812e+09 +2.632982929e+09 +2.632982929e+09 -3.6693e+00 -8.3235e-01 +3.6249e-01
3 0 +9.194593851e+06 +9.194593851e+06 +9.194711121e+06 +9.194711121e+06 +4.2497e+00 +3.1608e+00 -2.3562e+00
9 0 +3.296714017e+06 +3.296714017e+06 +3.296831287e+06 +3.296831287e+06 +4.3939e+00 -1.0835e+00 -1.7861e+00
25 0 +2.950044269e+06 +2.950044269e+06 +2.950161539e+06 +2.950161539e+06 +4.2889e+00 +1.7112e+00 -1.9968e+00
46 0 +2.631590718e+06 +2.631590718e+06 +2.631707988e+06 +2.631707988e+06 +4.7578e+00 -2.7211e-01 -2.6319e+00
49 0 +2.455498659e+06 +2.455498659e+06 +2.455615929e+06 +2.455615929e+06 +2.0609e+00 -8.5302e-01 -1.9339e+00
51 0 +1.012423768e+06 +1.012423768e+06 +1.012541038e+06 +1.012541038e+06 +2.1915e+00 +6.0791e-01 -2.3084e+00
83 0 +2.227133898e+05 +2.227133898e+05 +2.228306598e+05 +2.228306598e+05 +3.7336e+00 +5.8648e-01 -7.9865e-01
99 0 +1.893787638e+05 +1.893787638e+05 +1.894960338e+05 +1.894960338e+05 +2.7833e+00 +4.7959e-01 -1.1342e+00
305 0 +1.375391461e+05 +1.375391461e+05 +1.376564161e+05 +1.376564161e+05 +2.8228e+00 +5.0017e-01 -1.2686e+00
408 0 +4.353624877e+04 +4.353624877e+04 +4.365351877e+04 +4.365351877e+04 +3.0539e+00 +4.9003e-01 -8.5361e-01
411 0 +3.470639006e+04 +3.470639006e+04 +3.482366006e+04 +3.482366006e+04 +3.1130e+00 +7.5455e-01 -9.6184e-01
439 0 +1.310234347e+04 +1.310234347e+04 +1.321961347e+04 +1.321961347e+04 +3.2516e+00 +3.6354e-01 -1.3908e+00
709 0 +4.128683337e+03 +4.128683337e+03 +4.245953337e+03 +4.245953337e+03 +3.1327e+00 +4.2341e-01 -1.4833e+00
% f evaluations | g evaluations | best noise-free fitness - Fopt | noise-free fitness - Fopt (7.789000000000e+01) | measured fitness | best measured fitness | x1 | x2...
1 0 +7.639966018e+06 +7.639966018e+06 +7.640043908e+06 +7.640043908e+06 +4.2133e+00 +1.4818e+00 -5.9764e-01
2 0 +6.645099085e+06 +6.645099085e+06 +6.645176975e+06 +6.645176975e+06 +3.3184e+00 +9.4742e-01 -9.4847e-01
23 0 +5.699681229e+06 +5.699681229e+06 +5.699759119e+06 +5.699759119e+06 +2.1808e+00 +1.9403e+00 -4.0024e+00
26 0 +2.979053483e+06 +2.979053483e+06 +2.979131373e+06 +2.979131373e+06 +1.5832e+00 +4.7643e-01 +3.1490e+00
46 0 +2.061558812e+06 +2.061558812e+06 +2.061636702e+06 +2.061636702e+06 +1.0115e-02 +2.1963e+00 +4.3239e+00
47 0 +1.540796394e+06 +1.540796394e+06 +1.540874284e+06 +1.540874284e+06 +2.6434e+00 +2.4649e+00 -1.9119e+00
97 0 +4.394762553e+05 +4.394762553e+05 +4.395541453e+05 +4.395541453e+05 +2.1435e+00 +2.5202e+00 +1.5106e+00
120 0 +1.598785777e+05 +1.598785777e+05 +1.599564677e+05 +1.599564677e+05 +1.6437e+00 +2.9619e+00 -9.1243e-01
191 0 +1.540580245e+05 +1.540580245e+05 +1.541359145e+05 +1.541359145e+05 +2.4052e+00 +3.2580e+00 -1.2608e+00
305 0 +7.788183347e+04 +7.788183347e+04 +7.795972347e+04 +7.795972347e+04 +1.8969e+00 +2.5711e+00 +8.4650e-01
426 0 +5.156947783e+04 +5.156947783e+04 +5.164736783e+04 +5.164736783e+04 +2.0555e+00 +2.9132e+00 -2.5751e-01
434 0 +3.631368225e+04 +3.631368225e+04 +3.639157225e+04 +3.639157225e+04 +2.1161e+00 +3.1190e+00 -7.7446e-01
436 0 +9.859626368e+03 +9.859626368e+03 +9.937516368e+03 +9.937516368e+03 +1.8728e+00 +2.9591e+00 -4.5090e-02
449 0 +5.601749776e+03 +5.601749776e+03 +5.679639776e+03 +5.679639776e+03 +1.8540e+00 +3.1031e+00 -6.7229e-01
