% f evaluations | g evaluations | best noise-free fitness - Fopt | noise-free fitness - Fopt (-9.210000000000e+00) | measured fitness | best measured fitness | x1 | x2...
1 0 +3.992761284e+02 +3.992761284e+02 +3.900661284e+02 +3.900661284e+02 +0.0000e+00 +0.0000e+00 +0.0000e+00 +0.0000e+00 +0.0000e+00 +0.0000e+00 +0.0000e+00 +0.0000e+00 +0.0000e+00 +0.0000e+00 +0.0000e+00 +0.0000e+00 +0.0000e+00 +0.0000e+00 +0.0000e+00 +0.0000e+00 +0.0000e+00 +0.0000e+00 +0.0000e+00 +0.0000e+00
3 0 +3.854908653e+02 +3.854908653e+02 +3.762808653e+02 +3.762808653e+02 -2.5735e+00 -2.2823e+00 +2.6291e+00 -7.7071e-01 +4.1913e+00 -1.9418e+00 -4.8117e+00 -1.7142e+00 -3.6741e+00 -2.9825e+00 +3.7535e+00 -1.3200e+00 +4.1289e+00 +1.8730e+00 +6.9836e-01 -9.7500e-01 +2.4818e+00 +4.1747e+00 -4.4205e-01 -3.3421e+00
5 0 +3.512818435e+02 +3.512818435e+02 +3.420718435e+02 +3.420718435e+02 +4.2483e+00 -3.7588e+00 -3.1732e+00 +9.7788e-01 -9.1176e-01 +3.7783e+00 -4.5543e+00 -1.2913e+00 -1.4946e+00 +1.7872e+00 -3.4175e+00 -4.3790e+00 -2.6356e+00 +3.8872e+00 -4.8455e+00 -3.1837e+00 +4.5738e+00 -4.7673e+00 -3.0374e+00 -3.9008e+00
8 0 +3.464696811e+02 +3.464696811e+02 +3.372596811e+02 +3.372596811e+02 +1.8198e+00 +3.9266e+00 -4.9302e+00 -3.0007e+00 +8.4767e-01 -2.6407e+00 -4.1531e+00 -4.8286e+00 +1.4190e+00 -2.2903e+00 -4.6758e+00 +4.4245e+00 +2.1977e+00 +6.1576e-01 +4.2100e+00 -1.9305e+00 +3.3760e-01 +4.8926e+00 -3.1652e+00 +3.6660e-01
11 0 +3.322071087e+02 +3.322071087e+02 +3.229971087e+02 +3.229971087e+02 +4.6170e+00 -3.4344e+00 +4.8642e-01 +9.9702e-01 -3.5564e+00 +1.8145e+00 +3.4891e+00 +9.5479e-03 +5.4411e-01 +6.3206e-01 +1.7954e+00 +3.8313e+00 +4.1009e+00 +2.2091e+00 -1.1836e+00 +4.1594e+00 +4.9211e+00 -3.0382e+00 -2.0761e+00 +3.1107e+00
34 0 +2.805500814e+02 +2.805500814e+02 +2.713400814e+02 +2.713400814e+02 +3.9439e+00 -1.7304e+00 -8.6282e-01 -1.4388e+00 +2.4679e+00 -4.8240e+00 +2.0782e+00 +1.3886e+00 -3.4338e+00 +4.7768e+00 -2.2889e+00 -4.1432e+00 +2.8250e+00 +3.9240e+00 -9.9844e-01 -3.1287e+00 +4.9147e-01 +4.7341e+00 -1.9261e+00 +1.1672e+00
% f evaluations | g evaluations | best noise-free fitness - Fopt | noise-free fitness - Fopt (6.559900000000e+02) | measured fitness | best measured fitness | x1 | x2...
1 0 +3.992761284e+02 +3.992761284e+02 +1.055266128e+03 +1.055266128e+03 +0.0000e+00 +0.0000e+00 +0.0000e+00 +0.0000e+00 +0.0000e+00 +0.0000e+00 +0.0000e+00 +0.0000e+00 +0.0000e+00 +0.0000e+00 +0.0000e+00 +0.0000e+00 +0.0000e+00 +0.0000e+00 +0.0000e+00 +0.0000e+00 +0.0000e+00 +0.0000e+00 +0.0000e+00 +0.0000e+00
2 0 +3.764591538e+02 +3.764591538e+02 +1.032449154e+03 +1.032449154e+03 +3.1880e+00 +1.5097e+00 -4.0395e-02 +4.0702e+00 +3.1489e+00 +8.1960e-01 +2.0136e+00 -2.4134e+00 -9.4486e-01 -1.6796e+00 -1.8339e+00 +1.5856e+00 -8.1590e-01 +4.2862e+00 -4.7388e+00 +3.9422e+00 +3.1410e+00 -4.2455e+00 -2.5445e-01 +4.1060e+00
3 0 +3.288588684e+02 +3.288588684e+02 +9.848488684e+02 +9.848488684e+02 +2.5977e+00 -2.3136e+00 +4.2291e+00 +5.0530e-01 +2.2567e+00 -2.3703e+00 -3.0926e+00 +2.6788e+00 +3.0502e+00 +1.5250e+00 +1.2165e+00 +2.8363e+00 +3.0422e+00 -8.2302e-01 +3.1961e+00 +6.6308e-01 -7.6534e-01 -8.3611e-01 -4.4811e+00 +4.3563e+00
12 0 +3.045907772e+02 +3.045907772e+02 +9.605807772e+02 +9.605807772e+02 +3.8011e+00 +1.9820e+00 -4.1617e+00 -4.9680e+00 -1.0330e+00 +2.9276e-01 +3.7010e-01 +1.4060e+00 +1.1495e+00 -2.6127e+00 +1.8919e+00 -2.8884e+00 +7.5369e-02 -3.9946e+00 -3.9389e+00 +3.8772e+00 -1.3069e+00 -4.6897e+00 +4.9432e+00 -2.0538e+00
27 0 +3.018069798e+02 +3.018069798e+02 +9.577969798e+02 +9.577969798e+02 -2.7000e+00 +1.8701e+00 +1.3653e+00 +4.7107e+00 +3.3912e+00 +7.6961e-01 -4.6889e+00 -3.8078e+00 -3.0130e+00 -6.2140e-01 +4.1850e+00 +2.8235e+00 -1.5153e+00 -4.8842e+00 +4.9786e+00 +3.4227e+00 -9.0914e-01 +3.2332e+00 +3.0927e+00 -4.9118e-01
32 0 +2.929251281e+02 +2.929251281e+02 +9.489151281e+02 +9.489151281e+02 -1.4834e+00 +2.2741e+00 -4.5072e+00 -2.6077e+00 +2.7273e+00 +1.1207e+00 -4.4117e+00 +2.1433e+00 -3.6552e+00 -2.7180e+00 +2.1539e-01 +4.1063e+00 +2.1630e-01 -2.2639e+00 -3.9841e-01 +2.2087e+00 -2.1745e+00 +4.2371e+00 +3.8288e+00 +2.7652e+00
% f evaluations | g evaluations | best noise-free fitness - Fopt | noise-free fitness - Fopt (6.671000000000e+01) | measured fitness | best measured fitness | x1 | x2...
1 0 +3.992761284e+02 +3.992761284e+02 +4.659861284e+02 +4.659861284e+02 +0.0000e+00 +0.0000e+00 +0.0000e+00 +0.0000e+00 +0.0000e+00 +0.0000e+00 +0.0000e+00 +0.0000e+00 +0.0000e+00 +0.0000e+00 +0.0000e+00 +0.0000e+00 +0.0000e+00 +0.0000e+00 +0.0000e+00 +0.0000e+00 +0.0000e+00 +0.0000e+00 +0.0000e+00 +0.0000e+00
2 0 +3.550579705e+02 +3.550579705e+02 +4.217679705e+02 +4.217679705e+02 -3.5521e-01 -2.5713e+00 -1.3450e+00 -4.0670e+00 -5.7815e-01 +4.6690e+00 +2.8942e+00 -7.2307e-01 -1.5898e+00 +4.5184e+00 -3.3531e+00 +4.3508e+00 +4.0557e+00 +1.9111e-01 -2.6687e-02 +1.9976e+00 -1.9722e+00 -4.2523e+00 +4.1562e+00 -2.2068e+00
15 0 +3.521526726e+02 +3.521526726e+02 +4.188626726e+02 +4.188626726e+02 -1.4724e+00 -1.3265e+00 +2.5047e+00 -4.3043e+00 +4.9204e+00 -3.6709e+00 -2.7677e+00 -3.2534e+00 +3.8762e+00 -3.9078e-01 +4.9916e+00 -4.1784e+00 -9.8639e-01 -2.6666e+00 +8.1332e-01 +3.1769e-01 +3.2851e+00 -4.0510e+00 -2.4832e+00 -2.4236e+00
18 0 +2.931513126e+02 +2.931513126e+02 +3.598613126e+02 +3.598613126e+02 -3.0049e-01 -1.5131e+00 +4.1259e+00 +1.2651e+00 +4.6943e+00 +1.4291e-01 -4.2018e+00 -1.9978e+00 -1.2928e+00 +2.0278e+00 -3.3325e+00 +1.1249e+00 +4.1757e+00 +6.7788e-01 +4.1593e+00 +3.4326e+00 +2.5525e+00 -1.7764e+00 -4.4979e+00 -3.0416e-01
% f evaluations | g evaluations | best noise-free fitness - Fopt | noise-free fitness - Fopt (9.416700000000e+02) | measured fitness | best measured fitness | x1 | x2...
1 0 +3.992761284e+02 +3.992761284e+02 +1.340946128e+03 +1.340946128e+03 +0.0000e+00 +0.0000e+00 +0.0000e+00 +0.0000e+00 +0.0000e+00 +0.0000e+00 +0.0000e+00 +0.0000e+00 +0.0000e+00 +0.0000e+00 +0.0000e+00 +0.0000e+00 +0.0000e+00 +0.0000e+00 +0.0000e+00 +0.0000e+00 +0.0000e+00 +0.0000e+00 +0.0000e+00 +0.0000e+00
2 0 +2.550586521e+02 +2.550586521e+02 +1.196728652e+03 +1.196728652e+03 -2.5126e+00 -2.7824e+00 -2.0403e+00 -2.1650e+00 +4.4772e+00 +4.8290e+00 +4.3192e+00 +5.3144e-01 -2.8054e+00 -1.4081e+00 -1.7597e+00 +1.7057e+00 -3.0472e+00 -3.7606e-01 +3.8867e+00 -1.4940e+00 -3.3115e+00 +4.9402e+00 +4.3331e+00 +4.6184e+00
% f evaluations | g evaluations | best noise-free fitness - Fopt | noise-free fitness - Fopt (-3.745000000000e+01) | measured fitness | best measured fitness | x1 | x2...
1 0 +3.992761284e+02 +3.992761284e+02 +3.618261284e+02 +3.618261284e+02 +0.0000e+00 +0.0000e+00 +0.0000e+00 +0.0000e+00 +0.0000e+00 +0.0000e+00 +0.0000e+00 +0.0000e+00 +0.0000e+00 +0.0000e+00 +0.0000e+00 +0.0000e+00 +0.0000e+00 +0.0000e+00 +0.0000e+00 +0.0000e+00 +0.0000e+00 +0.0000e+00 +0.0000e+00 +0.0000e+00
3 0 +3.910870134e+02 +3.910870134e+02 +3.536370134e+02 +3.536370134e+02 -8.5657e-01 +2.2701e+00 +3.8297e+00 +4.9944e+00 -3.9664e+00 -6.8621e-01 -3.6539e+00 -2.7892e+00 -1.3696e+00 +3.3706e+00 +4.1411e+00 +6.1234e-01 -2.5413e+00 +2.4203e+00 +3.2632e+00 -1.3651e+00 +4.9862e+00 -2.8400e+00 +4.7053e+00 +1.1317e+00
6 0 +2.827064093e+02 +2.827064093e+02 +2.452564093e+02 +2.452564093e+02 -3.7598e+00 +4.5808e+00 +3.0879e+00 +3.4479e+00 +2.3277e+00 +6.3262e-01 +4.9552e+00 -2.1055e+00 +2.3677e+00 -7.7237e-02 -2.3201e+00 +1.2982e+00 -2.7796e+00 +2.8714e-01 +2.8895e+00 +3.4852e+00 -4.9161e+00 -9.0756e-01 +2.9591e+00 +5.1739e-02
14 0 +2.790775158e+02 +2.790775158e+02 +2.416275158e+02 +2.416275158e+02 -2.9318e+00 +3.2737e+00 -1.1530e+00 +2.1172e+00 -3.4716e+00 -1.1550e+00 +2.6522e+00 -1.9526e+00 +4.6026e+00 +3.8179e+00 +3.4082e+00 +8.9643e-01 +4.6993e+00 -3.3943e+00 +4.5988e+00 -1.6358e+00 +2.2778e+00 +2.1603e+00 +1.2820e+00 -4.8257e+00
% f evaluations | g evaluations | best noise-free fitness - Fopt | noise-free fitness - Fopt (-6.639000000000e+01) | measured fitness | best measured fitness | x1 | x2...
1 0 +3.992761284e+02 +3.992761284e+02 +3.328861284e+02 +3.328861284e+02 +0.0000e+00 +0.0000e+00 +0.0000e+00 +0.0000e+00 +0.0000e+00 +0.0000e+00 +0.0000e+00 +0.0000e+00 +0.0000e+00 +0.0000e+00 +0.0000e+00 +0.0000e+00 +0.0000e+00 +0.0000e+00 +0.0000e+00 +0.0000e+00 +0.0000e+00 +0.0000e+00 +0.0000e+00 +0.0000e+00
3 0 +3.215627463e+02 +3.215627463e+02 +2.551727463e+02 +2.551727463e+02 -2.9173e+00 -2.5594e-01 +1.8773e+00 +1.5303e+00 -3.6124e+00 -2.9310e+00 +2.7558e+00 -2.1331e+00 -1.4777e+00 +3.9618e+00 -4.3827e+00 -4.2976e+00 +9.7248e-01 +2.1226e+00 -2.8573e+00 -4.6637e+00 -4.2111e+00 -2.0986e+00 -4.7565e+00 +6.3619e-01
10 0 +2.937129451e+02 +2.937129451e+02 +2.273229451e+02 +2.273229451e+02 +1.5128e+00 -7.7112e-01 +2.7264e+00 -2.4848e+00 -3.5530e+00 -1.5781e+00 +2.9922e+00 -3.3471e+00 +1.2464e+00 -1.9546e+00 +1.7326e+00 -4.8918e+00 +6.6981e-01 +4.1285e+00 -3.3534e+00 +3.9790e+00 -3.0994e+00 +1.4887e+00 -3.8695e+00 -3.5249e+00
19 0 +2.491001030e+02 +2.491001030e+02 +1.827101030e+02 +1.827101030e+02 +4.7663e+00 +1.4805e+00 +5.3393e-01 +3.3150e+00 +2.6064e+00 +3.6824e+00 +1.7007e+00 -3.5361e+00 -3.7507e+00 -2.2755e+00 -3.9039e+00 +2.8630e+00 +8.7909e-01 +3.8298e+00 -1.2880e+00 +2.4303e+00 +4.0722e+00 +3.1740e+00 -3.2799e+00 -3.9140e+00
% f evaluations | g evaluations | best noise-free fitness - Fopt | noise-free fitness - Fopt (-2.260100000000e+02) | measured fitness | best measured fitness | x1 | x2...
1 0 +3.992761284e+02 +3.992761284e+02 +1.732661284e+02 +1.732661284e+02 +0.0000e+00 +0.0000e+00 +0.0000e+00 +0.0000e+00 +0.0000e+00 +0.0000e+00 +0.0000e+00 +0.0000e+00 +0.0000e+00 +0.0000e+00 +0.0000e+00 +0.0000e+00 +0.0000e+00 +0.0000e+00 +0.0000e+00 +0.0000e+00 +0.0000e+00 +0.0000e+00 +0.0000e+00 +0.0000e+00
2 0 +3.518570482e+02 +3.518570482e+02 +1.258470482e+02 +1.258470482e+02 +4.5811e-01 -1.0106e+00 -4.4287e+00 -2.4842e+00 +4.0645e+00 -3.7768e+00 -3.8628e+00 -4.8148e+00 +4.3168e+00 -4.7348e+00 +1.0341e+00 +1.9018e+00 -4.5939e+00 -1.7512e+00 -2.5207e+00 -2.1703e+00 +5.0656e-01 +2.5602e+00 +1.3898e+00 -3.4817e+00
16 0 +3.372192036e+02 +3.372192036e+02 +1.112092036e+02 +1.112092036e+02 +1.3691e+00 +4.9380e+00 +1.9173e-01 +4.1831e+00 -3.8877e+00 -1.2431e+00 -4.6088e+00 +2.4317e+00 -4.0902e-01 +2.4613e+00 -4.4435e+00 -2.4825e+00 -3.9485e+00 +1.3354e+00 -1.9726e+00 -4.1577e+00 -9.6941e-01 -3.2955e-01 -3.4903e+00 +2.2220e+00
20 0 +2.791949189e+02 +2.791949189e+02 +5.318491886e+01 +5.318491886e+01 -1.8778e+00 -2.7822e+00 +5.0087e-01 -2.2680e-02 +4.8415e+00 -4.5887e+00 +2.0311e+00 +1.1611e+00 +3.1281e-01 +2.3022e+00 -1.0180e+00 -1.7902e+00 -4.8103e+00 +2.0924e-01 -4.8545e+00 -1.6430e+00 +1.8060e+00 -1.0766e-01 +1.3820e+00 +4.2176e+00
% f evaluations | g evaluations | best noise-free fitness - Fopt | noise-free fitness - Fopt (1.000000000000e+03) | measured fitness | best measured fitness | x1 | x2...
1 0 +3.992761284e+02 +3.992761284e+02 +1.399276128e+03 +1.399276128e+03 +0.0000e+00 +0.0000e+00 +0.0000e+00 +0.0000e+00 +0.0000e+00 +0.0000e+00 +0.0000e+00 +0.0000e+00 +0.0000e+00 +0.0000e+00 +0.0000e+00 +0.0000e+00 +0.0000e+00 +0.0000e+00 +0.0000e+00 +0.0000e+00 +0.0000e+00 +0.0000e+00 +0.0000e+00 +0.0000e+00
2 0 +3.511299117e+02 +3.511299117e+02 +1.351129912e+03 +1.351129912e+03 -2.5658e+00 -2.9162e+00 +3.5685e+00 -1.2651e-01 -4.1004e+00 -4.6659e+00 +2.7824e+00 -2.1851e+00 -1.3604e+00 +1.4769e+00 +3.0219e+00 +2.6946e-01 +2.8043e+00 +2.4065e+00 +4.4471e+00 -2.1775e-01 -2.6310e+00 +3.2307e+00 -4.8972e+00 +2.3507e+00
5 0 +3.263752513e+02 +3.263752513e+02 +1.326375251e+03 +1.326375251e+03 +2.3936e+00 -1.5946e+00 -1.4601e+00 +2.8649e+00 -1.9684e+00 +6.1825e-01 -8.2892e-01 -3.2954e+00 +1.1329e+00 -3.0393e+00 +4.4349e+00 +2.1347e+00 -1.6936e+00 -7.1346e-01 -1.9583e+00 -2.2476e+00 -2.8575e+00 +2.9167e+00 +1.5351e-01 +4.2343e+00
12 0 +2.954083574e+02 +2.954083574e+02 +1.295408357e+03 +1.295408357e+03 -4.1853e+00 +3.2842e+00 +3.4639e-01 -3.6262e+00 +3.1768e-01 +4.1021e+00 -9.8548e-02 +1.6210e+00 +4.5099e+00 -3.7124e-01 -4.1075e-01 +4.8593e+00 +2.5474e-01 -4.7536e+00 +4.0661e+00 +2.6734e+00 -4.6512e-01 -2.5455e+00 +2.4950e+00 +1.1490e+00
29 0 +2.810822746e+02 +2.810822746e+02 +1.281082275e+03 +1.281082275e+03 +9.0320e-01 -2.7546e+00 +4.4882e+00 -4.3367e+00 -4.4377e+00 -9.2229e-01 -2.4149e-01 +1.1972e-01 +7.4508e-01 -4.0345e+00 +1.6985e+00 -4.4552e+00 -1.2449e+00 -2.5254e+00 +4.9700e-01 +1.8585e+00 -4.9038e+00 +2.1795e+00 +3.0233e+00 +2.3231e+00
41 0 +2.673810373e+02 +2.673810373e+02 +1.267381037e+03 +1.267381037e+03 -3.6175e+00 -1.2329e+00 -1.0807e+00 -5.0745e-01 +1.8001e+00 -3.6250e+00 -3.5955e+00 +2.2144e-01 -3.2332e+00 +1.9825e+00 -4.1150e+00 +3.3609e+00 +3.4923e+00 -8.8395e-01 -1.6245e+00 +4.3139e-01 +6.1594e-01 +4.6292e+00 +2.9042e+00 +3.8194e+00
% f evaluations | g evaluations | best noise-free fitness - Fopt | noise-free fitness - Fopt (-1.830200000000e+02) | measured fitness | best measured fitness | x1 | x2...
1 0 +3.992761284e+02 +3.992761284e+02 +2.162561284e+02 +2.162561284e+02 +0.0000e+00 +0.0000e+00 +0.0000e+00 +0.0000e+00 +0.0000e+00 +0.0000e+00 +0.0000e+00 +0.0000e+00 +0.0000e+00 +0.0000e+00 +0.0000e+00 +0.0000e+00 +0.0000e+00 +0.0000e+00 +0.0000e+00 +0.0000e+00 +0.0000e+00 +0.0000e+00 +0.0000e+00 +0.0000e+00
2 0 +3.503378541e+02 +3.503378541e+02 +1.673178541e+02 +1.673178541e+02 -4.6476e+00 +1.3858e+00 +5.6253e-01 -3.1406e-01 +1.9081e+00 -3.5384e+00 +3.9354e+00 +3.5794e+00 -4.3199e-01 +1.5204e+00 -3.3254e+00 -3.3582e+00 +8.6674e-01 +1.5466e-01 +4.2551e-01 +7.6364e-01 -4.9939e-01 -4.0055e+00 +3.4885e+00 +3.1678e+00
12 0 +3.153434746e+02 +3.153434746e+02 +1.323234746e+02 +1.323234746e+02 +1.3517e-01 +3.8225e+00 +3.3250e-01 -8.2987e-01 +4.7992e+00 -2.1901e-01 -3.2431e+00 -3.6672e+00 +1.8933e+00 -2.7723e+00 -4.0850e+00 -1.5269e+00 +2.2809e+00 -3.9902e+00 +1.3750e+00 +1.7552e+00 -5.6629e-01 -4.1572e+00 +2.5076e+00 +4.3343e+00
14 0 +2.691122528e+02 +2.691122528e+02 +8.609225285e+01 +8.609225285e+01 +2.7939e+00 +1.5216e+00 -1.4152e+00 +1.7348e+00 +5.4309e-01 -1.3783e+00 -1.6240e+00 -4.4102e+00 +2.4122e+00 -2.9076e+00 +3.9777e+00 +2.4943e+00 -8.0507e-01 +3.2670e+00 +2.1138e+00 +4.1288e-01 +3.4180e+00 -3.8333e+00 -1.7749e+00 +3.4458e+00
% f evaluations | g evaluations | best noise-free fitness - Fopt | noise-free fitness - Fopt (-1.026200000000e+02) | measured fitness | best measured fitness | x1 | x2...
1 0 +3.992761284e+02 +3.992761284e+02 +2.966561284e+02 +2.966561284e+02 +0.0000e+00 +0.0000e+00 +0.0000e+00 +0.0000e+00 +0.0000e+00 +0.0000e+00 +0.0000e+00 +0.0000e+00 +0.0000e+00 +0.0000e+00 +0.0000e+00 +0.0000e+00 +0.0000e+00 +0.0000e+00 +0.0000e+00 +0.0000e+00 +0.0000e+00 +0.0000e+00 +0.0000e+00 +0.0000e+00
2 0 +3.898676172e+02 +3.898676172e+02 +2.872476172e+02 +2.872476172e+02 -2.8006e+00 -1.5874e+00 +4.9239e+00 +1.8261e-01 +1.9779e-01 +1.3681e+00 -3.3083e+00 +2.6546e+00 +6.4469e-01 +2.9239e+00 -2.7528e+00 +1.3529e+00 -2.8969e+00 +2.2434e+00 -2.6458e+00 +2.9113e+00 -1.3834e+00 +4.7256e+00 +1.1041e+00 +4.5297e+00
5 0 +3.651887963e+02 +3.651887963e+02 +2.625687963e+02 +2.625687963e+02 +1.1886e+00 +4.9911e+00 -4.3174e+00 +2.7650e+00 +4.8342e+00 -3.9255e+00 -1.8762e+00 +2.6132e+00 -1.0849e+00 -4.9773e+00 +4.6457e+00 +3.4276e+00 -2.3666e+00 -4.2705e+00 -9.9898e-01 +3.4032e+00 +1.7706e+00 -1.3042e+00 -4.3164e+00 +9.0904e-01
9 0 +3.514548824e+02 +3.514548824e+02 +2.488348824e+02 +2.488348824e+02 -1.6663e+00 -3.5204e+00 +1.3119e+00 -3.7707e+00 +2.3634e+00 +2.1156e+00 +5.6110e-01 +4.8669e+00 -3.0996e+00 +5.9695e-01 +3.1204e+00 +4.8970e+00 -4.2702e+00 +4.2162e+00 -3.0579e-01 -4.9623e+00 -4.7120e+00 -4.1785e-01 -3.0568e+00 -2.9833e+00
16 0 +3.066608275e+02 +3.066608275e+02 +2.040408275e+02 +2.040408275e+02 +4.2521e+00 -3.5706e+00 -4.3003e+00 -4.0268e+00 -2.0190e+00 -4.1686e+00 +3.4196e+00 +4.3656e+00 -4.1243e+00 -3.1867e+00 +4.7285e+00 +2.3810e+00 -1.0390e+00 -3.1251e+00 -4.6869e+00 +3.3622e+00 +2.8143e+00 +2.6728e+00 -4.5744e+00 -1.3470e-01
% f evaluations | g evaluations | best noise-free fitness - Fopt | noise-free fitness - Fopt (9.953000000000e+01) | measured fitness | best measured fitness | x1 | x2...
1 0 +3.992761284e+02 +3.992761284e+02 +4.988061284e+02 +4.988061284e+02 +0.0000e+00 +0.0000e+00 +0.0000e+00 +0.0000e+00 +0.0000e+00 +0.0000e+00 +0.0000e+00 +0.0000e+00 +0.0000e+00 +0.0000e+00 +0.0000e+00 +0.0000e+00 +0.0000e+00 +0.0000e+00 +0.0000e+00 +0.0000e+00 +0.0000e+00 +0.0000e+00 +0.0000e+00 +0.0000e+00
2 0 +3.852431325e+02 +3.852431325e+02 +4.847731325e+02 +4.847731325e+02 +4.7422e+00 +4.6756e+00 +2.9799e+00 -3.0540e+00 +1.3649e+00 -1.2218e+00 -1.8110e+00 -2.7440e+00 +4.6909e+00 -6.2953e-01 -1.8676e+00 -2.9530e+00 +1.8148e+00 +4.0003e+00 +4.0679e+00 -1.5778e+00 -4.0875e+00 -4.7385e+00 +4.8342e+00 -1.6060e+00
3 0 +3.598856529e+02 +3.598856529e+02 +4.594156529e+02 +4.594156529e+02 +2.2703e+00 +4.8013e+00 -3.9706e+00 -1.5432e+00 +1.5933e+00 -4.0387e-01 +3.4195e+00 +3.8769e+00 -4.4380e+00 +1.5950e+00 +3.6397e+00 -1.8752e+00 +1.1301e+00 +3.2891e+00 -1.6448e+00 +6.2206e-01 +1.7539e+00 +3.2002e+00 -4.4637e+00 +4.3333e+00
9 0 +3.320946422e+02 +3.320946422e+02 +4.316246422e+02 +4.316246422e+02 +3.4931e+00 -2.2307e+00 -9.4679e-02 -2.2231e+00 -2.0864e+00 +3.9874e+00 +2.7404e+00 +1.2628e+00 +2.2354e-01 +2.2612e+00 +3.6529e+00 +5.8269e-01 -4.0411e+00 -1.6448e+00 -4.1760e+00 +3.1151e+00 -4.7276e+00 +4.0803e+00 +1.6129e+00 +7.1023e-01
10 0 +3.295928908e+02 +3.295928908e+02 +4.291228908e+02 +4.291228908e+02 +4.1244e+00 -4.1653e+00 +3.1786e+00 -3.3280e+00 -2.8365e+00 -1.8616e+00 +3.0155e+00 -1.2104e+00 -2.0039e+00 +2.3452e+00 -3.5485e+00 -3.7008e-01 +1.1208e+00 +3.4748e+00 +1.2181e+00 +4.3930e+00 -8.3281e-01 +7.6079e-01 +1.5443e+00 +1.1185e+00
25 0 +2.919162901e+02 +2.919162901e+02 +3.914462901e+02 +3.914462901e+02 -9.3221e-01 +3.4070e+00 -2.1107e+00 +1.8635e+00 +5.5427e-01 +1.3473e+00 +2.5084e+00 +4.8979e+00 +2.7739e+00 -3.1239e-01 +3.6379e+00 +2.0856e+00 +4.2736e+00 +2.0268e+00 +8.8163e-01 +3.8395e+00 -2.4955e-01 +1.5579e+00 -2.2857e+00 +4.3775e+00
35 0 +2.765709797e+02 +2.765709797e+02 +3.761009797e+02 +3.761009797e+02 -2.7610e+00 +2.6626e-01 -4.3215e+00 +3.8033e+00 +2.4493e+00 +4.1784e+00 +2.3751e+00 -3.7091e+00 -4.4508e+00 -1.7072e+00 -1.1902e+00 +1.8206e+00 +3.4960e+00 +1.3960e+00 -3.8858e+00 +2.8970e+00 -1.0328e-01 +3.9012e+00 +1.5613e+00 +8.1035e-02
% f evaluations | g evaluations | best noise-free fitness - Fopt | noise-free fitness - Fopt (1.495900000000e+02) | measured fitness | best measured fitness | x1 | x2...
1 0 +3.992761284e+02 +3.992761284e+02 +5.488661284e+02 +5.488661284e+02 +0.0000e+00 +0.0000e+00 +0.0000e+00 +0.0000e+00 +0.0000e+00 +0.0000e+00 +0.0000e+00 +0.0000e+00 +0.0000e+00 +0.0000e+00 +0.0000e+00 +0.0000e+00 +0.0000e+00 +0.0000e+00 +0.0000e+00 +0.0000e+00 +0.0000e+00 +0.0000e+00 +0.0000e+00 +0.0000e+00
2 0 +3.080094901e+02 +3.080094901e+02 +4.575994901e+02 +4.575994901e+02 -3.5043e+00 -4.2816e+00 +2.7306e+00 -4.6981e+00 -3.8473e+00 -3.2864e+00 +1.5217e+00 +4.5725e+00 +2.9693e+00 +3.0517e+00 -3.7039e+00 +6.8650e-01 -4.4011e+00 +4.2824e+00 -2.2219e-01 +4.0913e+00 -1.2805e+00 -2.5035e+00 +3.9476e+00 +4.6237e+00
22 0 +2.912688372e+02 +2.912688372e+02 +4.408588372e+02 +4.408588372e+02 -2.7755e+00 +4.1753e+00 +1.3595e+00 +2.8028e-01 +2.4428e+00 +3.5188e+00 +1.9238e+00 -4.8781e+00 -3.6012e-01 +1.1242e+00 +2.7702e-01 -3.7321e+00 +3.4604e+00 -3.5168e+00 -8.5610e-01 -1.6099e+00 +4.9609e+00 -2.4344e+00 -9.9453e-02 +4.9097e+00
% f evaluations | g evaluations | best noise-free fitness - Fopt | noise-free fitness - Fopt (-1.000000000000e+03) | measured fitness | best measured fitness | x1 | x2...
1 0 +3.992761284e+02 +3.992761284e+02 -6.007238716e+02 -6.007238716e+02 +0.0000e+00 +0.0000e+00 +0.0000e+00 +0.0000e+00 +0.0000e+00 +0.0000e+00 +0.0000e+00 +0.0000e+00 +0.0000e+00 +0.0000e+00 +0.0000e+00 +0.0000e+00 +0.0000e+00 +0.0000e+00 +0.0000e+00 +0.0000e+00 +0.0000e+00 +0.0000e+00 +0.0000e+00 +0.0000e+00
4 0 +2.935688245e+02 +2.935688245e+02 -7.064311755e+02 -7.064311755e+02 +1.8979e+00 +1.7060e+00 +4.0085e+00 -1.2088e+00 -1.6183e+00 -2.3188e+00 +3.9978e+00 -2.9950e+00 -7.1023e-01 +4.2306e+00 -4.5591e+00 -4.1348e+00 -2.3312e+00 -1.5555e+00 +3.4301e+00 +4.0601e+00 -4.2673e+00 -3.1585e-02 -4.5382e+00 -4.0871e+00
29 0 +2.852190047e+02 +2.852190047e+02 -7.147809953e+02 -7.147809953e+02 +3.4981e+00 -1.3862e+00 -2.1462e+00 -4.9604e+00 +1.1609e+00 +4.7211e+00 +1.0237e+00 +2.7032e+00 -1.3314e+00 -3.2490e+00 -8.4764e-01 +4.1537e+00 -2.2608e+00 -3.5912e+00 -3.9287e+00 +2.9481e+00 -3.8594e+00 -4.3540e+00 -2.1122e+00 +2.1752e+00
41 0 +2.625663364e+02 +2.625663364e+02 -7.374336636e+02 -7.374336636e+02 +2.1404e+00 -5.0971e-01 +2.1376e+00 +3.9714e+00 +1.0845e-01 -2.7191e+00 -1.0597e+00 +1.0727e+00 -2.1541e+00 +4.1920e+00 +2.9320e+00 +3.9644e+00 +3.9265e+00 -4.6832e+00 +4.4954e+00 +4.8362e+00 -4.1268e+00 -3.5804e+00 -3.9633e+00 -3.8679e+00
% f evaluations | g evaluations | best noise-free fitness - Fopt | noise-free fitness - Fopt (-2.922000000000e+01) | measured fitness | best measured fitness | x1 | x2...
1 0 +3.992761284e+02 +3.992761284e+02 +3.700561284e+02 +3.700561284e+02 +0.0000e+00 +0.0000e+00 +0.0000e+00 +0.0000e+00 +0.0000e+00 +0.0000e+00 +0.0000e+00 +0.0000e+00 +0.0000e+00 +0.0000e+00 +0.0000e+00 +0.0000e+00 +0.0000e+00 +0.0000e+00 +0.0000e+00 +0.0000e+00 +0.0000e+00 +0.0000e+00 +0.0000e+00 +0.0000e+00
2 0 +2.101143350e+02 +2.101143350e+02 +1.808943350e+02 +1.808943350e+02 -3.0601e+00 -4.2850e+00 -6.9988e-02 -4.4015e+00 -3.9008e+00 +2.2373e+00 -1.7311e+00 -3.2083e+00 +1.7168e-01 +3.6768e+00 +2.4805e+00 +4.0394e-01 -3.7643e+00 -4.1807e+00 -4.5248e+00 +4.2049e+00 -3.0875e+00 -4.7237e+00 -4.0914e+00 +3.0746e+00
% f evaluations | g evaluations | best noise-free fitness - Fopt | noise-free fitness - Fopt (-4.096000000000e+01) | measured fitness | best measured fitness | x1 | x2...
1 0 +3.992761284e+02 +3.992761284e+02 +3.583161284e+02 +3.583161284e+02 +0.0000e+00 +0.0000e+00 +0.0000e+00 +0.0000e+00 +0.0000e+00 +0.0000e+00 +0.0000e+00 +0.0000e+00 +0.0000e+00 +0.0000e+00 +0.0000e+00 +0.0000e+00 +0.0000e+00 +0.0000e+00 +0.0000e+00 +0.0000e+00 +0.0000e+00 +0.0000e+00 +0.0000e+00 +0.0000e+00
2 0 +3.722438425e+02 +3.722438425e+02 +3.312838425e+02 +3.312838425e+02 +1.3683e-01 -4.0562e+00 +1.2816e+00 -3.5782e+00 +1.7200e+00 -3.1415e+00 +1.0234e+00 +1.2545e+00 +9.7765e-01 -1.8527e+00 +2.0415e+00 -3.7052e+00 +4.7504e+00 +4.8183e+00 +4.1061e+00 -2.6460e+00 +6.0228e-01 +1.1857e+00 +5.0889e-01 -3.9724e+00
5 0 +2.974140926e+02 +2.974140926e+02 +2.564540926e+02 +2.564540926e+02 +6.0065e-01 -2.4083e+00 +2.1034e+00 +4.7310e+00 -4.8903e+00 -4.0766e+00 +1.8907e+00 +3.9596e+00 -8.0938e-01 +1.3058e+00 +4.6520e+00 +3.2985e+00 +2.9170e+00 -4.8900e+00 +3.8155e+00 +4.1715e+00 -4.1072e+00 -2.4851e+00 -6.3976e-01 -2.2290e+00
17 0 +2.943331275e+02 +2.943331275e+02 +2.533731275e+02 +2.533731275e+02 +5.9590e-01 -4.8691e+00 +4.2227e+00 -4.5913e+00 -2.9930e+00 -3.6768e+00 -1.1719e+00 +1.6730e+00 +1.3084e+00 -1.6229e+00 +7.1197e-01 +7.3460e-01 -3.4913e+00 +3.8821e+00 -3.1152e+00 +3.3587e+00 +2.9870e+00 +3.7442e-01 +3.2025e+00 -4.7246e+00
