% f evaluations | g evaluations | best noise-free fitness - Fopt | noise-free fitness - Fopt (-4.620900000000e+02) | measured fitness | best measured fitness | x1 | x2...
1 0 +2.188924458e+02 +2.188924458e+02 -2.431975542e+02 -2.431975542e+02 +1.5024e+00 -3.3255e+00 -9.7019e-01
6 0 +1.138276250e+02 +1.138276250e+02 -3.482623750e+02 -3.482623750e+02 -2.6963e+00 +4.6414e+00 +5.7338e-01
9 0 +5.557800272e+01 +5.557800272e+01 -4.065119973e+02 -4.065119973e+02 +2.2789e+00 -2.5702e-01 +1.8004e+00
58 0 +2.997331464e+01 +2.997331464e+01 -4.321166854e+02 -4.321166854e+02 +7.4474e-01 +1.5582e+00 +1.8561e+00
75 0 +7.843954322e+00 +7.843954322e+00 -4.542460457e+02 -4.542460457e+02 +2.2565e+00 +1.8377e+00 +2.1925e+00
130 0 +2.988400208e+00 +2.988400208e+00 -4.591015998e+02 -4.591015998e+02 +2.2970e+00 +1.7575e+00 +2.1938e+00
191 0 +1.436191339e+00 +1.436191339e+00 -4.606538087e+02 -4.606538087e+02 +2.3299e+00 +1.6861e+00 +2.2009e+00
244 0 +1.349077432e+00 +1.349077432e+00 -4.607409226e+02 -4.607409226e+02 +2.3273e+00 +1.7008e+00 +2.2010e+00
249 0 +1.307662560e+00 +1.307662560e+00 -4.607823374e+02 -4.607823374e+02 +2.3443e+00 +1.7135e+00 +2.2080e+00
250 0 +1.258301923e+00 +1.258301923e+00 -4.608316981e+02 -4.608316981e+02 +2.3298e+00 +1.6801e+00 +2.2082e+00
264 0 +1.061798486e+00 +1.061798486e+00 -4.610282015e+02 -4.610282015e+02 +2.3326e+00 +1.6997e+00 +2.2090e+00
319 0 +1.008963909e+00 +1.008963909e+00 -4.610810361e+02 -4.610810361e+02 +2.3385e+00 +1.6983e+00 +2.2123e+00
371 0 +9.981138224e-01 +9.981138224e-01 -4.610918862e+02 -4.610918862e+02 +2.3375e+00 +1.7038e+00 +2.2130e+00
% f evaluations | g evaluations | best noise-free fitness - Fopt | noise-free fitness - Fopt (7.766000000000e+01) | measured fitness | best measured fitness | x1 | x2...
1 0 +8.381746153e+01 +8.381746153e+01 +1.614774615e+02 +1.614774615e+02 +2.9028e+00 -1.0637e+00 -6.7093e-02
5 0 +4.779467157e+01 +4.779467157e+01 +1.254546716e+02 +1.254546716e+02 +1.7533e+00 -4.0844e-01 +1.0952e+00
9 0 +9.888502515e+00 +9.888502515e+00 +8.754850252e+01 +8.754850252e+01 +1.4307e+00 -1.9272e+00 +6.0260e-01
159 0 +9.731707919e+00 +9.731707919e+00 +8.739170792e+01 +8.739170792e+01 +1.4267e+00 -1.9299e+00 +6.0258e-01
166 0 +9.195237974e+00 +9.195237974e+00 +8.685523797e+01 +8.685523797e+01 +1.4220e+00 -1.9469e+00 +5.8378e-01
213 0 +9.117728104e+00 +9.117728104e+00 +8.677772810e+01 +8.677772810e+01 +1.4194e+00 -1.9423e+00 +5.8922e-01
% f evaluations | g evaluations | best noise-free fitness - Fopt | noise-free fitness - Fopt (1.156800000000e+02) | measured fitness | best measured fitness | x1 | x2...
1 0 +6.406587700e+02 +6.406587700e+02 +7.563387700e+02 +7.563387700e+02 +4.1559e+00 +2.5104e+00 -4.0689e+00
3 0 +2.008454949e+02 +2.008454949e+02 +3.165254949e+02 +3.165254949e+02 -3.7660e+00 +5.6431e-01 -3.0888e+00
6 0 +5.132798794e+01 +5.132798794e+01 +1.670079879e+02 +1.670079879e+02 +2.5752e-01 -2.2481e+00 -2.1791e-01
55 0 +3.972716072e+01 +3.972716072e+01 +1.554071607e+02 +1.554071607e+02 +2.6300e-01 -1.7456e+00 +3.5945e-01
58 0 +3.360219162e+01 +3.360219162e+01 +1.492821916e+02 +1.492821916e+02 +1.1291e-01 -1.0960e+00 -2.0291e-01
75 0 +2.529485938e+01 +2.529485938e+01 +1.409748594e+02 +1.409748594e+02 +3.0216e-01 -3.2491e+00 -1.0342e-01
108 0 +2.270361675e+01 +2.270361675e+01 +1.383836168e+02 +1.383836168e+02 +2.7287e-01 -3.2956e+00 -4.2330e-02
204 0 +2.164165821e+01 +2.164165821e+01 +1.373216582e+02 +1.373216582e+02 +2.7842e-01 -3.2996e+00 -7.0533e-02
226 0 +2.120450946e+01 +2.120450946e+01 +1.368845095e+02 +1.368845095e+02 +2.7479e-01 -3.2796e+00 -6.3582e-02
% f evaluations | g evaluations | best noise-free fitness - Fopt | noise-free fitness - Fopt (-3.710000000000e+00) | measured fitness | best measured fitness | x1 | x2...
1 0 +2.845023028e+02 +2.845023028e+02 +2.807923028e+02 +2.807923028e+02 +1.8185e-01 +1.0512e+00 -2.8705e+00
2 0 +1.936871362e+02 +1.936871362e+02 +1.899771362e+02 +1.899771362e+02 -3.0761e+00 +1.3262e+00 -1.3866e+00
4 0 +1.397983985e+02 +1.397983985e+02 +1.360883985e+02 +1.360883985e+02 -2.6380e+00 +7.5195e-01 +1.0433e-01
11 0 +9.246461914e+01 +9.246461914e+01 +8.875461914e+01 +8.875461914e+01 -2.8447e+00 +5.8856e-01 +5.9043e-01
29 0 +4.473215214e+01 +4.473215214e+01 +4.102215214e+01 +4.102215214e+01 +9.8455e-01 -8.6520e-01 +1.0272e+00
37 0 +2.930645522e+01 +2.930645522e+01 +2.559645522e+01 +2.559645522e+01 +2.5494e+00 -3.4109e+00 +1.0910e+00
89 0 +1.444712176e+01 +1.444712176e+01 +1.073712176e+01 +1.073712176e+01 +3.0083e+00 -3.0241e+00 +1.4350e+00
103 0 +7.912592440e+00 +7.912592440e+00 +4.202592440e+00 +4.202592440e+00 +3.1161e+00 -2.7377e+00 +1.7677e+00
133 0 +3.729985099e+00 +3.729985099e+00 +1.998509933e-02 +1.998509933e-02 +3.0080e+00 -2.9199e+00 +1.7765e+00
155 0 +1.214726561e+00 +1.214726561e+00 -2.495273439e+00 -2.495273439e+00 +3.1002e+00 -2.8700e+00 +1.7808e+00
261 0 +1.091302988e+00 +1.091302988e+00 -2.618697012e+00 -2.618697012e+00 +3.1109e+00 -2.9006e+00 +1.7783e+00
266 0 +1.028828505e+00 +1.028828505e+00 -2.681171495e+00 -2.681171495e+00 +3.1207e+00 -2.8846e+00 +1.7807e+00
331 0 +1.019136654e+00 +1.019136654e+00 -2.690863346e+00 -2.690863346e+00 +3.1190e+00 -2.8877e+00 +1.7801e+00
391 0 +9.968665129e-01 +9.968665129e-01 -2.713133487e+00 -2.713133487e+00 +3.1202e+00 -2.8892e+00 +1.7831e+00
% f evaluations | g evaluations | best noise-free fitness - Fopt | noise-free fitness - Fopt (1.321800000000e+02) | measured fitness | best measured fitness | x1 | x2...
1 0 +3.551718961e+02 +3.551718961e+02 +4.873518961e+02 +4.873518961e+02 -4.4932e+00 -4.6509e+00 -6.4860e-01
2 0 +2.141407760e+02 +2.141407760e+02 +3.463207760e+02 +3.463207760e+02 -2.0066e+00 -1.2442e+00 -7.8035e-02
4 0 +8.546301353e+01 +8.546301353e+01 +2.176430135e+02 +2.176430135e+02 -2.0781e+00 +3.0327e+00 +3.2219e+00
6 0 +5.091882966e+01 +5.091882966e+01 +1.830988297e+02 +1.830988297e+02 -1.3673e+00 +8.8679e-01 +2.0186e+00
28 0 +5.000061825e+01 +5.000061825e+01 +1.821806183e+02 +1.821806183e+02 +2.4057e+00 -1.4609e+00 +3.4549e+00
33 0 +4.644199197e+01 +4.644199197e+01 +1.786219920e+02 +1.786219920e+02 +1.3961e+00 +2.8186e-01 +2.8534e+00
52 0 +2.310517458e+01 +2.310517458e+01 +1.552851746e+02 +1.552851746e+02 +1.6567e+00 +7.6151e-01 +3.0859e+00
75 0 +1.791962725e+01 +1.791962725e+01 +1.500996273e+02 +1.500996273e+02 +1.7919e+00 +1.0984e+00 +3.4431e+00
125 0 +9.195020317e+00 +9.195020317e+00 +1.413750203e+02 +1.413750203e+02 +1.7286e+00 +8.2641e-01 +3.4280e+00
131 0 +5.753368808e+00 +5.753368808e+00 +1.379333688e+02 +1.379333688e+02 +1.7276e+00 +8.9906e-01 +3.4550e+00
215 0 +5.547349628e+00 +5.547349628e+00 +1.377273496e+02 +1.377273496e+02 +1.7603e+00 +8.6009e-01 +3.4529e+00
229 0 +5.490183426e+00 +5.490183426e+00 +1.376701834e+02 +1.376701834e+02 +1.7696e+00 +8.5735e-01 +3.4539e+00
235 0 +5.111742992e+00 +5.111742992e+00 +1.372917430e+02 +1.372917430e+02 +1.7962e+00 +8.8666e-01 +3.4530e+00
261 0 +4.998608668e+00 +4.998608668e+00 +1.371786087e+02 +1.371786087e+02 +1.7933e+00 +8.8823e-01 +3.4609e+00
% f evaluations | g evaluations | best noise-free fitness - Fopt | noise-free fitness - Fopt (-3.930000000000e+01) | measured fitness | best measured fitness | x1 | x2...
1 0 +1.663323773e+02 +1.663323773e+02 +1.270323773e+02 +1.270323773e+02 -3.0572e+00 +1.6166e+00 -6.6275e-01
4 0 +1.452550545e+02 +1.452550545e+02 +1.059550545e+02 +1.059550545e+02 +1.6012e+00 +4.1045e+00 +5.6622e-01
7 0 +1.053282037e+02 +1.053282037e+02 +6.602820371e+01 +6.602820371e+01 -4.2475e+00 -8.8625e-01 +2.4395e+00
17 0 +9.145992652e+01 +9.145992652e+01 +5.215992652e+01 +5.215992652e+01 -7.5863e-02 +9.0387e-01 +3.9631e-01
23 0 +6.898677460e+01 +6.898677460e+01 +2.968677460e+01 +2.968677460e+01 +7.1441e-01 -4.7453e+00 +1.1400e+00
36 0 +5.553582759e+01 +5.553582759e+01 +1.623582759e+01 +1.623582759e+01 +7.3057e-01 -4.2601e+00 +2.0935e+00
50 0 +3.122481135e+01 +3.122481135e+01 -8.075188652e+00 -8.075188652e+00 +1.3741e+00 -2.3522e+00 +2.1204e+00
54 0 +2.534671554e+01 +2.534671554e+01 -1.395328446e+01 -1.395328446e+01 +1.2619e+00 -2.3548e+00 +2.3292e+00
96 0 +2.119005463e+01 +2.119005463e+01 -1.810994537e+01 -1.810994537e+01 +4.7132e-01 -2.3412e+00 +1.7275e+00
118 0 +2.073205030e+01 +2.073205030e+01 -1.856794970e+01 -1.856794970e+01 +2.8670e-01 -2.3287e+00 +1.6289e+00
130 0 +1.785686445e+01 +1.785686445e+01 -2.144313555e+01 -2.144313555e+01 +4.6587e-01 -1.8267e+00 +1.7321e+00
132 0 +1.263377951e+01 +1.263377951e+01 -2.666622049e+01 -2.666622049e+01 +6.4659e-01 -2.3173e+00 +1.6315e+00
168 0 +1.208578957e+01 +1.208578957e+01 -2.721421043e+01 -2.721421043e+01 +5.7822e-01 -2.3230e+00 +1.6416e+00
207 0 +1.201783345e+01 +1.201783345e+01 -2.728216655e+01 -2.728216655e+01 +5.7918e-01 -2.3193e+00 +1.6468e+00
237 0 +9.411010210e+00 +9.411010210e+00 -2.988898979e+01 -2.988898979e+01 +6.2960e-01 -1.8158e+00 +1.6540e+00
298 0 +9.320915025e+00 +9.320915025e+00 -2.997908498e+01 -2.997908498e+01 +6.3616e-01 -1.8187e+00 +1.6467e+00
418 0 +9.107393878e+00 +9.107393878e+00 -3.019260612e+01 -3.019260612e+01 +6.1379e-01 -1.8242e+00 +1.6473e+00
% f evaluations | g evaluations | best noise-free fitness - Fopt | noise-free fitness - Fopt (4.296000000000e+01) | measured fitness | best measured fitness | x1 | x2...
1 0 +6.108052242e+02 +6.108052242e+02 +6.537652242e+02 +6.537652242e+02 -1.7659e+00 +2.5676e+00 +3.6039e+00
2 0 +3.359897908e+02 +3.359897908e+02 +3.789497908e+02 +3.789497908e+02 -1.6293e+00 +3.5495e+00 -2.9737e+00
3 0 +1.006389394e+02 +1.006389394e+02 +1.435989394e+02 +1.435989394e+02 -4.5296e+00 +4.3150e+00 +1.9378e+00
8 0 +2.696479383e+01 +2.696479383e+01 +6.992479383e+01 +6.992479383e+01 +6.6301e-01 +1.2861e+00 +2.6735e+00
55 0 +1.657470244e+01 +1.657470244e+01 +5.953470244e+01 +5.953470244e+01 +3.6388e-01 +1.6662e+00 +2.4205e+00
103 0 +1.366440935e+01 +1.366440935e+01 +5.662440935e+01 +5.662440935e+01 +1.2251e+00 +1.7227e+00 +2.4588e+00
113 0 +1.241221574e+01 +1.241221574e+01 +5.537221574e+01 +5.537221574e+01 +1.2450e+00 +1.6962e+00 +2.7647e+00
159 0 +3.190699622e+00 +3.190699622e+00 +4.615069962e+01 +4.615069962e+01 +1.4009e+00 +1.7028e+00 +2.7687e+00
221 0 +1.453848408e+00 +1.453848408e+00 +4.441384841e+01 +4.441384841e+01 +1.4272e+00 +1.7319e+00 +2.7591e+00
235 0 +1.248956729e+00 +1.248956729e+00 +4.420895673e+01 +4.420895673e+01 +1.4403e+00 +1.7529e+00 +2.7590e+00
242 0 +7.300334876e-01 +7.300334876e-01 +4.369003349e+01 +4.369003349e+01 +1.4519e+00 +1.7259e+00 +2.7701e+00
263 0 +4.502797413e-01 +4.502797413e-01 +4.341027974e+01 +4.341027974e+01 +1.4679e+00 +1.7352e+00 +2.7691e+00
272 0 +3.590780794e-01 +3.590780794e-01 +4.331907808e+01 +4.331907808e+01 +1.4915e+00 +1.7212e+00 +2.7623e+00
313 0 +2.429591383e-01 +2.429591383e-01 +4.320295914e+01 +4.320295914e+01 +1.4839e+00 +1.7307e+00 +2.7659e+00
314 0 +1.527309190e-01 +1.527309190e-01 +4.311273092e+01 +4.311273092e+01 +1.4906e+00 +1.7395e+00 +2.7656e+00
363 0 +1.181435551e-01 +1.181435551e-01 +4.307814356e+01 +4.307814356e+01 +1.4903e+00 +1.7402e+00 +2.7678e+00
369 0 +7.608792412e-02 +7.608792412e-02 +4.303608792e+01 +4.303608792e+01 +1.5061e+00 +1.7447e+00 +2.7669e+00
418 0 +7.485221160e-02 +7.485221160e-02 +4.303485221e+01 +4.303485221e+01 +1.5022e+00 +1.7417e+00 +2.7664e+00
425 0 +4.341243122e-02 +4.341243122e-02 +4.300341243e+01 +4.300341243e+01 +1.5073e+00 +1.7439e+00 +2.7685e+00
451 0 +3.998451335e-02 +3.998451335e-02 +4.299998451e+01 +4.299998451e+01 +1.5110e+00 +1.7429e+00 +2.7674e+00
455 0 +3.502296826e-02 +3.502296826e-02 +4.299502297e+01 +4.299502297e+01 +1.5127e+00 +1.7387e+00 +2.7667e+00
488 0 +3.240906360e-02 +3.240906360e-02 +4.299240906e+01 +4.299240906e+01 +1.5127e+00 +1.7368e+00 +2.7667e+00
495 0 +2.556781758e-02 +2.556781758e-02 +4.298556782e+01 +4.298556782e+01 +1.5114e+00 +1.7363e+00 +2.7670e+00
509 0 +7.185836093e-03 +7.185836093e-03 +4.296718584e+01 +4.296718584e+01 +1.5091e+00 +1.7368e+00 +2.7690e+00
519 0 +5.863043113e-03 +5.863043113e-03 +4.296586304e+01 +4.296586304e+01 +1.5090e+00 +1.7367e+00 +2.7705e+00
523 0 +3.671176149e-03 +3.671176149e-03 +4.296367118e+01 +4.296367118e+01 +1.5099e+00 +1.7370e+00 +2.7694e+00
536 0 +3.374973648e-03 +3.374973648e-03 +4.296337497e+01 +4.296337497e+01 +1.5125e+00 +1.7381e+00 +2.7705e+00
566 0 +1.555986705e-03 +1.555986705e-03 +4.296155599e+01 +4.296155599e+01 +1.5117e+00 +1.7372e+00 +2.7696e+00
571 0 +3.873651983e-04 +3.873651983e-04 +4.296038737e+01 +4.296038737e+01 +1.5122e+00 +1.7374e+00 +2.7702e+00
588 0 +2.547868321e-04 +2.547868321e-04 +4.296025479e+01 +4.296025479e+01 +1.5121e+00 +1.7366e+00 +2.7701e+00
623 0 +2.430700430e-04 +2.430700430e-04 +4.296024307e+01 +4.296024307e+01 +1.5121e+00 +1.7369e+00 +2.7701e+00
625 0 +1.414038942e-04 +1.414038942e-04 +4.296014140e+01 +4.296014140e+01 +1.5126e+00 +1.7370e+00 +2.7701e+00
627 0 +1.253927404e-04 +1.253927404e-04 +4.296012539e+01 +4.296012539e+01 +1.5121e+00 +1.7366e+00 +2.7703e+00
645 0 +2.538839851e-05 +2.538839851e-05 +4.296002539e+01 +4.296002539e+01 +1.5127e+00 +1.7367e+00 +2.7703e+00
679 0 +1.698620233e-05 +1.698620233e-05 +4.296001699e+01 +4.296001699e+01 +1.5128e+00 +1.7368e+00 +2.7703e+00
688 0 +1.361575858e-05 +1.361575858e-05 +4.296001362e+01 +4.296001362e+01 +1.5126e+00 +1.7368e+00 +2.7703e+00
696 0 +1.316693469e-05 +1.316693469e-05 +4.296001317e+01 +4.296001317e+01 +1.5126e+00 +1.7368e+00 +2.7703e+00
703 0 +6.127966891e-06 +6.127966891e-06 +4.296000613e+01 +4.296000613e+01 +1.5127e+00 +1.7367e+00 +2.7704e+00
727 0 +3.705020461e-06 +3.705020461e-06 +4.296000371e+01 +4.296000371e+01 +1.5127e+00 +1.7367e+00 +2.7704e+00
742 0 +3.175442728e-06 +3.175442728e-06 +4.296000318e+01 +4.296000318e+01 +1.5127e+00 +1.7368e+00 +2.7704e+00
784 0 +2.143773365e-06 +2.143773365e-06 +4.296000214e+01 +4.296000214e+01 +1.5127e+00 +1.7368e+00 +2.7704e+00
833 0 +1.986081365e-06 +1.986081365e-06 +4.296000199e+01 +4.296000199e+01 +1.5127e+00 +1.7368e+00 +2.7704e+00
846 0 +1.949042293e-06 +1.949042293e-06 +4.296000195e+01 +4.296000195e+01 +1.5127e+00 +1.7368e+00 +2.7704e+00
857 0 +1.776499381e-06 +1.776499381e-06 +4.296000178e+01 +4.296000178e+01 +1.5127e+00 +1.7368e+00 +2.7704e+00
880 0 +1.717668617e-06 +1.717668617e-06 +4.296000172e+01 +4.296000172e+01 +1.5127e+00 +1.7368e+00 +2.7704e+00
892 0 +1.486869280e-06 +1.486869280e-06 +4.296000149e+01 +4.296000149e+01 +1.5127e+00 +1.7368e+00 +2.7704e+00
895 0 +1.421061150e-06 +1.421061150e-06 +4.296000142e+01 +4.296000142e+01 +1.5127e+00 +1.7368e+00 +2.7704e+00
921 0 +1.340208833e-06 +1.340208833e-06 +4.296000134e+01 +4.296000134e+01 +1.5127e+00 +1.7368e+00 +2.7704e+00
923 0 +1.229002116e-06 +1.229002116e-06 +4.296000123e+01 +4.296000123e+01 +1.5127e+00 +1.7368e+00 +2.7704e+00
943 0 +9.948234450e-07 +9.948234450e-07 +4.296000099e+01 +4.296000099e+01 +1.5127e+00 +1.7368e+00 +2.7704e+00
991 0 +9.728002794e-07 +9.728002794e-07 +4.296000097e+01 +4.296000097e+01 +1.5127e+00 +1.7368e+00 +2.7704e+00
992 0 +9.033973356e-07 +9.033973356e-07 +4.296000090e+01 +4.296000090e+01 +1.5127e+00 +1.7368e+00 +2.7704e+00
1024 0 +8.777551201e-07 +8.777551201e-07 +4.296000088e+01 +4.296000088e+01 +1.5127e+00 +1.7368e+00 +2.7704e+00
1048 0 +8.127935018e-07 +8.127935018e-07 +4.296000081e+01 +4.296000081e+01 +1.5127e+00 +1.7368e+00 +2.7704e+00
1050 0 +6.727839335e-07 +6.727839335e-07 +4.296000067e+01 +4.296000067e+01 +1.5127e+00 +1.7368e+00 +2.7704e+00
1054 0 +6.257493226e-07 +6.257493226e-07 +4.296000063e+01 +4.296000063e+01 +1.5127e+00 +1.7368e+00 +2.7704e+00
1091 0 +6.116685896e-07 +6.116685896e-07 +4.296000061e+01 +4.296000061e+01 +1.5127e+00 +1.7368e+00 +2.7704e+00
1093 0 +3.938452124e-07 +3.938452124e-07 +4.296000039e+01 +4.296000039e+01 +1.5128e+00 +1.7368e+00 +2.7704e+00
1132 0 +3.864982503e-07 +3.864982503e-07 +4.296000039e+01 +4.296000039e+01 +1.5128e+00 +1.7368e+00 +2.7704e+00
1143 0 +2.496944731e-07 +2.496944731e-07 +4.296000025e+01 +4.296000025e+01 +1.5128e+00 +1.7368e+00 +2.7704e+00
1144 0 +2.443631431e-07 +2.443631431e-07 +4.296000024e+01 +4.296000024e+01 +1.5128e+00 +1.7368e+00 +2.7704e+00
1153 0 +1.919936636e-07 +1.919936636e-07 +4.296000019e+01 +4.296000019e+01 +1.5128e+00 +1.7368e+00 +2.7704e+00
1198 0 +1.588620933e-07 +1.588620933e-07 +4.296000016e+01 +4.296000016e+01 +1.5128e+00 +1.7368e+00 +2.7704e+00
1203 0 +1.386696837e-07 +1.386696837e-07 +4.296000014e+01 +4.296000014e+01 +1.5128e+00 +1.7368e+00 +2.7704e+00
1210 0 +1.257813196e-07 +1.257813196e-07 +4.296000013e+01 +4.296000013e+01 +1.5128e+00 +1.7368e+00 +2.7704e+00
1220 0 +1.083766250e-07 +1.083766250e-07 +4.296000011e+01 +4.296000011e+01 +1.5128e+00 +1.7368e+00 +2.7704e+00
1235 0 +9.660418954e-08 +9.660418954e-08 +4.296000010e+01 +4.296000010e+01 +1.5128e+00 +1.7368e+00 +2.7704e+00
1248 0 +6.688934917e-08 +6.688934917e-08 +4.296000007e+01 +4.296000007e+01 +1.5128e+00 +1.7368e+00 +2.7704e+00
1260 0 +5.504758605e-08 +5.504758605e-08 +4.296000006e+01 +4.296000006e+01 +1.5128e+00 +1.7368e+00 +2.7704e+00
1271 0 +3.828866113e-08 +3.828866113e-08 +4.296000004e+01 +4.296000004e+01 +1.5128e+00 +1.7368e+00 +2.7704e+00
1303 0 +3.540675664e-08 +3.540675664e-08 +4.296000004e+01 +4.296000004e+01 +1.5128e+00 +1.7368e+00 +2.7704e+00
1308 0 +2.685705880e-08 +2.685705880e-08 +4.296000003e+01 +4.296000003e+01 +1.5128e+00 +1.7368e+00 +2.7704e+00
1314 0 +2.455174553e-08 +2.455174553e-08 +4.296000002e+01 +4.296000002e+01 +1.5128e+00 +1.7368e+00 +2.7704e+00
1380 0 +2.450638448e-08 +2.450638448e-08 +4.296000002e+01 +4.296000002e+01 +1.5128e+00 +1.7368e+00 +2.7704e+00
2392 0 +2.397958099e-08 +2.397958099e-08 +4.296000002e+01 +4.296000002e+01 +1.5128e+00 +1.7368e+00 +2.7704e+00
% f evaluations | g evaluations | best noise-free fitness - Fopt | noise-free fitness - Fopt (2.842200000000e+02) | measured fitness | best measured fitness | x1 | x2...
1 0 +6.706277746e+01 +6.706277746e+01 +3.512827775e+02 +3.512827775e+02 +1.0007e+00 +3.1314e+00 -9.0775e-02
40 0 +4.768933786e+01 +4.768933786e+01 +3.319093379e+02 +3.319093379e+02 -3.8825e-02 +1.8803e+00 +1.1881e+00
51 0 +3.686752297e+01 +3.686752297e+01 +3.210875230e+02 +3.210875230e+02 +2.8791e-01 +1.0817e+00 +3.3951e-01
59 0 +2.106215166e+01 +2.106215166e+01 +3.052821517e+02 +3.052821517e+02 +1.7768e+00 -2.3141e-01 +1.0911e+00
129 0 +1.720737781e+01 +1.720737781e+01 +3.014273778e+02 +3.014273778e+02 +1.1518e+00 +2.8402e-01 +1.1024e+00
131 0 +9.086456420e+00 +9.086456420e+00 +2.933064564e+02 +2.933064564e+02 +1.1767e+00 -2.9626e-01 +1.0898e+00
194 0 +5.446691301e+00 +5.446691301e+00 +2.896666913e+02 +2.896666913e+02 +1.0181e+00 -2.4637e-01 +1.0849e+00
216 0 +4.133035551e+00 +4.133035551e+00 +2.883530356e+02 +2.883530356e+02 +1.1517e+00 -2.6021e-01 +1.0856e+00
225 0 +3.271826231e+00 +3.271826231e+00 +2.874918262e+02 +2.874918262e+02 +1.0615e+00 -2.4605e-01 +1.0850e+00
259 0 +2.628061246e+00 +2.628061246e+00 +2.868480612e+02 +2.868480612e+02 +1.1189e+00 -2.4624e-01 +1.0853e+00
279 0 +2.159711596e+00 +2.159711596e+00 +2.863797116e+02 +2.863797116e+02 +1.0807e+00 -2.4614e-01 +1.0370e+00
315 0 +1.545396646e+00 +1.545396646e+00 +2.857653966e+02 +2.857653966e+02 +1.1060e+00 -2.4646e-01 +1.0477e+00
364 0 +1.320008902e+00 +1.320008902e+00 +2.855400089e+02 +2.855400089e+02 +1.0977e+00 -2.4085e-01 +1.0521e+00
422 0 +1.306194791e+00 +1.306194791e+00 +2.855261948e+02 +2.855261948e+02 +1.0994e+00 -2.4058e-01 +1.0509e+00
424 0 +1.248120795e+00 +1.248120795e+00 +2.854681208e+02 +2.854681208e+02 +1.0987e+00 -2.3812e-01 +1.0521e+00
469 0 +1.226644553e+00 +1.226644553e+00 +2.854466446e+02 +2.854466446e+02 +1.0988e+00 -2.3686e-01 +1.0502e+00
471 0 +1.178790564e+00 +1.178790564e+00 +2.853987906e+02 +2.853987906e+02 +1.0978e+00 -2.3452e-01 +1.0512e+00
475 0 +1.139923272e+00 +1.139923272e+00 +2.853599233e+02 +2.853599233e+02 +1.0978e+00 -2.3255e-01 +1.0521e+00
520 0 +1.080581503e+00 +1.080581503e+00 +2.853005815e+02 +2.853005815e+02 +1.0978e+00 -2.2942e-01 +1.0521e+00
522 0 +1.045743062e+00 +1.045743062e+00 +2.852657431e+02 +2.852657431e+02 +1.0977e+00 -2.2646e-01 +1.0521e+00
575 0 +1.022833457e+00 +1.022833457e+00 +2.852428335e+02 +2.852428335e+02 +1.0977e+00 -2.2146e-01 +1.0522e+00
895 0 +9.995234883e-01 +9.995234883e-01 +2.852195235e+02 +2.852195235e+02 +1.1002e+00 -2.1825e-01 +1.0519e+00
% f evaluations | g evaluations | best noise-free fitness - Fopt | noise-free fitness - Fopt (-3.217000000000e+01) | measured fitness | best measured fitness | x1 | x2...
1 0 +1.221647211e+02 +1.221647211e+02 +8.999472114e+01 +8.999472114e+01 -4.6077e+00 +1.6883e-02 -1.1379e+00
11 0 +5.120494616e+01 +5.120494616e+01 +1.903494616e+01 +1.903494616e+01 -5.0368e-01 +4.5487e+00 -4.2628e-01
56 0 +4.416826725e+01 +4.416826725e+01 +1.199826725e+01 +1.199826725e+01 +4.7653e-01 +1.0666e-02 -4.6276e-01
65 0 +2.349347669e+01 +2.349347669e+01 -8.676523306e+00 -8.676523306e+00 +4.8264e-01 +1.9580e+00 +2.5165e-01
104 0 +1.878074904e+01 +1.878074904e+01 -1.338925096e+01 -1.338925096e+01 +4.4568e-01 +2.4976e+00 -1.6465e-01
106 0 +1.699583804e+01 +1.699583804e+01 -1.517416196e+01 -1.517416196e+01 +4.5917e-01 +1.8450e+00 +2.5627e-01
159 0 +8.062082677e+00 +8.062082677e+00 -2.410791732e+01 -2.410791732e+01 +4.1829e-01 +1.8698e+00 +2.0152e-01
171 0 +4.864629617e+00 +4.864629617e+00 -2.730537038e+01 -2.730537038e+01 +5.1295e-01 +1.8997e+00 +1.5090e-01
177 0 +2.431163643e+00 +2.431163643e+00 -2.973883636e+01 -2.973883636e+01 +4.5370e-01 +1.8721e+00 +4.3535e-01
260 0 +1.620555695e+00 +1.620555695e+00 -3.054944430e+01 -3.054944430e+01 +4.5370e-01 +1.8658e+00 +4.4459e-01
277 0 +1.383539291e+00 +1.383539291e+00 -3.078646071e+01 -3.078646071e+01 +4.3628e-01 +1.8739e+00 +4.5355e-01
302 0 +1.165235419e+00 +1.165235419e+00 -3.100476458e+01 -3.100476458e+01 +4.5382e-01 +1.8699e+00 +4.5781e-01
343 0 +1.117930401e+00 +1.117930401e+00 -3.105206960e+01 -3.105206960e+01 +4.6218e-01 +1.8542e+00 +4.5536e-01
365 0 +1.035732212e+00 +1.035732212e+00 -3.113426779e+01 -3.113426779e+01 +4.6001e-01 +1.8535e+00 +4.6055e-01
448 0 +1.023276536e+00 +1.023276536e+00 -3.114672346e+01 -3.114672346e+01 +4.5835e-01 +1.8540e+00 +4.6083e-01
453 0 +9.995300484e-01 +9.995300484e-01 -3.117046995e+01 -3.117046995e+01 +4.5275e-01 +1.8536e+00 +4.6002e-01
% f evaluations | g evaluations | best noise-free fitness - Fopt | noise-free fitness - Fopt (-5.858000000000e+01) | measured fitness | best measured fitness | x1 | x2...
1 0 +8.174561790e+03 +8.174561790e+03 +8.115981790e+03 +8.115981790e+03 -1.6203e+00 +3.6861e+00 +3.7740e+00
2 0 +1.713884040e+02 +1.713884040e+02 +1.128084040e+02 +1.128084040e+02 -4.6723e+00 +1.5425e+00 -1.0900e+00
7 0 +8.780564767e+01 +8.780564767e+01 +2.922564767e+01 +2.922564767e+01 -2.5443e+00 -3.9684e+00 -1.2999e+00
59 0 +7.273332130e+01 +7.273332130e+01 +1.415332130e+01 +1.415332130e+01 -1.0015e+00 -2.8535e+00 -5.8223e-02
66 0 +5.095281701e+01 +5.095281701e+01 -7.627182990e+00 -7.627182990e+00 -2.7435e+00 -2.9464e+00 +1.0137e+00
108 0 +3.501215775e+01 +3.501215775e+01 -2.356784225e+01 -2.356784225e+01 -2.2327e+00 -3.0341e+00 +9.5856e-01
163 0 +3.012105962e+01 +3.012105962e+01 -2.845894038e+01 -2.845894038e+01 -2.5937e+00 -3.0222e+00 +9.4507e-01
170 0 +2.925209962e+01 +2.925209962e+01 -2.932790038e+01 -2.932790038e+01 -2.4073e+00 -3.0263e+00 +9.5533e-01
187 0 +2.150178986e+01 +2.150178986e+01 -3.707821014e+01 -3.707821014e+01 -5.3982e-01 -3.0433e+00 +7.2748e-01
207 0 +1.653385355e+01 +1.653385355e+01 -4.204614645e+01 -4.204614645e+01 -3.6435e-01 -3.0092e+00 +6.8367e-01
250 0 +1.050836223e+01 +1.050836223e+01 -4.807163777e+01 -4.807163777e+01 +4.4508e-01 -3.0489e+00 +6.5582e-01
264 0 +1.025572477e+01 +1.025572477e+01 -4.832427523e+01 -4.832427523e+01 +4.9271e-01 -3.0492e+00 +6.3916e-01
272 0 +9.409328232e+00 +9.409328232e+00 -4.917067177e+01 -4.917067177e+01 +7.8573e-01 -3.0385e+00 +6.5629e-01
289 0 +8.307898442e+00 +8.307898442e+00 -5.027210156e+01 -5.027210156e+01 +6.5806e-01 -3.0318e+00 +6.8162e-01
298 0 +7.023077594e+00 +7.023077594e+00 -5.155692241e+01 -5.155692241e+01 +5.6386e-01 -3.0610e+00 +6.5859e-01
321 0 +6.736187642e+00 +6.736187642e+00 -5.184381236e+01 -5.184381236e+01 +5.7012e-01 -3.1331e+00 +6.5784e-01
342 0 +6.581409551e+00 +6.581409551e+00 -5.199859045e+01 -5.199859045e+01 +6.2173e-01 -3.0809e+00 +6.4980e-01
368 0 +6.422234284e+00 +6.422234284e+00 -5.215776572e+01 -5.215776572e+01 +6.4770e-01 -3.0668e+00 +6.5819e-01
400 0 +6.302160635e+00 +6.302160635e+00 -5.227783937e+01 -5.227783937e+01 +6.2541e-01 -3.0727e+00 +6.5825e-01
457 0 +6.118492298e+00 +6.118492298e+00 -5.246150770e+01 -5.246150770e+01 +6.2572e-01 -3.0815e+00 +6.6411e-01
493 0 +6.012053017e+00 +6.012053017e+00 -5.256794698e+01 -5.256794698e+01 +6.2655e-01 -3.0925e+00 +6.6202e-01
% f evaluations | g evaluations | best noise-free fitness - Fopt | noise-free fitness - Fopt (-6.049200000000e+02) | measured fitness | best measured fitness | x1 | x2...
1 0 +1.847792642e+02 +1.847792642e+02 -4.201407358e+02 -4.201407358e+02 -3.9187e+00 +3.1410e+00 -8.7317e-01
10 0 +1.276831035e+02 +1.276831035e+02 -4.772368965e+02 -4.772368965e+02 -3.5683e+00 -2.3524e-01 +2.3084e+00
13 0 +7.587389288e+01 +7.587389288e+01 -5.290461071e+02 -5.290461071e+02 -6.3669e-01 +7.4593e-01 +1.1473e-01
16 0 +5.789704115e+01 +5.789704115e+01 -5.470229589e+02 -5.470229589e+02 -3.8262e+00 -1.8773e-01 +1.4515e+00
27 0 +5.247832602e+01 +5.247832602e+01 -5.524416740e+02 -5.524416740e+02 -1.4009e+00 -1.5072e+00 +9.6119e-01
55 0 +4.853388852e+01 +4.853388852e+01 -5.563861115e+02 -5.563861115e+02 -2.3187e-01 -1.5529e+00 +9.7230e-01
68 0 +4.070002377e+01 +4.070002377e+01 -5.642199762e+02 -5.642199762e+02 +9.5750e-01 -2.1591e+00 +1.0057e+00
71 0 +3.601550250e+01 +3.601550250e+01 -5.689044975e+02 -5.689044975e+02 -9.4243e-01 -1.4389e+00 +9.3921e-01
105 0 +2.871972677e+01 +2.871972677e+01 -5.762002732e+02 -5.762002732e+02 -8.8778e-01 -1.3545e+00 +1.4327e+00
111 0 +1.648304755e+01 +1.648304755e+01 -5.884369525e+02 -5.884369525e+02 -9.4494e-01 -1.6371e+00 +1.0888e+00
157 0 +1.516601493e+01 +1.516601493e+01 -5.897539851e+02 -5.897539851e+02 -9.5365e-01 -1.6715e+00 +1.1111e+00
165 0 +1.475494555e+01 +1.475494555e+01 -5.901650545e+02 -5.901650545e+02 -1.0295e+00 -1.6200e+00 +1.1221e+00
209 0 +1.427465847e+01 +1.427465847e+01 -5.906453415e+02 -5.906453415e+02 -9.9093e-01 -1.6255e+00 +1.1202e+00
235 0 +1.341955667e+01 +1.341955667e+01 -5.915004433e+02 -5.915004433e+02 -9.8062e-01 -1.5921e+00 +1.3339e+00
259 0 +1.026235215e+01 +1.026235215e+01 -5.946576478e+02 -5.946576478e+02 -8.4101e-01 -1.6144e+00 +1.3874e+00
261 0 +1.005838007e+01 +1.005838007e+01 -5.948616199e+02 -5.948616199e+02 -9.8897e-01 -1.5605e+00 +1.3725e+00
264 0 +9.312426698e+00 +9.312426698e+00 -5.956075733e+02 -5.956075733e+02 -9.7941e-01 -1.5818e+00 +1.3799e+00
357 0 +9.073278120e+00 +9.073278120e+00 -5.958467219e+02 -5.958467219e+02 -9.8530e-01 -1.6007e+00 +1.3888e+00
% f evaluations | g evaluations | best noise-free fitness - Fopt | noise-free fitness - Fopt (1.337000000000e+02) | measured fitness | best measured fitness | x1 | x2...
1 0 +3.387515331e+02 +3.387515331e+02 +4.724515331e+02 +4.724515331e+02 +1.7328e+00 -4.2356e+00 -4.5306e+00
5 0 +1.247053489e+02 +1.247053489e+02 +2.584053489e+02 +2.584053489e+02 -4.8077e+00 -3.8454e-01 -1.2358e+00
10 0 +9.901333965e+01 +9.901333965e+01 +2.327133396e+02 +2.327133396e+02 -3.9257e+00 -1.0632e+00 -1.1230e+00
19 0 +5.799897551e+01 +5.799897551e+01 +1.916989755e+02 +1.916989755e+02 -1.5203e-01 +2.7164e+00 -8.4399e-01
29 0 +5.702649342e+01 +5.702649342e+01 +1.907264934e+02 +1.907264934e+02 -1.0904e+00 -1.3132e+00 +2.9780e-01
44 0 +4.622054259e+01 +4.622054259e+01 +1.799205426e+02 +1.799205426e+02 -3.7729e-01 +2.4641e+00 -3.1114e-01
69 0 +4.347374420e+01 +4.347374420e+01 +1.771737442e+02 +1.771737442e+02 -4.2216e-01 +2.4932e+00 -3.2275e-01
76 0 +3.841862624e+01 +3.841862624e+01 +1.721186262e+02 +1.721186262e+02 +1.2589e+00 +2.7525e+00 -3.9170e-01
84 0 +3.466408435e+01 +3.466408435e+01 +1.683640843e+02 +1.683640843e+02 +5.5406e-01 +2.4931e+00 -2.7799e-01
111 0 +3.200718191e+01 +3.200718191e+01 +1.657071819e+02 +1.657071819e+02 +6.9198e-01 +2.1690e+00 +4.3893e-02
112 0 +2.983995391e+01 +2.983995391e+01 +1.635399539e+02 +1.635399539e+02 +2.0290e-01 +2.8021e+00 -2.8939e-01
150 0 +2.567782958e+01 +2.567782958e+01 +1.593778296e+02 +1.593778296e+02 +5.4167e-01 +2.0904e+00 -2.3692e-01
151 0 +2.068057984e+01 +2.068057984e+01 +1.543805798e+02 +1.543805798e+02 +6.7887e-01 +2.7385e+00 -2.7896e-01
248 0 +1.773497042e+01 +1.773497042e+01 +1.514349704e+02 +1.514349704e+02 +1.4087e+00 +2.6777e+00 +3.5207e-01
249 0 +1.560344556e+01 +1.560344556e+01 +1.493034456e+02 +1.493034456e+02 +2.3229e+00 +2.7717e+00 +8.1861e-02
262 0 +1.399465834e+01 +1.399465834e+01 +1.476946583e+02 +1.476946583e+02 +2.3426e+00 +2.7715e+00 +6.6454e-02
273 0 +1.216845281e+01 +1.216845281e+01 +1.458684528e+02 +1.458684528e+02 +2.4204e+00 +2.7869e+00 +5.8948e-02
280 0 +9.313668683e+00 +9.313668683e+00 +1.430136687e+02 +1.430136687e+02 +2.4716e+00 +2.7699e+00 +3.7761e-01
643 0 +9.119803876e+00 +9.119803876e+00 +1.428198039e+02 +1.428198039e+02 +2.4717e+00 +2.7642e+00 +3.7745e-01
% f evaluations | g evaluations | best noise-free fitness - Fopt | noise-free fitness - Fopt (-2.098000000000e+01) | measured fitness | best measured fitness | x1 | x2...
1 0 +2.283893668e+03 +2.283893668e+03 +2.262913668e+03 +2.262913668e+03 +2.8416e+00 +4.0751e+00 +1.8665e+00
2 0 +8.962771963e+02 +8.962771963e+02 +8.752971963e+02 +8.752971963e+02 +4.9445e+00 +3.6798e+00 -1.3916e+00
6 0 +1.617513662e+02 +1.617513662e+02 +1.407713662e+02 +1.407713662e+02 -3.7306e+00 +4.9965e+00 -2.3787e+00
9 0 +7.948184034e+01 +7.948184034e+01 +5.850184034e+01 +5.850184034e+01 +1.8602e+00 +2.9289e+00 -2.0899e+00
37 0 +6.554187489e+01 +6.554187489e+01 +4.456187489e+01 +4.456187489e+01 -1.2296e+00 +1.4474e+00 -1.0374e+00
43 0 +3.957138546e+01 +3.957138546e+01 +1.859138546e+01 +1.859138546e+01 -7.2335e-01 +1.5521e+00 -4.2853e-01
57 0 +3.436611727e+01 +3.436611727e+01 +1.338611727e+01 +1.338611727e+01 -2.8906e-01 +2.4491e+00 -3.0235e-01
87 0 +2.874376010e+01 +2.874376010e+01 +7.763760100e+00 +7.763760100e+00 -1.0689e+00 +1.5163e+00 -4.6851e-01
114 0 +2.179861969e+01 +2.179861969e+01 +8.186196919e-01 +8.186196919e-01 -1.1491e+00 +1.2960e+00 +2.1074e-03
144 0 +1.979005394e+01 +1.979005394e+01 -1.189946059e+00 -1.189946059e+00 -1.0298e+00 +1.3489e+00 -4.8167e-01
158 0 +1.595374332e+01 +1.595374332e+01 -5.026256676e+00 -5.026256676e+00 -1.0144e+00 +1.4030e+00 -4.3403e-01
208 0 +1.489550315e+01 +1.489550315e+01 -6.084496850e+00 -6.084496850e+00 -9.3576e-01 +1.3455e+00 -4.3065e-01
211 0 +1.453741281e+01 +1.453741281e+01 -6.442587191e+00 -6.442587191e+00 -9.7106e-01 +1.3542e+00 -4.1056e-01
216 0 +1.439769177e+01 +1.439769177e+01 -6.582308227e+00 -6.582308227e+00 -1.0109e+00 +1.3583e+00 -4.2818e-01
282 0 +1.403468385e+01 +1.403468385e+01 -6.945316151e+00 -6.945316151e+00 -1.0095e+00 +1.3276e+00 -4.2783e-01
% f evaluations | g evaluations | best noise-free fitness - Fopt | noise-free fitness - Fopt (1.353300000000e+02) | measured fitness | best measured fitness | x1 | x2...
1 0 +2.165574698e+03 +2.165574698e+03 +2.300904698e+03 +2.300904698e+03 +4.8139e+00 -4.6092e-01 -4.9585e+00
2 0 +8.561146114e+01 +8.561146114e+01 +2.209414611e+02 +2.209414611e+02 -4.8678e+00 -1.2081e+00 -4.2244e-01
10 0 +8.264933250e+01 +8.264933250e+01 +2.179793325e+02 +2.179793325e+02 -3.8305e+00 -7.1161e-01 +1.1445e+00
13 0 +7.759302293e+01 +7.759302293e+01 +2.129230229e+02 +2.129230229e+02 +1.6244e-01 +3.8215e+00 +6.6712e-01
34 0 +6.438070872e+01 +6.438070872e+01 +1.997107087e+02 +1.997107087e+02 +1.7940e-01 +1.5860e+00 +5.0536e-01
49 0 +5.853641844e+01 +5.853641844e+01 +1.938664184e+02 +1.938664184e+02 -5.8307e-01 +3.9441e+00 +6.4406e-01
55 0 +4.491565437e+01 +4.491565437e+01 +1.802456544e+02 +1.802456544e+02 -1.0753e+00 -8.2208e-01 +5.9806e-01
97 0 +4.386264399e+01 +4.386264399e+01 +1.791926440e+02 +1.791926440e+02 -1.1078e+00 +1.3084e+00 +3.3084e-01
103 0 +4.077645140e+01 +4.077645140e+01 +1.761064514e+02 +1.761064514e+02 +7.3147e-01 +2.7826e+00 +7.3609e-01
104 0 +3.794616079e+01 +3.794616079e+01 +1.732761608e+02 +1.732761608e+02 -1.0256e+00 -1.5106e-01 +2.4435e-01
107 0 +3.068210311e+01 +3.068210311e+01 +1.660121031e+02 +1.660121031e+02 -1.0979e+00 +7.8098e-01 +3.2006e-01
125 0 +2.867579245e+01 +2.867579245e+01 +1.640057924e+02 +1.640057924e+02 -1.0775e+00 +1.8602e+00 +6.2917e-01
131 0 +1.608555941e+01 +1.608555941e+01 +1.514155594e+02 +1.514155594e+02 -1.3666e+00 +5.6518e-01 +3.7217e-01
159 0 +1.409834282e+01 +1.409834282e+01 +1.494283428e+02 +1.494283428e+02 -1.2246e+00 +5.4259e-01 +3.2383e-01
162 0 +1.269438864e+01 +1.269438864e+01 +1.480243886e+02 +1.480243886e+02 -1.3637e+00 +5.1239e-01 +2.7887e-01
175 0 +1.116765117e+01 +1.116765117e+01 +1.464976512e+02 +1.464976512e+02 -1.3614e+00 +5.9389e-01 +2.8400e-01
198 0 +9.835797409e+00 +9.835797409e+00 +1.451657974e+02 +1.451657974e+02 -1.4676e+00 +5.6162e-01 +3.0939e-01
210 0 +9.589989304e+00 +9.589989304e+00 +1.449199893e+02 +1.449199893e+02 -1.4704e+00 +5.6537e-01 +2.7860e-01
263 0 +9.153958800e+00 +9.153958800e+00 +1.444839588e+02 +1.444839588e+02 -1.4489e+00 +5.6280e-01 +2.8708e-01
313 0 +9.095365847e+00 +9.095365847e+00 +1.444253658e+02 +1.444253658e+02 -1.4277e+00 +5.6565e-01 +2.8849e-01
% f evaluations | g evaluations | best noise-free fitness - Fopt | noise-free fitness - Fopt (4.066000000000e+01) | measured fitness | best measured fitness | x1 | x2...
1 0 +4.050940621e+02 +4.050940621e+02 +4.457540621e+02 +4.457540621e+02 -1.5013e+00 -1.4598e+00 -1.9362e+00
2 0 +1.528845298e+02 +1.528845298e+02 +1.935445298e+02 +1.935445298e+02 +3.3946e+00 -1.1593e+00 +7.1787e-01
4 0 +1.225311553e+02 +1.225311553e+02 +1.631911553e+02 +1.631911553e+02 +8.7778e-02 -2.7074e+00 +1.8914e+00
9 0 +1.181877383e+02 +1.181877383e+02 +1.588477383e+02 +1.588477383e+02 +7.3867e-01 +4.0801e+00 +1.4490e+00
12 0 +9.915018925e+01 +9.915018925e+01 +1.398101893e+02 +1.398101893e+02 +1.7985e-01 +3.7574e-01 +1.5742e+00
18 0 +9.287932235e+01 +9.287932235e+01 +1.335393224e+02 +1.335393224e+02 +1.3677e+00 +2.8804e+00 +1.8199e+00
19 0 +5.469318883e+01 +5.469318883e+01 +9.535318883e+01 +9.535318883e+01 -9.0147e-02 -4.8296e-01 +2.7911e+00
53 0 +5.251185798e+01 +5.251185798e+01 +9.317185798e+01 +9.317185798e+01 -2.4893e-01 +7.8813e-01 +2.4734e+00
57 0 +3.081146827e+01 +3.081146827e+01 +7.147146827e+01 +7.147146827e+01 +1.1628e+00 -4.0112e-01 +2.9306e+00
74 0 +1.947842953e+01 +1.947842953e+01 +6.013842953e+01 +6.013842953e+01 -4.8449e-02 +1.2099e+00 +2.9669e+00
147 0 +1.406767085e+01 +1.406767085e+01 +5.472767085e+01 +5.472767085e+01 -5.1263e-02 +1.2342e+00 +3.2541e+00
218 0 +1.374489429e+01 +1.374489429e+01 +5.440489429e+01 +5.440489429e+01 -5.0703e-02 +1.2315e+00 +3.2312e+00
269 0 +1.322774314e+01 +1.322774314e+01 +5.388774314e+01 +5.388774314e+01 -3.2448e-02 +1.2522e+00 +3.2320e+00
292 0 +1.307078180e+01 +1.307078180e+01 +5.373078180e+01 +5.373078180e+01 +9.4659e-04 +1.2582e+00 +3.2433e+00
