% f evaluations | g evaluations | best noise-free fitness - Fopt | noise-free fitness - Fopt (2.997000000000e+01) | measured fitness | best measured fitness | x1 | x2...
1 0 +1.603168630e+03 +1.603168630e+03 +1.633138630e+03 +1.633138630e+03 -2.2820e+00 +3.6549e+00 +3.0004e+00
2 0 +1.264462161e+03 +1.264462161e+03 +1.294432161e+03 +1.294432161e+03 +4.3428e+00 +9.2278e-02 +1.9567e+00
3 0 +9.264572213e+02 +9.264572213e+02 +9.564272213e+02 +9.564272213e+02 -3.6451e-01 -8.3854e-01 +1.4017e+00
4 0 +5.069154105e+02 +5.069154105e+02 +5.368854105e+02 +5.368854105e+02 -7.5745e-01 -3.4690e+00 -1.3052e+00
11 0 +3.541641508e+02 +3.541641508e+02 +3.841341508e+02 +3.841341508e+02 +3.3762e+00 -3.5219e+00 -3.4766e+00
35 0 +1.905020827e+02 +1.905020827e+02 +2.204720827e+02 +2.204720827e+02 +2.1221e+00 -1.6756e+00 -3.3938e+00
53 0 +1.247233863e+02 +1.247233863e+02 +1.546933863e+02 +1.546933863e+02 +1.3690e+00 -1.2233e+00 -3.2707e+00
65 0 +1.144866758e+02 +1.144866758e+02 +1.444566758e+02 +1.444566758e+02 +2.0092e+00 -2.3581e+00 -2.9734e+00
70 0 +2.883067292e+01 +2.883067292e+01 +5.880067292e+01 +5.880067292e+01 +1.2799e+00 -2.2673e+00 -3.3501e+00
109 0 +2.199059973e+01 +2.199059973e+01 +5.196059973e+01 +5.196059973e+01 +9.9809e-01 -2.1158e+00 -3.3645e+00
129 0 +8.029003429e+00 +8.029003429e+00 +3.799900343e+01 +3.799900343e+01 +1.1963e+00 -2.2370e+00 -3.1952e+00
190 0 +7.853309355e+00 +7.853309355e+00 +3.782330935e+01 +3.782330935e+01 +1.1942e+00 -2.2227e+00 -3.1929e+00
197 0 +4.660669728e+00 +4.660669728e+00 +3.463066973e+01 +3.463066973e+01 +1.2032e+00 -2.1913e+00 -3.2484e+00
218 0 +3.175997437e+00 +3.175997437e+00 +3.314599744e+01 +3.314599744e+01 +1.1899e+00 -2.1820e+00 -3.2390e+00
221 0 +3.157951904e+00 +3.157951904e+00 +3.312795190e+01 +3.312795190e+01 +1.1925e+00 -2.1706e+00 -3.2392e+00
241 0 +2.602779044e+00 +2.602779044e+00 +3.257277904e+01 +3.257277904e+01 +1.2018e+00 -2.1867e+00 -3.2345e+00
275 0 +2.544442511e+00 +2.544442511e+00 +3.251444251e+01 +3.251444251e+01 +1.1999e+00 -2.1893e+00 -3.2333e+00
277 0 +2.496219325e+00 +2.496219325e+00 +3.246621932e+01 +3.246621932e+01 +1.2000e+00 -2.1892e+00 -3.2328e+00
316 0 +2.431200741e+00 +2.431200741e+00 +3.240120074e+01 +3.240120074e+01 +1.1996e+00 -2.1869e+00 -3.2324e+00
366 0 +2.394515049e+00 +2.394515049e+00 +3.236451505e+01 +3.236451505e+01 +1.2013e+00 -2.1896e+00 -3.2308e+00
367 0 +2.309900227e+00 +2.309900227e+00 +3.227990023e+01 +3.227990023e+01 +1.2024e+00 -2.1905e+00 -3.2301e+00
424 0 +2.279755239e+00 +2.279755239e+00 +3.224975524e+01 +3.224975524e+01 +1.2020e+00 -2.1896e+00 -3.2309e+00
% f evaluations | g evaluations | best noise-free fitness - Fopt | noise-free fitness - Fopt (-5.171000000000e+01) | measured fitness | best measured fitness | x1 | x2...
1 0 +1.221156810e+03 +1.221156810e+03 +1.169446810e+03 +1.169446810e+03 +7.0458e-01 +1.2047e+00 +3.2322e+00
5 0 +1.073188448e+03 +1.073188448e+03 +1.021478448e+03 +1.021478448e+03 +3.0795e+00 +1.0615e+00 +2.6964e+00
6 0 +5.581995975e+02 +5.581995975e+02 +5.064895975e+02 +5.064895975e+02 +1.3687e+00 +1.1913e+00 -2.7351e+00
8 0 +4.049500129e+02 +4.049500129e+02 +3.532400129e+02 +3.532400129e+02 -1.0752e+00 +3.4535e+00 -4.2174e+00
51 0 +2.691369146e+02 +2.691369146e+02 +2.174269146e+02 +2.174269146e+02 -3.8681e-01 +4.5459e+00 -5.0000e+00
60 0 +2.462754454e+02 +2.462754454e+02 +1.945654454e+02 +1.945654454e+02 -3.0222e+00 +5.0000e+00 -2.9591e+00
66 0 +6.968991798e+01 +6.968991798e+01 +1.797991798e+01 +1.797991798e+01 -1.0398e+00 +5.0000e+00 -3.9892e+00
104 0 +6.709683606e+01 +6.709683606e+01 +1.538683606e+01 +1.538683606e+01 -1.0620e+00 +5.0000e+00 -3.8620e+00
111 0 +6.597760594e+01 +6.597760594e+01 +1.426760594e+01 +1.426760594e+01 -1.0972e+00 +4.9913e+00 -4.0027e+00
120 0 +6.383867256e+01 +6.383867256e+01 +1.212867256e+01 +1.212867256e+01 -1.5456e+00 +5.0000e+00 -3.9963e+00
146 0 +5.533024098e+01 +5.533024098e+01 +3.620240985e+00 +3.620240985e+00 -1.1937e+00 +5.0000e+00 -3.9243e+00
157 0 +2.987638310e+01 +2.987638310e+01 -2.183361690e+01 -2.183361690e+01 -1.5079e+00 +5.0000e+00 -3.8172e+00
261 0 +2.942849784e+01 +2.942849784e+01 -2.228150216e+01 -2.228150216e+01 -1.5065e+00 +5.0000e+00 -3.8323e+00
265 0 +2.842102170e+01 +2.842102170e+01 -2.328897830e+01 -2.328897830e+01 -1.5092e+00 +5.0000e+00 -3.8263e+00
365 0 +2.816098515e+01 +2.816098515e+01 -2.354901485e+01 -2.354901485e+01 -1.5069e+00 +5.0000e+00 -3.8255e+00
% f evaluations | g evaluations | best noise-free fitness - Fopt | noise-free fitness - Fopt (-2.799500000000e+02) | measured fitness | best measured fitness | x1 | x2...
1 0 +2.562278433e+03 +2.562278433e+03 +2.282328433e+03 +2.282328433e+03 +1.5430e+00 +4.7651e+00 +2.9025e+00
2 0 +9.968412635e+02 +9.968412635e+02 +7.168912635e+02 +7.168912635e+02 -3.3255e+00 +3.1792e-01 +4.0632e+00
12 0 +7.978548518e+02 +7.978548518e+02 +5.179048518e+02 +5.179048518e+02 -1.7180e+00 -2.0448e+00 +1.8615e+00
24 0 +1.529299400e+02 +1.529299400e+02 -1.270200600e+02 -1.270200600e+02 -4.8316e+00 -2.6913e+00 +4.0577e+00
41 0 +1.508317442e+02 +1.508317442e+02 -1.291182558e+02 -1.291182558e+02 -3.8075e+00 -2.9749e+00 +3.8262e+00
57 0 +5.324577426e+01 +5.324577426e+01 -2.267042257e+02 -2.267042257e+02 -4.9237e+00 -3.2465e+00 +4.1771e+00
110 0 +4.665797698e+01 +4.665797698e+01 -2.332920230e+02 -2.332920230e+02 -4.9374e+00 -3.1341e+00 +4.1751e+00
114 0 +3.533607742e+01 +3.533607742e+01 -2.446139226e+02 -2.446139226e+02 -4.5904e+00 -3.2473e+00 +4.2554e+00
119 0 +2.210751366e+01 +2.210751366e+01 -2.578424863e+02 -2.578424863e+02 -4.1504e+00 -3.3569e+00 +3.9297e+00
129 0 +1.958226249e+01 +1.958226249e+01 -2.603677375e+02 -2.603677375e+02 -4.6144e+00 -3.2016e+00 +4.1742e+00
158 0 +1.859700191e+01 +1.859700191e+01 -2.613529981e+02 -2.613529981e+02 -4.3756e+00 -3.1815e+00 +4.1763e+00
159 0 +1.508770510e+01 +1.508770510e+01 -2.648622949e+02 -2.648622949e+02 -4.5660e+00 -3.1979e+00 +4.1742e+00
169 0 +1.023437945e+01 +1.023437945e+01 -2.697156205e+02 -2.697156205e+02 -4.5136e+00 -3.2012e+00 +4.1830e+00
213 0 +9.757881170e+00 +9.757881170e+00 -2.701921188e+02 -2.701921188e+02 -4.4388e+00 -3.1975e+00 +4.1874e+00
223 0 +9.371991942e+00 +9.371991942e+00 -2.705780081e+02 -2.705780081e+02 -4.5027e+00 -3.1946e+00 +4.1823e+00
231 0 +8.055292406e+00 +8.055292406e+00 -2.718947076e+02 -2.718947076e+02 -4.4797e+00 -3.1820e+00 +4.2058e+00
255 0 +7.596593394e+00 +7.596593394e+00 -2.723534066e+02 -2.723534066e+02 -4.4787e+00 -3.2010e+00 +4.1796e+00
271 0 +7.005117094e+00 +7.005117094e+00 -2.729448829e+02 -2.729448829e+02 -4.4739e+00 -3.2028e+00 +4.1855e+00
290 0 +6.829057743e+00 +6.829057743e+00 -2.731209423e+02 -2.731209423e+02 -4.4725e+00 -3.2010e+00 +4.1872e+00
323 0 +6.655132663e+00 +6.655132663e+00 -2.732948673e+02 -2.732948673e+02 -4.4726e+00 -3.2006e+00 +4.1867e+00
325 0 +6.572570614e+00 +6.572570614e+00 -2.733774294e+02 -2.733774294e+02 -4.4721e+00 -3.2009e+00 +4.1859e+00
442 0 +6.454378152e+00 +6.454378152e+00 -2.734956218e+02 -2.734956218e+02 -4.4712e+00 -3.2020e+00 +4.1838e+00
% f evaluations | g evaluations | best noise-free fitness - Fopt | noise-free fitness - Fopt (9.319900000000e+02) | measured fitness | best measured fitness | x1 | x2...
1 0 +7.072412556e+02 +7.072412556e+02 +1.639231256e+03 +1.639231256e+03 +2.6611e+00 -1.9063e+00 -1.2200e+00
2 0 +3.907067056e+02 +3.907067056e+02 +1.322696706e+03 +1.322696706e+03 +2.9448e+00 +1.0327e+00 +4.4537e-01
24 0 +3.265815812e+02 +3.265815812e+02 +1.258571581e+03 +1.258571581e+03 +4.1910e-01 -3.3537e+00 +3.1609e+00
30 0 +1.067661598e+01 +1.067661598e+01 +9.426666160e+02 +9.426666160e+02 +1.5987e+00 +1.4658e+00 +2.8422e+00
162 0 +9.098925939e+00 +9.098925939e+00 +9.410889259e+02 +9.410889259e+02 +1.5992e+00 +1.5343e+00 +2.7964e+00
173 0 +8.350404448e+00 +8.350404448e+00 +9.403404044e+02 +9.403404044e+02 +1.6049e+00 +1.4953e+00 +2.6968e+00
201 0 +8.276612366e+00 +8.276612366e+00 +9.402666124e+02 +9.402666124e+02 +1.5492e+00 +1.4290e+00 +2.8178e+00
208 0 +5.617834875e+00 +5.617834875e+00 +9.376078349e+02 +9.376078349e+02 +1.5713e+00 +1.4447e+00 +2.8010e+00
223 0 +4.981070377e+00 +4.981070377e+00 +9.369710704e+02 +9.369710704e+02 +1.5726e+00 +1.4281e+00 +2.7442e+00
259 0 +4.555929097e+00 +4.555929097e+00 +9.365459291e+02 +9.365459291e+02 +1.5733e+00 +1.4495e+00 +2.7521e+00
275 0 +2.782953190e+00 +2.782953190e+00 +9.347729532e+02 +9.347729532e+02 +1.5725e+00 +1.4341e+00 +2.7664e+00
312 0 +2.513051210e+00 +2.513051210e+00 +9.345030512e+02 +9.345030512e+02 +1.5726e+00 +1.4343e+00 +2.7703e+00
320 0 +2.447702772e+00 +2.447702772e+00 +9.344377028e+02 +9.344377028e+02 +1.5746e+00 +1.4336e+00 +2.7697e+00
382 0 +2.320808965e+00 +2.320808965e+00 +9.343108090e+02 +9.343108090e+02 +1.5724e+00 +1.4291e+00 +2.7726e+00
393 0 +2.287339634e+00 +2.287339634e+00 +9.342773396e+02 +9.342773396e+02 +1.5726e+00 +1.4300e+00 +2.7726e+00
468 0 +2.210430612e+00 +2.210430612e+00 +9.342004306e+02 +9.342004306e+02 +1.5722e+00 +1.4302e+00 +2.7725e+00
509 0 +2.181088069e+00 +2.181088069e+00 +9.341710881e+02 +9.341710881e+02 +1.5719e+00 +1.4296e+00 +2.7725e+00
% f evaluations | g evaluations | best noise-free fitness - Fopt | noise-free fitness - Fopt (1.133100000000e+02) | measured fitness | best measured fitness | x1 | x2...
1 0 +6.421393222e+02 +6.421393222e+02 +7.554493222e+02 +7.554493222e+02 +4.3208e+00 +3.8324e+00 +2.3564e+00
2 0 +2.022147716e+02 +2.022147716e+02 +3.155247716e+02 +3.155247716e+02 +1.7375e+00 +2.8603e+00 -4.2805e-01
18 0 +1.448276363e+02 +1.448276363e+02 +2.581376363e+02 +2.581376363e+02 +1.3220e+00 +4.5188e+00 +5.0329e-01
52 0 +1.441495187e+02 +1.441495187e+02 +2.574595187e+02 +2.574595187e+02 +1.3652e+00 +3.5770e+00 +2.4566e-01
53 0 +1.331373566e+02 +1.331373566e+02 +2.464473566e+02 +2.464473566e+02 +1.4999e+00 +4.6432e+00 +3.6173e-01
57 0 +1.179414718e+02 +1.179414718e+02 +2.312514718e+02 +2.312514718e+02 +2.0167e+00 +5.0000e+00 -3.2762e-01
58 0 +4.197617696e+01 +4.197617696e+01 +1.552861770e+02 +1.552861770e+02 +2.0470e+00 +3.9339e+00 -3.4632e-01
106 0 +1.686723567e+01 +1.686723567e+01 +1.301772357e+02 +1.301772357e+02 +2.2476e+00 +3.4946e+00 +5.5275e-02
130 0 +1.540703470e+01 +1.540703470e+01 +1.287170347e+02 +1.287170347e+02 +2.1835e+00 +4.1339e+00 -4.8161e-01
208 0 +1.512461818e+01 +1.512461818e+01 +1.284346182e+02 +1.284346182e+02 +2.2026e+00 +4.1236e+00 -4.8507e-01
211 0 +1.420649993e+01 +1.420649993e+01 +1.275164999e+02 +1.275164999e+02 +2.1840e+00 +4.1377e+00 -4.7499e-01
260 0 +1.397038314e+01 +1.397038314e+01 +1.272803831e+02 +1.272803831e+02 +2.1842e+00 +4.1314e+00 -4.6849e-01
268 0 +1.379174179e+01 +1.379174179e+01 +1.271017418e+02 +1.271017418e+02 +2.1918e+00 +4.1524e+00 -4.7308e-01
296 0 +1.255056903e+01 +1.255056903e+01 +1.258605690e+02 +1.258605690e+02 +2.1880e+00 +4.1381e+00 -4.6438e-01
% f evaluations | g evaluations | best noise-free fitness - Fopt | noise-free fitness - Fopt (2.849000000000e+01) | measured fitness | best measured fitness | x1 | x2...
1 0 +1.120950715e+03 +1.120950715e+03 +1.149440715e+03 +1.149440715e+03 -6.7068e-01 +4.7606e+00 -1.4386e+00
2 0 +3.639938694e+02 +3.639938694e+02 +3.924838694e+02 +3.924838694e+02 +2.0910e+00 -2.8795e+00 -6.0010e-01
13 0 +1.691643873e+02 +1.691643873e+02 +1.976543873e+02 +1.976543873e+02 -3.1267e+00 -4.5363e+00 -9.8357e-01
23 0 +1.616770630e+02 +1.616770630e+02 +1.901670630e+02 +1.901670630e+02 +6.5231e-01 -1.9495e+00 +7.6601e-01
57 0 +1.260818563e+02 +1.260818563e+02 +1.545718563e+02 +1.545718563e+02 +5.7684e-01 -1.7786e+00 +6.9245e-01
58 0 +1.059717310e+02 +1.059717310e+02 +1.344617310e+02 +1.344617310e+02 -6.3761e-01 -2.7698e+00 +1.5351e-01
67 0 +8.078328480e+01 +8.078328480e+01 +1.092732848e+02 +1.092732848e+02 +1.0808e+00 -1.5262e+00 +3.0099e-01
71 0 +6.217796347e+01 +6.217796347e+01 +9.066796347e+01 +9.066796347e+01 +1.5272e-01 -1.1815e+00 +5.7576e-01
91 0 +5.059006706e+01 +5.059006706e+01 +7.908006706e+01 +7.908006706e+01 +8.7080e-01 -8.5782e-01 +6.9553e-01
93 0 +3.958693246e+01 +3.958693246e+01 +6.807693246e+01 +6.807693246e+01 -6.2970e-01 -1.8385e+00 +2.6671e-01
125 0 +1.342778686e+01 +1.342778686e+01 +4.191778686e+01 +4.191778686e+01 -6.5074e-01 -1.8171e+00 +1.7990e-01
155 0 +9.345901524e+00 +9.345901524e+00 +3.783590152e+01 +3.783590152e+01 -6.6757e-01 -1.8082e+00 +1.1554e-01
161 0 +5.250286565e+00 +5.250286565e+00 +3.374028657e+01 +3.374028657e+01 -6.3988e-01 -1.8185e+00 +1.2906e-01
162 0 +4.236065043e+00 +4.236065043e+00 +3.272606504e+01 +3.272606504e+01 -6.4606e-01 -1.8199e+00 +1.3951e-01
207 0 +4.120589753e+00 +4.120589753e+00 +3.261058975e+01 +3.261058975e+01 -6.3197e-01 -1.8137e+00 +1.4374e-01
208 0 +4.012565632e+00 +4.012565632e+00 +3.250256563e+01 +3.250256563e+01 -6.4590e-01 -1.8266e+00 +1.3168e-01
244 0 +3.542531741e+00 +3.542531741e+00 +3.203253174e+01 +3.203253174e+01 -6.2490e-01 -1.8206e+00 +1.3641e-01
263 0 +3.068621797e+00 +3.068621797e+00 +3.155862180e+01 +3.155862180e+01 -6.1904e-01 -1.8198e+00 +1.4588e-01
277 0 +2.910670936e+00 +2.910670936e+00 +3.140067094e+01 +3.140067094e+01 -6.1676e-01 -1.8206e+00 +1.4619e-01
280 0 +2.362989964e+00 +2.362989964e+00 +3.085298996e+01 +3.085298996e+01 -5.9645e-01 -1.8140e+00 +1.4685e-01
311 0 +2.316337887e+00 +2.316337887e+00 +3.080633789e+01 +3.080633789e+01 -5.8504e-01 -1.8136e+00 +1.5392e-01
313 0 +2.210797164e+00 +2.210797164e+00 +3.070079716e+01 +3.070079716e+01 -5.9499e-01 -1.8169e+00 +1.4414e-01
314 0 +1.093194294e+00 +1.093194294e+00 +2.958319429e+01 +2.958319429e+01 -5.7704e-01 -1.8176e+00 +1.4969e-01
367 0 +9.036576497e-01 +9.036576497e-01 +2.939365765e+01 +2.939365765e+01 -5.7051e-01 -1.8174e+00 +1.4923e-01
371 0 +8.412014654e-01 +8.412014654e-01 +2.933120147e+01 +2.933120147e+01 -5.7340e-01 -1.8185e+00 +1.4962e-01
376 0 +7.718042207e-01 +7.718042207e-01 +2.926180422e+01 +2.926180422e+01 -5.6392e-01 -1.8188e+00 +1.4909e-01
388 0 +6.655264407e-01 +6.655264407e-01 +2.915552644e+01 +2.915552644e+01 -5.7018e-01 -1.8188e+00 +1.5081e-01
405 0 +4.040975079e-01 +4.040975079e-01 +2.889409751e+01 +2.889409751e+01 -5.7036e-01 -1.8224e+00 +1.4889e-01
417 0 +3.969274423e-01 +3.969274423e-01 +2.888692744e+01 +2.888692744e+01 -5.7248e-01 -1.8242e+00 +1.4973e-01
419 0 +1.256466322e-01 +1.256466322e-01 +2.861564663e+01 +2.861564663e+01 -5.7033e-01 -1.8250e+00 +1.4884e-01
445 0 +1.099997987e-01 +1.099997987e-01 +2.859999980e+01 +2.859999980e+01 -5.7127e-01 -1.8262e+00 +1.4889e-01
470 0 +1.067778285e-01 +1.067778285e-01 +2.859677783e+01 +2.859677783e+01 -5.7115e-01 -1.8262e+00 +1.4890e-01
472 0 +8.146676224e-02 +8.146676224e-02 +2.857146676e+01 +2.857146676e+01 -5.6975e-01 -1.8252e+00 +1.4889e-01
482 0 +6.639466150e-02 +6.639466150e-02 +2.855639466e+01 +2.855639466e+01 -5.7102e-01 -1.8267e+00 +1.4835e-01
495 0 +2.295128592e-02 +2.295128592e-02 +2.851295129e+01 +2.851295129e+01 -5.7154e-01 -1.8269e+00 +1.4838e-01
574 0 +1.696980542e-02 +1.696980542e-02 +2.850696981e+01 +2.850696981e+01 -5.7158e-01 -1.8268e+00 +1.4840e-01
633 0 +1.630276805e-02 +1.630276805e-02 +2.850630277e+01 +2.850630277e+01 -5.7164e-01 -1.8268e+00 +1.4841e-01
634 0 +1.508581489e-02 +1.508581489e-02 +2.850508581e+01 +2.850508581e+01 -5.7161e-01 -1.8268e+00 +1.4840e-01
679 0 +1.472351894e-02 +1.472351894e-02 +2.850472352e+01 +2.850472352e+01 -5.7159e-01 -1.8268e+00 +1.4841e-01
680 0 +1.433095584e-02 +1.433095584e-02 +2.850433096e+01 +2.850433096e+01 -5.7156e-01 -1.8268e+00 +1.4841e-01
719 0 +1.391389758e-02 +1.391389758e-02 +2.850391390e+01 +2.850391390e+01 -5.7162e-01 -1.8268e+00 +1.4841e-01
723 0 +1.329773538e-02 +1.329773538e-02 +2.850329774e+01 +2.850329774e+01 -5.7158e-01 -1.8268e+00 +1.4841e-01
731 0 +1.306819192e-02 +1.306819192e-02 +2.850306819e+01 +2.850306819e+01 -5.7158e-01 -1.8268e+00 +1.4841e-01
% f evaluations | g evaluations | best noise-free fitness - Fopt | noise-free fitness - Fopt (-7.405800000000e+02) | measured fitness | best measured fitness | x1 | x2...
1 0 +1.692246591e+03 +1.692246591e+03 +9.516665915e+02 +9.516665915e+02 +4.3113e+00 +2.0548e+00 +1.8628e+00
2 0 +4.459746400e+02 +4.459746400e+02 -2.946053600e+02 -2.946053600e+02 -4.0104e+00 -2.9288e+00 -1.5548e+00
4 0 +4.324938337e+02 +4.324938337e+02 -3.080861663e+02 -3.080861663e+02 +9.0215e-01 +5.5873e-01 -2.9592e+00
14 0 +3.203846286e+02 +3.203846286e+02 -4.201953714e+02 -4.201953714e+02 -2.0879e+00 +1.4000e+00 -9.9681e-01
24 0 +2.239691241e+02 +2.239691241e+02 -5.166108759e+02 -5.166108759e+02 -2.0458e-02 +2.3820e-01 -3.3216e+00
30 0 +1.931653619e+02 +1.931653619e+02 -5.474146381e+02 -5.474146381e+02 -6.1394e-01 -2.5452e-01 -3.1129e+00
54 0 +6.906778990e+01 +6.906778990e+01 -6.715122101e+02 -6.715122101e+02 -1.4446e+00 -3.0106e-01 -3.1545e+00
109 0 +4.400338783e+01 +4.400338783e+01 -6.965766122e+02 -6.965766122e+02 -1.4673e+00 -1.7284e-01 -3.1639e+00
133 0 +2.441773576e+01 +2.441773576e+01 -7.161622642e+02 -7.161622642e+02 -1.4489e+00 -6.0673e-02 -3.1547e+00
158 0 +1.417498693e+01 +1.417498693e+01 -7.264050131e+02 -7.264050131e+02 -1.4494e+00 +2.5102e-02 -3.1548e+00
207 0 +1.152214129e+01 +1.152214129e+01 -7.290578587e+02 -7.290578587e+02 -1.4537e+00 +3.2488e-02 -3.1324e+00
209 0 +9.275939377e+00 +9.275939377e+00 -7.313040606e+02 -7.313040606e+02 -1.4215e+00 +4.8269e-02 -3.1539e+00
212 0 +8.865599960e+00 +8.865599960e+00 -7.317144000e+02 -7.317144000e+02 -1.4348e+00 +1.7746e-02 -3.0984e+00
233 0 +6.941879969e+00 +6.941879969e+00 -7.336381200e+02 -7.336381200e+02 -1.4569e+00 +2.7205e-02 -3.0354e+00
243 0 +5.068617649e+00 +5.068617649e+00 -7.355113824e+02 -7.355113824e+02 -1.3836e+00 +5.3511e-02 -3.1545e+00
249 0 +4.462044450e+00 +4.462044450e+00 -7.361179556e+02 -7.361179556e+02 -1.3679e+00 +6.0186e-02 -3.1541e+00
261 0 +4.215569674e+00 +4.215569674e+00 -7.363644303e+02 -7.363644303e+02 -1.3700e+00 +6.0481e-02 -3.1541e+00
262 0 +2.206003152e+00 +2.206003152e+00 -7.383739968e+02 -7.383739968e+02 -1.3638e+00 +7.4817e-02 -3.1539e+00
271 0 +1.044554076e+00 +1.044554076e+00 -7.395354459e+02 -7.395354459e+02 -1.3795e+00 +7.7217e-02 -3.1379e+00
336 0 +8.044675257e-01 +8.044675257e-01 -7.397755325e+02 -7.397755325e+02 -1.3869e+00 +7.3779e-02 -3.1341e+00
392 0 +7.225981076e-01 +7.225981076e-01 -7.398574019e+02 -7.398574019e+02 -1.3883e+00 +7.3664e-02 -3.1320e+00
393 0 +5.885199384e-01 +5.885199384e-01 -7.399914801e+02 -7.399914801e+02 -1.3856e+00 +7.5037e-02 -3.1340e+00
531 0 +5.752150013e-01 +5.752150013e-01 -7.400047850e+02 -7.400047850e+02 -1.3858e+00 +7.4922e-02 -3.1339e+00
% f evaluations | g evaluations | best noise-free fitness - Fopt | noise-free fitness - Fopt (-5.177000000000e+01) | measured fitness | best measured fitness | x1 | x2...
1 0 +5.591513505e+02 +5.591513505e+02 +5.073813505e+02 +5.073813505e+02 +2.1323e+00 +4.9763e+00 +1.1232e+00
3 0 +3.474698368e+02 +3.474698368e+02 +2.956998368e+02 +2.956998368e+02 -3.4574e+00 +1.9996e+00 +3.0565e+00
5 0 +1.847151114e+02 +1.847151114e+02 +1.329451114e+02 +1.329451114e+02 +4.2914e+00 +5.4118e-01 +4.8550e+00
13 0 +1.283782852e+02 +1.283782852e+02 +7.660828523e+01 +7.660828523e+01 +1.9606e-01 +5.4993e-01 +3.5649e+00
75 0 +1.135605017e+02 +1.135605017e+02 +6.179050169e+01 +6.179050169e+01 -1.4191e-01 +7.1703e-01 +3.1637e+00
109 0 +7.820191367e+01 +7.820191367e+01 +2.643191367e+01 +2.643191367e+01 -7.4352e-02 +1.1267e+00 +2.9020e+00
114 0 +4.860511004e+01 +4.860511004e+01 -3.164889961e+00 -3.164889961e+00 +7.4367e-02 +1.5817e+00 +2.9479e+00
159 0 +4.761803976e+01 +4.761803976e+01 -4.151960241e+00 -4.151960241e+00 +7.3383e-02 +1.2938e+00 +2.9424e+00
168 0 +2.638624915e+01 +2.638624915e+01 -2.538375085e+01 -2.538375085e+01 -7.9692e-02 +1.3289e+00 +2.9578e+00
172 0 +2.550511590e+01 +2.550511590e+01 -2.626488410e+01 -2.626488410e+01 +1.1159e-01 +1.3963e+00 +3.0094e+00
204 0 +2.372683287e+01 +2.372683287e+01 -2.804316713e+01 -2.804316713e+01 +1.7259e-01 +1.3721e+00 +3.0525e+00
212 0 +2.094999484e+01 +2.094999484e+01 -3.082000516e+01 -3.082000516e+01 +1.2692e-01 +1.2852e+00 +3.0722e+00
242 0 +1.901781652e+01 +1.901781652e+01 -3.275218348e+01 -3.275218348e+01 +1.3348e-01 +1.3211e+00 +3.0561e+00
264 0 +1.719314110e+01 +1.719314110e+01 -3.457685890e+01 -3.457685890e+01 +1.3583e-01 +1.3216e+00 +3.0644e+00
278 0 +1.592406932e+01 +1.592406932e+01 -3.584593068e+01 -3.584593068e+01 +9.6043e-02 +1.3213e+00 +3.0561e+00
288 0 +1.488541741e+01 +1.488541741e+01 -3.688458259e+01 -3.688458259e+01 +7.0504e-02 +1.3206e+00 +3.0574e+00
319 0 +1.444374247e+01 +1.444374247e+01 -3.732625753e+01 -3.732625753e+01 +6.9109e-02 +1.3206e+00 +3.0548e+00
474 0 +1.412461383e+01 +1.412461383e+01 -3.764538617e+01 -3.764538617e+01 +6.2362e-02 +1.3235e+00 +3.0512e+00
% f evaluations | g evaluations | best noise-free fitness - Fopt | noise-free fitness - Fopt (-2.229800000000e+02) | measured fitness | best measured fitness | x1 | x2...
1 0 +9.571650351e+01 +9.571650351e+01 -1.272634965e+02 -1.272634965e+02 +3.8590e-01 +1.4293e+00 -1.0454e-01
3 0 +4.779932928e+01 +4.779932928e+01 -1.751806707e+02 -1.751806707e+02 +3.7016e+00 +2.1149e-01 -3.8260e+00
67 0 +3.544461819e+01 +3.544461819e+01 -1.875353818e+02 -1.875353818e+02 +3.6925e+00 +1.2860e-01 -3.1540e+00
105 0 +1.750517113e+01 +1.750517113e+01 -2.054748289e+02 -2.054748289e+02 +3.6923e+00 +8.6572e-02 -3.2575e+00
151 0 +8.564423217e+00 +8.564423217e+00 -2.144155768e+02 -2.144155768e+02 +3.9937e+00 -9.2392e-03 -3.7158e+00
164 0 +8.043692719e+00 +8.043692719e+00 -2.149363073e+02 -2.149363073e+02 +3.9981e+00 -9.9725e-03 -3.6753e+00
208 0 +7.799313220e+00 +7.799313220e+00 -2.151806868e+02 -2.151806868e+02 +4.0019e+00 -1.7726e-02 -3.6592e+00
212 0 +6.482129382e+00 +6.482129382e+00 -2.164978706e+02 -2.164978706e+02 +3.9969e+00 -1.6653e-02 -3.6751e+00
224 0 +4.091434801e+00 +4.091434801e+00 -2.188885652e+02 -2.188885652e+02 +3.9571e+00 -2.6619e-02 -3.6507e+00
260 0 +3.768175720e+00 +3.768175720e+00 -2.192118243e+02 -2.192118243e+02 +3.9628e+00 -2.7834e-02 -3.6540e+00
265 0 +2.694598432e+00 +2.694598432e+00 -2.202854016e+02 -2.202854016e+02 +3.9762e+00 -3.1004e-02 -3.6385e+00
268 0 +2.293220674e+00 +2.293220674e+00 -2.206867793e+02 -2.206867793e+02 +3.9632e+00 -2.7597e-02 -3.6430e+00
316 0 +1.678968337e+00 +1.678968337e+00 -2.213010317e+02 -2.213010317e+02 +3.9654e+00 -2.7675e-02 -3.6405e+00
328 0 +1.566502291e+00 +1.566502291e+00 -2.214134977e+02 -2.214134977e+02 +3.9637e+00 -2.6680e-02 -3.6377e+00
373 0 +1.542701136e+00 +1.542701136e+00 -2.214372989e+02 -2.214372989e+02 +3.9640e+00 -2.6889e-02 -3.6377e+00
378 0 +1.459978191e+00 +1.459978191e+00 -2.215200218e+02 -2.215200218e+02 +3.9615e+00 -2.6853e-02 -3.6330e+00
415 0 +1.405763338e+00 +1.405763338e+00 -2.215742367e+02 -2.215742367e+02 +3.9614e+00 -2.6797e-02 -3.6345e+00
425 0 +1.349278895e+00 +1.349278895e+00 -2.216307211e+02 -2.216307211e+02 +3.9615e+00 -2.6820e-02 -3.6341e+00
485 0 +1.347393823e+00 +1.347393823e+00 -2.216326062e+02 -2.216326062e+02 +3.9615e+00 -2.6804e-02 -3.6341e+00
% f evaluations | g evaluations | best noise-free fitness - Fopt | noise-free fitness - Fopt (5.860000000000e+00) | measured fitness | best measured fitness | x1 | x2...
1 0 +1.132346450e+03 +1.132346450e+03 +1.138206450e+03 +1.138206450e+03 -3.2331e+00 -2.9596e+00 -2.1511e+00
2 0 +9.365221668e+02 +9.365221668e+02 +9.423821668e+02 +9.423821668e+02 +3.5533e+00 +2.3462e+00 +3.6100e+00
3 0 +5.740674045e+02 +5.740674045e+02 +5.799274045e+02 +5.799274045e+02 +4.0599e+00 +1.6109e-01 -1.8417e+00
6 0 +3.932061624e+02 +3.932061624e+02 +3.990661624e+02 +3.990661624e+02 -8.9818e-01 -4.4847e-01 -8.4762e-01
13 0 +3.689205067e+02 +3.689205067e+02 +3.747805067e+02 +3.747805067e+02 +3.4472e+00 -9.3686e-01 -2.0467e-01
15 0 +2.770192151e+02 +2.770192151e+02 +2.828792151e+02 +2.828792151e+02 -2.7399e+00 +2.7248e+00 -1.2168e+00
45 0 +1.457169850e+02 +1.457169850e+02 +1.515769850e+02 +1.515769850e+02 +1.3708e-01 +9.5255e-01 +4.4385e-01
56 0 +1.345077720e+02 +1.345077720e+02 +1.403677720e+02 +1.403677720e+02 +1.7343e-01 +7.9838e-01 +2.6602e-01
87 0 +1.128438676e+02 +1.128438676e+02 +1.187038676e+02 +1.187038676e+02 +1.9301e-01 +8.5504e-01 +1.6133e-01
105 0 +1.092609107e+02 +1.092609107e+02 +1.151209107e+02 +1.151209107e+02 +2.9239e-02 +9.5064e-01 +1.6728e-01
111 0 +1.049943324e+02 +1.049943324e+02 +1.108543324e+02 +1.108543324e+02 +1.8946e-01 +6.6401e-01 -3.6690e-01
129 0 +7.565788150e+01 +7.565788150e+01 +8.151788150e+01 +8.151788150e+01 +1.1344e-01 +8.4048e-01 -1.7247e-01
141 0 +7.063978893e+01 +7.063978893e+01 +7.649978893e+01 +7.649978893e+01 -3.9701e-02 +8.7678e-01 -2.3374e-01
160 0 +6.724183380e+01 +6.724183380e+01 +7.310183380e+01 +7.310183380e+01 +2.7831e-02 +8.7805e-01 -2.6071e-01
179 0 +6.496887155e+01 +6.496887155e+01 +7.082887155e+01 +7.082887155e+01 +1.5338e-01 +8.7402e-01 -1.9738e-01
287 0 +6.218885300e+01 +6.218885300e+01 +6.804885300e+01 +6.804885300e+01 +5.3697e-02 +9.0711e-01 -1.9675e-01
315 0 +6.115307757e+01 +6.115307757e+01 +6.701307757e+01 +6.701307757e+01 +6.3316e-02 +9.0555e-01 -2.0657e-01
403 0 +6.012355654e+01 +6.012355654e+01 +6.598355654e+01 +6.598355654e+01 +3.3127e-02 +9.1421e-01 -2.1245e-01
% f evaluations | g evaluations | best noise-free fitness - Fopt | noise-free fitness - Fopt (2.048600000000e+02) | measured fitness | best measured fitness | x1 | x2...
1 0 +1.140318698e+03 +1.140318698e+03 +1.345178698e+03 +1.345178698e+03 +3.2097e+00 -2.1062e+00 +3.0354e+00
2 0 +6.433143695e+02 +6.433143695e+02 +8.481743695e+02 +8.481743695e+02 -1.7973e+00 +2.6693e+00 -6.0258e-01
5 0 +2.303143214e+02 +2.303143214e+02 +4.351743214e+02 +4.351743214e+02 -3.5744e+00 +1.6925e+00 +2.0241e+00
22 0 +2.180282083e+02 +2.180282083e+02 +4.228882083e+02 +4.228882083e+02 -6.5046e-03 -2.5923e+00 -2.4273e+00
25 0 +1.785737281e+02 +1.785737281e+02 +3.834337281e+02 +3.834337281e+02 -1.6664e+00 -1.5477e+00 +5.3462e-01
53 0 +1.538280656e+02 +1.538280656e+02 +3.586880656e+02 +3.586880656e+02 -2.6290e+00 -1.7227e-01 +5.4348e-01
60 0 +8.654972420e+01 +8.654972420e+01 +2.914097242e+02 +2.914097242e+02 -1.4773e+00 -9.8173e-01 +4.9484e-01
109 0 +6.725019139e+01 +6.725019139e+01 +2.721101914e+02 +2.721101914e+02 -1.5240e+00 -9.5495e-01 +3.4157e-01
127 0 +6.591082352e+01 +6.591082352e+01 +2.707708235e+02 +2.707708235e+02 -1.5641e+00 -8.4827e-01 +4.7190e-01
143 0 +5.991595941e+01 +5.991595941e+01 +2.647759594e+02 +2.647759594e+02 -1.6472e+00 -1.0272e+00 +1.8150e-01
145 0 +5.263625145e+01 +5.263625145e+01 +2.574962514e+02 +2.574962514e+02 -1.5456e+00 -8.8573e-01 +2.5005e-01
156 0 +5.180221573e+01 +5.180221573e+01 +2.566622157e+02 +2.566622157e+02 -1.4850e+00 -8.8486e-01 +9.4782e-02
157 0 +3.479598757e+01 +3.479598757e+01 +2.396559876e+02 +2.396559876e+02 -1.6441e+00 -8.7354e-01 +1.4860e-01
169 0 +1.924299006e+01 +1.924299006e+01 +2.241029901e+02 +2.241029901e+02 -1.5831e+00 -9.0838e-01 -1.4933e-01
208 0 +5.420475908e+00 +5.420475908e+00 +2.102804759e+02 +2.102804759e+02 -1.6249e+00 -9.0235e-01 -2.5337e-01
261 0 +3.656437702e+00 +3.656437702e+00 +2.085164377e+02 +2.085164377e+02 -1.6272e+00 -9.0038e-01 -2.9411e-01
285 0 +3.571315237e+00 +3.571315237e+00 +2.084313152e+02 +2.084313152e+02 -1.6555e+00 -8.9479e-01 -2.6511e-01
298 0 +2.690473009e+00 +2.690473009e+00 +2.075504730e+02 +2.075504730e+02 -1.6422e+00 -9.0193e-01 -2.6660e-01
312 0 +2.349258450e+00 +2.349258450e+00 +2.072092584e+02 +2.072092584e+02 -1.6405e+00 -9.0169e-01 -2.6960e-01
314 0 +2.193922370e+00 +2.193922370e+00 +2.070539224e+02 +2.070539224e+02 -1.6434e+00 -9.0210e-01 -2.7463e-01
320 0 +1.550118144e+00 +1.550118144e+00 +2.064101181e+02 +2.064101181e+02 -1.6392e+00 -8.9373e-01 -2.8205e-01
363 0 +1.536810056e+00 +1.536810056e+00 +2.063968101e+02 +2.063968101e+02 -1.6400e+00 -8.9264e-01 -2.8275e-01
364 0 +1.381630035e+00 +1.381630035e+00 +2.062416300e+02 +2.062416300e+02 -1.6405e+00 -8.9265e-01 -2.8061e-01
369 0 +8.281945534e-01 +8.281945534e-01 +2.056881946e+02 +2.056881946e+02 -1.6455e+00 -8.9335e-01 -2.8060e-01
409 0 +7.736141645e-01 +7.736141645e-01 +2.056336142e+02 +2.056336142e+02 -1.6451e+00 -8.9381e-01 -2.7824e-01
418 0 +6.963183487e-01 +6.963183487e-01 +2.055563183e+02 +2.055563183e+02 -1.6426e+00 -8.9722e-01 -2.8235e-01
419 0 +6.596839759e-01 +6.596839759e-01 +2.055196840e+02 +2.055196840e+02 -1.6445e+00 -8.9325e-01 -2.7633e-01
438 0 +5.790221287e-01 +5.790221287e-01 +2.054390221e+02 +2.054390221e+02 -1.6443e+00 -8.9356e-01 -2.7795e-01
468 0 +4.925369024e-01 +4.925369024e-01 +2.053525369e+02 +2.053525369e+02 -1.6438e+00 -8.9322e-01 -2.7836e-01
472 0 +4.538998527e-01 +4.538998527e-01 +2.053138999e+02 +2.053138999e+02 -1.6440e+00 -8.9348e-01 -2.7913e-01
519 0 +4.382624672e-01 +4.382624672e-01 +2.052982625e+02 +2.052982625e+02 -1.6439e+00 -8.9351e-01 -2.7924e-01
538 0 +4.359197291e-01 +4.359197291e-01 +2.052959197e+02 +2.052959197e+02 -1.6440e+00 -8.9337e-01 -2.7896e-01
640 0 +4.254381086e-01 +4.254381086e-01 +2.052854381e+02 +2.052854381e+02 -1.6440e+00 -8.9335e-01 -2.7895e-01
% f evaluations | g evaluations | best noise-free fitness - Fopt | noise-free fitness - Fopt (1.154900000000e+02) | measured fitness | best measured fitness | x1 | x2...
1 0 +4.621366727e+02 +4.621366727e+02 +5.776266727e+02 +5.776266727e+02 -2.4088e+00 -3.2142e+00 +4.1641e+00
7 0 +3.384432766e+02 +3.384432766e+02 +4.539332766e+02 +4.539332766e+02 -1.0859e+00 -4.1387e+00 +2.8251e+00
29 0 +2.916757844e+02 +2.916757844e+02 +4.071657844e+02 +4.071657844e+02 -4.1703e+00 -7.8523e-02 +4.4838e+00
30 0 +2.169869850e+02 +2.169869850e+02 +3.324769850e+02 +3.324769850e+02 -3.0999e+00 -2.8773e+00 +1.8241e+00
51 0 +1.710424281e+02 +1.710424281e+02 +2.865324281e+02 +2.865324281e+02 -2.5180e+00 -2.8142e+00 +2.1754e+00
53 0 +1.598578659e+02 +1.598578659e+02 +2.753478659e+02 +2.753478659e+02 -4.1561e+00 -4.0521e-01 +2.4627e+00
70 0 +1.145106301e+02 +1.145106301e+02 +2.300006301e+02 +2.300006301e+02 -3.2520e+00 -1.1391e+00 +2.4398e+00
88 0 +1.035450325e+02 +1.035450325e+02 +2.190350325e+02 +2.190350325e+02 -3.1045e+00 -1.5973e+00 +3.2890e+00
92 0 +3.782580737e+01 +3.782580737e+01 +1.533158074e+02 +1.533158074e+02 -5.0000e+00 -5.3353e-01 +2.7554e+00
114 0 +3.136303176e+01 +3.136303176e+01 +1.468530318e+02 +1.468530318e+02 -3.1904e+00 -1.4563e+00 +2.9562e+00
159 0 +1.744518744e+01 +1.744518744e+01 +1.329351874e+02 +1.329351874e+02 -3.0527e+00 -1.2738e+00 +2.9920e+00
221 0 +1.474842220e+01 +1.474842220e+01 +1.302384222e+02 +1.302384222e+02 -3.0636e+00 -1.2887e+00 +2.9805e+00
226 0 +1.297520498e+01 +1.297520498e+01 +1.284652050e+02 +1.284652050e+02 -3.0422e+00 -1.3375e+00 +2.9941e+00
264 0 +1.108379337e+01 +1.108379337e+01 +1.265737934e+02 +1.265737934e+02 -3.0444e+00 -1.3381e+00 +2.9809e+00
314 0 +1.029488590e+01 +1.029488590e+01 +1.257848859e+02 +1.257848859e+02 -2.9916e+00 -1.3579e+00 +2.9812e+00
328 0 +9.950098060e+00 +9.950098060e+00 +1.254400981e+02 +1.254400981e+02 -3.0450e+00 -1.3662e+00 +2.9730e+00
338 0 +9.123723556e+00 +9.123723556e+00 +1.246137236e+02 +1.246137236e+02 -3.0435e+00 -1.3370e+00 +2.9607e+00
349 0 +7.265870892e+00 +7.265870892e+00 +1.227558709e+02 +1.227558709e+02 -3.0432e+00 -1.3499e+00 +2.9343e+00
364 0 +7.205061680e+00 +7.205061680e+00 +1.226950617e+02 +1.226950617e+02 -3.0433e+00 -1.3501e+00 +2.9348e+00
366 0 +6.203805664e+00 +6.203805664e+00 +1.216938057e+02 +1.216938057e+02 -3.0709e+00 -1.3456e+00 +2.9295e+00
375 0 +5.942329970e+00 +5.942329970e+00 +1.214323300e+02 +1.214323300e+02 -3.0415e+00 -1.3604e+00 +2.9466e+00
403 0 +4.674565493e+00 +4.674565493e+00 +1.201645655e+02 +1.201645655e+02 -3.0391e+00 -1.3682e+00 +2.9377e+00
407 0 +4.074320757e+00 +4.074320757e+00 +1.195643208e+02 +1.195643208e+02 -3.0428e+00 -1.4000e+00 +2.9261e+00
409 0 +3.376518108e+00 +3.376518108e+00 +1.188665181e+02 +1.188665181e+02 -3.1077e+00 -1.3510e+00 +2.9167e+00
415 0 +3.301863146e+00 +3.301863146e+00 +1.187918631e+02 +1.187918631e+02 -3.1053e+00 -1.3510e+00 +2.9203e+00
416 0 +2.668172673e+00 +2.668172673e+00 +1.181581727e+02 +1.181581727e+02 -3.1341e+00 -1.3505e+00 +2.9129e+00
418 0 +2.350930476e+00 +2.350930476e+00 +1.178409305e+02 +1.178409305e+02 -3.1272e+00 -1.3505e+00 +2.9151e+00
469 0 +2.265520659e+00 +2.265520659e+00 +1.177555207e+02 +1.177555207e+02 -3.1242e+00 -1.3508e+00 +2.9145e+00
520 0 +2.235932935e+00 +2.235932935e+00 +1.177259329e+02 +1.177259329e+02 -3.1261e+00 -1.3504e+00 +2.9149e+00
575 0 +2.157707313e+00 +2.157707313e+00 +1.176477073e+02 +1.176477073e+02 -3.1260e+00 -1.3507e+00 +2.9143e+00
713 0 +2.137090044e+00 +2.137090044e+00 +1.176270900e+02 +1.176270900e+02 -3.1260e+00 -1.3508e+00 +2.9143e+00
% f evaluations | g evaluations | best noise-free fitness - Fopt | noise-free fitness - Fopt (1.950500000000e+02) | measured fitness | best measured fitness | x1 | x2...
1 0 +4.964366842e+02 +4.964366842e+02 +6.914866842e+02 +6.914866842e+02 +2.0375e+00 +2.4582e+00 -4.4559e-01
10 0 +2.228166308e+02 +2.228166308e+02 +4.178666308e+02 +4.178666308e+02 -3.3737e+00 -1.8573e+00 -4.0830e-01
21 0 +1.188364772e+02 +1.188364772e+02 +3.138864772e+02 +3.138864772e+02 -5.7854e-01 -1.1291e+00 -2.0580e+00
60 0 +8.626711330e+01 +8.626711330e+01 +2.813171133e+02 +2.813171133e+02 -1.5307e+00 -1.1311e+00 -9.3809e-01
85 0 +6.331730900e+01 +6.331730900e+01 +2.583673090e+02 +2.583673090e+02 -1.4047e+00 -6.3113e-01 -1.0622e+00
105 0 +5.686917853e+01 +5.686917853e+01 +2.519191785e+02 +2.519191785e+02 -6.7583e-01 -5.5397e-01 -1.1984e+00
113 0 +2.787615986e+01 +2.787615986e+01 +2.229261599e+02 +2.229261599e+02 -1.6477e+00 -7.3263e-01 -6.3639e-01
118 0 +1.530214493e+01 +1.530214493e+01 +2.103521449e+02 +2.103521449e+02 -1.1302e+00 -6.3637e-01 -1.0976e+00
181 0 +1.424208610e+01 +1.424208610e+01 +2.092920861e+02 +2.092920861e+02 -1.1017e+00 -6.2197e-01 -1.0902e+00
189 0 +1.369906909e+01 +1.369906909e+01 +2.087490691e+02 +2.087490691e+02 -1.0898e+00 -6.3592e-01 -1.1214e+00
216 0 +1.258381599e+01 +1.258381599e+01 +2.076338160e+02 +2.076338160e+02 -1.0893e+00 -6.2213e-01 -1.1100e+00
313 0 +1.224084242e+01 +1.224084242e+01 +2.072908424e+02 +2.072908424e+02 -1.0915e+00 -6.2587e-01 -1.1106e+00
455 0 +1.201759577e+01 +1.201759577e+01 +2.070675958e+02 +2.070675958e+02 -1.0927e+00 -6.2664e-01 -1.1113e+00
% f evaluations | g evaluations | best noise-free fitness - Fopt | noise-free fitness - Fopt (-2.144800000000e+02) | measured fitness | best measured fitness | x1 | x2...
1 0 +6.238522421e+02 +6.238522421e+02 +4.093722421e+02 +4.093722421e+02 -2.3195e+00 -1.0916e+00 -1.5063e+00
2 0 +4.704725938e+02 +4.704725938e+02 +2.559925938e+02 +2.559925938e+02 -2.9959e+00 -9.5857e-02 -3.8340e+00
9 0 +3.075351697e+02 +3.075351697e+02 +9.305516965e+01 +9.305516965e+01 -3.2030e+00 +1.6529e+00 -2.9838e+00
19 0 +2.305288947e+02 +2.305288947e+02 +1.604889468e+01 +1.604889468e+01 -3.5477e+00 +3.2473e+00 -1.6397e+00
28 0 +1.737585746e+02 +1.737585746e+02 -4.072142537e+01 -4.072142537e+01 +9.6099e-01 +4.3906e+00 +3.4390e+00
58 0 +1.042401624e+02 +1.042401624e+02 -1.102398376e+02 -1.102398376e+02 +9.6546e-01 +4.8068e+00 +4.4912e+00
69 0 +9.939816650e+01 +9.939816650e+01 -1.150818335e+02 -1.150818335e+02 -9.4515e-01 +3.9041e+00 +2.5061e+00
111 0 +4.847142071e+01 +4.847142071e+01 -1.660085793e+02 -1.660085793e+02 -7.1403e-01 +4.2650e+00 +2.6791e+00
115 0 +3.680408712e+01 +3.680408712e+01 -1.776759129e+02 -1.776759129e+02 -9.3207e-01 +3.9204e+00 +1.8390e+00
147 0 +1.925673178e+01 +1.925673178e+01 -1.952232682e+02 -1.952232682e+02 -1.2046e+00 +3.8951e+00 +1.7059e+00
157 0 +1.213581143e+01 +1.213581143e+01 -2.023441886e+02 -2.023441886e+02 -1.1434e+00 +3.9026e+00 +1.8519e+00
217 0 +7.964436470e+00 +7.964436470e+00 -2.065155635e+02 -2.065155635e+02 -1.1029e+00 +3.9039e+00 +1.8529e+00
250 0 +7.769084432e+00 +7.769084432e+00 -2.067109156e+02 -2.067109156e+02 -1.0146e+00 +3.8965e+00 +1.9563e+00
261 0 +4.111266387e+00 +4.111266387e+00 -2.103687336e+02 -2.103687336e+02 -1.0612e+00 +3.9014e+00 +1.8922e+00
271 0 +3.720262583e+00 +3.720262583e+00 -2.107597374e+02 -2.107597374e+02 -1.0506e+00 +3.9040e+00 +1.9154e+00
337 0 +2.899567956e+00 +2.899567956e+00 -2.115804320e+02 -2.115804320e+02 -1.0400e+00 +3.9040e+00 +1.9166e+00
364 0 +2.812672286e+00 +2.812672286e+00 -2.116673277e+02 -2.116673277e+02 -1.0451e+00 +3.9040e+00 +1.9161e+00
375 0 +2.708856489e+00 +2.708856489e+00 -2.117711435e+02 -2.117711435e+02 -1.0413e+00 +3.9040e+00 +1.9164e+00
377 0 +2.687324985e+00 +2.687324985e+00 -2.117926750e+02 -2.117926750e+02 -1.0446e+00 +3.9040e+00 +1.9140e+00
395 0 +2.555752478e+00 +2.555752478e+00 -2.119242475e+02 -2.119242475e+02 -1.0435e+00 +3.9030e+00 +1.9158e+00
479 0 +2.484994892e+00 +2.484994892e+00 -2.119950051e+02 -2.119950051e+02 -1.0425e+00 +3.9041e+00 +1.9171e+00
533 0 +2.444209488e+00 +2.444209488e+00 -2.120357905e+02 -2.120357905e+02 -1.0422e+00 +3.9041e+00 +1.9172e+00
% f evaluations | g evaluations | best noise-free fitness - Fopt | noise-free fitness - Fopt (-4.590000000000e+01) | measured fitness | best measured fitness | x1 | x2...
1 0 +2.447820002e+02 +2.447820002e+02 +1.988820002e+02 +1.988820002e+02 -1.7788e+00 -2.3274e+00 -9.7600e-01
13 0 +2.059647565e+02 +2.059647565e+02 +1.600647565e+02 +1.600647565e+02 -3.8989e+00 -1.6281e+00 -6.4192e-03
25 0 +1.918917500e+02 +1.918917500e+02 +1.459917500e+02 +1.459917500e+02 +4.3813e+00 -2.1726e+00 -7.1561e-01
57 0 +1.592324357e+02 +1.592324357e+02 +1.133324357e+02 +1.133324357e+02 +5.0000e+00 -1.2464e+00 -1.0259e+00
63 0 +1.127024088e+02 +1.127024088e+02 +6.680240883e+01 +6.680240883e+01 +4.6578e-01 -2.2775e+00 -4.8834e-01
96 0 +1.010366010e+02 +1.010366010e+02 +5.513660100e+01 +5.513660100e+01 +4.2058e+00 -1.7831e+00 -1.0044e+00
105 0 +7.999312276e+01 +7.999312276e+01 +3.409312276e+01 +3.409312276e+01 +4.1711e+00 -1.6851e+00 -1.0599e+00
116 0 +7.585521591e+01 +7.585521591e+01 +2.995521591e+01 +2.995521591e+01 +3.5935e+00 -1.7730e+00 -9.6425e-01
157 0 +6.772205327e+01 +6.772205327e+01 +2.182205327e+01 +2.182205327e+01 +3.9021e+00 -1.6310e+00 -9.8652e-01
168 0 +6.088549813e+01 +6.088549813e+01 +1.498549813e+01 +1.498549813e+01 +3.6882e+00 -1.6430e+00 -9.7610e-01
240 0 +5.873176978e+01 +5.873176978e+01 +1.283176978e+01 +1.283176978e+01 +3.5401e+00 -1.6436e+00 -9.5018e-01
259 0 +5.607747924e+01 +5.607747924e+01 +1.017747924e+01 +1.017747924e+01 +3.5166e+00 -1.6445e+00 -9.3425e-01
311 0 +5.457910450e+01 +5.457910450e+01 +8.679104502e+00 +8.679104502e+00 +3.4784e+00 -1.6490e+00 -9.2400e-01
321 0 +5.287084778e+01 +5.287084778e+01 +6.970847775e+00 +6.970847775e+00 +3.4773e+00 -1.6646e+00 -9.1244e-01
322 0 +5.145565271e+01 +5.145565271e+01 +5.555652706e+00 +5.555652706e+00 +3.4970e+00 -1.6544e+00 -9.0695e-01
328 0 +4.757156746e+01 +4.757156746e+01 +1.671567457e+00 +1.671567457e+00 +3.3375e+00 -1.6568e+00 -8.6114e-01
363 0 +4.604665237e+01 +4.604665237e+01 +1.466523688e-01 +1.466523688e-01 +3.3083e+00 -1.6524e+00 -8.5810e-01
397 0 +4.487986624e+01 +4.487986624e+01 -1.020133756e+00 -1.020133756e+00 +3.2401e+00 -1.6553e+00 -8.4859e-01
428 0 +4.401764686e+01 +4.401764686e+01 -1.882353137e+00 -1.882353137e+00 +3.2337e+00 -1.6572e+00 -8.4237e-01
433 0 +4.364707105e+01 +4.364707105e+01 -2.252928946e+00 -2.252928946e+00 +3.2258e+00 -1.6553e+00 -8.3728e-01
793 0 +4.265530640e+01 +4.265530640e+01 -3.244693596e+00 -3.244693596e+00 +3.1990e+00 -1.6552e+00 -8.3221e-01
