% f evaluations | g evaluations | best noise-free fitness - Fopt | noise-free fitness - Fopt (1.026100000000e+02) | measured fitness | best measured fitness | x1 | x2...
1 0 +6.885484536e+01 +6.885484536e+01 +1.714648454e+02 +1.714648454e+02 +0.0000e+00 +0.0000e+00 +0.0000e+00 +0.0000e+00 +0.0000e+00
2 0 +6.856849367e+01 +6.856849367e+01 +1.711784937e+02 +1.711784937e+02 +2.5000e-04 +0.0000e+00 +0.0000e+00 +0.0000e+00 +0.0000e+00
14 0 +6.736621044e+01 +6.736621044e+01 +1.699762104e+02 +1.699762104e+02 +7.5264e-04 -3.3600e-06 -4.5696e-04 +1.0264e-04 -5.3760e-04
20 0 +6.538771079e+01 +6.538771079e+01 +1.679977108e+02 +1.679977108e+02 +1.4636e-03 -6.3766e-04 -1.4160e-03 +5.2621e-04 -1.0095e-03
22 0 +6.404359307e+01 +6.404359307e+01 +1.666535931e+02 +1.666535931e+02 +2.1850e-03 -2.0705e-04 -2.1705e-03 +6.8513e-04 -1.5031e-03
25 0 +6.159737842e+01 +6.159737842e+01 +1.642073784e+02 +1.642073784e+02 +2.9240e-03 -1.1275e-03 -3.3415e-03 +1.7726e-03 -2.3195e-03
28 0 +5.867909393e+01 +5.867909393e+01 +1.612890939e+02 +1.612890939e+02 +4.9115e-03 -1.4849e-03 -4.8222e-03 +1.4308e-03 -3.5117e-03
31 0 +5.581518408e+01 +5.581518408e+01 +1.584251841e+02 +1.584251841e+02 +6.5794e-03 -1.6922e-03 -7.5892e-03 +2.6851e-03 -4.5890e-03
33 0 +5.386511674e+01 +5.386511674e+01 +1.564751167e+02 +1.564751167e+02 +8.5475e-03 -3.0462e-03 -9.9170e-03 +4.0246e-03 -6.6553e-03
35 0 +5.361015410e+01 +5.361015410e+01 +1.562201541e+02 +1.562201541e+02 +1.0123e-02 -2.8105e-03 -1.1022e-02 +3.5924e-03 -7.3618e-03
77 0 +5.239889995e+01 +5.239889995e+01 +1.550089000e+02 +1.550089000e+02 +5.4926e-03 -5.0950e-03 -1.3519e-02 +1.4420e-02 -9.6329e-03
160 0 +5.112726072e+01 +5.112726072e+01 +1.537372607e+02 +1.537372607e+02 +1.2632e-02 +1.7518e-02 -1.0118e-02 +1.0838e-02 -1.9898e-02
252 0 +5.011216497e+01 +5.011216497e+01 +1.527221650e+02 +1.527221650e+02 +3.1122e-02 +5.8482e-02 -4.2098e-03 -1.2435e-02 -3.2370e-02
273 0 +4.878575660e+01 +4.878575660e+01 +1.513957566e+02 +1.513957566e+02 +6.2288e-02 +1.2688e-01 -3.9616e-03 -5.7610e-02 -4.8325e-02
388 0 +4.781208134e+01 +4.781208134e+01 +1.504220813e+02 +1.504220813e+02 +7.9875e-02 +1.6618e-01 -1.5224e-03 -8.2100e-02 -6.1419e-02
405 0 +4.676350103e+01 +4.676350103e+01 +1.493735010e+02 +1.493735010e+02 +7.4786e-02 +1.6539e-01 -3.3737e-03 -8.0573e-02 -6.4839e-02
414 0 +4.570804752e+01 +4.570804752e+01 +1.483180475e+02 +1.483180475e+02 +8.1291e-02 +1.8749e-01 -2.5619e-03 -1.0816e-01 -7.0726e-02
436 0 +4.449672208e+01 +4.449672208e+01 +1.471067221e+02 +1.471067221e+02 +7.5114e-02 +1.6987e-01 -2.8547e-04 -9.4578e-02 -6.7361e-02
441 0 +4.359078859e+01 +4.359078859e+01 +1.462007886e+02 +1.462007886e+02 +7.4046e-02 +1.7822e-01 +4.6658e-04 -1.0267e-01 -7.3959e-02
447 0 +4.192088862e+01 +4.192088862e+01 +1.445308886e+02 +1.445308886e+02 +7.3199e-02 +1.7395e-01 +1.5887e-03 -9.9229e-02 -7.4986e-02
448 0 +4.123439235e+01 +4.123439235e+01 +1.438443923e+02 +1.438443923e+02 +6.9984e-02 +1.6842e-01 +4.0701e-03 -9.2119e-02 -7.6453e-02
451 0 +4.031963704e+01 +4.031963704e+01 +1.429296370e+02 +1.429296370e+02 +7.4016e-02 +1.8657e-01 +7.4641e-03 -1.0806e-01 -8.5016e-02
453 0 +3.893707399e+01 +3.893707399e+01 +1.415470740e+02 +1.415470740e+02 +7.0642e-02 +1.7583e-01 +5.0341e-03 -1.0484e-01 -8.2779e-02
454 0 +3.715731608e+01 +3.715731608e+01 +1.397673161e+02 +1.397673161e+02 +7.0788e-02 +1.7699e-01 +6.4708e-03 -1.0725e-01 -8.6637e-02
457 0 +3.701212114e+01 +3.701212114e+01 +1.396221211e+02 +1.396221211e+02 +6.5269e-02 +1.8296e-01 +1.4185e-02 -1.0754e-01 -9.7126e-02
459 0 +3.568484319e+01 +3.568484319e+01 +1.382948432e+02 +1.382948432e+02 +7.0588e-02 +1.8674e-01 +1.7025e-02 -1.0688e-01 -9.9261e-02
460 0 +3.513305902e+01 +3.513305902e+01 +1.377430590e+02 +1.377430590e+02 +7.3801e-02 +1.9412e-01 +2.2350e-02 -1.1073e-01 -1.0700e-01
461 0 +3.358043820e+01 +3.358043820e+01 +1.361904382e+02 +1.361904382e+02 +6.0650e-02 +1.7514e-01 +2.1892e-02 -9.9080e-02 -1.0683e-01
462 0 +3.264651222e+01 +3.264651222e+01 +1.352565122e+02 +1.352565122e+02 +5.3967e-02 +1.6943e-01 +2.9105e-02 -9.4588e-02 -1.1773e-01
464 0 +3.207766752e+01 +3.207766752e+01 +1.346876675e+02 +1.346876675e+02 +6.4211e-02 +1.9026e-01 +2.7499e-02 -1.2157e-01 -1.2156e-01
469 0 +2.990575334e+01 +2.990575334e+01 +1.325157533e+02 +1.325157533e+02 +5.8288e-02 +1.8424e-01 +3.0696e-02 -1.1508e-01 -1.3140e-01
481 0 +2.926559832e+01 +2.926559832e+01 +1.318755983e+02 +1.318755983e+02 +6.1201e-02 +1.9491e-01 +2.9596e-02 -1.1911e-01 -1.3491e-01
483 0 +2.873196942e+01 +2.873196942e+01 +1.313419694e+02 +1.313419694e+02 +5.9168e-02 +1.8170e-01 +2.6791e-02 -1.1073e-01 -1.2980e-01
490 0 +2.813108482e+01 +2.813108482e+01 +1.307410848e+02 +1.307410848e+02 +6.1296e-02 +1.9485e-01 +2.7233e-02 -1.2307e-01 -1.3759e-01
494 0 +2.751730013e+01 +2.751730013e+01 +1.301273001e+02 +1.301273001e+02 +5.7538e-02 +1.8526e-01 +2.1549e-02 -1.1893e-01 -1.3212e-01
506 0 +2.687864118e+01 +2.687864118e+01 +1.294886412e+02 +1.294886412e+02 +5.3896e-02 +1.8733e-01 +2.2413e-02 -1.1160e-01 -1.4198e-01
% f evaluations | g evaluations | best noise-free fitness - Fopt | noise-free fitness - Fopt (9.330000000000e+01) | measured fitness | best measured fitness | x1 | x2...
1 0 +7.955373779e+01 +7.955373779e+01 +1.728537378e+02 +1.728537378e+02 +0.0000e+00 +0.0000e+00 +0.0000e+00 +0.0000e+00 +0.0000e+00
3 0 +7.911819953e+01 +7.911819953e+01 +1.724181995e+02 +1.724181995e+02 +0.0000e+00 +2.5000e-04 +0.0000e+00 +0.0000e+00 +0.0000e+00
14 0 +7.752352767e+01 +7.752352767e+01 +1.708235277e+02 +1.708235277e+02 -4.5696e-04 +7.5264e-04 -5.3760e-04 +1.7664e-04 +2.1264e-04
20 0 +7.447194952e+01 +7.447194952e+01 +1.677719495e+02 +1.677719495e+02 -1.2756e-03 +1.8293e-03 -1.2707e-03 +1.9919e-04 -1.2418e-04
23 0 +7.255038763e+01 +7.255038763e+01 +1.658503876e+02 +1.658503876e+02 -2.0467e-03 +2.2850e-03 -2.2015e-03 +7.4933e-04 +3.4274e-04
25 0 +7.012032056e+01 +7.012032056e+01 +1.634203206e+02 +1.634203206e+02 -3.3415e-03 +3.0248e-03 -2.5715e-03 +8.3649e-04 +1.6916e-04
27 0 +6.874495480e+01 +6.874495480e+01 +1.620449548e+02 +1.620449548e+02 -3.1955e-03 +3.7410e-03 -3.0123e-03 +7.9948e-04 +1.4507e-04
28 0 +6.515484465e+01 +6.515484465e+01 +1.584548446e+02 +1.584548446e+02 -4.2094e-03 +5.1655e-03 -4.0963e-03 +1.0734e-03 +5.1444e-05
30 0 +6.399700747e+01 +6.399700747e+01 +1.572970075e+02 +1.572970075e+02 -5.1942e-03 +5.3078e-03 -4.8726e-03 +1.4695e-03 +4.8797e-04
31 0 +5.980208263e+01 +5.980208263e+01 +1.531020826e+02 +1.531020826e+02 -7.1535e-03 +7.0471e-03 -6.6735e-03 +2.1046e-03 +7.9404e-04
33 0 +5.872113280e+01 +5.872113280e+01 +1.520211328e+02 +1.520211328e+02 -7.3238e-03 +7.7262e-03 -6.7066e-03 +2.0884e-03 +5.5492e-05
34 0 +5.475838506e+01 +5.475838506e+01 +1.480583851e+02 +1.480583851e+02 -9.6374e-03 +1.0154e-02 -8.8035e-03 +2.8800e-03 -1.2013e-04
36 0 +5.214822453e+01 +5.214822453e+01 +1.454482245e+02 +1.454482245e+02 -1.2125e-02 +1.4123e-02 -1.2425e-02 +3.4432e-03 +1.8146e-04
64 0 +5.125308505e+01 +5.125308505e+01 +1.445530851e+02 +1.445530851e+02 -8.8318e-03 +1.4290e-02 -1.1951e-02 +2.3810e-03 -7.1905e-04
69 0 +4.933358550e+01 +4.933358550e+01 +1.426335855e+02 +1.426335855e+02 -6.5207e-03 +1.7243e-02 -1.4064e-02 +1.5864e-03 -2.4969e-03
72 0 +4.869052487e+01 +4.869052487e+01 +1.419905249e+02 +1.419905249e+02 -4.6950e-03 +1.7655e-02 -1.4152e-02 +1.0792e-03 -3.6889e-03
73 0 +4.770455573e+01 +4.770455573e+01 +1.410045557e+02 +1.410045557e+02 -2.6266e-03 +1.9337e-02 -1.5252e-02 +4.2829e-04 -5.1738e-03
76 0 +4.629915711e+01 +4.629915711e+01 +1.395991571e+02 +1.395991571e+02 +4.1442e-03 +2.1470e-02 -1.5969e-02 -1.7238e-03 -6.8533e-03
79 0 +4.567227684e+01 +4.567227684e+01 +1.389722768e+02 +1.389722768e+02 +6.6652e-03 +2.6027e-02 -1.9219e-02 -2.7983e-03 -9.8795e-03
130 0 +4.453255998e+01 +4.453255998e+01 +1.378325600e+02 +1.378325600e+02 +1.3301e-02 +2.7039e-02 -1.8378e-02 -6.1344e-03 -8.9146e-03
136 0 +4.363724496e+01 +4.363724496e+01 +1.369372450e+02 +1.369372450e+02 +1.1776e-02 +2.7761e-02 -1.8289e-02 -7.4100e-03 -4.4255e-03
143 0 +4.249188329e+01 +4.249188329e+01 +1.357918833e+02 +1.357918833e+02 +1.4180e-02 +2.9373e-02 -1.7607e-02 -1.1162e-02 +2.4011e-03
149 0 +4.149557065e+01 +4.149557065e+01 +1.347955707e+02 +1.347955707e+02 +1.8979e-02 +3.3122e-02 -1.8422e-02 -1.5531e-02 +7.3376e-03
156 0 +4.071555434e+01 +4.071555434e+01 +1.340155543e+02 +1.340155543e+02 +3.1001e-02 +4.0736e-02 -1.9931e-02 -2.4773e-02 +1.6947e-02
181 0 +3.974472352e+01 +3.974472352e+01 +1.330447235e+02 +1.330447235e+02 +3.1795e-02 +3.8916e-02 -1.7918e-02 -2.6065e-02 +1.2875e-02
269 0 +3.876009849e+01 +3.876009849e+01 +1.320600985e+02 +1.320600985e+02 +2.1408e-02 +3.7610e-02 -6.9130e-03 -3.0921e-02 +9.5236e-03
278 0 +3.801824942e+01 +3.801824942e+01 +1.313182494e+02 +1.313182494e+02 +8.1558e-03 +4.0140e-02 +8.0812e-03 -3.9897e-02 +4.5077e-03
357 0 +3.713027139e+01 +3.713027139e+01 +1.304302714e+02 +1.304302714e+02 +1.2784e-02 +4.3200e-02 +1.4234e-02 -4.5627e-02 +1.7615e-02
380 0 +3.620446814e+01 +3.620446814e+01 +1.295044681e+02 +1.295044681e+02 +8.2110e-03 +4.5260e-02 +1.9303e-02 -4.3514e-02 +1.9831e-02
386 0 +3.513407184e+01 +3.513407184e+01 +1.284340718e+02 +1.284340718e+02 -6.5668e-03 +4.8832e-02 +4.0384e-02 -4.8594e-02 +2.1647e-02
392 0 +3.412812892e+01 +3.412812892e+01 +1.274281289e+02 +1.274281289e+02 -1.5122e-02 +4.9031e-02 +5.0953e-02 -4.7340e-02 +1.8834e-02
393 0 +3.355288355e+01 +3.355288355e+01 +1.268528836e+02 +1.268528836e+02 -1.9303e-02 +5.1230e-02 +6.0017e-02 -4.8314e-02 +2.1121e-02
400 0 +3.241850598e+01 +3.241850598e+01 +1.257185060e+02 +1.257185060e+02 -1.0852e-02 +5.5000e-02 +6.1965e-02 -5.1085e-02 +2.9110e-02
401 0 +3.217308889e+01 +3.217308889e+01 +1.254730889e+02 +1.254730889e+02 -9.3371e-03 +6.0166e-02 +7.0208e-02 -5.3188e-02 +3.7667e-02
406 0 +3.160808967e+01 +3.160808967e+01 +1.249080897e+02 +1.249080897e+02 -8.4749e-03 +5.8222e-02 +6.8141e-02 -4.7563e-02 +3.5631e-02
% f evaluations | g evaluations | best noise-free fitness - Fopt | noise-free fitness - Fopt (1.364000000000e+01) | measured fitness | best measured fitness | x1 | x2...
1 0 +9.630173598e+01 +9.630173598e+01 +1.099417360e+02 +1.099417360e+02 +0.0000e+00 +0.0000e+00 +0.0000e+00 +0.0000e+00 +0.0000e+00
2 0 +9.627311477e+01 +9.627311477e+01 +1.099131148e+02 +1.099131148e+02 +2.5000e-04 +0.0000e+00 +0.0000e+00 +0.0000e+00 +0.0000e+00
14 0 +9.523416031e+01 +9.523416031e+01 +1.088741603e+02 +1.088741603e+02 +2.1264e-04 -9.4080e-04 +7.5264e-04 -5.3760e-05 +1.0264e-04
23 0 +9.275691060e+01 +9.275691060e+01 +1.063969106e+02 +1.063969106e+02 -2.0108e-04 -3.3483e-03 +2.5383e-03 +4.7827e-04 +5.7730e-04
27 0 +9.068289254e+01 +9.068289254e+01 +1.043228925e+02 +1.043228925e+02 -2.8166e-04 -5.3731e-03 +3.7905e-03 +3.9601e-04 +1.3455e-03
28 0 +8.874269977e+01 +8.874269977e+01 +1.023826998e+02 +1.023826998e+02 -4.5264e-04 -7.2660e-03 +5.2308e-03 +4.0722e-04 +1.7613e-03
31 0 +8.555445887e+01 +8.555445887e+01 +9.919445887e+01 +9.919445887e+01 -9.5967e-04 -1.0968e-02 +7.5892e-03 +1.8595e-03 +2.3776e-03
33 0 +8.484966981e+01 +8.484966981e+01 +9.848966981e+01 +9.848966981e+01 -1.3204e-03 -1.1640e-02 +8.0132e-03 +1.4502e-03 +3.0343e-03
34 0 +8.182229822e+01 +8.182229822e+01 +9.546229822e+01 +9.546229822e+01 -1.9231e-03 -1.5307e-02 +1.0522e-02 +1.9070e-03 +3.9739e-03
36 0 +7.799324425e+01 +7.799324425e+01 +9.163324425e+01 +9.163324425e+01 -2.2128e-03 -2.0315e-02 +1.5001e-02 +2.0698e-03 +4.6580e-03
38 0 +7.661980882e+01 +7.661980882e+01 +9.025980882e+01 +9.025980882e+01 -2.6491e-03 -2.3121e-02 +1.6102e-02 +3.3438e-03 +5.5627e-03
39 0 +7.339968234e+01 +7.339968234e+01 +8.703968234e+01 +8.703968234e+01 -3.7473e-03 -3.1048e-02 +2.1538e-02 +4.8121e-03 +7.4634e-03
62 0 +7.243217511e+01 +7.243217511e+01 +8.607217511e+01 +8.607217511e+01 -4.4720e-03 -3.7614e-02 +2.6598e-02 +5.2302e-03 +8.7555e-03
83 0 +7.042846628e+01 +7.042846628e+01 +8.406846628e+01 +8.406846628e+01 -9.8943e-03 -4.4980e-02 +2.5589e-02 +1.0431e-02 +1.6473e-02
89 0 +6.856350107e+01 +6.856350107e+01 +8.220350107e+01 +8.220350107e+01 -1.3276e-02 -4.2596e-02 +1.8373e-02 +1.4233e-02 +2.1000e-02
91 0 +6.662505135e+01 +6.662505135e+01 +8.026505135e+01 +8.026505135e+01 -1.8461e-02 -5.1339e-02 +1.9305e-02 +1.8718e-02 +2.8381e-02
94 0 +6.462525940e+01 +6.462525940e+01 +7.826525940e+01 +7.826525940e+01 -2.3394e-02 -5.3644e-02 +1.4947e-02 +2.3891e-02 +3.4849e-02
96 0 +6.409606405e+01 +6.409606405e+01 +7.773606405e+01 +7.773606405e+01 -2.5628e-02 -5.4591e-02 +1.1534e-02 +2.6817e-02 +3.8300e-02
109 0 +6.254249593e+01 +6.254249593e+01 +7.618249593e+01 +7.618249593e+01 -3.1237e-02 -5.1721e-02 +1.0980e-03 +3.2778e-02 +4.5670e-02
116 0 +6.138621691e+01 +6.138621691e+01 +7.502621691e+01 +7.502621691e+01 -3.3590e-02 -4.8461e-02 -4.7044e-03 +3.5366e-02 +4.8453e-02
119 0 +5.964379835e+01 +5.964379835e+01 +7.328379835e+01 +7.328379835e+01 -3.9542e-02 -4.2173e-02 -2.0626e-02 +4.2704e-02 +5.6896e-02
122 0 +5.665933351e+01 +5.665933351e+01 +7.029933351e+01 +7.029933351e+01 -4.3985e-02 -3.5784e-02 -3.2550e-02 +4.8559e-02 +6.2165e-02
126 0 +5.482935510e+01 +5.482935510e+01 +6.846935510e+01 +6.846935510e+01 -4.7468e-02 -3.2388e-02 -4.1536e-02 +5.2210e-02 +6.7231e-02
127 0 +5.115957351e+01 +5.115957351e+01 +6.479957351e+01 +6.479957351e+01 -5.2266e-02 -2.4221e-02 -5.7139e-02 +5.8334e-02 +7.3796e-02
134 0 +5.008852254e+01 +5.008852254e+01 +6.372852254e+01 +6.372852254e+01 -6.0529e-02 -1.3291e-02 -7.9692e-02 +6.8655e-02 +8.4572e-02
195 0 +4.893651056e+01 +4.893651056e+01 +6.257651056e+01 +6.257651056e+01 -5.7317e-02 -1.9207e-02 -6.9390e-02 +6.1683e-02 +8.1243e-02
207 0 +4.772686693e+01 +4.772686693e+01 +6.136686693e+01 +6.136686693e+01 -5.6937e-02 -1.6037e-02 -7.2794e-02 +5.6193e-02 +8.2518e-02
250 0 +4.673701469e+01 +4.673701469e+01 +6.037701469e+01 +6.037701469e+01 -5.7392e-02 -1.4268e-02 -7.3526e-02 +4.9523e-02 +8.4156e-02
261 0 +4.560429947e+01 +4.560429947e+01 +5.924429947e+01 +5.924429947e+01 -6.2184e-02 -1.5816e-02 -7.4026e-02 +5.1403e-02 +8.8876e-02
267 0 +4.401029720e+01 +4.401029720e+01 +5.765029720e+01 +5.765029720e+01 -6.3009e-02 -1.2621e-02 -7.3686e-02 +4.1892e-02 +9.0251e-02
270 0 +4.362425485e+01 +4.362425485e+01 +5.726425485e+01 +5.726425485e+01 -6.6478e-02 -1.2589e-02 -7.5577e-02 +4.6531e-02 +9.2998e-02
273 0 +4.189308460e+01 +4.189308460e+01 +5.553308460e+01 +5.553308460e+01 -6.9893e-02 -1.3026e-02 -7.4745e-02 +4.1853e-02 +9.6982e-02
274 0 +4.044195730e+01 +4.044195730e+01 +5.408195730e+01 +5.408195730e+01 -7.3803e-02 -1.4107e-02 -7.3541e-02 +3.9729e-02 +1.0085e-01
278 0 +3.945103682e+01 +3.945103682e+01 +5.309103682e+01 +5.309103682e+01 -8.6921e-02 -8.3545e-03 -7.8169e-02 +3.6788e-02 +1.1239e-01
281 0 +3.710891307e+01 +3.710891307e+01 +5.074891307e+01 +5.074891307e+01 -8.5177e-02 -1.0595e-02 -7.3842e-02 +2.9908e-02 +1.1160e-01
282 0 +3.544815815e+01 +3.544815815e+01 +4.908815815e+01 +4.908815815e+01 -9.2992e-02 -9.8490e-03 -7.2950e-02 +2.1463e-02 +1.1973e-01
294 0 +3.451856069e+01 +3.451856069e+01 +4.815856069e+01 +4.815856069e+01 -9.8919e-02 -9.4770e-03 -7.2965e-02 +1.3314e-02 +1.2683e-01
309 0 +3.387939693e+01 +3.387939693e+01 +4.751939693e+01 +4.751939693e+01 -9.9116e-02 -7.8731e-03 -7.1473e-02 -3.1840e-04 +1.2901e-01
% f evaluations | g evaluations | best noise-free fitness - Fopt | noise-free fitness - Fopt (1.948000000000e+02) | measured fitness | best measured fitness | x1 | x2...
1 0 +5.865562670e+01 +5.865562670e+01 +2.534556267e+02 +2.534556267e+02 +0.0000e+00 +0.0000e+00 +0.0000e+00 +0.0000e+00 +0.0000e+00
2 0 +5.861259416e+01 +5.861259416e+01 +2.534125942e+02 +2.534125942e+02 +2.5000e-04 +0.0000e+00 +0.0000e+00 +0.0000e+00 +0.0000e+00
16 0 +5.753919560e+01 +5.753919560e+01 +2.523391956e+02 +2.523391956e+02 +3.4022e-04 +2.8262e-04 -1.5053e-03 +6.6422e-04 +5.5422e-04
24 0 +5.581095962e+01 +5.581095962e+01 +2.506109596e+02 +2.506109596e+02 +7.3978e-05 +9.8100e-04 -4.8929e-03 +2.0251e-03 +1.9608e-03
51 0 +5.490547421e+01 +5.490547421e+01 +2.497054742e+02 +2.497054742e+02 +8.7002e-04 +7.3274e-04 -7.8625e-03 +5.5267e-03 +2.0675e-03
77 0 +5.354916851e+01 +5.354916851e+01 +2.483491685e+02 +2.483491685e+02 +5.9808e-04 -6.7776e-04 -1.2255e-02 +1.8043e-02 -2.4857e-03
85 0 +5.246277863e+01 +5.246277863e+01 +2.472627786e+02 +2.472627786e+02 -2.9102e-03 -1.0543e-03 -1.5434e-02 +2.9888e-02 -5.4773e-03
90 0 +5.074817702e+01 +5.074817702e+01 +2.455481770e+02 +2.455481770e+02 -8.3567e-03 -2.5213e-03 -1.5706e-02 +4.4857e-02 -1.0438e-02
97 0 +4.964637805e+01 +4.964637805e+01 +2.444463780e+02 +2.444463780e+02 -1.4598e-02 -2.8285e-03 -1.7900e-02 +5.8172e-02 -1.4223e-02
108 0 +4.889115825e+01 +4.889115825e+01 +2.436911583e+02 +2.436911583e+02 -1.7640e-02 -1.8393e-03 -2.0698e-02 +6.4108e-02 -1.5902e-02
120 0 +4.770428623e+01 +4.770428623e+01 +2.425042862e+02 +2.425042862e+02 -2.2575e-02 -2.7073e-03 -2.3969e-02 +8.1358e-02 -2.3336e-02
124 0 +4.652078135e+01 +4.652078135e+01 +2.413207814e+02 +2.413207814e+02 -2.1365e-02 -1.0573e-03 -2.4656e-02 +7.7130e-02 -2.3854e-02
129 0 +4.511686831e+01 +4.511686831e+01 +2.399168683e+02 +2.399168683e+02 -2.7590e-02 -2.7913e-04 -3.0033e-02 +9.1119e-02 -2.9008e-02
132 0 +4.434362947e+01 +4.434362947e+01 +2.391436295e+02 +2.391436295e+02 -2.4061e-02 -1.2376e-03 -3.3997e-02 +1.0041e-01 -3.7065e-02
134 0 +4.345328618e+01 +4.345328618e+01 +2.382532862e+02 +2.382532862e+02 -2.3287e-02 +1.0713e-03 -3.1010e-02 +8.5468e-02 -3.1893e-02
136 0 +4.160384663e+01 +4.160384663e+01 +2.364038466e+02 +2.364038466e+02 -3.0269e-02 +1.8740e-03 -3.9151e-02 +1.0644e-01 -4.0012e-02
137 0 +3.986614794e+01 +3.986614794e+01 +2.346661479e+02 +2.346661479e+02 -3.4720e-02 +3.3396e-03 -4.6399e-02 +1.2109e-01 -4.8091e-02
141 0 +3.801911339e+01 +3.801911339e+01 +2.328191134e+02 +2.328191134e+02 -2.6806e-02 +7.3131e-03 -4.7976e-02 +1.0246e-01 -5.1038e-02
142 0 +3.710166675e+01 +3.710166675e+01 +2.319016668e+02 +2.319016668e+02 -2.8178e-02 +1.1588e-02 -5.4965e-02 +1.0349e-01 -5.8024e-02
145 0 +3.603041299e+01 +3.603041299e+01 +2.308304130e+02 +2.308304130e+02 -3.8107e-02 +1.1131e-02 -6.4079e-02 +1.3466e-01 -6.6491e-02
147 0 +3.538995853e+01 +3.538995853e+01 +2.301899585e+02 +2.301899585e+02 -4.2843e-02 +1.2993e-02 -6.7764e-02 +1.3887e-01 -6.8418e-02
180 0 +3.465958192e+01 +3.465958192e+01 +2.294595819e+02 +2.294595819e+02 -3.9484e-02 +1.7032e-02 -7.1112e-02 +1.2712e-01 -6.7496e-02
318 0 +3.380210127e+01 +3.380210127e+01 +2.286021013e+02 +2.286021013e+02 -2.9956e-02 +2.4691e-02 -6.6358e-02 +1.1489e-01 -6.3128e-02
333 0 +3.305766643e+01 +3.305766643e+01 +2.278576664e+02 +2.278576664e+02 -2.0116e-02 +3.3869e-02 -5.9600e-02 +1.0545e-01 -5.5929e-02
342 0 +3.233403610e+01 +3.233403610e+01 +2.271340361e+02 +2.271340361e+02 -1.8379e-02 +4.3680e-02 -5.9337e-02 +1.0870e-01 -5.3395e-02
358 0 +3.152571060e+01 +3.152571060e+01 +2.263257106e+02 +2.263257106e+02 -1.6915e-02 +5.0693e-02 -5.5596e-02 +1.0703e-01 -5.0357e-02
378 0 +3.074998347e+01 +3.074998347e+01 +2.255499835e+02 +2.255499835e+02 -1.8083e-02 +5.6762e-02 -5.1066e-02 +1.1024e-01 -4.8095e-02
% f evaluations | g evaluations | best noise-free fitness - Fopt | noise-free fitness - Fopt (-1.335900000000e+02) | measured fitness | best measured fitness | x1 | x2...
1 0 +9.504320291e+01 +9.504320291e+01 -3.854679709e+01 -3.854679709e+01 +0.0000e+00 +0.0000e+00 +0.0000e+00 +0.0000e+00 +0.0000e+00
2 0 +9.502958671e+01 +9.502958671e+01 -3.856041329e+01 -3.856041329e+01 +2.5000e-04 +0.0000e+00 +0.0000e+00 +0.0000e+00 +0.0000e+00
23 0 +9.328341061e+01 +9.328341061e+01 -4.030658939e+01 -4.030658939e+01 -2.0108e-04 +5.7730e-04 +2.0550e-04 +2.5383e-03 -3.3483e-03
30 0 +9.105654304e+01 +9.105654304e+01 -4.253345696e+01 -4.253345696e+01 -6.8293e-04 +1.8806e-03 +2.9856e-04 +5.6507e-03 -8.1159e-03
34 0 +8.825381822e+01 +8.825381822e+01 -4.533618178e+01 -4.533618178e+01 -1.9231e-03 +3.9739e-03 +1.0771e-03 +1.0522e-02 -1.5307e-02
36 0 +8.683129333e+01 +8.683129333e+01 -4.675870667e+01 -4.675870667e+01 -2.2128e-03 +4.6580e-03 +1.0489e-03 +1.5001e-02 -2.0315e-02
76 0 +8.510666276e+01 +8.510666276e+01 -4.848333724e+01 -4.848333724e+01 -1.2111e-03 +7.3984e-03 +1.9349e-03 +2.0700e-02 -2.5250e-02
83 0 +8.286855024e+01 +8.286855024e+01 -5.072144976e+01 -5.072144976e+01 +2.5021e-03 +1.0143e-02 +2.3296e-03 +2.0065e-02 -1.8372e-02
87 0 +7.998193548e+01 +7.998193548e+01 -5.360806452e+01 -5.360806452e+01 +4.3003e-03 +1.5165e-02 +2.5584e-03 +2.5342e-02 -2.1917e-02
91 0 +7.895238736e+01 +7.895238736e+01 -5.463761264e+01 -5.463761264e+01 +8.7504e-03 +1.9170e-02 +2.0965e-03 +2.4224e-02 -1.4331e-02
93 0 +7.658127730e+01 +7.658127730e+01 -5.700872270e+01 -5.700872270e+01 +9.0949e-03 +2.0205e-02 +2.6343e-03 +2.8366e-02 -1.8299e-02
94 0 +7.380943475e+01 +7.380943475e+01 -5.978056525e+01 -5.978056525e+01 +1.1175e-02 +2.3672e-02 +3.0286e-03 +3.3105e-02 -2.0545e-02
97 0 +6.976011106e+01 +6.976011106e+01 -6.382988894e+01 -6.382988894e+01 +1.5163e-02 +3.1126e-02 +3.1150e-03 +3.8755e-02 -2.0433e-02
100 0 +6.602391784e+01 +6.602391784e+01 -6.756608216e+01 -6.756608216e+01 +1.8476e-02 +3.6832e-02 +4.1725e-03 +4.6369e-02 -2.3976e-02
101 0 +6.332751004e+01 +6.332751004e+01 -7.026248996e+01 -7.026248996e+01 +2.1776e-02 +4.3407e-02 +5.2689e-03 +5.6402e-02 -2.9809e-02
103 0 +6.058989996e+01 +6.058989996e+01 -7.300010004e+01 -7.300010004e+01 +2.6234e-02 +5.0750e-02 +4.4113e-03 +5.8258e-02 -2.5991e-02
104 0 +5.863895595e+01 +5.863895595e+01 -7.495104405e+01 -7.495104405e+01 +3.3763e-02 +6.4290e-02 +5.1027e-03 +7.0834e-02 -2.8714e-02
138 0 +5.736843767e+01 +5.736843767e+01 -7.622156233e+01 -7.622156233e+01 +3.5508e-02 +7.0226e-02 +5.5715e-03 +7.8916e-02 -3.4808e-02
150 0 +5.618662236e+01 +5.618662236e+01 -7.740337764e+01 -7.740337764e+01 +3.3777e-02 +7.1528e-02 +3.9131e-03 +7.6094e-02 -3.5437e-02
157 0 +5.475139496e+01 +5.475139496e+01 -7.883860504e+01 -7.883860504e+01 +2.8673e-02 +7.2362e-02 +1.1024e-03 +7.0873e-02 -3.9357e-02
161 0 +5.346151958e+01 +5.346151958e+01 -8.012848042e+01 -8.012848042e+01 +2.9374e-02 +8.5018e-02 -5.9563e-05 +7.8955e-02 -4.9507e-02
240 0 +5.247267603e+01 +5.247267603e+01 -8.111732397e+01 -8.111732397e+01 +3.0555e-02 +9.0573e-02 -2.0676e-03 +8.2224e-02 -5.0928e-02
265 0 +5.125247515e+01 +5.125247515e+01 -8.233752485e+01 -8.233752485e+01 +2.8598e-02 +6.7979e-02 -6.9001e-03 +8.5767e-02 -4.2370e-02
472 0 +5.003282039e+01 +5.003282039e+01 -8.355717961e+01 -8.355717961e+01 +1.1945e-02 +4.4904e-02 -6.4953e-03 +9.4973e-02 -3.3351e-02
479 0 +4.859673940e+01 +4.859673940e+01 -8.499326060e+01 -8.499326060e+01 +1.0528e-04 +2.8160e-02 -6.6432e-03 +9.9244e-02 -2.4275e-02
481 0 +4.764767949e+01 +4.764767949e+01 -8.594232051e+01 -8.594232051e+01 -8.7430e-03 +2.1824e-02 -4.5626e-03 +1.0175e-01 -2.1231e-02
484 0 +4.578547498e+01 +4.578547498e+01 -8.780452502e+01 -8.780452502e+01 -2.1454e-02 +9.0136e-03 -4.0731e-04 +1.0276e-01 -1.1147e-02
486 0 +4.486652304e+01 +4.486652304e+01 -8.872347696e+01 -8.872347696e+01 -2.6584e-02 +2.9512e-03 -3.2269e-03 +1.0663e-01 -9.9361e-03
487 0 +4.264389364e+01 +4.264389364e+01 -9.094610636e+01 -9.094610636e+01 -4.1211e-02 -9.2388e-03 -2.4176e-03 +1.1101e-01 -3.0253e-03
490 0 +4.028044757e+01 +4.028044757e+01 -9.330955243e+01 -9.330955243e+01 -6.7533e-02 -3.2021e-02 +3.2077e-03 +1.1430e-01 +9.8965e-03
492 0 +3.898910115e+01 +3.898910115e+01 -9.460089885e+01 -9.460089885e+01 -9.8749e-02 -7.1589e-02 +7.2841e-03 +1.2256e-01 +3.3929e-02
493 0 +3.773423994e+01 +3.773423994e+01 -9.585576006e+01 -9.585576006e+01 -8.4818e-02 -4.5184e-02 +6.8836e-03 +1.1884e-01 +2.0522e-02
494 0 +3.638770150e+01 +3.638770150e+01 -9.720229850e+01 -9.720229850e+01 -1.1574e-01 -6.7033e-02 +1.2182e-02 +1.2556e-01 +3.5296e-02
501 0 +3.598201757e+01 +3.598201757e+01 -9.760798243e+01 -9.760798243e+01 -1.1812e-01 -6.3669e-02 +9.1066e-03 +1.2774e-01 +3.0860e-02
507 0 +3.499330081e+01 +3.499330081e+01 -9.859669919e+01 -9.859669919e+01 -1.1288e-01 -4.3534e-02 +1.0921e-02 +1.2628e-01 +2.2672e-02
517 0 +3.434021554e+01 +3.434021554e+01 -9.924978446e+01 -9.924978446e+01 -1.3707e-01 -5.5812e-02 +1.7156e-02 +1.3097e-01 +3.4387e-02
523 0 +3.363468583e+01 +3.363468583e+01 -9.995531417e+01 -9.995531417e+01 -1.2752e-01 -4.0650e-02 +1.8964e-02 +1.2907e-01 +2.8756e-02
532 0 +3.307773000e+01 +3.307773000e+01 -1.005122700e+02 -1.005122700e+02 -1.2838e-01 -4.0467e-02 +1.9606e-02 +1.3144e-01 +2.9122e-02
550 0 +3.226202325e+01 +3.226202325e+01 -1.013279767e+02 -1.013279767e+02 -1.1169e-01 -2.3133e-02 +1.8080e-02 +1.3503e-01 +1.8703e-02
619 0 +3.161653565e+01 +3.161653565e+01 -1.019734644e+02 -1.019734644e+02 -1.2516e-01 -2.8443e-02 +1.8998e-02 +1.4374e-01 +2.1679e-02
647 0 +3.084894832e+01 +3.084894832e+01 -1.027410517e+02 -1.027410517e+02 -1.2686e-01 -2.4989e-02 +1.7946e-02 +1.4325e-01 +2.2515e-02
% f evaluations | g evaluations | best noise-free fitness - Fopt | noise-free fitness - Fopt (-3.085000000000e+01) | measured fitness | best measured fitness | x1 | x2...
1 0 +9.564509732e+01 +9.564509732e+01 +6.479509732e+01 +6.479509732e+01 +0.0000e+00 +0.0000e+00 +0.0000e+00 +0.0000e+00 +0.0000e+00
3 0 +9.545589762e+01 +9.545589762e+01 +6.460589762e+01 +6.460589762e+01 +0.0000e+00 +2.5000e-04 +0.0000e+00 +0.0000e+00 +0.0000e+00
20 0 +9.265212558e+01 +9.265212558e+01 +6.180212558e+01 +6.180212558e+01 -6.2146e-05 +1.7736e-03 -1.2946e-04 -2.4126e-03 +8.8661e-04
25 0 +9.075322636e+01 +9.075322636e+01 +5.990322636e+01 +5.990322636e+01 +7.9032e-04 +3.0100e-03 -4.2096e-04 -4.9182e-03 +1.5424e-03
28 0 +8.885840868e+01 +8.885840868e+01 +5.800840868e+01 +5.800840868e+01 +4.0722e-04 +5.2308e-03 -4.5264e-04 -7.2660e-03 +1.7613e-03
54 0 +8.662481400e+01 +8.662481400e+01 +5.577481400e+01 +5.577481400e+01 -2.2286e-03 +7.7880e-03 -1.7600e-03 -1.0906e-02 +5.5106e-03
60 0 +8.417596624e+01 +8.417596624e+01 +5.332596624e+01 +5.332596624e+01 -7.1385e-03 +7.5142e-03 -2.5338e-03 -1.0980e-02 +1.0069e-02
64 0 +8.145964796e+01 +8.145964796e+01 +5.060964796e+01 +5.060964796e+01 -1.2450e-02 +6.9590e-03 -3.9583e-03 -1.0147e-02 +1.4535e-02
65 0 +8.112107572e+01 +8.112107572e+01 +5.027107572e+01 +5.027107572e+01 -1.2719e-02 +7.4098e-03 -4.0186e-03 -1.1123e-02 +1.5113e-02
66 0 +7.815604857e+01 +7.815604857e+01 +4.730604857e+01 +4.730604857e+01 -1.7964e-02 +7.2207e-03 -5.1479e-03 -1.1232e-02 +1.9915e-02
69 0 +7.635092937e+01 +7.635092937e+01 +4.550092937e+01 +4.550092937e+01 -2.1323e-02 +7.0770e-03 -5.6555e-03 -1.0918e-02 +2.2907e-02
70 0 +7.244684982e+01 +7.244684982e+01 +4.159684982e+01 +4.159684982e+01 -2.8487e-02 +7.0202e-03 -7.2312e-03 -1.1307e-02 +2.9774e-02
71 0 +7.183497815e+01 +7.183497815e+01 +4.098497815e+01 +4.098497815e+01 -2.9721e-02 +6.5557e-03 -7.5047e-03 -1.0210e-02 +2.9892e-02
72 0 +6.654990529e+01 +6.654990529e+01 +3.569990529e+01 +3.569990529e+01 -4.1012e-02 +6.0765e-03 -9.9902e-03 -9.8256e-03 +3.9803e-02
75 0 +6.476560949e+01 +6.476560949e+01 +3.391560949e+01 +3.391560949e+01 -4.7793e-02 +7.1664e-03 -1.1820e-02 -1.2423e-02 +4.7465e-02
77 0 +6.172621995e+01 +6.172621995e+01 +3.087621995e+01 +3.087621995e+01 -5.9838e-02 +5.3919e-03 -1.3794e-02 -1.0071e-02 +5.7384e-02
79 0 +6.131141098e+01 +6.131141098e+01 +3.046141098e+01 +3.046141098e+01 -6.1856e-02 +4.9411e-03 -1.4335e-02 -9.5012e-03 +5.8568e-02
116 0 +6.022855799e+01 +6.022855799e+01 +2.937855799e+01 +2.937855799e+01 -6.8558e-02 +3.3242e-03 -1.4402e-02 -7.0872e-03 +6.2274e-02
122 0 +5.886553407e+01 +5.886553407e+01 +2.801553407e+01 +2.801553407e+01 -6.6091e-02 +4.4999e-03 -1.0765e-02 -7.1519e-03 +5.5978e-02
126 0 +5.752822634e+01 +5.752822634e+01 +2.667822634e+01 +2.667822634e+01 -6.6061e-02 +6.2004e-03 -8.2026e-03 -7.2057e-03 +5.1067e-02
131 0 +5.581138613e+01 +5.581138613e+01 +2.496138613e+01 +2.496138613e+01 -6.5468e-02 +7.5072e-03 -4.1651e-03 -7.2214e-03 +4.5570e-02
132 0 +5.435695691e+01 +5.435695691e+01 +2.350695691e+01 +2.350695691e+01 -6.5825e-02 +8.5652e-03 -8.3043e-04 -6.7198e-03 +4.0907e-02
134 0 +5.210441428e+01 +5.210441428e+01 +2.125441428e+01 +2.125441428e+01 -6.2989e-02 +1.2787e-02 +4.9910e-03 -8.6057e-03 +2.9703e-02
137 0 +5.006458744e+01 +5.006458744e+01 +1.921458744e+01 +1.921458744e+01 -6.8321e-02 +1.4685e-02 +1.1995e-02 -8.8579e-03 +2.4790e-02
222 0 +4.893024273e+01 +4.893024273e+01 +1.808024273e+01 +1.808024273e+01 -6.5118e-02 +7.5252e-03 +1.2094e-02 -1.4031e-02 +3.2481e-02
240 0 +4.781569835e+01 +4.781569835e+01 +1.696569835e+01 +1.696569835e+01 -6.7942e-02 -6.8356e-03 +8.8903e-03 -2.2018e-02 +5.5268e-02
285 0 +4.665584255e+01 +4.665584255e+01 +1.580584255e+01 +1.580584255e+01 -6.4410e-02 -1.5328e-02 +1.2897e-02 -2.8769e-02 +5.4897e-02
293 0 +4.567956654e+01 +4.567956654e+01 +1.482956654e+01 +1.482956654e+01 -6.3262e-02 -1.6361e-02 +1.0160e-02 -2.9491e-02 +5.0853e-02
299 0 +4.460184469e+01 +4.460184469e+01 +1.375184469e+01 +1.375184469e+01 -5.8451e-02 -1.6076e-02 +3.4553e-03 -2.8167e-02 +4.0458e-02
301 0 +4.362369408e+01 +4.362369408e+01 +1.277369408e+01 +1.277369408e+01 -5.4821e-02 -1.6176e-02 +5.0494e-03 -3.0839e-02 +3.2464e-02
309 0 +4.175499451e+01 +4.175499451e+01 +1.090499451e+01 +1.090499451e+01 -4.5088e-02 -1.8651e-02 +1.7292e-03 -3.8151e-02 +1.5637e-02
310 0 +4.149719679e+01 +4.149719679e+01 +1.064719679e+01 +1.064719679e+01 -3.9896e-02 -1.9160e-02 +3.1229e-03 -4.2802e-02 +5.1162e-03
313 0 +4.008532994e+01 +4.008532994e+01 +9.235329939e+00 +9.235329939e+00 -4.0465e-02 -2.0357e-02 -1.6711e-03 -4.0313e-02 -2.6450e-03
321 0 +3.901900853e+01 +3.901900853e+01 +8.169008529e+00 +8.169008529e+00 -4.0586e-02 -2.9631e-02 -4.6260e-03 -4.6376e-02 +2.9615e-03
322 0 +3.875890548e+01 +3.875890548e+01 +7.908905484e+00 +7.908905484e+00 -4.0931e-02 -3.4866e-02 -8.5004e-03 -4.8163e-02 +1.8841e-03
329 0 +3.769356529e+01 +3.769356529e+01 +6.843565292e+00 +6.843565292e+00 -4.3849e-02 -3.5860e-02 -6.9292e-03 -5.0192e-02 +1.0487e-03
343 0 +3.684944307e+01 +3.684944307e+01 +5.999443073e+00 +5.999443073e+00 -4.1799e-02 -3.3276e-02 -6.6196e-03 -5.1609e-02 -1.0535e-02
350 0 +3.599073648e+01 +3.599073648e+01 +5.140736480e+00 +5.140736480e+00 -4.3735e-02 -3.0371e-02 -1.0324e-02 -4.8311e-02 -8.1166e-03
353 0 +3.545470382e+01 +3.545470382e+01 +4.604703817e+00 +4.604703817e+00 -4.0598e-02 -4.1111e-02 -1.5778e-02 -5.8028e-02 -1.6159e-02
355 0 +3.443475952e+01 +3.443475952e+01 +3.584759521e+00 +3.584759521e+00 -3.9610e-02 -3.2964e-02 -1.3111e-02 -5.6532e-02 -2.4630e-02
356 0 +3.387082423e+01 +3.387082423e+01 +3.020824230e+00 +3.020824230e+00 -3.9221e-02 -2.9365e-02 -1.3646e-02 -5.7754e-02 -3.2530e-02
366 0 +3.252417121e+01 +3.252417121e+01 +1.674171211e+00 +1.674171211e+00 -3.7915e-02 -2.9600e-02 -2.9569e-02 -6.3553e-02 -4.9800e-02
376 0 +3.217272703e+01 +3.217272703e+01 +1.322727032e+00 +1.322727032e+00 -4.0717e-02 -3.2690e-02 -2.6023e-02 -6.0417e-02 -3.7585e-02
381 0 +3.161548539e+01 +3.161548539e+01 +7.654853904e-01 +7.654853904e-01 -4.1621e-02 -1.9393e-02 -2.8353e-02 -5.3761e-02 -5.3387e-02
% f evaluations | g evaluations | best noise-free fitness - Fopt | noise-free fitness - Fopt (-9.200000000000e+00) | measured fitness | best measured fitness | x1 | x2...
1 0 +1.038087812e+02 +1.038087812e+02 +9.460878121e+01 +9.460878121e+01 +0.0000e+00 +0.0000e+00 +0.0000e+00 +0.0000e+00 +0.0000e+00
2 0 +1.036466942e+02 +1.036466942e+02 +9.444669420e+01 +9.444669420e+01 +2.5000e-04 +0.0000e+00 +0.0000e+00 +0.0000e+00 +0.0000e+00
16 0 +1.018101041e+02 +1.018101041e+02 +9.261010413e+01 +9.261010413e+01 +4.4822e-04 +3.9782e-04 +5.5422e-04 -4.8922e-04 +8.4422e-04
21 0 +9.991207986e+01 +9.991207986e+01 +9.071207986e+01 +9.071207986e+01 +8.3875e-05 +6.5924e-04 +1.5838e-03 -8.0831e-04 +1.5031e-03
26 0 +9.705983088e+01 +9.705983088e+01 +8.785983088e+01 +8.785983088e+01 +1.6681e-04 +1.6806e-03 +2.5226e-03 -2.0895e-03 +2.6225e-03
27 0 +9.465157884e+01 +9.465157884e+01 +8.545157884e+01 +8.545157884e+01 +2.6101e-05 +2.3220e-03 +3.5068e-03 -2.8896e-03 +3.5117e-03
30 0 +9.089957440e+01 +9.089957440e+01 +8.169957440e+01 +8.169957440e+01 +8.4952e-04 +3.0203e-03 +4.7438e-03 -3.5278e-03 +4.5890e-03
32 0 +8.623006138e+01 +8.623006138e+01 +7.703006138e+01 +7.703006138e+01 +1.3625e-03 +4.6343e-03 +5.8854e-03 -5.7083e-03 +6.6553e-03
34 0 +8.439526925e+01 +8.439526925e+01 +7.519526925e+01 +7.519526925e+01 +6.4765e-04 +4.7841e-03 +7.1787e-03 -5.7552e-03 +7.3618e-03
35 0 +7.842488789e+01 +7.842488789e+01 +6.922488789e+01 +6.922488789e+01 +5.4910e-04 +6.4690e-03 +9.7700e-03 -7.6052e-03 +9.8830e-03
37 0 +7.503370392e+01 +7.503370392e+01 +6.583370392e+01 +6.583370392e+01 +1.9244e-03 +7.3983e-03 +1.0531e-02 -8.9627e-03 +1.0852e-02
38 0 +6.738195486e+01 +6.738195486e+01 +5.818195486e+01 +5.818195486e+01 +2.8736e-03 +9.9365e-03 +1.4042e-02 -1.1999e-02 +1.4522e-02
41 0 +6.197838398e+01 +6.197838398e+01 +5.277838398e+01 +5.277838398e+01 +2.5855e-03 +1.4532e-02 +1.9349e-02 -1.6567e-02 +2.0183e-02
43 0 +6.105476873e+01 +6.105476873e+01 +5.185476873e+01 +5.185476873e+01 +2.9854e-03 +1.5415e-02 +2.1637e-02 -1.8093e-02 +2.2620e-02
45 0 +5.980053518e+01 +5.980053518e+01 +5.060053518e+01 +5.060053518e+01 +4.4872e-03 +1.8903e-02 +2.5502e-02 -2.2348e-02 +2.6625e-02
58 0 +5.866064547e+01 +5.866064547e+01 +4.946064547e+01 +4.946064547e+01 +5.3752e-03 +1.8677e-02 +2.4078e-02 -2.1887e-02 +2.5796e-02
61 0 +5.698295229e+01 +5.698295229e+01 +4.778295229e+01 +4.778295229e+01 +7.9280e-03 +1.9712e-02 +2.4861e-02 -2.4065e-02 +2.7693e-02
65 0 +5.389252385e+01 +5.389252385e+01 +4.469252385e+01 +4.469252385e+01 +9.9094e-03 +1.7780e-02 +2.0541e-02 -2.2008e-02 +2.4105e-02
66 0 +5.166302451e+01 +5.166302451e+01 +4.246302451e+01 +4.246302451e+01 +1.2621e-02 +1.7219e-02 +1.8060e-02 -2.1838e-02 +2.2845e-02
68 0 +5.071314335e+01 +5.071314335e+01 +4.151314335e+01 +4.151314335e+01 +1.3354e-02 +1.7602e-02 +1.9124e-02 -2.3386e-02 +2.3956e-02
69 0 +4.856845740e+01 +4.856845740e+01 +3.936845740e+01 +3.936845740e+01 +1.6746e-02 +1.6249e-02 +1.6037e-02 -2.3187e-02 +2.2241e-02
72 0 +4.518826633e+01 +4.518826633e+01 +3.598826633e+01 +3.598826633e+01 +2.1784e-02 +1.8763e-02 +1.5534e-02 -2.6429e-02 +2.4028e-02
73 0 +4.297767451e+01 +4.297767451e+01 +3.377767451e+01 +3.377767451e+01 +2.8767e-02 +2.0647e-02 +1.4431e-02 -3.0040e-02 +2.5759e-02
80 0 +4.245572823e+01 +4.245572823e+01 +3.325572823e+01 +3.325572823e+01 +3.2947e-02 +1.9221e-02 +1.1588e-02 -3.0268e-02 +2.4036e-02
139 0 +4.153689205e+01 +4.153689205e+01 +3.233689205e+01 +3.233689205e+01 +3.4979e-02 +2.2838e-02 +1.1263e-02 -3.2599e-02 +2.3278e-02
145 0 +4.070815709e+01 +4.070815709e+01 +3.150815709e+01 +3.150815709e+01 +3.4461e-02 +2.5672e-02 +1.1728e-02 -3.3871e-02 +2.2602e-02
150 0 +3.914301941e+01 +3.914301941e+01 +2.994301941e+01 +2.994301941e+01 +3.3073e-02 +3.0226e-02 +1.2644e-02 -3.5151e-02 +2.0484e-02
153 0 +3.849005862e+01 +3.849005862e+01 +2.929005862e+01 +2.929005862e+01 +3.7481e-02 +3.7287e-02 +1.1815e-02 -3.9893e-02 +1.8901e-02
155 0 +3.768997741e+01 +3.768997741e+01 +2.848997741e+01 +2.848997741e+01 +3.6054e-02 +3.9963e-02 +1.3061e-02 -4.0222e-02 +1.7765e-02
158 0 +3.695110765e+01 +3.695110765e+01 +2.775110765e+01 +2.775110765e+01 +3.5028e-02 +5.1346e-02 +1.4450e-02 -4.5126e-02 +1.4544e-02
164 0 +3.623997865e+01 +3.623997865e+01 +2.703997865e+01 +2.703997865e+01 +3.4752e-02 +5.4789e-02 +1.4598e-02 -4.5911e-02 +1.2210e-02
171 0 +3.514131821e+01 +3.514131821e+01 +2.594131821e+01 +2.594131821e+01 +3.3237e-02 +4.9162e-02 +1.3723e-02 -4.2562e-02 +1.2002e-02
178 0 +3.447741487e+01 +3.447741487e+01 +2.527741487e+01 +2.527741487e+01 +3.0708e-02 +5.6711e-02 +1.4869e-02 -4.4703e-02 +8.5720e-03
181 0 +3.380437941e+01 +3.380437941e+01 +2.460437941e+01 +2.460437941e+01 +2.6957e-02 +6.0661e-02 +1.4910e-02 -4.3507e-02 +3.0629e-03
224 0 +3.310913851e+01 +3.310913851e+01 +2.390913851e+01 +2.390913851e+01 +3.2216e-02 +6.2723e-02 +1.2348e-02 -4.4636e-02 -8.7643e-05
250 0 +3.214495772e+01 +3.214495772e+01 +2.294495772e+01 +2.294495772e+01 +3.6206e-02 +6.0762e-02 +1.3015e-02 -3.5710e-02 -5.8234e-03
262 0 +3.161795394e+01 +3.161795394e+01 +2.241795394e+01 +2.241795394e+01 +3.7023e-02 +5.8239e-02 +1.5625e-02 -2.8371e-02 -8.0382e-03
390 0 +3.087781134e+01 +3.087781134e+01 +2.167781134e+01 +2.167781134e+01 +4.6465e-02 +7.0398e-02 +7.9269e-03 -2.2827e-02 -8.6197e-03
% f evaluations | g evaluations | best noise-free fitness - Fopt | noise-free fitness - Fopt (-2.037600000000e+02) | measured fitness | best measured fitness | x1 | x2...
1 0 +7.821719644e+01 +7.821719644e+01 -1.255428036e+02 -1.255428036e+02 +0.0000e+00 +0.0000e+00 +0.0000e+00 +0.0000e+00 +0.0000e+00
2 0 +7.805873259e+01 +7.805873259e+01 -1.257012674e+02 -1.257012674e+02 +2.5000e-04 +0.0000e+00 +0.0000e+00 +0.0000e+00 +0.0000e+00
8 0 +7.733486437e+01 +7.733486437e+01 -1.264251356e+02 -1.264251356e+02 +1.5000e-04 +1.5000e-04 +1.5000e-04 +1.5000e-04 -5.0000e-04
15 0 +7.583396561e+01 +7.583396561e+01 -1.279260344e+02 -1.279260344e+02 +5.1370e-04 +2.4730e-04 +4.0370e-04 +4.7770e-04 -1.3171e-03
21 0 +7.262414103e+01 +7.262414103e+01 -1.311358590e+02 -1.311358590e+02 +5.4247e-04 +6.0978e-04 +1.5585e-03 +8.6583e-04 -3.2525e-03
23 0 +7.244185962e+01 +7.244185962e+01 -1.313181404e+02 -1.313181404e+02 +6.2834e-04 +9.8653e-04 +1.2193e-03 +8.8660e-04 -3.4252e-03
24 0 +7.058505266e+01 +7.058505266e+01 -1.331749473e+02 -1.331749473e+02 +7.8055e-04 +1.4599e-03 +1.5589e-03 +1.1871e-03 -4.5753e-03
27 0 +6.749874654e+01 +6.749874654e+01 -1.362612535e+02 -1.362612535e+02 +1.3437e-03 +1.9243e-03 +2.5925e-03 +1.1484e-03 -6.5934e-03
29 0 +6.364136229e+01 +6.364136229e+01 -1.401186377e+02 -1.401186377e+02 +1.7114e-03 +2.2330e-03 +3.4978e-03 +2.4166e-03 -9.2958e-03
31 0 +6.268882124e+01 +6.268882124e+01 -1.410711788e+02 -1.410711788e+02 +1.6910e-03 +3.0877e-03 +3.6161e-03 +2.1994e-03 -1.0075e-02
32 0 +5.880494205e+01 +5.880494205e+01 -1.449550580e+02 -1.449550580e+02 +2.2653e-03 +4.3266e-03 +4.6448e-03 +2.8662e-03 -1.3486e-02
34 0 +5.722262458e+01 +5.722262458e+01 -1.465373754e+02 -1.465373754e+02 +2.7791e-03 +4.3420e-03 +5.9181e-03 +3.2954e-03 -1.5451e-02
35 0 +5.482566218e+01 +5.482566218e+01 -1.489343378e+02 -1.489343378e+02 +3.7784e-03 +5.7830e-03 +8.0977e-03 +4.3495e-03 -2.0888e-02
61 0 +5.366637175e+01 +5.366637175e+01 -1.500936283e+02 -1.500936283e+02 +4.0749e-03 +7.4482e-03 +7.5867e-03 +5.3552e-03 -2.3212e-02
68 0 +5.225721019e+01 +5.225721019e+01 -1.515027898e+02 -1.515027898e+02 +3.7176e-03 +1.0668e-02 +7.2167e-03 +6.4429e-03 -2.6312e-02
73 0 +5.104169483e+01 +5.104169483e+01 -1.527183052e+02 -1.527183052e+02 +2.6071e-03 +1.1631e-02 +6.1254e-03 +6.9619e-03 -2.5437e-02
74 0 +5.005324128e+01 +5.005324128e+01 -1.537067587e+02 -1.537067587e+02 +1.9257e-03 +1.3675e-02 +5.6599e-03 +7.7285e-03 -2.6770e-02
78 0 +4.840232366e+01 +4.840232366e+01 -1.553576763e+02 -1.553576763e+02 +3.8159e-04 +1.7321e-02 +4.6835e-03 +8.4311e-03 -2.8124e-02
81 0 +4.784434589e+01 +4.784434589e+01 -1.559156541e+02 -1.559156541e+02 -3.1180e-04 +2.3845e-02 +3.4391e-03 +1.1185e-02 -3.4468e-02
84 0 +4.644453956e+01 +4.644453956e+01 -1.573154604e+02 -1.573154604e+02 -2.6192e-03 +2.5055e-02 +2.4427e-03 +1.1246e-02 -3.2163e-02
136 0 +4.561020037e+01 +4.561020037e+01 -1.581497996e+02 -1.581497996e+02 -5.1643e-03 +3.0613e-02 +1.8504e-03 +1.1401e-02 -3.3412e-02
151 0 +4.461434563e+01 +4.461434563e+01 -1.591456544e+02 -1.591456544e+02 -1.0668e-02 +3.7242e-02 +6.8048e-03 +8.0210e-03 -3.2463e-02
197 0 +4.360170367e+01 +4.360170367e+01 -1.601582963e+02 -1.601582963e+02 -1.2486e-02 +4.4650e-02 +8.6318e-03 +5.6081e-03 -3.3739e-02
204 0 +4.259360406e+01 +4.259360406e+01 -1.611663959e+02 -1.611663959e+02 -1.4482e-02 +5.5913e-02 +9.9217e-03 +3.3087e-03 -3.6853e-02
207 0 +4.136399513e+01 +4.136399513e+01 -1.623960049e+02 -1.623960049e+02 -1.1746e-02 +5.5628e-02 +5.6292e-03 +1.7477e-03 -3.2359e-02
210 0 +4.043339879e+01 +4.043339879e+01 -1.633266012e+02 -1.633266012e+02 -1.3138e-02 +6.4464e-02 +7.2499e-03 -1.4128e-03 -3.3190e-02
213 0 +3.869599887e+01 +3.869599887e+01 -1.650640011e+02 -1.650640011e+02 -1.0577e-02 +7.1127e-02 +4.5049e-03 -1.9812e-03 -3.6575e-02
217 0 +3.733200043e+01 +3.733200043e+01 -1.664279996e+02 -1.664279996e+02 -7.5914e-03 +7.6420e-02 +8.4495e-04 -5.4002e-03 -3.3444e-02
218 0 +3.577326692e+01 +3.577326692e+01 -1.679867331e+02 -1.679867331e+02 -3.3033e-03 +7.9716e-02 -2.5453e-03 -7.3385e-03 -3.3192e-02
223 0 +3.384544708e+01 +3.384544708e+01 -1.699145529e+02 -1.699145529e+02 +1.6412e-03 +8.5140e-02 -6.0541e-03 -7.6338e-03 -3.7844e-02
224 0 +3.290532780e+01 +3.290532780e+01 -1.708546722e+02 -1.708546722e+02 +9.0620e-03 +8.5370e-02 -1.1185e-02 -8.1360e-03 -3.9405e-02
233 0 +3.221863748e+01 +3.221863748e+01 -1.715413625e+02 -1.715413625e+02 +9.9970e-03 +8.7869e-02 -1.2585e-02 -1.0570e-02 -3.6305e-02
250 0 +3.159582239e+01 +3.159582239e+01 -1.721641776e+02 -1.721641776e+02 +1.8723e-02 +9.6349e-02 -2.1608e-02 -1.2817e-02 -3.7672e-02
404 0 +3.090060329e+01 +3.090060329e+01 -1.728593967e+02 -1.728593967e+02 +1.1879e-02 +1.0406e-01 -1.0801e-02 -2.6985e-03 -2.6778e-02
% f evaluations | g evaluations | best noise-free fitness - Fopt | noise-free fitness - Fopt (3.399000000000e+01) | measured fitness | best measured fitness | x1 | x2...
1 0 +9.192194247e+01 +9.192194247e+01 +1.259119425e+02 +1.259119425e+02 +0.0000e+00 +0.0000e+00 +0.0000e+00 +0.0000e+00 +0.0000e+00
3 0 +9.172347732e+01 +9.172347732e+01 +1.257134773e+02 +1.257134773e+02 +0.0000e+00 +2.5000e-04 +0.0000e+00 +0.0000e+00 +0.0000e+00
10 0 +9.087763068e+01 +9.087763068e+01 +1.248676307e+02 +1.248676307e+02 +2.4000e-04 +2.4000e-04 -3.0000e-04 +2.4000e-04 -4.1000e-04
16 0 +8.885379801e+01 +8.885379801e+01 +1.228437980e+02 +1.228437980e+02 +3.9782e-04 +5.5422e-04 -1.5053e-03 +8.4422e-04 -4.8922e-04
21 0 +8.702070642e+01 +8.702070642e+01 +1.210107064e+02 +1.210107064e+02 +7.0208e-04 +1.0274e-03 -2.0234e-03 +1.4421e-03 -1.0296e-03
24 0 +8.284684632e+01 +8.284684632e+01 +1.168368463e+02 +1.168368463e+02 +1.4505e-03 +1.7561e-03 -3.9692e-03 +2.3314e-03 -2.1828e-03
27 0 +7.889110617e+01 +7.889110617e+01 +1.128811062e+02 +1.128811062e+02 +2.4035e-03 +2.9690e-03 -5.5547e-03 +3.5384e-03 -3.1752e-03
29 0 +7.702452216e+01 +7.702452216e+01 +1.110145222e+02 +1.110145222e+02 +2.5458e-03 +2.8941e-03 -6.6872e-03 +4.4078e-03 -3.5482e-03
30 0 +7.268226547e+01 +7.268226547e+01 +1.066722655e+02 +1.066722655e+02 +3.3589e-03 +3.8112e-03 -9.1209e-03 +6.1070e-03 -4.8016e-03
32 0 +7.230358123e+01 +7.230358123e+01 +1.062935812e+02 +1.062935812e+02 +3.7348e-03 +4.2401e-03 -9.0413e-03 +5.9030e-03 -5.5107e-03
33 0 +6.862336134e+01 +6.862336134e+01 +1.026133613e+02 +1.026133613e+02 +4.8603e-03 +5.5653e-03 -1.1631e-02 +7.7360e-03 -7.4686e-03
35 0 +6.736751242e+01 +6.736751242e+01 +1.013575124e+02 +1.013575124e+02 +5.3219e-03 +6.3503e-03 -1.3480e-02 +8.7510e-03 -7.7041e-03
67 0 +6.596348363e+01 +6.596348363e+01 +9.995348363e+01 +9.995348363e+01 +5.8912e-03 +7.0114e-03 -1.6447e-02 +1.1006e-02 -9.3191e-03
78 0 +6.434781714e+01 +6.434781714e+01 +9.833781714e+01 +9.833781714e+01 +4.0340e-03 +5.0575e-03 -1.6719e-02 +1.2992e-02 -9.9230e-03
83 0 +6.265183862e+01 +6.265183862e+01 +9.664183862e+01 +9.664183862e+01 +1.9936e-03 +3.5873e-03 -1.8321e-02 +1.4958e-02 -9.9337e-03
86 0 +6.109401747e+01 +6.109401747e+01 +9.508401747e+01 +9.508401747e+01 -2.8541e-04 -9.0600e-05 -1.7959e-02 +1.6874e-02 -1.0157e-02
89 0 +5.882983421e+01 +5.882983421e+01 +9.281983421e+01 +9.281983421e+01 -3.2841e-03 -2.1066e-03 -2.1477e-02 +2.0745e-02 -1.0377e-02
93 0 +5.702408359e+01 +5.702408359e+01 +9.101408359e+01 +9.101408359e+01 -6.9047e-03 -6.2737e-03 -2.3018e-02 +2.5287e-02 -1.1881e-02
94 0 +5.558945458e+01 +5.558945458e+01 +8.957945458e+01 +8.957945458e+01 -1.1354e-02 -1.1204e-02 -2.5367e-02 +3.0452e-02 -1.2854e-02
104 0 +5.463521071e+01 +5.463521071e+01 +8.862521071e+01 +8.862521071e+01 -1.6608e-02 -1.7921e-02 -2.7200e-02 +3.5564e-02 -1.3392e-02
159 0 +5.356292561e+01 +5.356292561e+01 +8.755292561e+01 +8.755292561e+01 -1.7486e-02 -2.3241e-02 -3.1528e-02 +3.8205e-02 -1.2269e-02
164 0 +5.241704486e+01 +5.241704486e+01 +8.640704486e+01 +8.640704486e+01 -1.4141e-02 -2.6592e-02 -3.4555e-02 +3.7895e-02 -1.1208e-02
170 0 +5.068135548e+01 +5.068135548e+01 +8.467135548e+01 +8.467135548e+01 -1.5127e-02 -3.6292e-02 -4.3590e-02 +4.3150e-02 -9.4866e-03
176 0 +4.906362705e+01 +4.906362705e+01 +8.305362705e+01 +8.305362705e+01 -1.1710e-02 -4.7643e-02 -5.4708e-02 +4.7447e-02 -7.4147e-03
177 0 +4.818603427e+01 +4.818603427e+01 +8.217603427e+01 +8.217603427e+01 -9.1530e-03 -5.5188e-02 -6.1304e-02 +4.9117e-02 -5.2018e-03
185 0 +4.763595015e+01 +4.763595015e+01 +8.162595015e+01 +8.162595015e+01 -7.7085e-03 -7.1821e-02 -7.6071e-02 +5.5821e-02 -1.3982e-03
221 0 +4.670141187e+01 +4.670141187e+01 +8.069141187e+01 +8.069141187e+01 -1.0816e-02 -7.0780e-02 -7.4905e-02 +5.4505e-02 +8.0049e-04
232 0 +4.539726448e+01 +4.539726448e+01 +7.938726448e+01 +7.938726448e+01 -1.3123e-02 -6.8920e-02 -7.7292e-02 +5.0970e-02 +6.6735e-03
236 0 +4.447136752e+01 +4.447136752e+01 +7.846136752e+01 +7.846136752e+01 -1.3831e-02 -6.7069e-02 -8.0391e-02 +4.9697e-02 +9.4087e-03
242 0 +4.322429827e+01 +4.322429827e+01 +7.721429827e+01 +7.721429827e+01 -1.7786e-02 -6.6080e-02 -9.1167e-02 +4.5022e-02 +2.1818e-02
247 0 +4.217290911e+01 +4.217290911e+01 +7.616290911e+01 +7.616290911e+01 -1.8722e-02 -5.7842e-02 -9.5002e-02 +3.9494e-02 +2.8007e-02
272 0 +4.164319905e+01 +4.164319905e+01 +7.563319905e+01 +7.563319905e+01 -1.7582e-02 -4.4772e-02 -9.1139e-02 +3.3413e-02 +2.8643e-02
407 0 +4.072834240e+01 +4.072834240e+01 +7.471834240e+01 +7.471834240e+01 -1.4106e-02 -4.5704e-02 -9.9240e-02 +3.3954e-02 +3.8014e-02
417 0 +3.974744189e+01 +3.974744189e+01 +7.373744189e+01 +7.373744189e+01 -1.6561e-02 -4.1646e-02 -1.0843e-01 +3.3360e-02 +5.3081e-02
423 0 +3.883398741e+01 +3.883398741e+01 +7.282398741e+01 +7.282398741e+01 -2.0535e-02 -3.8796e-02 -1.1327e-01 +3.4465e-02 +6.0833e-02
430 0 +3.766279424e+01 +3.766279424e+01 +7.165279424e+01 +7.165279424e+01 -2.6838e-02 -3.4824e-02 -1.2052e-01 +3.7737e-02 +7.2360e-02
439 0 +3.712181133e+01 +3.712181133e+01 +7.111181133e+01 +7.111181133e+01 -3.0591e-02 -2.8201e-02 -1.2815e-01 +3.8919e-02 +8.4922e-02
450 0 +3.605819870e+01 +3.605819870e+01 +7.004819870e+01 +7.004819870e+01 -3.1556e-02 -2.4347e-02 -1.3126e-01 +4.2056e-02 +9.0065e-02
467 0 +3.538549797e+01 +3.538549797e+01 +6.937549797e+01 +6.937549797e+01 -3.0902e-02 -2.0844e-02 -1.2886e-01 +4.2013e-02 +9.0567e-02
477 0 +3.449645402e+01 +3.449645402e+01 +6.848645402e+01 +6.848645402e+01 -2.9423e-02 -2.1721e-02 -1.2307e-01 +4.4121e-02 +8.4309e-02
481 0 +3.379643565e+01 +3.379643565e+01 +6.778643565e+01 +6.778643565e+01 -3.0726e-02 -1.8339e-02 -1.2226e-01 +4.3694e-02 +8.9854e-02
486 0 +3.309593795e+01 +3.309593795e+01 +6.708593795e+01 +6.708593795e+01 -3.3791e-02 -1.2988e-02 -1.3042e-01 +5.2510e-02 +1.0194e-01
490 0 +3.174874491e+01 +3.174874491e+01 +6.573874491e+01 +6.573874491e+01 -2.9875e-02 -1.7850e-02 -1.2617e-01 +5.3895e-02 +9.7133e-02
491 0 +3.140901517e+01 +3.140901517e+01 +6.539901517e+01 +6.539901517e+01 -2.8005e-02 -2.0843e-02 -1.2151e-01 +5.7789e-02 +9.1717e-02
496 0 +3.031063518e+01 +3.031063518e+01 +6.430063518e+01 +6.430063518e+01 -3.2325e-02 -1.6368e-02 -1.2977e-01 +6.0666e-02 +1.0884e-01
497 0 +3.010006452e+01 +3.010006452e+01 +6.409006452e+01 +6.409006452e+01 -3.1592e-02 -1.8058e-02 -1.2944e-01 +6.4745e-02 +1.1228e-01
504 0 +2.933722615e+01 +2.933722615e+01 +6.332722615e+01 +6.332722615e+01 -3.4201e-02 -2.1313e-02 -1.3930e-01 +7.7406e-02 +1.2331e-01
% f evaluations | g evaluations | best noise-free fitness - Fopt | noise-free fitness - Fopt (-1.000000000000e+03) | measured fitness | best measured fitness | x1 | x2...
1 0 +6.866148714e+01 +6.866148714e+01 -9.313385129e+02 -9.313385129e+02 +0.0000e+00 +0.0000e+00 +0.0000e+00 +0.0000e+00 +0.0000e+00
2 0 +6.862677786e+01 +6.862677786e+01 -9.313732221e+02 -9.313732221e+02 +2.5000e-04 +0.0000e+00 +0.0000e+00 +0.0000e+00 +0.0000e+00
12 0 +6.748906691e+01 +6.748906691e+01 -9.325109331e+02 -9.325109331e+02 -1.7960e-04 -5.8800e-04 +4.7040e-04 -3.3600e-05 +4.7040e-04
18 0 +6.582994679e+01 +6.582994679e+01 -9.341700532e+02 -9.341700532e+02 -1.4596e-04 -1.9343e-03 +7.9148e-04 +1.4661e-04 +7.4108e-04
20 0 +6.449730103e+01 +6.449730103e+01 -9.355026990e+02 -9.355026990e+02 -1.7554e-04 -2.3550e-03 +1.3244e-03 -1.8743e-04 +1.2437e-03
23 0 +6.224058804e+01 +6.224058804e+01 -9.377594120e+02 -9.377594120e+02 +2.8962e-04 -4.2431e-03 +1.4410e-03 +1.3913e-04 +1.7644e-03
25 0 +6.123362882e+01 +6.123362882e+01 -9.387663712e+02 -9.387663712e+02 -4.0933e-04 -4.5101e-03 +1.9465e-03 +7.2135e-05 +2.0464e-03
26 0 +5.826503608e+01 +5.826503608e+01 -9.417349639e+02 -9.417349639e+02 -7.6284e-04 -6.1066e-03 +2.7178e-03 +1.4583e-04 +2.7227e-03
29 0 +5.378415151e+01 +5.378415151e+01 -9.462158485e+02 -9.462158485e+02 -1.8220e-04 -8.5999e-03 +3.7121e-03 -2.2585e-04 +3.5573e-03
31 0 +5.213718744e+01 +5.213718744e+01 -9.478628126e+02 -9.478628126e+02 -3.6411e-04 -9.6469e-03 +3.9993e-03 +1.5542e-04 +4.0697e-03
32 0 +4.708469476e+01 +4.708469476e+01 -9.529153052e+02 -9.529153052e+02 -5.1542e-04 -1.2603e-02 +5.2948e-03 +3.1133e-04 +5.2112e-03
33 0 +4.665257569e+01 +4.665257569e+01 -9.533474243e+02 -9.533474243e+02 -1.0373e-03 -1.2483e-02 +5.5082e-03 -7.1228e-05 +5.4710e-03
34 0 +4.043680795e+01 +4.043680795e+01 -9.595631921e+02 -9.595631921e+02 -1.7007e-03 -1.6603e-02 +7.5418e-03 -1.7641e-04 +7.3243e-03
36 0 +3.880763970e+01 +3.880763970e+01 -9.611923603e+02 -9.611923603e+02 -7.2717e-04 -1.8825e-02 +7.9113e-03 -6.3843e-05 +7.7392e-03
37 0 +3.623338775e+01 +3.623338775e+01 -9.637666123e+02 -9.637666123e+02 -7.0933e-04 -2.5184e-02 +1.0508e-02 -1.6868e-04 +1.0247e-02
82 0 +3.538133943e+01 +3.538133943e+01 -9.646186606e+02 -9.646186606e+02 -4.8995e-03 -2.2392e-02 +1.2460e-02 +1.8574e-04 +9.5784e-03
106 0 +3.461029371e+01 +3.461029371e+01 -9.653897063e+02 -9.653897063e+02 -1.3468e-02 -1.9195e-02 +1.7934e-02 +1.0038e-03 +9.0189e-03
124 0 +3.373454554e+01 +3.373454554e+01 -9.662654545e+02 -9.662654545e+02 -1.2035e-02 -1.9534e-02 +1.9469e-02 +8.2123e-04 +8.0584e-03
132 0 +3.298390796e+01 +3.298390796e+01 -9.670160920e+02 -9.670160920e+02 -1.0917e-02 -1.9028e-02 +2.1097e-02 +5.7249e-04 +6.7610e-03
141 0 +3.215037941e+01 +3.215037941e+01 -9.678496206e+02 -9.678496206e+02 -8.1589e-03 -1.8863e-02 +2.4885e-02 +6.3465e-05 +4.2218e-03
283 0 +3.158084480e+01 +3.158084480e+01 -9.684191552e+02 -9.684191552e+02 -9.9926e-03 -1.2976e-02 +3.0396e-02 -5.7702e-03 +3.3396e-03
% f evaluations | g evaluations | best noise-free fitness - Fopt | noise-free fitness - Fopt (-1.000000000000e+03) | measured fitness | best measured fitness | x1 | x2...
1 0 +6.936636669e+01 +6.936636669e+01 -9.306336333e+02 -9.306336333e+02 +0.0000e+00 +0.0000e+00 +0.0000e+00 +0.0000e+00 +0.0000e+00
5 0 +6.933328426e+01 +6.933328426e+01 -9.306667157e+02 -9.306667157e+02 +0.0000e+00 +0.0000e+00 +0.0000e+00 +2.5000e-04 +0.0000e+00
8 0 +6.910551837e+01 +6.910551837e+01 -9.308944816e+02 -9.308944816e+02 +1.5000e-04 +1.5000e-04 -5.0000e-04 +1.5000e-04 +1.5000e-04
19 0 +6.736398125e+01 +6.736398125e+01 -9.326360187e+02 -9.326360187e+02 -1.7228e-04 -7.4764e-04 -1.6398e-03 +7.5226e-04 +1.3859e-03
22 0 +6.580442857e+01 +6.580442857e+01 -9.341955714e+02 -9.341955714e+02 +1.3337e-04 -4.3601e-04 -3.3361e-03 +7.1537e-04 +2.1346e-03
25 0 +6.339722806e+01 +6.339722806e+01 -9.366027719e+02 -9.366027719e+02 +4.5389e-04 -1.8420e-03 -4.7577e-03 +1.6387e-03 +3.1135e-03
27 0 +6.302816422e+01 +6.302816422e+01 -9.369718358e+02 -9.369718358e+02 +1.4591e-04 -1.5170e-03 -4.8330e-03 +1.4445e-03 +3.5338e-03
28 0 +6.035932132e+01 +6.035932132e+01 -9.396406787e+02 -9.396406787e+02 +1.9283e-04 -1.9779e-03 -6.3552e-03 +1.9164e-03 +4.7124e-03
29 0 +6.011392583e+01 +6.011392583e+01 -9.398860742e+02 -9.398860742e+02 +5.1631e-04 -1.8567e-03 -6.8680e-03 +1.6585e-03 +4.6550e-03
30 0 +5.588962360e+01 +5.588962360e+01 -9.441103764e+02 -9.441103764e+02 +8.6061e-04 -2.4113e-03 -9.4821e-03 +2.1116e-03 +6.2896e-03
32 0 +5.424766105e+01 +5.424766105e+01 -9.457523390e+02 -9.457523390e+02 +5.9396e-04 -3.5425e-03 -9.9453e-03 +2.9886e-03 +6.9835e-03
33 0 +4.914818143e+01 +4.914818143e+01 -9.508518186e+02 -9.508518186e+02 +8.2426e-04 -5.0957e-03 -1.3250e-02 +4.1252e-03 +9.4080e-03
35 0 +4.708920012e+01 +4.708920012e+01 -9.529107999e+02 -9.529107999e+02 +9.5051e-04 -4.5234e-03 -1.5411e-02 +4.0827e-03 +1.0746e-02
36 0 +4.537300953e+01 +4.537300953e+01 -9.546269905e+02 -9.546269905e+02 +1.1988e-03 -5.8641e-03 -2.0737e-02 +5.3047e-03 +1.4563e-02
70 0 +4.446694918e+01 +4.446694918e+01 -9.555330508e+02 -9.555330508e+02 +1.9774e-04 -3.6999e-03 -2.0192e-02 +4.2694e-03 +1.4991e-02
76 0 +4.337767562e+01 +4.337767562e+01 -9.566223244e+02 -9.566223244e+02 -1.6732e-03 -2.3978e-04 -2.1560e-02 +2.8148e-03 +1.7981e-02
81 0 +4.237642025e+01 +4.237642025e+01 -9.576235798e+02 -9.576235798e+02 -4.3436e-03 +3.5777e-03 -2.1974e-02 +9.4574e-04 +2.2074e-02
86 0 +4.149964356e+01 +4.149964356e+01 -9.585003564e+02 -9.585003564e+02 -7.5570e-03 +9.8942e-03 -2.0233e-02 -1.9330e-03 +2.3441e-02
124 0 +4.065403802e+01 +4.065403802e+01 -9.593459620e+02 -9.593459620e+02 -1.2098e-02 +1.2232e-02 -1.8151e-02 -4.2305e-03 +3.1805e-02
137 0 +3.971042284e+01 +3.971042284e+01 -9.602895772e+02 -9.602895772e+02 -1.6442e-02 +8.4715e-03 -9.8525e-03 -5.7420e-03 +4.0883e-02
178 0 +3.887177828e+01 +3.887177828e+01 -9.611282217e+02 -9.611282217e+02 -1.8158e-02 +7.1143e-03 -6.7009e-03 -7.6150e-03 +4.7946e-02
191 0 +3.789875311e+01 +3.789875311e+01 -9.621012469e+02 -9.621012469e+02 -2.0098e-02 +7.1283e-03 -2.3014e-03 -1.0678e-02 +5.4791e-02
197 0 +3.690865789e+01 +3.690865789e+01 -9.630913421e+02 -9.630913421e+02 -1.9587e-02 +4.8287e-03 +2.3121e-03 -1.3129e-02 +5.9081e-02
199 0 +3.605370701e+01 +3.605370701e+01 -9.639462930e+02 -9.639462930e+02 -1.9187e-02 +8.8625e-03 -1.0951e-03 -1.4130e-02 +5.8073e-02
200 0 +3.519726225e+01 +3.519726225e+01 -9.648027378e+02 -9.648027378e+02 -1.9294e-02 +1.2328e-02 -2.2305e-03 -1.6417e-02 +5.9877e-02
208 0 +3.378669098e+01 +3.378669098e+01 -9.662133090e+02 -9.662133090e+02 -1.7148e-02 +1.3847e-02 -1.4313e-04 -2.0706e-02 +6.2548e-02
209 0 +3.298327832e+01 +3.298327832e+01 -9.670167217e+02 -9.670167217e+02 -1.4566e-02 +1.4283e-02 -1.4736e-03 -2.1985e-02 +6.1954e-02
215 0 +3.209955856e+01 +3.209955856e+01 -9.679004414e+02 -9.679004414e+02 -1.4191e-02 +2.3647e-02 -3.7727e-03 -2.9493e-02 +6.8410e-02
217 0 +3.131956378e+01 +3.131956378e+01 -9.686804362e+02 -9.686804362e+02 -1.6863e-02 +1.9828e-02 -2.2801e-04 -2.9112e-02 +7.4654e-02
225 0 +3.056841993e+01 +3.056841993e+01 -9.694315801e+02 -9.694315801e+02 -1.2743e-02 +2.4954e-02 -5.8634e-03 -3.3092e-02 +7.5342e-02
% f evaluations | g evaluations | best noise-free fitness - Fopt | noise-free fitness - Fopt (-1.272000000000e+01) | measured fitness | best measured fitness | x1 | x2...
1 0 +9.222173991e+01 +9.222173991e+01 +7.950173991e+01 +7.950173991e+01 +0.0000e+00 +0.0000e+00 +0.0000e+00 +0.0000e+00 +0.0000e+00
4 0 +9.211010743e+01 +9.211010743e+01 +7.939010743e+01 +7.939010743e+01 +0.0000e+00 +0.0000e+00 +2.5000e-04 +0.0000e+00 +0.0000e+00
14 0 +9.099916413e+01 +9.099916413e+01 +7.827916413e+01 +7.827916413e+01 -9.4080e-04 -5.3760e-05 +1.0264e-04 +2.1264e-04 +7.5264e-04
20 0 +8.907198525e+01 +8.907198525e+01 +7.635198525e+01 +7.635198525e+01 -2.4126e-03 -6.2146e-05 +8.8661e-04 -1.2946e-04 +1.7736e-03
24 0 +8.686177310e+01 +8.686177310e+01 +7.414177310e+01 +7.414177310e+01 -4.4492e-03 +6.8320e-04 +1.5156e-03 -3.3538e-04 +2.5929e-03
27 0 +8.418344581e+01 +8.418344581e+01 +7.146344581e+01 +7.146344581e+01 -6.2155e-03 +1.6726e-04 +1.7011e-03 -2.6094e-04 +4.2965e-03
30 0 +8.134605931e+01 +8.134605931e+01 +6.862605931e+01 +6.862605931e+01 -8.2138e-03 +3.8110e-04 +3.1634e-03 -7.1489e-04 +5.3158e-03
31 0 +8.078260147e+01 +8.078260147e+01 +6.806260147e+01 +6.806260147e+01 -8.8061e-03 +8.9316e-04 +2.8430e-03 -6.5924e-04 +5.6446e-03
32 0 +7.642776658e+01 +7.642776658e+01 +6.370776658e+01 +6.370776658e+01 -1.2003e-02 +1.3708e-03 +3.8212e-03 -9.2413e-04 +7.5800e-03
34 0 +7.520286519e+01 +7.520286519e+01 +6.248286519e+01 +6.248286519e+01 -1.2546e-02 +5.6899e-04 +4.1583e-03 -1.1292e-03 +8.5514e-03
35 0 +6.947378839e+01 +6.947378839e+01 +5.675378839e+01 +5.675378839e+01 -1.6594e-02 +5.1189e-04 +5.4797e-03 -1.5261e-03 +1.1531e-02
37 0 +6.658128369e+01 +6.658128369e+01 +5.386128369e+01 +5.386128369e+01 -1.9236e-02 +1.3990e-03 +6.8855e-03 -1.9286e-03 +1.2406e-02
38 0 +5.984591951e+01 +5.984591951e+01 +4.712591951e+01 +4.712591951e+01 -2.5746e-02 +2.0149e-03 +9.4778e-03 -2.7624e-03 +1.6461e-02
40 0 +5.830139636e+01 +5.830139636e+01 +4.558139636e+01 +4.558139636e+01 -2.7194e-02 +1.8523e-03 +9.1382e-03 -2.3511e-03 +1.7868e-02
41 0 +5.462576617e+01 +5.462576617e+01 +4.190576617e+01 +4.190576617e+01 -3.5445e-02 +2.3846e-03 +1.1867e-02 -2.9642e-03 +2.3363e-02
108 0 +5.367968117e+01 +5.367968117e+01 +4.095968117e+01 +4.095968117e+01 -3.6258e-02 +4.0172e-03 +6.1385e-03 +1.1223e-03 +2.5629e-02
120 0 +5.234588396e+01 +5.234588396e+01 +3.962588396e+01 +3.962588396e+01 -3.8197e-02 +1.7528e-02 -1.6046e-03 +5.5384e-03 +2.4140e-02
125 0 +5.128278551e+01 +5.128278551e+01 +3.856278551e+01 +3.856278551e+01 -3.9969e-02 +3.8324e-02 -1.3346e-02 +1.1839e-02 +2.0670e-02
144 0 +5.009404806e+01 +5.009404806e+01 +3.737404806e+01 +3.737404806e+01 -4.6585e-02 +6.1353e-02 -1.9951e-02 +1.3865e-02 +1.9448e-02
223 0 +4.896487767e+01 +4.896487767e+01 +3.624487767e+01 +3.624487767e+01 -4.9426e-02 +7.6724e-02 -2.5432e-02 +7.9844e-03 +1.9887e-02
231 0 +4.769689029e+01 +4.769689029e+01 +3.497689029e+01 +3.497689029e+01 -5.3016e-02 +8.3483e-02 -2.8254e-02 -1.0269e-03 +2.4579e-02
236 0 +4.644575369e+01 +4.644575369e+01 +3.372575369e+01 +3.372575369e+01 -5.5836e-02 +8.3402e-02 -2.7887e-02 -1.0161e-02 +2.9275e-02
241 0 +4.568686668e+01 +4.568686668e+01 +3.296686668e+01 +3.296686668e+01 -5.9779e-02 +9.2926e-02 -3.4250e-02 -1.6300e-02 +3.3808e-02
247 0 +4.448332887e+01 +4.448332887e+01 +3.176332887e+01 +3.176332887e+01 -6.5171e-02 +9.0846e-02 -3.2824e-02 -3.0956e-02 +4.2803e-02
249 0 +4.348515496e+01 +4.348515496e+01 +3.076515496e+01 +3.076515496e+01 -6.3332e-02 +8.4835e-02 -3.2915e-02 -2.8001e-02 +4.2398e-02
250 0 +4.264368764e+01 +4.264368764e+01 +2.992368764e+01 +2.992368764e+01 -6.3806e-02 +7.8307e-02 -3.2572e-02 -3.1629e-02 +4.6041e-02
260 0 +4.147714484e+01 +4.147714484e+01 +2.875714484e+01 +2.875714484e+01 -6.3008e-02 +6.1585e-02 -2.8907e-02 -4.1867e-02 +5.2255e-02
305 0 +4.072552120e+01 +4.072552120e+01 +2.800552120e+01 +2.800552120e+01 -6.2229e-02 +5.7018e-02 -3.0565e-02 -3.7990e-02 +4.9422e-02
321 0 +3.949875541e+01 +3.949875541e+01 +2.677875541e+01 +2.677875541e+01 -7.0087e-02 +7.4088e-02 -4.1981e-02 -3.6298e-02 +4.6316e-02
328 0 +3.870241231e+01 +3.870241231e+01 +2.598241231e+01 +2.598241231e+01 -7.5906e-02 +7.8962e-02 -5.1657e-02 -3.6187e-02 +4.3860e-02
338 0 +3.783879581e+01 +3.783879581e+01 +2.511879581e+01 +2.511879581e+01 -7.7500e-02 +7.7368e-02 -5.0257e-02 -4.2442e-02 +4.5344e-02
347 0 +3.713220973e+01 +3.713220973e+01 +2.441220973e+01 +2.441220973e+01 -7.9925e-02 +7.3519e-02 -5.2782e-02 -3.8858e-02 +4.1823e-02
352 0 +3.586647149e+01 +3.586647149e+01 +2.314647149e+01 +2.314647149e+01 -7.7732e-02 +7.1417e-02 -5.0680e-02 -3.1530e-02 +3.5574e-02
353 0 +3.545848004e+01 +3.545848004e+01 +2.273848004e+01 +2.273848004e+01 -7.7848e-02 +6.8441e-02 -5.0891e-02 -2.6074e-02 +3.0689e-02
356 0 +3.412697361e+01 +3.412697361e+01 +2.140697361e+01 +2.140697361e+01 -8.8639e-02 +9.0334e-02 -6.4271e-02 -3.5836e-02 +2.7490e-02
361 0 +3.284534140e+01 +3.284534140e+01 +2.012534140e+01 +2.012534140e+01 -8.5052e-02 +7.6621e-02 -5.5700e-02 -3.0183e-02 +2.2180e-02
364 0 +3.217858008e+01 +3.217858008e+01 +1.945858008e+01 +1.945858008e+01 -9.0282e-02 +9.7344e-02 -6.4438e-02 -2.6791e-02 +1.6301e-02
368 0 +3.162197577e+01 +3.162197577e+01 +1.890197577e+01 +1.890197577e+01 -9.3264e-02 +8.4145e-02 -6.3029e-02 -1.7040e-02 +4.9756e-03
% f evaluations | g evaluations | best noise-free fitness - Fopt | noise-free fitness - Fopt (-5.954000000000e+01) | measured fitness | best measured fitness | x1 | x2...
1 0 +8.027249620e+01 +8.027249620e+01 +2.073249620e+01 +2.073249620e+01 +0.0000e+00 +0.0000e+00 +0.0000e+00 +0.0000e+00 +0.0000e+00
4 0 +8.007512710e+01 +8.007512710e+01 +2.053512710e+01 +2.053512710e+01 +0.0000e+00 +0.0000e+00 +2.5000e-04 +0.0000e+00 +0.0000e+00
13 0 +7.939431407e+01 +7.939431407e+01 +1.985431407e+01 +1.985431407e+01 -3.5840e-05 -6.2720e-04 +5.0176e-04 +2.6176e-04 +1.5176e-04
20 0 +7.750242820e+01 +7.750242820e+01 +1.796242820e+01 +1.796242820e+01 +1.5537e-04 -2.2310e-03 +1.3384e-03 +1.2484e-03 +4.5133e-04
25 0 +7.461347372e+01 +7.461347372e+01 +1.507347372e+01 +1.507347372e+01 +7.3710e-04 -4.8416e-03 +2.7774e-03 +1.8720e-03 +1.3026e-03
27 0 +7.382683304e+01 +7.382683304e+01 +1.428683304e+01 +1.428683304e+01 +5.3963e-04 -5.5544e-03 +3.3436e-03 +2.4017e-03 +8.8789e-04
28 0 +7.162673903e+01 +7.162673903e+01 +1.208673903e+01 +1.208673903e+01 +6.2266e-04 -7.5379e-03 +4.5605e-03 +3.3707e-03 +1.0749e-03
31 0 +6.900878372e+01 +6.900878372e+01 +9.468783716e+00 +9.468783716e+00 +1.3710e-03 -1.0958e-02 +5.8155e-03 +4.2467e-03 +2.0760e-03
33 0 +6.613417764e+01 +6.613417764e+01 +6.594177638e+00 +6.594177638e+00 +2.1689e-03 -1.4268e-02 +8.0067e-03 +5.9858e-03 +2.7139e-03
35 0 +6.463833252e+01 +6.463833252e+01 +5.098332520e+00 +5.098332520e+00 +1.9188e-03 -1.6358e-02 +9.2745e-03 +6.6968e-03 +2.5603e-03
36 0 +6.215644574e+01 +6.215644574e+01 +2.616445743e+00 +2.616445743e+00 +2.5096e-03 -2.2116e-02 +1.2523e-02 +9.1091e-03 +3.1892e-03
49 0 +6.150015856e+01 +6.150015856e+01 +1.960158558e+00 +1.960158558e+00 +2.3881e-03 -2.3295e-02 +1.3538e-02 +1.0147e-02 +3.2927e-03
54 0 +6.021555384e+01 +6.021555384e+01 +6.755538407e-01 +6.755538407e-01 +2.1157e-03 -2.6338e-02 +1.5960e-02 +1.1620e-02 +2.2826e-03
57 0 +5.861319044e+01 +5.861319044e+01 -9.268095558e-01 -9.268095558e-01 +1.0753e-03 -2.5718e-02 +1.6649e-02 +1.2787e-02 +1.1107e-03
62 0 +5.665601643e+01 +5.665601643e+01 -2.883983574e+00 -2.883983574e+00 +2.0543e-04 -2.9391e-02 +2.0420e-02 +1.5095e-02 -7.5040e-04
63 0 +5.543253475e+01 +5.543253475e+01 -4.107465245e+00 -4.107465245e+00 -6.4668e-04 -3.2805e-02 +2.3843e-02 +1.7535e-02 -2.4608e-03
64 0 +5.478712954e+01 +5.478712954e+01 -4.752870458e+00 -4.752870458e+00 -1.1056e-03 -2.8202e-02 +2.1186e-02 +1.6056e-02 -2.2601e-03
65 0 +5.254352477e+01 +5.254352477e+01 -6.996475228e+00 -6.996475228e+00 -2.7162e-03 -2.9133e-02 +2.3799e-02 +1.8273e-02 -4.5314e-03
67 0 +5.154475052e+01 +5.154475052e+01 -7.995249480e+00 -7.995249480e+00 -3.3806e-03 -3.0289e-02 +2.5202e-02 +1.8542e-02 -5.8961e-03
68 0 +4.920910060e+01 +4.920910060e+01 -1.033089940e+01 -1.033089940e+01 -5.6085e-03 -3.2575e-02 +2.9478e-02 +2.1419e-02 -9.3994e-03
69 0 +4.885655995e+01 +4.885655995e+01 -1.068344005e+01 -1.068344005e+01 -6.0967e-03 -2.8656e-02 +2.7049e-02 +1.9889e-02 -1.0156e-02
70 0 +4.744365388e+01 +4.744365388e+01 -1.209634612e+01 -1.209634612e+01 -9.6979e-03 -2.8562e-02 +3.1076e-02 +2.2688e-02 -1.5809e-02
102 0 +4.673933708e+01 +4.673933708e+01 -1.280066292e+01 -1.280066292e+01 -8.7799e-03 -3.2072e-02 +3.2800e-02 +2.2871e-02 -1.5484e-02
112 0 +4.566696429e+01 +4.566696429e+01 -1.387303571e+01 -1.387303571e+01 -9.1818e-03 -3.4224e-02 +3.5144e-02 +2.2172e-02 -1.8392e-02
117 0 +4.460170255e+01 +4.460170255e+01 -1.493829745e+01 -1.493829745e+01 -9.0719e-03 -3.6881e-02 +3.7583e-02 +2.1039e-02 -2.0798e-02
122 0 +4.330793492e+01 +4.330793492e+01 -1.623206508e+01 -1.623206508e+01 -7.7696e-03 -4.0095e-02 +3.8773e-02 +1.8474e-02 -2.2179e-02
124 0 +4.193164991e+01 +4.193164991e+01 -1.760835009e+01 -1.760835009e+01 -8.0639e-03 -4.3604e-02 +4.2417e-02 +1.7081e-02 -2.6611e-02
127 0 +4.150458060e+01 +4.150458060e+01 -1.803541940e+01 -1.803541940e+01 -7.3197e-03 -4.4440e-02 +4.2467e-02 +1.5738e-02 -2.6349e-02
128 0 +4.015807221e+01 +4.015807221e+01 -1.938192779e+01 -1.938192779e+01 -6.9321e-03 -4.8174e-02 +4.5562e-02 +1.3426e-02 -2.9771e-02
130 0 +3.871875297e+01 +3.871875297e+01 -2.082124703e+01 -2.082124703e+01 -3.6941e-03 -5.5130e-02 +4.7736e-02 +7.5015e-03 -3.2570e-02
134 0 +3.663292646e+01 +3.663292646e+01 -2.290707354e+01 -2.290707354e+01 -4.6325e-03 -6.2592e-02 +5.5944e-02 +4.6168e-03 -4.1939e-02
135 0 +3.549769761e+01 +3.549769761e+01 -2.404230239e+01 -2.404230239e+01 -3.5252e-03 -7.2041e-02 +6.3459e-02 -1.7045e-03 -5.1173e-02
143 0 +3.539357523e+01 +3.539357523e+01 -2.414642477e+01 -2.414642477e+01 +1.4761e-04 -8.3857e-02 +7.0145e-02 -1.1495e-02 -5.9277e-02
145 0 +3.458355942e+01 +3.458355942e+01 -2.495644058e+01 -2.495644058e+01 -1.9138e-03 -7.1214e-02 +6.1389e-02 -5.8125e-03 -5.0661e-02
205 0 +3.382658869e+01 +3.382658869e+01 -2.571341131e+01 -2.571341131e+01 -1.2384e-03 -7.5359e-02 +6.6615e-02 -1.4133e-02 -5.7544e-02
214 0 +3.297017272e+01 +3.297017272e+01 -2.656982728e+01 -2.656982728e+01 -2.5861e-03 -7.2743e-02 +7.0166e-02 -1.8000e-02 -5.7137e-02
220 0 +3.227859067e+01 +3.227859067e+01 -2.726140933e+01 -2.726140933e+01 -5.5260e-03 -6.6417e-02 +7.0995e-02 -1.7175e-02 -5.5328e-02
229 0 +3.161229655e+01 +3.161229655e+01 -2.792770345e+01 -2.792770345e+01 -7.9120e-03 -6.6012e-02 +7.8761e-02 -2.1814e-02 -5.7951e-02
% f evaluations | g evaluations | best noise-free fitness - Fopt | noise-free fitness - Fopt (-1.000000000000e+03) | measured fitness | best measured fitness | x1 | x2...
1 0 +5.684941473e+01 +5.684941473e+01 -9.431505853e+02 -9.431505853e+02 +0.0000e+00 +0.0000e+00 +0.0000e+00 +0.0000e+00 +0.0000e+00
4 0 +5.673497858e+01 +5.673497858e+01 -9.432650214e+02 -9.432650214e+02 +0.0000e+00 +0.0000e+00 +2.5000e-04 +0.0000e+00 +0.0000e+00
14 0 +5.597458364e+01 +5.597458364e+01 -9.440254164e+02 -9.440254164e+02 -3.3600e-06 -9.4080e-04 +7.5264e-04 +3.9264e-04 -5.3760e-05
21 0 +5.454714851e+01 +5.454714851e+01 -9.454528515e+02 -9.454528515e+02 -1.7459e-04 -2.7145e-03 +1.7987e-03 +9.0276e-04 -1.1912e-04
25 0 +5.367457782e+01 +5.367457782e+01 -9.463254222e+02 -9.463254222e+02 -1.0150e-03 -3.2619e-03 +2.6016e-03 +1.4458e-03 -4.6038e-04
28 0 +5.228640518e+01 +5.228640518e+01 -9.477135948e+02 -9.477135948e+02 -9.4209e-04 -5.0202e-03 +3.9645e-03 +2.0167e-03 -6.2705e-04
29 0 +5.097850576e+01 +5.097850576e+01 -9.490214942e+02 -9.490214942e+02 -1.0977e-03 -6.8491e-03 +5.3288e-03 +2.7195e-03 -7.9808e-04
32 0 +4.885511749e+01 +4.885511749e+01 -9.511448825e+02 -9.511448825e+02 -2.9076e-03 -9.1459e-03 +8.2254e-03 +4.2677e-03 -2.1625e-03
35 0 +4.721539847e+01 +4.721539847e+01 -9.527846015e+02 -9.527846015e+02 -3.5218e-03 -1.3837e-02 +1.1026e-02 +6.2719e-03 -2.3412e-03
61 0 +4.674620457e+01 +4.674620457e+01 -9.532537954e+02 -9.532537954e+02 -4.7266e-03 -1.7756e-02 +1.4233e-02 +7.8486e-03 -2.8351e-03
117 0 +4.562153186e+01 +4.562153186e+01 -9.543784681e+02 -9.543784681e+02 -9.9214e-03 -2.3423e-02 +1.2682e-02 +7.5256e-03 +1.0400e-03
314 0 +4.461095376e+01 +4.461095376e+01 -9.553890462e+02 -9.553890462e+02 -1.1963e-02 -2.9929e-02 +1.0883e-02 -4.3148e-03 +6.3279e-03
330 0 +4.353541555e+01 +4.353541555e+01 -9.564645844e+02 -9.564645844e+02 -1.0219e-02 -2.6709e-02 +7.3953e-03 -3.3645e-03 -4.8341e-03
335 0 +4.244436991e+01 +4.244436991e+01 -9.575556301e+02 -9.575556301e+02 -1.0315e-02 -3.0830e-02 +5.3547e-03 -1.0163e-02 -6.3973e-03
340 0 +4.157414030e+01 +4.157414030e+01 -9.584258597e+02 -9.584258597e+02 -7.1383e-03 -3.2953e-02 +1.5610e-03 -1.6845e-02 -1.6026e-02
342 0 +4.044162774e+01 +4.044162774e+01 -9.595583723e+02 -9.595583723e+02 -7.9738e-03 -3.0458e-02 -2.1519e-03 -1.9702e-02 -1.9328e-02
343 0 +3.924991967e+01 +3.924991967e+01 -9.607500803e+02 -9.607500803e+02 -7.8098e-03 -3.0104e-02 -7.0014e-03 -2.6003e-02 -2.5356e-02
348 0 +3.884846109e+01 +3.884846109e+01 -9.611515389e+02 -9.611515389e+02 -3.6224e-03 -2.7279e-02 -1.7165e-02 -3.8450e-02 -4.7316e-02
351 0 +3.743833748e+01 +3.743833748e+01 -9.625616625e+02 -9.625616625e+02 -7.6948e-03 -3.3146e-02 -1.4673e-02 -4.2604e-02 -3.4068e-02
354 0 +3.629577321e+01 +3.629577321e+01 -9.637042268e+02 -9.637042268e+02 -7.9725e-03 -3.3631e-02 -2.2533e-02 -4.8778e-02 -4.3939e-02
355 0 +3.533157777e+01 +3.533157777e+01 -9.646684222e+02 -9.646684222e+02 -1.0517e-02 -3.4804e-02 -2.8563e-02 -5.5023e-02 -4.7422e-02
368 0 +3.368514285e+01 +3.368514285e+01 -9.663148572e+02 -9.663148572e+02 -1.8131e-02 -3.9172e-02 -3.4613e-02 -5.6179e-02 -4.9548e-02
376 0 +3.277611290e+01 +3.277611290e+01 -9.672238871e+02 -9.672238871e+02 -2.1677e-02 -4.4474e-02 -4.9714e-02 -7.1591e-02 -6.7763e-02
399 0 +3.205161541e+01 +3.205161541e+01 -9.679483846e+02 -9.679483846e+02 -2.4164e-02 -4.3234e-02 -4.9144e-02 -6.5093e-02 -6.9191e-02
410 0 +3.157648127e+01 +3.157648127e+01 -9.684235187e+02 -9.684235187e+02 -2.5537e-02 -4.5311e-02 -5.2483e-02 -6.7924e-02 -7.7102e-02
441 0 +3.082433399e+01 +3.082433399e+01 -9.691756660e+02 -9.691756660e+02 -3.1737e-02 -4.4969e-02 -5.7838e-02 -6.9698e-02 -8.5650e-02
% f evaluations | g evaluations | best noise-free fitness - Fopt | noise-free fitness - Fopt (4.303000000000e+01) | measured fitness | best measured fitness | x1 | x2...
1 0 +5.955925701e+01 +5.955925701e+01 +1.025892570e+02 +1.025892570e+02 +0.0000e+00 +0.0000e+00 +0.0000e+00 +0.0000e+00 +0.0000e+00
2 0 +5.951295351e+01 +5.951295351e+01 +1.025429535e+02 +1.025429535e+02 +2.5000e-04 +0.0000e+00 +0.0000e+00 +0.0000e+00 +0.0000e+00
16 0 +5.883776889e+01 +5.883776889e+01 +1.018677689e+02 +1.018677689e+02 +5.5422e-04 -8.6016e-05 -5.3760e-06 +6.6422e-04 -1.5053e-03
25 0 +5.735574495e+01 +5.735574495e+01 +1.003857449e+02 +1.003857449e+02 +2.4921e-03 -8.3050e-04 -6.7570e-04 +1.7137e-03 -4.5700e-03
32 0 +5.606382959e+01 +5.606382959e+01 +9.909382959e+01 +9.909382959e+01 +7.2829e-03 -1.8459e-03 -1.4712e-03 +3.2853e-03 -1.1919e-02
88 0 +5.491635861e+01 +5.491635861e+01 +9.794635861e+01 +9.794635861e+01 +5.5765e-03 +2.7908e-05 -9.2864e-03 +6.9755e-03 -8.0338e-03
97 0 +5.317310412e+01 +5.317310412e+01 +9.620310412e+01 +9.620310412e+01 +1.1815e-04 +7.2084e-03 -2.3925e-02 +1.5726e-02 -2.7077e-03
102 0 +5.235611492e+01 +5.235611492e+01 +9.538611492e+01 +9.538611492e+01 -3.2613e-04 +8.4784e-03 -2.7278e-02 +1.8067e-02 -3.0711e-03
106 0 +5.048436335e+01 +5.048436335e+01 +9.351436335e+01 +9.351436335e+01 -7.3445e-04 +1.1472e-02 -3.6279e-02 +2.4464e-02 -3.8514e-03
108 0 +4.992257733e+01 +4.992257733e+01 +9.295257733e+01 +9.295257733e+01 -3.4301e-03 +1.4770e-02 -4.4127e-02 +2.9709e-02 -1.9446e-03
114 0 +4.877529465e+01 +4.877529465e+01 +9.180529465e+01 +9.180529465e+01 -1.9672e-03 +1.6737e-02 -5.6667e-02 +3.9396e-02 -5.1157e-03
245 0 +4.784267361e+01 +4.784267361e+01 +9.087267361e+01 +9.087267361e+01 +6.8619e-04 +1.4949e-02 -5.5605e-02 +2.6815e-02 -7.4432e-03
350 0 +4.675701362e+01 +4.675701362e+01 +8.978701362e+01 +8.978701362e+01 +5.4807e-03 +6.9177e-03 -5.0827e-02 +1.1079e-02 -1.5271e-02
367 0 +4.544035934e+01 +4.544035934e+01 +8.847035934e+01 +8.847035934e+01 -1.2667e-04 +2.8451e-03 -5.0804e-02 +1.2733e-02 -1.7846e-02
371 0 +4.454361087e+01 +4.454361087e+01 +8.757361087e+01 +8.757361087e+01 -5.7243e-03 -1.2825e-03 -4.9135e-02 +1.0537e-02 -1.8524e-02
376 0 +4.351398952e+01 +4.351398952e+01 +8.654398952e+01 +8.654398952e+01 -9.2125e-03 -3.8569e-03 -5.0526e-02 +1.1933e-02 -2.1153e-02
377 0 +4.254291072e+01 +4.254291072e+01 +8.557291072e+01 +8.557291072e+01 -1.2950e-02 -7.3829e-03 -5.0869e-02 +1.1926e-02 -2.3165e-02
382 0 +4.100981424e+01 +4.100981424e+01 +8.403981424e+01 +8.403981424e+01 -2.6724e-02 -1.3622e-02 -5.5267e-02 +1.3059e-02 -2.6807e-02
383 0 +4.009457022e+01 +4.009457022e+01 +8.312457022e+01 +8.312457022e+01 -3.7224e-02 -1.9791e-02 -5.8333e-02 +1.4320e-02 -3.0949e-02
385 0 +3.926311439e+01 +3.926311439e+01 +8.229311439e+01 +8.229311439e+01 -4.1689e-02 -2.9450e-02 -5.3366e-02 +9.0335e-03 -3.3775e-02
387 0 +3.839470453e+01 +3.839470453e+01 +8.142470453e+01 +8.142470453e+01 -4.7777e-02 -3.1043e-02 -6.2791e-02 +1.3196e-02 -3.5980e-02
391 0 +3.781541581e+01 +3.781541581e+01 +8.084541581e+01 +8.084541581e+01 -5.4447e-02 -3.8621e-02 -6.1664e-02 +1.0918e-02 -4.1701e-02
394 0 +3.709801713e+01 +3.709801713e+01 +8.012801713e+01 +8.012801713e+01 -6.1745e-02 -4.6501e-02 -6.8232e-02 +4.8853e-03 -4.7216e-02
398 0 +3.570734387e+01 +3.570734387e+01 +7.873734387e+01 +7.873734387e+01 -6.6016e-02 -5.3876e-02 -7.7936e-02 +2.0800e-03 -5.4217e-02
400 0 +3.467851483e+01 +3.467851483e+01 +7.770851483e+01 +7.770851483e+01 -6.7224e-02 -6.1416e-02 -7.4570e-02 -6.5288e-03 -5.9308e-02
401 0 +3.457400774e+01 +3.457400774e+01 +7.760400774e+01 +7.760400774e+01 -7.6947e-02 -7.6602e-02 -8.0460e-02 -1.6391e-02 -7.0972e-02
405 0 +3.382308493e+01 +3.382308493e+01 +7.685308493e+01 +7.685308493e+01 -5.6519e-02 -6.0664e-02 -8.3441e-02 -2.0188e-02 -5.9653e-02
406 0 +3.269709152e+01 +3.269709152e+01 +7.572709152e+01 +7.572709152e+01 -6.2487e-02 -6.7905e-02 -8.2501e-02 -1.8265e-02 -6.4976e-02
407 0 +3.220810343e+01 +3.220810343e+01 +7.523810343e+01 +7.523810343e+01 -6.2858e-02 -7.8607e-02 -8.9635e-02 -2.9840e-02 -7.3856e-02
409 0 +3.158698551e+01 +3.158698551e+01 +7.461698551e+01 +7.461698551e+01 -5.6940e-02 -7.7117e-02 -8.7437e-02 -3.8632e-02 -7.4144e-02
429 0 +3.078608486e+01 +3.078608486e+01 +7.381608486e+01 +7.381608486e+01 -5.9756e-02 -8.2323e-02 -8.7036e-02 -3.6031e-02 -8.0718e-02
