% f evaluations | g evaluations | best noise-free fitness - Fopt | noise-free fitness - Fopt (1.026100000000e+02) | measured fitness | best measured fitness | x1 | x2...
1 0 +4.667003842e+01 +4.667003842e+01 +1.492800384e+02 +1.492800384e+02 +1.1332e+00 -2.2452e+00 -1.6914e-02
5 0 +4.295586120e+01 +4.295586120e+01 +1.455658612e+02 +1.455658612e+02 -4.5410e+00 +8.6653e-01 -4.4941e+00
17 0 +3.688586480e+01 +3.688586480e+01 +1.394958648e+02 +1.394958648e+02 -2.7028e+00 -1.5820e+00 -4.3919e+00
25 0 +3.139263034e+01 +3.139263034e+01 +1.340026303e+02 +1.340026303e+02 -1.9875e+00 +3.9535e+00 -1.1114e+00
40 0 +2.658803773e+01 +2.658803773e+01 +1.291980377e+02 +1.291980377e+02 -1.3204e+00 +1.6134e-01 -1.0440e+00
51 0 +2.571071646e+01 +2.571071646e+01 +1.283207165e+02 +1.283207165e+02 -1.1284e-01 +1.9343e-01 -7.3498e-01
59 0 +2.258192961e+01 +2.258192961e+01 +1.251919296e+02 +1.251919296e+02 -1.8859e+00 +7.3834e-01 -1.3846e+00
103 0 +1.888504289e+01 +1.888504289e+01 +1.214950429e+02 +1.214950429e+02 -7.5375e-01 +1.1564e+00 -1.4798e+00
149 0 +6.184500660e+00 +6.184500660e+00 +1.087945007e+02 +1.087945007e+02 -2.8778e+00 +8.6259e-01 -1.7477e+00
263 0 +6.153882207e+00 +6.153882207e+00 +1.087638822e+02 +1.087638822e+02 -2.8800e+00 +8.6307e-01 -1.7480e+00
304 0 +5.990098331e+00 +5.990098331e+00 +1.086000983e+02 +1.086000983e+02 -2.8792e+00 +8.6261e-01 -1.7529e+00
322 0 +5.826407166e+00 +5.826407166e+00 +1.084364072e+02 +1.084364072e+02 -2.8852e+00 +8.6269e-01 -1.7559e+00
419 0 +5.738919948e+00 +5.738919948e+00 +1.083489199e+02 +1.083489199e+02 -2.8894e+00 +8.6092e-01 -1.7557e+00
% f evaluations | g evaluations | best noise-free fitness - Fopt | noise-free fitness - Fopt (9.330000000000e+01) | measured fitness | best measured fitness | x1 | x2...
1 0 +5.752898190e+01 +5.752898190e+01 +1.508289819e+02 +1.508289819e+02 -2.4962e+00 +4.4968e+00 -2.7303e+00
5 0 +5.661535105e+01 +5.661535105e+01 +1.499153511e+02 +1.499153511e+02 +2.3989e+00 -1.5356e+00 -2.2126e+00
7 0 +3.909112507e+01 +3.909112507e+01 +1.323911251e+02 +1.323911251e+02 +4.7545e+00 +2.4243e+00 -3.2651e+00
18 0 +2.798803835e+01 +2.798803835e+01 +1.212880383e+02 +1.212880383e+02 -1.4642e+00 -2.3751e+00 +5.1461e-01
32 0 +2.507535897e+01 +2.507535897e+01 +1.183753590e+02 +1.183753590e+02 +1.1157e+00 +2.0186e+00 -4.0808e+00
50 0 +2.422132478e+01 +2.422132478e+01 +1.175213248e+02 +1.175213248e+02 +7.4176e-01 +3.2458e+00 -4.3000e+00
82 0 +2.267113810e+01 +2.267113810e+01 +1.159711381e+02 +1.159711381e+02 +4.9396e-01 +3.1058e+00 -4.1701e+00
86 0 +1.595537166e+01 +1.595537166e+01 +1.092553717e+02 +1.092553717e+02 +6.3313e-01 +4.0612e-01 -4.3408e+00
219 0 +1.581422428e+01 +1.581422428e+01 +1.091142243e+02 +1.091142243e+02 +6.3125e-01 +4.0752e-01 -4.3396e+00
289 0 +1.546152468e+01 +1.546152468e+01 +1.087615247e+02 +1.087615247e+02 +6.2795e-01 +4.1382e-01 -4.3386e+00
316 0 +1.498013980e+01 +1.498013980e+01 +1.082801398e+02 +1.082801398e+02 +6.2547e-01 +4.2290e-01 -4.3361e+00
424 0 +1.477930016e+01 +1.477930016e+01 +1.080793002e+02 +1.080793002e+02 +6.2740e-01 +4.2371e-01 -4.3299e+00
835 0 +1.445435014e+01 +1.445435014e+01 +1.077543501e+02 +1.077543501e+02 +6.2352e-01 +4.3198e-01 -4.3284e+00
% f evaluations | g evaluations | best noise-free fitness - Fopt | noise-free fitness - Fopt (1.364000000000e+01) | measured fitness | best measured fitness | x1 | x2...
1 0 +9.399319261e+01 +9.399319261e+01 +1.076331926e+02 +1.076331926e+02 +4.8840e+00 -1.4219e+00 +2.1062e+00
2 0 +5.656381953e+01 +5.656381953e+01 +7.020381953e+01 +7.020381953e+01 -2.4276e+00 +1.0162e+00 -1.3352e+00
9 0 +2.427649755e+01 +2.427649755e+01 +3.791649755e+01 +3.791649755e+01 -3.2451e+00 -2.1277e+00 -1.6820e-01
61 0 +2.165508742e+01 +2.165508742e+01 +3.529508742e+01 +3.529508742e+01 -5.1688e-01 -2.6103e+00 -8.8882e-01
64 0 +1.163314020e+01 +1.163314020e+01 +2.527314020e+01 +2.527314020e+01 -2.7891e+00 -1.7794e+00 -7.2199e-01
138 0 +1.040804210e+01 +1.040804210e+01 +2.404804210e+01 +2.404804210e+01 -2.8558e+00 -1.7887e+00 -4.2227e-01
228 0 +8.790333617e+00 +8.790333617e+00 +2.243033362e+01 +2.243033362e+01 -2.8473e+00 -1.7891e+00 -4.1767e-01
294 0 +8.582169908e+00 +8.582169908e+00 +2.222216991e+01 +2.222216991e+01 -2.8440e+00 -1.7890e+00 -4.1848e-01
296 0 +8.214613041e+00 +8.214613041e+00 +2.185461304e+01 +2.185461304e+01 -2.8503e+00 -1.7947e+00 -4.1750e-01
302 0 +7.839632230e+00 +7.839632230e+00 +2.147963223e+01 +2.147963223e+01 -2.8452e+00 -1.7975e+00 -4.1451e-01
323 0 +7.286269969e+00 +7.286269969e+00 +2.092626997e+01 +2.092626997e+01 -2.8455e+00 -1.7975e+00 -4.1086e-01
334 0 +7.221227648e+00 +7.221227648e+00 +2.086122765e+01 +2.086122765e+01 -2.8475e+00 -1.7994e+00 -4.1074e-01
% f evaluations | g evaluations | best noise-free fitness - Fopt | noise-free fitness - Fopt (1.948000000000e+02) | measured fitness | best measured fitness | x1 | x2...
1 0 +6.480259566e+01 +6.480259566e+01 +2.596025957e+02 +2.596025957e+02 +3.3732e+00 -6.6725e-01 -9.1056e-01
3 0 +2.520263833e+01 +2.520263833e+01 +2.200026383e+02 +2.200026383e+02 -3.4548e+00 +1.7030e+00 +7.8827e-01
52 0 +2.364264773e+01 +2.364264773e+01 +2.184426477e+02 +2.184426477e+02 -3.4559e+00 +2.4651e+00 +1.5069e+00
55 0 +2.321828141e+01 +2.321828141e+01 +2.180182814e+02 +2.180182814e+02 -3.5421e+00 +1.6730e+00 +8.0691e-01
59 0 +1.919219159e+01 +1.919219159e+01 +2.139921916e+02 +2.139921916e+02 -3.4785e+00 +1.4647e+00 +7.0563e-01
104 0 +1.447552462e+01 +1.447552462e+01 +2.092755246e+02 +2.092755246e+02 -3.4974e+00 +2.3526e+00 +9.0220e-01
144 0 +1.139498044e+01 +1.139498044e+01 +2.061949804e+02 +2.061949804e+02 -2.7648e+00 +1.3078e+00 +1.0632e+00
240 0 +7.654513134e+00 +7.654513134e+00 +2.024545131e+02 +2.024545131e+02 -2.6385e+00 +1.1543e+00 +1.0666e+00
279 0 +6.403112434e+00 +6.403112434e+00 +2.012031124e+02 +2.012031124e+02 -2.5954e+00 +1.1481e+00 +1.0652e+00
312 0 +5.982782203e+00 +5.982782203e+00 +2.007827822e+02 +2.007827822e+02 -2.5956e+00 +1.1541e+00 +1.0638e+00
335 0 +5.796117130e+00 +5.796117130e+00 +2.005961171e+02 +2.005961171e+02 -2.6093e+00 +1.1550e+00 +1.0653e+00
415 0 +5.730703788e+00 +5.730703788e+00 +2.005307038e+02 +2.005307038e+02 -2.5955e+00 +1.1563e+00 +1.0655e+00
% f evaluations | g evaluations | best noise-free fitness - Fopt | noise-free fitness - Fopt (-1.335900000000e+02) | measured fitness | best measured fitness | x1 | x2...
1 0 +5.142629152e+01 +5.142629152e+01 -8.216370848e+01 -8.216370848e+01 -2.4181e+00 +1.2375e-01 -1.4237e+00
10 0 +4.716249969e+01 +4.716249969e+01 -8.642750031e+01 -8.642750031e+01 +1.1320e+00 +1.2737e+00 -4.7843e+00
11 0 +4.339977467e+01 +4.339977467e+01 -9.019022533e+01 -9.019022533e+01 +3.8830e+00 +3.3141e-04 -1.4941e+00
21 0 +4.223591169e+01 +4.223591169e+01 -9.135408831e+01 -9.135408831e+01 +6.8968e-01 +2.5079e+00 +1.4520e+00
38 0 +3.697894352e+01 +3.697894352e+01 -9.661105648e+01 -9.661105648e+01 +2.1155e+00 -2.1389e+00 -1.3823e+00
51 0 +2.455069681e+01 +2.455069681e+01 -1.090393032e+02 -1.090393032e+02 +1.5009e+00 -2.4691e+00 -1.3884e+00
70 0 +1.689742080e+01 +1.689742080e+01 -1.166925792e+02 -1.166925792e+02 +1.4893e+00 -2.5385e+00 -1.3005e+00
116 0 +1.270065971e+01 +1.270065971e+01 -1.208893403e+02 -1.208893403e+02 +1.4874e+00 -2.5543e+00 -1.4995e+00
171 0 +9.247226018e+00 +9.247226018e+00 -1.243427740e+02 -1.243427740e+02 +1.4987e+00 -2.5534e+00 -1.5256e+00
208 0 +8.193890409e+00 +8.193890409e+00 -1.253961096e+02 -1.253961096e+02 +1.4878e+00 -2.5452e+00 -1.5260e+00
241 0 +6.614792977e+00 +6.614792977e+00 -1.269752070e+02 -1.269752070e+02 +1.4894e+00 -2.5431e+00 -1.5265e+00
264 0 +5.357643040e+00 +5.357643040e+00 -1.282323570e+02 -1.282323570e+02 +1.4894e+00 -2.5384e+00 -1.5241e+00
265 0 +4.824182251e+00 +4.824182251e+00 -1.287658177e+02 -1.287658177e+02 +1.4867e+00 -2.5310e+00 -1.5316e+00
384 0 +4.770565934e+00 +4.770565934e+00 -1.288194341e+02 -1.288194341e+02 +1.4871e+00 -2.5316e+00 -1.5294e+00
416 0 +4.583876723e+00 +4.583876723e+00 -1.290061233e+02 -1.290061233e+02 +1.4838e+00 -2.5304e+00 -1.5271e+00
477 0 +4.570208718e+00 +4.570208718e+00 -1.290197913e+02 -1.290197913e+02 +1.4835e+00 -2.5304e+00 -1.5269e+00
611 0 +4.466200242e+00 +4.466200242e+00 -1.291237998e+02 -1.291237998e+02 +1.4812e+00 -2.5310e+00 -1.5232e+00
% f evaluations | g evaluations | best noise-free fitness - Fopt | noise-free fitness - Fopt (-3.085000000000e+01) | measured fitness | best measured fitness | x1 | x2...
1 0 +7.088585969e+01 +7.088585969e+01 +4.003585969e+01 +4.003585969e+01 -4.0428e+00 -1.7603e+00 +3.0548e+00
7 0 +5.155602294e+01 +5.155602294e+01 +2.070602294e+01 +2.070602294e+01 +3.1688e+00 -3.9414e+00 -4.9741e+00
14 0 +4.159305327e+01 +4.159305327e+01 +1.074305327e+01 +1.074305327e+01 -2.2003e+00 -3.4475e+00 -2.0194e+00
21 0 +3.703975067e+01 +3.703975067e+01 +6.189750668e+00 +6.189750668e+00 +5.3148e-01 -2.9456e+00 -3.1556e+00
27 0 +3.423199335e+01 +3.423199335e+01 +3.381993347e+00 +3.381993347e+00 -3.7037e-01 +3.9826e-01 +1.9461e+00
52 0 +1.879607564e+01 +1.879607564e+01 -1.205392436e+01 -1.205392436e+01 +6.1202e-01 +6.2672e-01 +1.9860e+00
97 0 +1.484006843e+01 +1.484006843e+01 -1.600993157e+01 -1.600993157e+01 +7.8075e-01 +1.8886e+00 +1.6759e+00
129 0 +9.183914234e+00 +9.183914234e+00 -2.166608577e+01 -2.166608577e+01 +6.6220e-01 +1.8165e+00 +1.6691e+00
229 0 +8.824462913e+00 +8.824462913e+00 -2.202553709e+01 -2.202553709e+01 +6.6137e-01 +1.8223e+00 +1.6687e+00
266 0 +8.624747807e+00 +8.624747807e+00 -2.222525219e+01 -2.222525219e+01 +6.6607e-01 +1.8216e+00 +1.6568e+00
276 0 +8.473180432e+00 +8.473180432e+00 -2.237681957e+01 -2.237681957e+01 +6.6157e-01 +1.8252e+00 +1.6663e+00
318 0 +7.552517553e+00 +7.552517553e+00 -2.329748245e+01 -2.329748245e+01 +6.6258e-01 +1.8260e+00 +1.6591e+00
352 0 +7.252141716e+00 +7.252141716e+00 -2.359785828e+01 -2.359785828e+01 +6.6166e-01 +1.8261e+00 +1.6521e+00
363 0 +6.897324408e+00 +6.897324408e+00 -2.395267559e+01 -2.395267559e+01 +6.6158e-01 +1.8301e+00 +1.6473e+00
419 0 +6.741914364e+00 +6.741914364e+00 -2.410808564e+01 -2.410808564e+01 +6.6171e-01 +1.8314e+00 +1.6446e+00
442 0 +6.288456170e+00 +6.288456170e+00 -2.456154383e+01 -2.456154383e+01 +6.6538e-01 +1.8315e+00 +1.6415e+00
472 0 +5.898844825e+00 +5.898844825e+00 -2.495115517e+01 -2.495115517e+01 +6.6604e-01 +1.8348e+00 +1.6416e+00
523 0 +5.600396392e+00 +5.600396392e+00 -2.524960361e+01 -2.524960361e+01 +6.6596e-01 +1.8373e+00 +1.6411e+00
572 0 +5.463804782e+00 +5.463804782e+00 -2.538619522e+01 -2.538619522e+01 +6.6592e-01 +1.8387e+00 +1.6408e+00
592 0 +5.333022176e+00 +5.333022176e+00 -2.551697782e+01 -2.551697782e+01 +6.6597e-01 +1.8411e+00 +1.6411e+00
678 0 +5.244564194e+00 +5.244564194e+00 -2.560543581e+01 -2.560543581e+01 +6.6599e-01 +1.8452e+00 +1.6409e+00
2653 0 +5.127668720e+00 +5.127668720e+00 -2.572233128e+01 -2.572233128e+01 +6.6676e-01 +1.8457e+00 +1.6401e+00
3074 0 +5.006029529e+00 +5.006029529e+00 -2.584397047e+01 -2.584397047e+01 +6.6676e-01 +1.8457e+00 +1.6386e+00
3304 0 +4.886174467e+00 +4.886174467e+00 -2.596382553e+01 -2.596382553e+01 +6.6676e-01 +1.8457e+00 +1.6368e+00
3494 0 +4.772720935e+00 +4.772720935e+00 -2.607727907e+01 -2.607727907e+01 +6.6676e-01 +1.8457e+00 +1.6345e+00
3757 0 +4.675180607e+00 +4.675180607e+00 -2.617481939e+01 -2.617481939e+01 +6.6676e-01 +1.8457e+00 +1.6312e+00
% f evaluations | g evaluations | best noise-free fitness - Fopt | noise-free fitness - Fopt (-9.200000000000e+00) | measured fitness | best measured fitness | x1 | x2...
1 0 +7.951861757e+01 +7.951861757e+01 +7.031861757e+01 +7.031861757e+01 -2.5898e+00 -1.1914e+00 -9.6443e-01
2 0 +5.956071861e+01 +5.956071861e+01 +5.036071861e+01 +5.036071861e+01 +1.4204e-01 +2.7732e+00 -9.7704e-01
3 0 +4.403600171e+01 +4.403600171e+01 +3.483600171e+01 +3.483600171e+01 +9.1827e-01 -1.4973e+00 +1.7649e+00
13 0 +3.741703991e+01 +3.741703991e+01 +2.821703991e+01 +2.821703991e+01 +4.9487e+00 -1.9575e+00 +2.7617e+00
15 0 +3.011824971e+01 +3.011824971e+01 +2.091824971e+01 +2.091824971e+01 -1.4114e+00 +6.8984e-01 +3.5317e+00
82 0 +2.612463996e+01 +2.612463996e+01 +1.692463996e+01 +1.692463996e+01 +2.9492e-01 +4.5067e-01 +1.7009e+00
106 0 +2.521286151e+01 +2.521286151e+01 +1.601286151e+01 +1.601286151e+01 +8.3599e-01 +1.0093e+00 +3.7921e+00
148 0 +2.047042789e+01 +2.047042789e+01 +1.127042789e+01 +1.127042789e+01 -2.8915e-01 +3.2105e-01 +1.1046e+00
193 0 +1.980792041e+01 +1.980792041e+01 +1.060792041e+01 +1.060792041e+01 -3.1812e-01 +5.0453e-01 +1.2899e+00
376 0 +1.945598047e+01 +1.945598047e+01 +1.025598047e+01 +1.025598047e+01 -3.2233e-01 +5.0192e-01 +1.2956e+00
629 0 +1.905182494e+01 +1.905182494e+01 +9.851824941e+00 +9.851824941e+00 -3.2736e-01 +4.9423e-01 +1.2954e+00
% f evaluations | g evaluations | best noise-free fitness - Fopt | noise-free fitness - Fopt (-2.037600000000e+02) | measured fitness | best measured fitness | x1 | x2...
1 0 +4.610571870e+01 +4.610571870e+01 -1.576542813e+02 -1.576542813e+02 +1.7563e-01 -2.4429e+00 +2.2088e+00
3 0 +3.977071495e+01 +3.977071495e+01 -1.639892850e+02 -1.639892850e+02 -2.0531e+00 +9.6502e-01 +4.4791e+00
8 0 +3.015768001e+01 +3.015768001e+01 -1.736023200e+02 -1.736023200e+02 +1.5477e+00 +2.2918e+00 -1.6297e-01
30 0 +2.836421306e+01 +2.836421306e+01 -1.753957869e+02 -1.753957869e+02 +4.5786e+00 +3.5703e+00 +2.9366e+00
59 0 +2.559098378e+01 +2.559098378e+01 -1.781690162e+02 -1.781690162e+02 +5.0000e+00 +1.0138e+00 +2.2245e+00
66 0 +1.210953980e+01 +1.210953980e+01 -1.916504602e+02 -1.916504602e+02 +4.5759e+00 +1.5507e+00 +2.3681e+00
90 0 +1.155001901e+01 +1.155001901e+01 -1.922099810e+02 -1.922099810e+02 +3.3295e+00 +8.2540e-01 +1.8286e+00
163 0 +6.970883297e+00 +6.970883297e+00 -1.967891167e+02 -1.967891167e+02 +3.3223e+00 +8.7476e-01 +1.8361e+00
298 0 +6.817404404e+00 +6.817404404e+00 -1.969425956e+02 -1.969425956e+02 +3.3230e+00 +8.7883e-01 +1.8371e+00
349 0 +6.740345700e+00 +6.740345700e+00 -1.970196543e+02 -1.970196543e+02 +3.3235e+00 +8.8325e-01 +1.8384e+00
416 0 +6.583235959e+00 +6.583235959e+00 -1.971767640e+02 -1.971767640e+02 +3.3190e+00 +8.8504e-01 +1.8385e+00
% f evaluations | g evaluations | best noise-free fitness - Fopt | noise-free fitness - Fopt (3.399000000000e+01) | measured fitness | best measured fitness | x1 | x2...
1 0 +8.399975545e+01 +8.399975545e+01 +1.179897554e+02 +1.179897554e+02 -3.5402e+00 +4.1057e+00 -3.3838e-01
3 0 +6.895530751e+01 +6.895530751e+01 +1.029453075e+02 +1.029453075e+02 -1.8498e+00 +8.8695e-01 +1.2713e+00
4 0 +3.986590000e+01 +3.986590000e+01 +7.385590000e+01 +7.385590000e+01 +4.8090e+00 -1.6669e-01 -1.6823e+00
28 0 +3.666106254e+01 +3.666106254e+01 +7.065106254e+01 +7.065106254e+01 +1.5444e+00 +1.7713e+00 +4.6741e-01
29 0 +1.963517920e+01 +1.963517920e+01 +5.362517920e+01 +5.362517920e+01 +3.5494e+00 +2.5271e+00 -1.6619e+00
59 0 +1.269874173e+01 +1.269874173e+01 +4.668874173e+01 +4.668874173e+01 +3.4349e+00 +3.2401e+00 -1.9244e+00
212 0 +1.246012365e+01 +1.246012365e+01 +4.645012365e+01 +4.645012365e+01 +3.4364e+00 +3.2390e+00 -1.9269e+00
218 0 +1.050333381e+01 +1.050333381e+01 +4.449333381e+01 +4.449333381e+01 +3.4245e+00 +3.2430e+00 -1.9385e+00
268 0 +1.037882229e+01 +1.037882229e+01 +4.436882229e+01 +4.436882229e+01 +3.4318e+00 +3.2230e+00 -1.9092e+00
275 0 +8.931898654e+00 +8.931898654e+00 +4.292189865e+01 +4.292189865e+01 +3.4033e+00 +3.2410e+00 -1.9313e+00
280 0 +8.596617687e+00 +8.596617687e+00 +4.258661769e+01 +4.258661769e+01 +3.4232e+00 +3.2431e+00 -1.9287e+00
282 0 +7.574757797e+00 +7.574757797e+00 +4.156475780e+01 +4.156475780e+01 +3.4071e+00 +3.2512e+00 -1.9429e+00
294 0 +7.226976098e+00 +7.226976098e+00 +4.121697610e+01 +4.121697610e+01 +3.3904e+00 +3.2590e+00 -1.9433e+00
313 0 +6.542059248e+00 +6.542059248e+00 +4.053205925e+01 +4.053205925e+01 +3.4090e+00 +3.2564e+00 -1.9436e+00
319 0 +6.347674368e+00 +6.347674368e+00 +4.033767437e+01 +4.033767437e+01 +3.3968e+00 +3.2582e+00 -1.9427e+00
322 0 +6.220470994e+00 +6.220470994e+00 +4.021047099e+01 +4.021047099e+01 +3.4032e+00 +3.2569e+00 -1.9437e+00
452 0 +6.150843734e+00 +6.150843734e+00 +4.014084373e+01 +4.014084373e+01 +3.4021e+00 +3.2581e+00 -1.9434e+00
% f evaluations | g evaluations | best noise-free fitness - Fopt | noise-free fitness - Fopt (-1.000000000000e+03) | measured fitness | best measured fitness | x1 | x2...
1 0 +1.251388829e+02 +1.251388829e+02 -8.748611171e+02 -8.748611171e+02 -2.0253e+00 +2.7644e+00 -4.9327e+00
2 0 +6.390819642e+01 +6.390819642e+01 -9.360918036e+02 -9.360918036e+02 +3.7440e+00 +3.8959e+00 -1.0123e+00
9 0 +4.919468719e+01 +4.919468719e+01 -9.508053128e+02 -9.508053128e+02 -7.3530e-01 +2.5163e+00 -1.3815e+00
10 0 +2.304172123e+01 +2.304172123e+01 -9.769582788e+02 -9.769582788e+02 -7.1754e-01 -3.3114e+00 +1.8634e+00
19 0 +9.489680517e+00 +9.489680517e+00 -9.905103195e+02 -9.905103195e+02 -3.6953e+00 -3.3768e+00 +1.3213e+00
281 0 +9.146156970e+00 +9.146156970e+00 -9.908538430e+02 -9.908538430e+02 -3.6937e+00 -3.3710e+00 +1.3199e+00
307 0 +9.102829794e+00 +9.102829794e+00 -9.908971702e+02 -9.908971702e+02 -3.6935e+00 -3.3703e+00 +1.3198e+00
363 0 +8.859198966e+00 +8.859198966e+00 -9.911408010e+02 -9.911408010e+02 -3.6913e+00 -3.3680e+00 +1.3201e+00
474 0 +8.692165489e+00 +8.692165489e+00 -9.913078345e+02 -9.913078345e+02 -3.6906e+00 -3.3645e+00 +1.3200e+00
614 0 +8.459900598e+00 +8.459900598e+00 -9.915400994e+02 -9.915400994e+02 -3.6888e+00 -3.3573e+00 +1.3202e+00
2083 0 +8.317250386e+00 +8.317250386e+00 -9.916827496e+02 -9.916827496e+02 -3.6867e+00 -3.3516e+00 +1.3202e+00
% f evaluations | g evaluations | best noise-free fitness - Fopt | noise-free fitness - Fopt (-1.000000000000e+03) | measured fitness | best measured fitness | x1 | x2...
1 0 +2.975454414e+01 +2.975454414e+01 -9.702454559e+02 -9.702454559e+02 -1.8846e+00 +2.4098e+00 -8.3613e-01
4 0 +2.472160445e+01 +2.472160445e+01 -9.752783956e+02 -9.752783956e+02 +2.0189e+00 +1.8980e+00 -5.4849e-01
77 0 +2.331472712e+01 +2.331472712e+01 -9.766852729e+02 -9.766852729e+02 +2.6186e+00 +4.1428e-01 +1.0997e+00
122 0 +1.234257763e+01 +1.234257763e+01 -9.876574224e+02 -9.876574224e+02 +2.2243e+00 +1.0360e+00 -1.5931e-01
168 0 +6.385122788e+00 +6.385122788e+00 -9.936148772e+02 -9.936148772e+02 +2.2455e+00 +1.0820e+00 +9.1023e-01
328 0 +6.192357141e+00 +6.192357141e+00 -9.938076429e+02 -9.938076429e+02 +2.2426e+00 +1.0819e+00 +9.1376e-01
342 0 +6.039656316e+00 +6.039656316e+00 -9.939603437e+02 -9.939603437e+02 +2.2102e+00 +1.0837e+00 +9.0369e-01
344 0 +5.633402524e+00 +5.633402524e+00 -9.943665975e+02 -9.943665975e+02 +2.2453e+00 +1.0790e+00 +9.1288e-01
369 0 +5.517306849e+00 +5.517306849e+00 -9.944826932e+02 -9.944826932e+02 +2.2451e+00 +1.0791e+00 +9.1534e-01
381 0 +5.360275717e+00 +5.360275717e+00 -9.946397243e+02 -9.946397243e+02 +2.2451e+00 +1.0782e+00 +9.1453e-01
415 0 +5.098318266e+00 +5.098318266e+00 -9.949016817e+02 -9.949016817e+02 +2.2451e+00 +1.0764e+00 +9.1568e-01
477 0 +5.001059432e+00 +5.001059432e+00 -9.949989406e+02 -9.949989406e+02 +2.2451e+00 +1.0764e+00 +9.1686e-01
522 0 +4.820226054e+00 +4.820226054e+00 -9.951797739e+02 -9.951797739e+02 +2.2451e+00 +1.0749e+00 +9.1794e-01
571 0 +4.755103132e+00 +4.755103132e+00 -9.952448969e+02 -9.952448969e+02 +2.2451e+00 +1.0745e+00 +9.1867e-01
647 0 +4.651135028e+00 +4.651135028e+00 -9.953488650e+02 -9.953488650e+02 +2.2451e+00 +1.0734e+00 +9.1979e-01
853 0 +4.570060225e+00 +4.570060225e+00 -9.954299398e+02 -9.954299398e+02 +2.2451e+00 +1.0724e+00 +9.2146e-01
% f evaluations | g evaluations | best noise-free fitness - Fopt | noise-free fitness - Fopt (-1.272000000000e+01) | measured fitness | best measured fitness | x1 | x2...
1 0 +6.781011544e+01 +6.781011544e+01 +5.509011544e+01 +5.509011544e+01 +3.6050e-01 +3.5348e+00 -3.0678e-01
2 0 +5.354557900e+01 +5.354557900e+01 +4.082557900e+01 +4.082557900e+01 +1.3614e+00 -1.0743e+00 -2.8443e+00
4 0 +4.422341749e+01 +4.422341749e+01 +3.150341749e+01 +3.150341749e+01 -8.2817e-01 -1.0841e+00 +3.1180e-01
9 0 +3.446747900e+01 +3.446747900e+01 +2.174747900e+01 +2.174747900e+01 -4.7275e+00 -4.4411e+00 -4.5177e-01
39 0 +3.242158918e+01 +3.242158918e+01 +1.970158918e+01 +1.970158918e+01 -2.8910e+00 +7.3866e-01 -3.8796e+00
44 0 +3.198368908e+01 +3.198368908e+01 +1.926368908e+01 +1.926368908e+01 -3.3647e+00 -4.0465e+00 +1.9257e+00
50 0 +2.791926847e+01 +2.791926847e+01 +1.519926847e+01 +1.519926847e+01 -3.2770e+00 -4.6480e+00 -2.5523e+00
62 0 +2.540177276e+01 +2.540177276e+01 +1.268177276e+01 +1.268177276e+01 -5.0000e+00 -3.8010e+00 -2.5562e+00
68 0 +2.089149486e+01 +2.089149486e+01 +8.171494856e+00 +8.171494856e+00 -3.4831e+00 -5.0000e+00 -3.2482e+00
110 0 +1.517155294e+01 +1.517155294e+01 +2.451552944e+00 +2.451552944e+00 -3.4275e+00 -4.3788e+00 -2.8631e+00
151 0 +1.476753144e+01 +1.476753144e+01 +2.047531436e+00 +2.047531436e+00 -3.3096e+00 -4.3323e+00 -3.2720e+00
197 0 +1.325017757e+01 +1.325017757e+01 +5.301775653e-01 +5.301775653e-01 -3.3747e+00 -4.2197e+00 -3.3775e+00
273 0 +1.292599230e+01 +1.292599230e+01 +2.059922992e-01 +2.059922992e-01 -3.3734e+00 -4.2179e+00 -3.3779e+00
304 0 +1.158522212e+01 +1.158522212e+01 -1.134777879e+00 -1.134777879e+00 -3.3641e+00 -4.2112e+00 -3.3803e+00
316 0 +1.116180766e+01 +1.116180766e+01 -1.558192339e+00 -1.558192339e+00 -3.3596e+00 -4.2111e+00 -3.3803e+00
% f evaluations | g evaluations | best noise-free fitness - Fopt | noise-free fitness - Fopt (-5.954000000000e+01) | measured fitness | best measured fitness | x1 | x2...
1 0 +1.221315651e+02 +1.221315651e+02 +6.259156510e+01 +6.259156510e+01 +2.7103e+00 -4.6085e+00 +2.9914e+00
2 0 +5.499877145e+01 +5.499877145e+01 -4.541228552e+00 -4.541228552e+00 +2.9968e+00 -3.0348e+00 -1.2034e+00
3 0 +5.222622364e+01 +5.222622364e+01 -7.313776355e+00 -7.313776355e+00 -3.2080e-01 +9.7278e-01 +4.4711e-01
10 0 +2.568859913e+01 +2.568859913e+01 -3.385140087e+01 -3.385140087e+01 +4.3017e+00 +2.3421e+00 -2.0139e+00
87 0 +9.453385195e+00 +9.453385195e+00 -5.008661480e+01 -5.008661480e+01 +2.7740e+00 +2.7909e+00 -1.9277e+00
111 0 +7.836026722e+00 +7.836026722e+00 -5.170397328e+01 -5.170397328e+01 +2.4135e+00 +2.9388e+00 -2.0386e+00
203 0 +4.889478100e+00 +4.889478100e+00 -5.465052190e+01 -5.465052190e+01 +2.4178e+00 +2.9383e+00 -1.9207e+00
286 0 +4.773406242e+00 +4.773406242e+00 -5.476659376e+01 -5.476659376e+01 +2.4258e+00 +2.9411e+00 -1.9161e+00
322 0 +4.553805688e+00 +4.553805688e+00 -5.498619431e+01 -5.498619431e+01 +2.4258e+00 +2.9383e+00 -1.9136e+00
364 0 +4.208086066e+00 +4.208086066e+00 -5.533191393e+01 -5.533191393e+01 +2.4310e+00 +2.9331e+00 -1.9124e+00
376 0 +4.126934472e+00 +4.126934472e+00 -5.541306553e+01 -5.541306553e+01 +2.4316e+00 +2.9338e+00 -1.9109e+00
456 0 +4.073285941e+00 +4.073285941e+00 -5.546671406e+01 -5.546671406e+01 +2.4333e+00 +2.9311e+00 -1.9100e+00
% f evaluations | g evaluations | best noise-free fitness - Fopt | noise-free fitness - Fopt (-1.000000000000e+03) | measured fitness | best measured fitness | x1 | x2...
1 0 +5.160466839e+01 +5.160466839e+01 -9.483953316e+02 -9.483953316e+02 -1.1357e+00 -3.8005e+00 +3.7281e+00
5 0 +3.076963301e+01 +3.076963301e+01 -9.692303670e+02 -9.692303670e+02 -1.4791e+00 -1.5817e+00 -4.5588e-01
7 0 +1.008899152e+01 +1.008899152e+01 -9.899110085e+02 -9.899110085e+02 +2.5734e-01 +1.9791e+00 -4.2149e-01
214 0 +9.435271437e+00 +9.435271437e+00 -9.905647286e+02 -9.905647286e+02 +2.5585e-01 +1.9800e+00 -4.2763e-01
238 0 +9.139692058e+00 +9.139692058e+00 -9.908603079e+02 -9.908603079e+02 +2.4378e-01 +1.9768e+00 -4.3935e-01
239 0 +8.373338431e+00 +8.373338431e+00 -9.916266616e+02 -9.916266616e+02 +4.9952e-01 +1.9791e+00 -3.7755e-01
259 0 +8.178778434e+00 +8.178778434e+00 -9.918212216e+02 -9.918212216e+02 +5.9355e-01 +1.9776e+00 -3.8406e-01
276 0 +7.962469883e+00 +7.962469883e+00 -9.920375301e+02 -9.920375301e+02 +4.9126e-01 +1.9799e+00 -3.8840e-01
320 0 +7.928401415e+00 +7.928401415e+00 -9.920715986e+02 -9.920715986e+02 +4.9220e-01 +1.9798e+00 -3.9233e-01
402 0 +7.736175806e+00 +7.736175806e+00 -9.922638242e+02 -9.922638242e+02 +4.8976e-01 +1.9785e+00 -3.8966e-01
675 0 +7.581962738e+00 +7.581962738e+00 -9.924180373e+02 -9.924180373e+02 +4.8641e-01 +1.9768e+00 -3.9130e-01
% f evaluations | g evaluations | best noise-free fitness - Fopt | noise-free fitness - Fopt (4.303000000000e+01) | measured fitness | best measured fitness | x1 | x2...
1 0 +5.167093832e+01 +5.167093832e+01 +9.470093832e+01 +9.470093832e+01 +4.7361e+00 -1.1679e+00 +3.9718e+00
3 0 +4.596030696e+01 +4.596030696e+01 +8.899030696e+01 +8.899030696e+01 -3.3821e-01 +4.1447e+00 +3.0290e+00
4 0 +4.102042163e+01 +4.102042163e+01 +8.405042163e+01 +8.405042163e+01 +3.5095e+00 -1.0243e+00 +3.5352e+00
8 0 +3.835476107e+01 +3.835476107e+01 +8.138476107e+01 +8.138476107e+01 +1.5276e-01 +8.7149e-01 +1.5679e+00
12 0 +1.506019648e+01 +1.506019648e+01 +5.809019648e+01 +5.809019648e+01 -1.0120e+00 -2.2068e+00 -7.2373e-01
94 0 +9.199066794e+00 +9.199066794e+00 +5.222906679e+01 +5.222906679e+01 -1.3670e+00 -1.7996e+00 -7.2305e-01
109 0 +8.915553862e+00 +8.915553862e+00 +5.194555386e+01 +5.194555386e+01 -1.3271e+00 -1.8912e+00 -7.2639e-01
147 0 +6.184064495e+00 +6.184064495e+00 +4.921406450e+01 +4.921406450e+01 -1.3278e+00 -1.8117e+00 -5.3918e-01
213 0 +5.132409586e+00 +5.132409586e+00 +4.816240959e+01 +4.816240959e+01 -1.3278e+00 -1.8104e+00 -5.3676e-01
218 0 +4.803516803e+00 +4.803516803e+00 +4.783351680e+01 +4.783351680e+01 -1.3177e+00 -1.8091e+00 -5.4211e-01
223 0 +3.785505386e+00 +3.785505386e+00 +4.681550539e+01 +4.681550539e+01 -1.3277e+00 -1.8159e+00 -5.3451e-01
270 0 +3.555885456e+00 +3.555885456e+00 +4.658588546e+01 +4.658588546e+01 -1.3244e+00 -1.8098e+00 -5.3364e-01
286 0 +3.474866380e+00 +3.474866380e+00 +4.650486638e+01 +4.650486638e+01 -1.3286e+00 -1.8085e+00 -5.2968e-01
316 0 +3.442710783e+00 +3.442710783e+00 +4.647271078e+01 +4.647271078e+01 -1.3291e+00 -1.8084e+00 -5.2816e-01
589 0 +3.388055376e+00 +3.388055376e+00 +4.641805538e+01 +4.641805538e+01 -1.3325e+00 -1.8097e+00 -5.2667e-01
