% f evaluations | g evaluations | best noise-free fitness - Fopt | noise-free fitness - Fopt (1.000000000000e+03) | measured fitness | best measured fitness | x1 | x2...
1 0 +1.371554303e+02 +1.371554303e+02 +1.137155430e+03 +1.137155430e+03 -3.8905e+00 +3.8046e+00 -6.2916e-01
2 0 +9.370376384e+01 +9.370376384e+01 +1.093703764e+03 +1.093703764e+03 -1.0492e+00 +4.8239e+00 +2.8151e+00
14 0 +6.228889357e+01 +6.228889357e+01 +1.062288894e+03 +1.062288894e+03 -3.2465e+00 +4.6040e+00 +1.4978e+00
42 0 +4.133216833e+01 +4.133216833e+01 +1.041332168e+03 +1.041332168e+03 -2.8550e+00 +1.4362e+00 +2.0566e+00
63 0 +2.575465633e+01 +2.575465633e+01 +1.025754656e+03 +1.025754656e+03 -3.6533e+00 +3.8455e+00 +1.4487e+00
110 0 +6.388158140e+00 +6.388158140e+00 +1.006388158e+03 +1.006388158e+03 -3.5765e+00 +2.5074e+00 +3.1434e+00
217 0 +5.104677194e+00 +5.104677194e+00 +1.005104677e+03 +1.005104677e+03 -3.5737e+00 +2.4940e+00 +3.1190e+00
261 0 +4.392031180e+00 +4.392031180e+00 +1.004392031e+03 +1.004392031e+03 -3.5738e+00 +2.4599e+00 +3.1077e+00
283 0 +3.632743677e+00 +3.632743677e+00 +1.003632744e+03 +1.003632744e+03 -3.5805e+00 +2.4538e+00 +3.1115e+00
316 0 +3.628115837e+00 +3.628115837e+00 +1.003628116e+03 +1.003628116e+03 -3.5846e+00 +2.4573e+00 +3.1015e+00
329 0 +3.491322759e+00 +3.491322759e+00 +1.003491323e+03 +1.003491323e+03 -3.5840e+00 +2.4643e+00 +3.1117e+00
332 0 +2.612823330e+00 +2.612823330e+00 +1.002612823e+03 +1.002612823e+03 -3.5965e+00 +2.4479e+00 +3.1113e+00
364 0 +2.262430178e+00 +2.262430178e+00 +1.002262430e+03 +1.002262430e+03 -3.6139e+00 +2.4514e+00 +3.1138e+00
427 0 +2.222545496e+00 +2.222545496e+00 +1.002222545e+03 +1.002222545e+03 -3.6151e+00 +2.4512e+00 +3.1123e+00
428 0 +2.182189851e+00 +2.182189851e+00 +1.002182190e+03 +1.002182190e+03 -3.6336e+00 +2.4514e+00 +3.1020e+00
467 0 +2.124668671e+00 +2.124668671e+00 +1.002124669e+03 +1.002124669e+03 -3.6341e+00 +2.4521e+00 +3.0986e+00
468 0 +2.087612366e+00 +2.087612366e+00 +1.002087612e+03 +1.002087612e+03 -3.6338e+00 +2.4513e+00 +3.0972e+00
472 0 +2.038841401e+00 +2.038841401e+00 +1.002038841e+03 +1.002038841e+03 -3.6295e+00 +2.4514e+00 +3.0967e+00
735 0 +1.992087490e+00 +1.992087490e+00 +1.001992087e+03 +1.001992087e+03 -3.6275e+00 +2.4457e+00 +3.0953e+00
% f evaluations | g evaluations | best noise-free fitness - Fopt | noise-free fitness - Fopt (7.003000000000e+01) | measured fitness | best measured fitness | x1 | x2...
1 0 +3.266285048e+01 +3.266285048e+01 +1.026928505e+02 +1.026928505e+02 -5.7838e-01 -2.7260e+00 -3.8952e+00
57 0 +3.015924144e+01 +3.015924144e+01 +1.001892414e+02 +1.001892414e+02 +5.7280e-01 -1.3738e+00 -4.4865e+00
61 0 +1.757210877e+01 +1.757210877e+01 +8.760210877e+01 +8.760210877e+01 -6.8808e-01 -2.7493e+00 -3.8547e+00
110 0 +1.725611386e+01 +1.725611386e+01 +8.728611386e+01 +8.728611386e+01 -7.7002e-01 -2.7522e+00 -3.7853e+00
117 0 +1.118070136e+01 +1.118070136e+01 +8.121070136e+01 +8.121070136e+01 -5.0655e-02 -2.7711e+00 -3.9570e+00
160 0 +7.934544246e+00 +7.934544246e+00 +7.796454425e+01 +7.796454425e+01 -2.9742e-02 -2.7649e+00 -3.8876e+00
219 0 +7.628976207e+00 +7.628976207e+00 +7.765897621e+01 +7.765897621e+01 -5.3943e-02 -2.7858e+00 -3.9183e+00
233 0 +7.261064494e+00 +7.261064494e+00 +7.729106449e+01 +7.729106449e+01 -7.7635e-02 -2.7921e+00 -3.9095e+00
264 0 +6.679012773e+00 +6.679012773e+00 +7.670901277e+01 +7.670901277e+01 -7.0380e-02 -2.7969e+00 -3.9046e+00
278 0 +6.123099362e+00 +6.123099362e+00 +7.615309936e+01 +7.615309936e+01 -7.7496e-02 -2.8333e+00 -3.9079e+00
313 0 +5.996089046e+00 +5.996089046e+00 +7.602608905e+01 +7.602608905e+01 -7.6808e-02 -2.8224e+00 -3.8920e+00
% f evaluations | g evaluations | best noise-free fitness - Fopt | noise-free fitness - Fopt (-4.822000000000e+01) | measured fitness | best measured fitness | x1 | x2...
1 0 +2.312453198e+02 +2.312453198e+02 +1.830253198e+02 +1.830253198e+02 -6.2883e-01 +2.4859e-02 +7.0876e-01
3 0 +1.508681163e+02 +1.508681163e+02 +1.026481163e+02 +1.026481163e+02 -4.0959e+00 +1.5115e+00 +2.0110e+00
4 0 +1.104850695e+02 +1.104850695e+02 +6.226506955e+01 +6.226506955e+01 +1.1018e+00 -1.3838e+00 -2.2320e+00
8 0 +6.764512308e+01 +6.764512308e+01 +1.942512308e+01 +1.942512308e+01 -2.0692e+00 +2.3772e+00 -2.7819e+00
16 0 +3.524074752e+01 +3.524074752e+01 -1.297925248e+01 -1.297925248e+01 -1.3479e+00 -7.8271e-01 -3.6322e+00
51 0 +3.360657158e+01 +3.360657158e+01 -1.461342842e+01 -1.461342842e+01 -1.0210e+00 -1.5189e+00 -5.0000e+00
63 0 +3.009421248e+01 +3.009421248e+01 -1.812578752e+01 -1.812578752e+01 -5.6108e-01 -1.0915e+00 -4.8510e+00
68 0 +2.518197130e+01 +2.518197130e+01 -2.303802870e+01 -2.303802870e+01 -8.4347e-01 -3.6886e-01 -3.8194e+00
105 0 +1.596819405e+01 +1.596819405e+01 -3.225180595e+01 -3.225180595e+01 -3.2284e-01 -3.5118e-01 -3.7828e+00
155 0 +1.409752908e+01 +1.409752908e+01 -3.412247092e+01 -3.412247092e+01 -3.1809e-01 -2.9806e-01 -3.7714e+00
168 0 +1.253790098e+01 +1.253790098e+01 -3.568209902e+01 -3.568209902e+01 -3.1990e-01 -3.1804e-01 -3.8098e+00
183 0 +1.133869708e+01 +1.133869708e+01 -3.688130292e+01 -3.688130292e+01 -3.6395e-01 -3.1520e-01 -3.7746e+00
207 0 +1.084693564e+01 +1.084693564e+01 -3.737306436e+01 -3.737306436e+01 -3.5834e-01 -3.0513e-01 -3.7770e+00
243 0 +1.051995781e+01 +1.051995781e+01 -3.770004219e+01 -3.770004219e+01 -3.4847e-01 -3.2688e-01 -3.8750e+00
259 0 +1.017987443e+01 +1.017987443e+01 -3.804012557e+01 -3.804012557e+01 -3.5114e-01 -3.1526e-01 -3.8033e+00
418 0 +9.989650027e+00 +9.989650027e+00 -3.823034997e+01 -3.823034997e+01 -3.5007e-01 -3.2530e-01 -3.8410e+00
% f evaluations | g evaluations | best noise-free fitness - Fopt | noise-free fitness - Fopt (2.547000000000e+01) | measured fitness | best measured fitness | x1 | x2...
1 0 +4.180729744e+02 +4.180729744e+02 +4.435429744e+02 +4.435429744e+02 +2.9667e+00 -3.0709e+00 +3.2795e+00
3 0 +3.049432106e+01 +3.049432106e+01 +5.596432106e+01 +5.596432106e+01 -4.0543e+00 -1.5424e+00 +1.0912e+00
35 0 +2.196519872e+01 +2.196519872e+01 +4.743519872e+01 +4.743519872e+01 -3.9696e+00 -3.4986e+00 -5.1846e-01
57 0 +1.746375230e+01 +1.746375230e+01 +4.293375230e+01 +4.293375230e+01 -3.7591e+00 -2.5997e+00 -1.0857e+00
104 0 +1.726137383e+01 +1.726137383e+01 +4.273137383e+01 +4.273137383e+01 -2.8946e+00 -2.7075e+00 -1.4284e+00
110 0 +4.394166007e+00 +4.394166007e+00 +2.986416601e+01 +2.986416601e+01 -3.8272e+00 -1.8479e+00 -1.1071e+00
170 0 +3.740892965e+00 +3.740892965e+00 +2.921089296e+01 +2.921089296e+01 -3.7899e+00 -1.8477e+00 -1.1490e+00
209 0 +2.108196389e+00 +2.108196389e+00 +2.757819639e+01 +2.757819639e+01 -3.7953e+00 -1.9426e+00 -1.1718e+00
216 0 +1.240046698e+00 +1.240046698e+00 +2.671004670e+01 +2.671004670e+01 -3.7934e+00 -1.9312e+00 -1.1828e+00
226 0 +7.338533590e-01 +7.338533590e-01 +2.620385336e+01 +2.620385336e+01 -3.8097e+00 -1.9010e+00 -1.1889e+00
259 0 +6.450870798e-01 +6.450870798e-01 +2.611508708e+01 +2.611508708e+01 -3.8084e+00 -1.8871e+00 -1.1892e+00
265 0 +1.748787278e-02 +1.748787278e-02 +2.548748787e+01 +2.548748787e+01 -3.7843e+00 -1.9136e+00 -1.1689e+00
341 0 +8.882889146e-03 +8.882889146e-03 +2.547888289e+01 +2.547888289e+01 -3.7868e+00 -1.9089e+00 -1.1693e+00
400 0 +8.491287502e-03 +8.491287502e-03 +2.547849129e+01 +2.547849129e+01 -3.7871e+00 -1.9095e+00 -1.1680e+00
417 0 +7.430235099e-03 +7.430235099e-03 +2.547743024e+01 +2.547743024e+01 -3.7865e+00 -1.9095e+00 -1.1687e+00
426 0 +6.991497725e-03 +6.991497725e-03 +2.547699150e+01 +2.547699150e+01 -3.7863e+00 -1.9092e+00 -1.1681e+00
429 0 +6.848080326e-03 +6.848080326e-03 +2.547684808e+01 +2.547684808e+01 -3.7850e+00 -1.9088e+00 -1.1680e+00
434 0 +5.580933858e-03 +5.580933858e-03 +2.547558093e+01 +2.547558093e+01 -3.7860e+00 -1.9096e+00 -1.1676e+00
467 0 +5.105059611e-03 +5.105059611e-03 +2.547510506e+01 +2.547510506e+01 -3.7859e+00 -1.9096e+00 -1.1676e+00
468 0 +4.660507880e-03 +4.660507880e-03 +2.547466051e+01 +2.547466051e+01 -3.7866e+00 -1.9096e+00 -1.1663e+00
470 0 +3.904084458e-03 +3.904084458e-03 +2.547390408e+01 +2.547390408e+01 -3.7859e+00 -1.9096e+00 -1.1669e+00
482 0 +3.386387590e-03 +3.386387590e-03 +2.547338639e+01 +2.547338639e+01 -3.7855e+00 -1.9095e+00 -1.1662e+00
522 0 +3.162881918e-03 +3.162881918e-03 +2.547316288e+01 +2.547316288e+01 -3.7856e+00 -1.9095e+00 -1.1660e+00
524 0 +2.828700948e-03 +2.828700948e-03 +2.547282870e+01 +2.547282870e+01 -3.7856e+00 -1.9098e+00 -1.1662e+00
529 0 +1.814411445e-03 +1.814411445e-03 +2.547181441e+01 +2.547181441e+01 -3.7853e+00 -1.9116e+00 -1.1661e+00
562 0 +1.369968069e-03 +1.369968069e-03 +2.547136997e+01 +2.547136997e+01 -3.7854e+00 -1.9114e+00 -1.1658e+00
571 0 +1.215746202e-03 +1.215746202e-03 +2.547121575e+01 +2.547121575e+01 -3.7854e+00 -1.9114e+00 -1.1657e+00
580 0 +1.012633286e-03 +1.012633286e-03 +2.547101263e+01 +2.547101263e+01 -3.7855e+00 -1.9112e+00 -1.1656e+00
595 0 +6.723766836e-04 +6.723766836e-04 +2.547067238e+01 +2.547067238e+01 -3.7854e+00 -1.9116e+00 -1.1649e+00
625 0 +6.573898156e-04 +6.573898156e-04 +2.547065739e+01 +2.547065739e+01 -3.7855e+00 -1.9115e+00 -1.1649e+00
626 0 +5.896960561e-04 +5.896960561e-04 +2.547058970e+01 +2.547058970e+01 -3.7855e+00 -1.9115e+00 -1.1647e+00
629 0 +4.319065709e-04 +4.319065709e-04 +2.547043191e+01 +2.547043191e+01 -3.7854e+00 -1.9115e+00 -1.1645e+00
638 0 +4.032967141e-04 +4.032967141e-04 +2.547040330e+01 +2.547040330e+01 -3.7854e+00 -1.9116e+00 -1.1644e+00
677 0 +3.926693043e-04 +3.926693043e-04 +2.547039267e+01 +2.547039267e+01 -3.7855e+00 -1.9116e+00 -1.1642e+00
691 0 +3.240827901e-04 +3.240827901e-04 +2.547032408e+01 +2.547032408e+01 -3.7854e+00 -1.9116e+00 -1.1644e+00
724 0 +2.614708764e-04 +2.614708764e-04 +2.547026147e+01 +2.547026147e+01 -3.7853e+00 -1.9116e+00 -1.1642e+00
729 0 +2.182134617e-04 +2.182134617e-04 +2.547021821e+01 +2.547021821e+01 -3.7853e+00 -1.9116e+00 -1.1642e+00
735 0 +1.878536586e-04 +1.878536586e-04 +2.547018785e+01 +2.547018785e+01 -3.7853e+00 -1.9117e+00 -1.1642e+00
765 0 +1.856297932e-04 +1.856297932e-04 +2.547018563e+01 +2.547018563e+01 -3.7852e+00 -1.9116e+00 -1.1642e+00
779 0 +1.591954558e-04 +1.591954558e-04 +2.547015920e+01 +2.547015920e+01 -3.7852e+00 -1.9116e+00 -1.1641e+00
788 0 +1.529442480e-04 +1.529442480e-04 +2.547015294e+01 +2.547015294e+01 -3.7852e+00 -1.9116e+00 -1.1641e+00
823 0 +1.467817590e-04 +1.467817590e-04 +2.547014678e+01 +2.547014678e+01 -3.7852e+00 -1.9116e+00 -1.1642e+00
824 0 +1.353446336e-04 +1.353446336e-04 +2.547013534e+01 +2.547013534e+01 -3.7852e+00 -1.9117e+00 -1.1641e+00
831 0 +1.287865999e-04 +1.287865999e-04 +2.547012879e+01 +2.547012879e+01 -3.7852e+00 -1.9117e+00 -1.1641e+00
836 0 +1.131038783e-04 +1.131038783e-04 +2.547011310e+01 +2.547011310e+01 -3.7851e+00 -1.9117e+00 -1.1641e+00
879 0 +1.078126995e-04 +1.078126995e-04 +2.547010781e+01 +2.547010781e+01 -3.7851e+00 -1.9117e+00 -1.1641e+00
888 0 +1.066950345e-04 +1.066950345e-04 +2.547010670e+01 +2.547010670e+01 -3.7851e+00 -1.9117e+00 -1.1641e+00
890 0 +1.040552914e-04 +1.040552914e-04 +2.547010406e+01 +2.547010406e+01 -3.7851e+00 -1.9117e+00 -1.1641e+00
893 0 +7.482369489e-05 +7.482369489e-05 +2.547007482e+01 +2.547007482e+01 -3.7851e+00 -1.9117e+00 -1.1641e+00
941 0 +6.497102325e-05 +6.497102325e-05 +2.547006497e+01 +2.547006497e+01 -3.7850e+00 -1.9117e+00 -1.1641e+00
947 0 +5.685694423e-05 +5.685694423e-05 +2.547005686e+01 +2.547005686e+01 -3.7850e+00 -1.9117e+00 -1.1641e+00
955 0 +5.472599317e-05 +5.472599317e-05 +2.547005473e+01 +2.547005473e+01 -3.7850e+00 -1.9117e+00 -1.1641e+00
974 0 +5.062071125e-05 +5.062071125e-05 +2.547005062e+01 +2.547005062e+01 -3.7850e+00 -1.9118e+00 -1.1641e+00
988 0 +4.131073470e-05 +4.131073470e-05 +2.547004131e+01 +2.547004131e+01 -3.7850e+00 -1.9118e+00 -1.1641e+00
1024 0 +3.825591285e-05 +3.825591285e-05 +2.547003826e+01 +2.547003826e+01 -3.7850e+00 -1.9118e+00 -1.1641e+00
1040 0 +3.785547354e-05 +3.785547354e-05 +2.547003786e+01 +2.547003786e+01 -3.7850e+00 -1.9118e+00 -1.1641e+00
1044 0 +3.655496856e-05 +3.655496856e-05 +2.547003655e+01 +2.547003655e+01 -3.7849e+00 -1.9118e+00 -1.1641e+00
1046 0 +3.623351223e-05 +3.623351223e-05 +2.547003623e+01 +2.547003623e+01 -3.7849e+00 -1.9118e+00 -1.1641e+00
1069 0 +3.411669208e-05 +3.411669208e-05 +2.547003412e+01 +2.547003412e+01 -3.7850e+00 -1.9118e+00 -1.1641e+00
1091 0 +3.282832915e-05 +3.282832915e-05 +2.547003283e+01 +2.547003283e+01 -3.7850e+00 -1.9118e+00 -1.1641e+00
1095 0 +3.146477563e-05 +3.146477563e-05 +2.547003146e+01 +2.547003146e+01 -3.7849e+00 -1.9118e+00 -1.1641e+00
1146 0 +3.014277780e-05 +3.014277780e-05 +2.547003014e+01 +2.547003014e+01 -3.7849e+00 -1.9118e+00 -1.1641e+00
1161 0 +2.945754072e-05 +2.945754072e-05 +2.547002946e+01 +2.547002946e+01 -3.7849e+00 -1.9118e+00 -1.1641e+00
1198 0 +2.855682012e-05 +2.855682012e-05 +2.547002856e+01 +2.547002856e+01 -3.7849e+00 -1.9118e+00 -1.1641e+00
1223 0 +2.817553291e-05 +2.817553291e-05 +2.547002818e+01 +2.547002818e+01 -3.7849e+00 -1.9118e+00 -1.1641e+00
1299 0 +2.732145423e-05 +2.732145423e-05 +2.547002732e+01 +2.547002732e+01 -3.7849e+00 -1.9118e+00 -1.1641e+00
1407 0 +2.686162249e-05 +2.686162249e-05 +2.547002686e+01 +2.547002686e+01 -3.7849e+00 -1.9118e+00 -1.1641e+00
3694 0 +2.629886597e-05 +2.629886597e-05 +2.547002630e+01 +2.547002630e+01 -3.7849e+00 -1.9118e+00 -1.1641e+00
% f evaluations | g evaluations | best noise-free fitness - Fopt | noise-free fitness - Fopt (-1.008100000000e+02) | measured fitness | best measured fitness | x1 | x2...
1 0 +2.632600953e+02 +2.632600953e+02 +1.624500953e+02 +1.624500953e+02 -4.7174e+00 +4.6289e-01 -1.2504e+00
3 0 +1.490279096e+02 +1.490279096e+02 +4.821790964e+01 +4.821790964e+01 +1.3261e+00 +4.7912e+00 +1.2359e-01
4 0 +1.057957959e+02 +1.057957959e+02 +4.985795913e+00 +4.985795913e+00 +2.2385e+00 -3.3258e+00 +1.4442e+00
10 0 +1.034324275e+02 +1.034324275e+02 +2.622427545e+00 +2.622427545e+00 +2.2966e+00 -2.9212e+00 +3.3797e+00
24 0 +7.712128361e+01 +7.712128361e+01 -2.368871639e+01 -2.368871639e+01 -5.1955e-01 +4.9084e-01 +3.2834e+00
29 0 +7.094416524e+01 +7.094416524e+01 -2.986583476e+01 -2.986583476e+01 +4.9742e+00 -3.3153e+00 +2.6518e+00
30 0 +5.346544312e+01 +5.346544312e+01 -4.734455688e+01 -4.734455688e+01 +1.8532e+00 -1.4860e+00 -5.3904e-01
46 0 +5.003371980e+01 +5.003371980e+01 -5.077628020e+01 -5.077628020e+01 -1.2285e+00 -4.5155e-02 -3.3146e-01
55 0 +4.725704765e+01 +4.725704765e+01 -5.355295235e+01 -5.355295235e+01 +1.7068e+00 -1.6282e-01 -5.0528e-01
58 0 +3.982066972e+01 +3.982066972e+01 -6.098933028e+01 -6.098933028e+01 -1.1950e+00 +8.2483e-01 -8.7904e-01
64 0 +2.444336658e+01 +2.444336658e+01 -7.636663342e+01 -7.636663342e+01 +9.6500e-01 -2.5054e-03 +2.1136e-01
73 0 +2.302201422e+01 +2.302201422e+01 -7.778798578e+01 -7.778798578e+01 +1.4477e+00 +7.0414e-01 -3.9179e-01
84 0 +1.187577069e+01 +1.187577069e+01 -8.893422931e+01 -8.893422931e+01 -2.0784e-01 +8.6186e-01 +9.3127e-01
127 0 +1.114153805e+01 +1.114153805e+01 -8.966846195e+01 -8.966846195e+01 -7.0325e-01 +1.6209e+00 +3.7847e-01
155 0 +1.015075312e+01 +1.015075312e+01 -9.065924688e+01 -9.065924688e+01 -1.2640e-01 +1.5552e+00 +4.7379e-01
175 0 +7.113865201e+00 +7.113865201e+00 -9.369613480e+01 -9.369613480e+01 -5.9071e-01 +1.5350e+00 +3.3097e-01
216 0 +6.506985203e+00 +6.506985203e+00 -9.430301480e+01 -9.430301480e+01 -5.9938e-01 +1.5748e+00 +3.4472e-01
228 0 +6.376805785e+00 +6.376805785e+00 -9.443319421e+01 -9.443319421e+01 -5.7383e-01 +1.5726e+00 +3.5615e-01
229 0 +5.805119799e+00 +5.805119799e+00 -9.500488020e+01 -9.500488020e+01 -5.8260e-01 +1.5492e+00 +3.3249e-01
262 0 +5.735274458e+00 +5.735274458e+00 -9.507472554e+01 -9.507472554e+01 -5.8207e-01 +1.5544e+00 +3.3063e-01
263 0 +5.524223960e+00 +5.524223960e+00 -9.528577604e+01 -9.528577604e+01 -5.7124e-01 +1.5554e+00 +3.3153e-01
289 0 +5.238008582e+00 +5.238008582e+00 -9.557199142e+01 -9.557199142e+01 -5.3573e-01 +1.5246e+00 +3.3273e-01
365 0 +5.092956085e+00 +5.092956085e+00 -9.571704391e+01 -9.571704391e+01 -5.4392e-01 +1.5331e+00 +3.3546e-01
375 0 +4.989681515e+00 +4.989681515e+00 -9.582031849e+01 -9.582031849e+01 -5.4219e-01 +1.5346e+00 +3.4414e-01
% f evaluations | g evaluations | best noise-free fitness - Fopt | noise-free fitness - Fopt (-3.531300000000e+02) | measured fitness | best measured fitness | x1 | x2...
1 0 +3.427126390e+02 +3.427126390e+02 -1.041736097e+01 -1.041736097e+01 +4.3723e+00 -1.7294e+00 -7.6480e-01
2 0 +1.293984764e+02 +1.293984764e+02 -2.237315236e+02 -2.237315236e+02 +1.5237e+00 +2.3418e+00 -9.6003e-02
4 0 +8.533109931e+01 +8.533109931e+01 -2.677989007e+02 -2.677989007e+02 +1.7033e+00 +9.2910e-01 +1.9298e+00
7 0 +1.120443854e+01 +1.120443854e+01 -3.419255615e+02 -3.419255615e+02 -1.2437e+00 -2.3758e-01 -2.2253e+00
97 0 +9.557428243e+00 +9.557428243e+00 -3.435725718e+02 -3.435725718e+02 -2.2507e+00 -6.2002e-02 -1.9236e+00
129 0 +6.249484241e+00 +6.249484241e+00 -3.468805158e+02 -3.468805158e+02 -2.4738e+00 -3.5835e-04 -3.1121e+00
142 0 +4.017346108e+00 +4.017346108e+00 -3.491126539e+02 -3.491126539e+02 -2.1696e+00 -6.2235e-02 -1.7637e+00
157 0 +3.895858172e+00 +3.895858172e+00 -3.492341418e+02 -3.492341418e+02 -2.2082e+00 -5.1483e-02 -1.7389e+00
158 0 +3.076405284e+00 +3.076405284e+00 -3.500535947e+02 -3.500535947e+02 -2.2039e+00 -6.8799e-02 -1.7550e+00
169 0 +2.515337881e+00 +2.515337881e+00 -3.506146621e+02 -3.506146621e+02 -2.2029e+00 -8.9378e-02 -1.7597e+00
210 0 +2.504578388e+00 +2.504578388e+00 -3.506254216e+02 -3.506254216e+02 -2.2031e+00 -9.1432e-02 -1.7568e+00
211 0 +2.406929286e+00 +2.406929286e+00 -3.507230707e+02 -3.507230707e+02 -2.2047e+00 -9.6734e-02 -1.7616e+00
261 0 +2.340845752e+00 +2.340845752e+00 -3.507891542e+02 -3.507891542e+02 -2.2048e+00 -9.9249e-02 -1.7675e+00
328 0 +2.288721468e+00 +2.288721468e+00 -3.508412785e+02 -3.508412785e+02 -2.2140e+00 -9.8481e-02 -1.7827e+00
375 0 +2.238577890e+00 +2.238577890e+00 -3.508914221e+02 -3.508914221e+02 -2.2118e+00 -1.0726e-01 -1.7703e+00
424 0 +2.176234645e+00 +2.176234645e+00 -3.509537654e+02 -3.509537654e+02 -2.2097e+00 -1.0426e-01 -1.7884e+00
477 0 +2.136703741e+00 +2.136703741e+00 -3.509932963e+02 -3.509932963e+02 -2.2094e+00 -1.0681e-01 -1.7885e+00
585 0 +2.081449156e+00 +2.081449156e+00 -3.510485508e+02 -3.510485508e+02 -2.2101e+00 -1.1217e-01 -1.7901e+00
1871 0 +2.041709574e+00 +2.041709574e+00 -3.510882904e+02 -3.510882904e+02 -2.2103e+00 -1.1379e-01 -1.7991e+00
% f evaluations | g evaluations | best noise-free fitness - Fopt | noise-free fitness - Fopt (8.716000000000e+01) | measured fitness | best measured fitness | x1 | x2...
1 0 +1.990002648e+02 +1.990002648e+02 +2.861602648e+02 +2.861602648e+02 +4.2316e+00 -8.6407e-01 +2.8016e+00
3 0 +1.112133362e+02 +1.112133362e+02 +1.983733362e+02 +1.983733362e+02 +7.8120e-01 -1.4947e+00 +5.1904e-01
7 0 +9.979478516e+01 +9.979478516e+01 +1.869547852e+02 +1.869547852e+02 -1.5701e-01 +4.1258e+00 -1.6980e+00
11 0 +5.368616817e+01 +5.368616817e+01 +1.408461682e+02 +1.408461682e+02 +1.2745e+00 +4.8295e+00 -3.4762e+00
16 0 +2.910958989e+01 +2.910958989e+01 +1.162695899e+02 +1.162695899e+02 +2.1326e+00 +4.0737e+00 -2.7749e+00
52 0 +2.559167629e+01 +2.559167629e+01 +1.127516763e+02 +1.127516763e+02 +1.1859e+00 +3.4252e+00 -2.7497e+00
75 0 +2.125731814e+01 +2.125731814e+01 +1.084173181e+02 +1.084173181e+02 +2.5270e+00 +1.7805e+00 -3.1019e+00
108 0 +1.551973236e+01 +1.551973236e+01 +1.026797324e+02 +1.026797324e+02 +2.6085e+00 +1.3609e+00 -3.2108e+00
141 0 +1.406768267e+01 +1.406768267e+01 +1.012276827e+02 +1.012276827e+02 +2.6023e+00 +1.2364e+00 -3.5064e+00
160 0 +1.127325310e+01 +1.127325310e+01 +9.843325310e+01 +9.843325310e+01 +2.6054e+00 +1.2271e+00 -3.4222e+00
186 0 +8.829668547e+00 +8.829668547e+00 +9.598966855e+01 +9.598966855e+01 +2.6165e+00 +1.1762e+00 -3.3513e+00
200 0 +8.376084490e+00 +8.376084490e+00 +9.553608449e+01 +9.553608449e+01 +2.6410e+00 +1.3058e+00 -3.4036e+00
208 0 +8.014312799e+00 +8.014312799e+00 +9.517431280e+01 +9.517431280e+01 +2.6349e+00 +1.1713e+00 -3.4077e+00
245 0 +7.614133416e+00 +7.614133416e+00 +9.477413342e+01 +9.477413342e+01 +2.6422e+00 +1.2635e+00 -3.4023e+00
246 0 +7.348288252e+00 +7.348288252e+00 +9.450828825e+01 +9.450828825e+01 +2.6552e+00 +1.2779e+00 -3.4079e+00
272 0 +6.954398139e+00 +6.954398139e+00 +9.411439814e+01 +9.411439814e+01 +2.6680e+00 +1.2389e+00 -3.4067e+00
314 0 +6.898232450e+00 +6.898232450e+00 +9.405823245e+01 +9.405823245e+01 +2.6622e+00 +1.2339e+00 -3.4048e+00
420 0 +6.754343918e+00 +6.754343918e+00 +9.391434392e+01 +9.391434392e+01 +2.6690e+00 +1.2230e+00 -3.3847e+00
522 0 +6.604101811e+00 +6.604101811e+00 +9.376410181e+01 +9.376410181e+01 +2.6665e+00 +1.2157e+00 -3.3698e+00
1455 0 +6.455405325e+00 +6.455405325e+00 +9.361540533e+01 +9.361540533e+01 +2.6645e+00 +1.2024e+00 -3.3600e+00
% f evaluations | g evaluations | best noise-free fitness - Fopt | noise-free fitness - Fopt (-3.475000000000e+01) | measured fitness | best measured fitness | x1 | x2...
1 0 +4.197013398e+01 +4.197013398e+01 +7.220133976e+00 +7.220133976e+00 +4.2344e-01 +7.0981e-01 -8.0358e-02
45 0 +3.159773681e+01 +3.159773681e+01 -3.152263191e+00 -3.152263191e+00 +3.1369e+00 +2.0823e+00 +1.9850e+00
68 0 +2.304870907e+01 +2.304870907e+01 -1.170129093e+01 -1.170129093e+01 +1.9667e+00 -5.1043e-01 +1.7414e+00
96 0 +1.240363628e+01 +1.240363628e+01 -2.234636372e+01 -2.234636372e+01 +2.5120e+00 +2.5012e+00 -1.9727e-02
132 0 +9.732671969e+00 +9.732671969e+00 -2.501732803e+01 -2.501732803e+01 +2.5465e+00 +2.5021e+00 +2.7126e-02
156 0 +9.078845891e+00 +9.078845891e+00 -2.567115411e+01 -2.567115411e+01 +2.5540e+00 +2.4545e+00 -3.1518e-03
160 0 +7.951165237e+00 +7.951165237e+00 -2.679883476e+01 -2.679883476e+01 +2.5413e+00 +2.4398e+00 +1.2420e-01
165 0 +4.410099991e+00 +4.410099991e+00 -3.033990001e+01 -3.033990001e+01 +1.9583e+00 +2.3900e+00 -3.7955e-01
202 0 +4.081029040e+00 +4.081029040e+00 -3.066897096e+01 -3.066897096e+01 +2.5205e+00 +2.2509e+00 +1.3424e-01
210 0 +3.623257511e+00 +3.623257511e+00 -3.112674249e+01 -3.112674249e+01 +2.5197e+00 +2.2402e+00 +1.0209e-01
216 0 +2.314360487e+00 +2.314360487e+00 -3.243563951e+01 -3.243563951e+01 +2.4714e+00 +2.2268e+00 +9.1562e-02
220 0 +1.567398952e+00 +1.567398952e+00 -3.318260105e+01 -3.318260105e+01 +2.5144e+00 +2.2873e+00 +7.7978e-02
262 0 +1.270147580e+00 +1.270147580e+00 -3.347985242e+01 -3.347985242e+01 +2.5100e+00 +2.3025e+00 +6.5995e-02
268 0 +1.033731148e+00 +1.033731148e+00 -3.371626885e+01 -3.371626885e+01 +2.5018e+00 +2.2882e+00 +7.5980e-02
345 0 +1.019486588e+00 +1.019486588e+00 -3.373051341e+01 -3.373051341e+01 +2.4986e+00 +2.2899e+00 +7.5840e-02
424 0 +9.982946324e-01 +9.982946324e-01 -3.375170537e+01 -3.375170537e+01 +2.4977e+00 +2.2893e+00 +7.1658e-02
% f evaluations | g evaluations | best noise-free fitness - Fopt | noise-free fitness - Fopt (-1.000000000000e+03) | measured fitness | best measured fitness | x1 | x2...
1 0 +3.418498910e+02 +3.418498910e+02 -6.581501090e+02 -6.581501090e+02 +5.2395e-01 +3.8277e+00 -3.5197e-01
3 0 +1.561092035e+02 +1.561092035e+02 -8.438907965e+02 -8.438907965e+02 +1.4856e+00 -3.9507e+00 +4.5874e+00
4 0 +1.329680298e+02 +1.329680298e+02 -8.670319702e+02 -8.670319702e+02 -1.0497e-01 +2.3165e+00 -3.9081e+00
7 0 +5.313011595e+01 +5.313011595e+01 -9.468698840e+02 -9.468698840e+02 -3.2498e-02 -1.3345e+00 -7.7503e-01
40 0 +5.018787218e+01 +5.018787218e+01 -9.498121278e+02 -9.498121278e+02 -1.2137e+00 -2.3930e+00 -2.3700e-01
52 0 +4.770032957e+01 +4.770032957e+01 -9.522996704e+02 -9.522996704e+02 -3.0195e+00 -2.9508e+00 -2.0535e+00
56 0 +4.476190057e+01 +4.476190057e+01 -9.552380994e+02 -9.552380994e+02 -1.9984e+00 -2.3397e+00 -1.1237e+00
57 0 +3.586729286e+01 +3.586729286e+01 -9.641327071e+02 -9.641327071e+02 -1.9995e+00 -2.4960e+00 -4.4436e-01
91 0 +3.388080915e+01 +3.388080915e+01 -9.661191909e+02 -9.661191909e+02 -1.1182e+00 -3.0694e+00 +1.1366e+00
145 0 +3.237912773e+01 +3.237912773e+01 -9.676208723e+02 -9.676208723e+02 -1.1521e+00 -2.6574e+00 +1.3737e+00
148 0 +3.139088652e+01 +3.139088652e+01 -9.686091135e+02 -9.686091135e+02 -1.1076e+00 -2.3825e+00 +5.2342e-01
196 0 +3.078107878e+01 +3.078107878e+01 -9.692189212e+02 -9.692189212e+02 -1.0888e+00 -2.3814e+00 +4.8274e-01
208 0 +2.935608778e+01 +2.935608778e+01 -9.706439122e+02 -9.706439122e+02 -1.0694e+00 -2.3437e+00 +4.3769e-01
209 0 +2.843355279e+01 +2.843355279e+01 -9.715664472e+02 -9.715664472e+02 -1.0683e+00 -2.3152e+00 +4.5009e-01
250 0 +2.597366855e+01 +2.597366855e+01 -9.740263314e+02 -9.740263314e+02 -9.9223e-01 -2.3265e+00 +4.8729e-01
% f evaluations | g evaluations | best noise-free fitness - Fopt | noise-free fitness - Fopt (-9.247000000000e+01) | measured fitness | best measured fitness | x1 | x2...
1 0 +3.626788343e+02 +3.626788343e+02 +2.702088343e+02 +2.702088343e+02 -3.3142e+00 +2.9475e-01 -4.9945e+00
3 0 +3.373256856e+02 +3.373256856e+02 +2.448556856e+02 +2.448556856e+02 -3.2936e+00 +4.3112e+00 -3.0771e+00
5 0 +1.152788407e+02 +1.152788407e+02 +2.280884071e+01 +2.280884071e+01 +2.3426e+00 -4.0843e+00 +7.1482e-01
6 0 +9.612316141e+01 +9.612316141e+01 +3.653161411e+00 +3.653161411e+00 +4.2232e+00 -3.8079e+00 +4.4060e+00
9 0 +7.037006000e+01 +7.037006000e+01 -2.209994000e+01 -2.209994000e+01 +3.6840e+00 +2.7705e+00 +1.9194e+00
10 0 +3.299876746e+01 +3.299876746e+01 -5.947123254e+01 -5.947123254e+01 +2.5364e+00 +1.9566e+00 +2.0136e+00
55 0 +2.614078633e+01 +2.614078633e+01 -6.632921367e+01 -6.632921367e+01 +2.5810e+00 -1.6974e+00 +2.5923e+00
78 0 +1.222630170e+01 +1.222630170e+01 -8.024369830e+01 -8.024369830e+01 +2.3667e+00 +1.6485e+00 +1.8339e+00
164 0 +1.141864763e+01 +1.141864763e+01 -8.105135237e+01 -8.105135237e+01 +2.3673e+00 +1.6411e+00 +1.8323e+00
198 0 +1.052641259e+01 +1.052641259e+01 -8.194358741e+01 -8.194358741e+01 +2.3641e+00 +1.6457e+00 +1.7585e+00
203 0 +1.033385519e+01 +1.033385519e+01 -8.213614481e+01 -8.213614481e+01 +2.3651e+00 +1.6246e+00 +1.8277e+00
215 0 +1.019958704e+01 +1.019958704e+01 -8.227041296e+01 -8.227041296e+01 +2.3529e+00 +1.6053e+00 +1.8249e+00
371 0 +9.999337495e+00 +9.999337495e+00 -8.247066251e+01 -8.247066251e+01 +2.3634e+00 +1.6163e+00 +1.8128e+00
% f evaluations | g evaluations | best noise-free fitness - Fopt | noise-free fitness - Fopt (-2.153000000000e+02) | measured fitness | best measured fitness | x1 | x2...
1 0 +1.892190530e+03 +1.892190530e+03 +1.676890530e+03 +1.676890530e+03 +5.5713e-01 -4.1290e+00 +4.4144e+00
2 0 +3.182036608e+02 +3.182036608e+02 +1.029036608e+02 +1.029036608e+02 +4.0283e+00 +3.3069e+00 +2.6793e+00
3 0 +1.769099130e+02 +1.769099130e+02 -3.839008705e+01 -3.839008705e+01 -3.8283e+00 +7.7186e-01 -4.2491e+00
4 0 +1.652098825e+02 +1.652098825e+02 -5.009011745e+01 -5.009011745e+01 +3.1700e+00 -4.4421e-01 +3.6341e+00
5 0 +7.863071013e+01 +7.863071013e+01 -1.366692899e+02 -1.366692899e+02 -1.2196e+00 +2.4003e+00 +2.2444e+00
7 0 +6.525113499e+01 +6.525113499e+01 -1.500488650e+02 -1.500488650e+02 +1.3915e+00 +7.7613e-02 +1.3592e+00
9 0 +5.744138651e+01 +5.744138651e+01 -1.578586135e+02 -1.578586135e+02 -3.4424e+00 +2.1936e+00 -1.6438e+00
47 0 +3.606622119e+01 +3.606622119e+01 -1.792337788e+02 -1.792337788e+02 -1.0508e-01 +2.1411e+00 +5.5510e-01
56 0 +2.993270432e+01 +2.993270432e+01 -1.853672957e+02 -1.853672957e+02 -1.0708e+00 +2.1887e+00 -1.8637e+00
75 0 +1.979408579e+01 +1.979408579e+01 -1.955059142e+02 -1.955059142e+02 -1.4861e+00 +2.6268e+00 -8.1987e-03
119 0 +9.237725046e+00 +9.237725046e+00 -2.060622750e+02 -2.060622750e+02 -1.5518e+00 +2.6278e+00 -5.3712e-02
156 0 +6.848573951e+00 +6.848573951e+00 -2.084514260e+02 -2.084514260e+02 -1.5552e+00 +2.5964e+00 -4.2432e-02
211 0 +6.156496344e+00 +6.156496344e+00 -2.091435037e+02 -2.091435037e+02 -1.5127e+00 +2.5922e+00 -4.4571e-02
318 0 +5.992553904e+00 +5.992553904e+00 -2.093074461e+02 -2.093074461e+02 -1.5133e+00 +2.5854e+00 -3.9293e-02
% f evaluations | g evaluations | best noise-free fitness - Fopt | noise-free fitness - Fopt (-5.449000000000e+01) | measured fitness | best measured fitness | x1 | x2...
1 0 +2.872625591e+03 +2.872625591e+03 +2.818135591e+03 +2.818135591e+03 -4.0240e+00 +1.3045e+00 -3.5321e+00
2 0 +1.052671377e+03 +1.052671377e+03 +9.981813775e+02 +9.981813775e+02 -8.7011e-01 -4.9025e+00 +4.0654e+00
5 0 +1.304559328e+02 +1.304559328e+02 +7.596593282e+01 +7.596593282e+01 +2.3876e+00 +2.0188e+00 +4.8158e+00
7 0 +6.931728718e+01 +6.931728718e+01 +1.482728718e+01 +1.482728718e+01 +1.6407e+00 +8.3338e-01 -3.3879e+00
14 0 +6.824652914e+01 +6.824652914e+01 +1.375652914e+01 +1.375652914e+01 +2.5988e+00 -5.4708e-01 -1.9899e+00
17 0 +6.439933331e+01 +6.439933331e+01 +9.909333315e+00 +9.909333315e+00 +1.8244e+00 -7.8573e-01 -1.1341e+00
31 0 +4.263582087e+01 +4.263582087e+01 -1.185417913e+01 -1.185417913e+01 +2.4513e+00 -1.0406e+00 -1.4653e+00
37 0 +4.154641401e+01 +4.154641401e+01 -1.294358599e+01 -1.294358599e+01 +3.7380e+00 -1.8837e+00 +4.1892e+00
53 0 +3.647596676e+01 +3.647596676e+01 -1.801403324e+01 -1.801403324e+01 +3.5242e+00 -7.8723e-02 +5.0000e+00
54 0 +3.422241425e+01 +3.422241425e+01 -2.026758575e+01 -2.026758575e+01 +3.5667e+00 -2.6074e+00 +4.3993e+00
58 0 +1.047612198e+01 +1.047612198e+01 -4.401387802e+01 -4.401387802e+01 +3.6495e+00 -2.5333e+00 +3.2289e+00
134 0 +8.757473903e+00 +8.757473903e+00 -4.573252610e+01 -4.573252610e+01 +3.6302e+00 -2.5850e+00 +3.2707e+00
212 0 +8.371667817e+00 +8.371667817e+00 -4.611833218e+01 -4.611833218e+01 +3.6282e+00 -2.5653e+00 +3.2600e+00
225 0 +8.308578544e+00 +8.308578544e+00 -4.618142146e+01 -4.618142146e+01 +3.6324e+00 -2.5858e+00 +3.2558e+00
263 0 +8.102318588e+00 +8.102318588e+00 -4.638768141e+01 -4.638768141e+01 +3.6390e+00 -2.5856e+00 +3.2536e+00
% f evaluations | g evaluations | best noise-free fitness - Fopt | noise-free fitness - Fopt (5.049000000000e+01) | measured fitness | best measured fitness | x1 | x2...
1 0 +3.419475679e+02 +3.419475679e+02 +3.924375679e+02 +3.924375679e+02 -3.8628e+00 -9.1258e-01 -1.7962e-01
2 0 +2.796324981e+01 +2.796324981e+01 +7.845324981e+01 +7.845324981e+01 +3.5821e+00 -1.4009e+00 +1.3910e+00
41 0 +2.025387314e+01 +2.025387314e+01 +7.074387314e+01 +7.074387314e+01 +3.9195e+00 +2.8525e-01 +4.8420e+00
53 0 +1.939139514e+01 +1.939139514e+01 +6.988139514e+01 +6.988139514e+01 +3.9222e+00 +6.7850e-01 +4.6205e+00
109 0 +1.451767755e+01 +1.451767755e+01 +6.500767755e+01 +6.500767755e+01 +3.8493e+00 +6.8330e-01 +4.8003e+00
120 0 +1.376697400e+01 +1.376697400e+01 +6.425697400e+01 +6.425697400e+01 +3.3744e+00 +6.8304e-01 +4.6148e+00
162 0 +1.347067413e+01 +1.347067413e+01 +6.396067413e+01 +6.396067413e+01 +3.3412e+00 +6.6958e-01 +4.6137e+00
179 0 +1.097082468e+01 +1.097082468e+01 +6.146082468e+01 +6.146082468e+01 +3.2428e+00 +7.5865e-01 +4.6053e+00
209 0 +1.096274294e+01 +1.096274294e+01 +6.145274294e+01 +6.145274294e+01 +3.3154e+00 +7.3922e-01 +4.6071e+00
260 0 +1.059044486e+01 +1.059044486e+01 +6.108044486e+01 +6.108044486e+01 +3.2532e+00 +7.5966e-01 +4.6100e+00
262 0 +1.025320315e+01 +1.025320315e+01 +6.074320315e+01 +6.074320315e+01 +3.2589e+00 +7.4745e-01 +4.5968e+00
278 0 +9.967020605e+00 +9.967020605e+00 +6.045702061e+01 +6.045702061e+01 +3.2803e+00 +7.3239e-01 +4.5975e+00
% f evaluations | g evaluations | best noise-free fitness - Fopt | noise-free fitness - Fopt (-3.641300000000e+02) | measured fitness | best measured fitness | x1 | x2...
1 0 +3.593809753e+03 +3.593809753e+03 +3.229679753e+03 +3.229679753e+03 +4.7200e+00 -2.9844e-01 +4.1092e+00
2 0 +8.290875754e+02 +8.290875754e+02 +4.649575754e+02 +4.649575754e+02 +3.6300e+00 -3.8444e-01 +7.9068e-01
3 0 +2.001885777e+02 +2.001885777e+02 -1.639414223e+02 -1.639414223e+02 -4.6583e+00 +3.9456e+00 +2.6508e+00
4 0 +5.168273928e+01 +5.168273928e+01 -3.124472607e+02 -3.124472607e+02 -1.8193e+00 +2.4022e+00 +4.3831e-01
43 0 +4.782250854e+01 +4.782250854e+01 -3.163074915e+02 -3.163074915e+02 -4.9438e+00 -6.7137e-01 +1.8365e+00
51 0 +4.575910152e+01 +4.575910152e+01 -3.183708985e+02 -3.183708985e+02 -5.0000e+00 -7.7073e-01 +2.6041e+00
54 0 +2.420176217e+01 +2.420176217e+01 -3.399282378e+02 -3.399282378e+02 -3.4645e+00 -4.9366e-01 +1.0943e+00
58 0 +9.606891949e+00 +9.606891949e+00 -3.545231081e+02 -3.545231081e+02 -4.2808e+00 -1.5646e+00 +1.7729e+00
106 0 +3.465487469e+00 +3.465487469e+00 -3.606645125e+02 -3.606645125e+02 -4.1003e+00 -9.7299e-01 +1.7407e+00
159 0 +3.133805657e+00 +3.133805657e+00 -3.609961943e+02 -3.609961943e+02 -4.1231e+00 -9.3508e-01 +1.7375e+00
192 0 +3.078245138e+00 +3.078245138e+00 -3.610517549e+02 -3.610517549e+02 -4.1852e+00 -9.6328e-01 +1.8732e+00
209 0 +2.489942974e+00 +2.489942974e+00 -3.616400570e+02 -3.616400570e+02 -4.1479e+00 -9.6311e-01 +1.7949e+00
262 0 +2.444695861e+00 +2.444695861e+00 -3.616853041e+02 -3.616853041e+02 -4.1495e+00 -9.6213e-01 +1.8204e+00
280 0 +2.384123448e+00 +2.384123448e+00 -3.617458766e+02 -3.617458766e+02 -4.1362e+00 -9.6289e-01 +1.7994e+00
322 0 +2.303539681e+00 +2.303539681e+00 -3.618264603e+02 -3.618264603e+02 -4.1337e+00 -9.5782e-01 +1.7948e+00
336 0 +2.283002716e+00 +2.283002716e+00 -3.618469973e+02 -3.618469973e+02 -4.1362e+00 -9.4923e-01 +1.7939e+00
342 0 +2.191094650e+00 +2.191094650e+00 -3.619389053e+02 -3.619389053e+02 -4.1248e+00 -9.5175e-01 +1.7984e+00
365 0 +2.178679859e+00 +2.178679859e+00 -3.619513201e+02 -3.619513201e+02 -4.1214e+00 -9.5130e-01 +1.7984e+00
380 0 +2.104856711e+00 +2.104856711e+00 -3.620251433e+02 -3.620251433e+02 -4.1174e+00 -9.3812e-01 +1.7912e+00
444 0 +2.066711270e+00 +2.066711270e+00 -3.620632887e+02 -3.620632887e+02 -4.1132e+00 -9.3960e-01 +1.7922e+00
451 0 +2.036072092e+00 +2.036072092e+00 -3.620939279e+02 -3.620939279e+02 -4.1062e+00 -9.3859e-01 +1.7908e+00
% f evaluations | g evaluations | best noise-free fitness - Fopt | noise-free fitness - Fopt (1.592700000000e+02) | measured fitness | best measured fitness | x1 | x2...
1 0 +6.917851665e+01 +6.917851665e+01 +2.284485166e+02 +2.284485166e+02 +4.1098e+00 +3.1040e-01 +3.6523e+00
2 0 +6.351138468e+01 +6.351138468e+01 +2.227813847e+02 +2.227813847e+02 -4.4376e+00 -3.5115e+00 +2.9996e+00
4 0 +4.467147171e+01 +4.467147171e+01 +2.039414717e+02 +2.039414717e+02 +1.9836e+00 +1.3195e+00 +4.4276e+00
70 0 +3.906086910e+01 +3.906086910e+01 +1.983308691e+02 +1.983308691e+02 +1.7917e+00 +5.8187e-01 +4.5856e+00
72 0 +3.559664703e+01 +3.559664703e+01 +1.948666470e+02 +1.948666470e+02 +4.3030e-01 +9.3334e-01 +4.3619e+00
106 0 +3.106703484e+01 +3.106703484e+01 +1.903370348e+02 +1.903370348e+02 +3.5483e-01 +8.8277e-01 +4.3988e+00
121 0 +2.857648755e+01 +2.857648755e+01 +1.878464875e+02 +1.878464875e+02 +3.6501e-01 +9.4541e-01 +4.4556e+00
123 0 +2.645643675e+01 +2.645643675e+01 +1.857264368e+02 +1.857264368e+02 +1.0665e+00 +9.5650e-01 +4.0526e+00
128 0 +2.017241280e+01 +2.017241280e+01 +1.794424128e+02 +1.794424128e+02 +3.1438e-01 +1.1062e+00 +4.3964e+00
173 0 +1.962651527e+01 +1.962651527e+01 +1.788965153e+02 +1.788965153e+02 +3.2405e-01 +1.0406e+00 +4.3881e+00
185 0 +1.827015090e+01 +1.827015090e+01 +1.775401509e+02 +1.775401509e+02 +3.6402e-01 +1.0864e+00 +4.3972e+00
196 0 +1.705036913e+01 +1.705036913e+01 +1.763203691e+02 +1.763203691e+02 +9.9995e-01 +7.4777e-01 +4.3936e+00
294 0 +1.697371958e+01 +1.697371958e+01 +1.762437196e+02 +1.762437196e+02 +9.8591e-01 +7.4588e-01 +4.3967e+00
