% f evaluations | g evaluations | best noise-free fitness - Fopt | noise-free fitness - Fopt (-5.465000000000e+02) | measured fitness | best measured fitness | x1 | x2...
1 0 +8.424148549e+02 +8.424148549e+02 +2.959148549e+02 +2.959148549e+02 +6.5038e-01 +8.7972e-01
3 0 +5.063409623e+00 +5.063409623e+00 -5.414365904e+02 -5.414365904e+02 -1.7146e+00 +1.1599e+00
5 0 +4.498561450e+00 +4.498561450e+00 -5.420014385e+02 -5.420014385e+02 +9.7681e-01 +2.5699e+00
7 0 +3.075199205e+00 +3.075199205e+00 -5.434248008e+02 -5.434248008e+02 +1.3508e+00 +2.5635e+00
13 0 +2.450363379e+00 +2.450363379e+00 -5.440496366e+02 -5.440496366e+02 +1.5240e+00 +1.5749e+00
52 0 +1.488490533e+00 +1.488490533e+00 -5.450115095e+02 -5.450115095e+02 -1.9628e+00 +2.2056e+00
117 0 +1.341646476e+00 +1.341646476e+00 -5.451583535e+02 -5.451583535e+02 -2.1283e+00 +1.7239e+00
125 0 +6.711624852e-01 +6.711624852e-01 -5.458288375e+02 -5.458288375e+02 -2.2123e+00 +2.1174e+00
156 0 +1.035381443e-01 +1.035381443e-01 -5.463964619e+02 -5.463964619e+02 -2.1531e+00 +2.1061e+00
209 0 +3.706706119e-02 +3.706706119e-02 -5.464629329e+02 -5.464629329e+02 -2.1275e+00 +2.1090e+00
210 0 +1.823279721e-02 +1.823279721e-02 -5.464817672e+02 -5.464817672e+02 -2.0907e+00 +2.1156e+00
211 0 +1.571273091e-02 +1.571273091e-02 -5.464842873e+02 -5.464842873e+02 -2.1230e+00 +2.1057e+00
213 0 +1.954550918e-03 +1.954550918e-03 -5.464980454e+02 -5.464980454e+02 -2.0993e+00 +2.1041e+00
219 0 +1.129472251e-03 +1.129472251e-03 -5.464988705e+02 -5.464988705e+02 -2.0989e+00 +2.1073e+00
259 0 +6.584111890e-04 +6.584111890e-04 -5.464993416e+02 -5.464993416e+02 -2.1009e+00 +2.1069e+00
315 0 +4.652894927e-04 +4.652894927e-04 -5.464995347e+02 -5.464995347e+02 -2.1007e+00 +2.1063e+00
335 0 +2.286869325e-04 +2.286869325e-04 -5.464997713e+02 -5.464997713e+02 -2.1021e+00 +2.1059e+00
366 0 +1.810034860e-04 +1.810034860e-04 -5.464998190e+02 -5.464998190e+02 -2.1022e+00 +2.1054e+00
370 0 +1.108233213e-04 +1.108233213e-04 -5.464998892e+02 -5.464998892e+02 -2.1034e+00 +2.1057e+00
416 0 +3.656183878e-05 +3.656183878e-05 -5.464999634e+02 -5.464999634e+02 -2.1044e+00 +2.1053e+00
467 0 +7.045895700e-06 +7.045895700e-06 -5.464999930e+02 -5.464999930e+02 -2.1045e+00 +2.1051e+00
520 0 +3.667339911e-06 +3.667339911e-06 -5.464999963e+02 -5.464999963e+02 -2.1045e+00 +2.1049e+00
524 0 +1.610815275e-06 +1.610815275e-06 -5.464999984e+02 -5.464999984e+02 -2.1046e+00 +2.1049e+00
572 0 +8.159111076e-07 +8.159111076e-07 -5.464999992e+02 -5.464999992e+02 -2.1047e+00 +2.1049e+00
600 0 +7.687827974e-07 +7.687827974e-07 -5.464999992e+02 -5.464999992e+02 -2.1047e+00 +2.1049e+00
624 0 +7.364714065e-07 +7.364714065e-07 -5.464999993e+02 -5.464999993e+02 -2.1047e+00 +2.1049e+00
625 0 +6.008132232e-07 +6.008132232e-07 -5.464999994e+02 -5.464999994e+02 -2.1047e+00 +2.1049e+00
629 0 +5.407841854e-07 +5.407841854e-07 -5.464999995e+02 -5.464999995e+02 -2.1047e+00 +2.1049e+00
630 0 +3.851178008e-07 +3.851178008e-07 -5.464999996e+02 -5.464999996e+02 -2.1047e+00 +2.1049e+00
675 0 +2.129818313e-07 +2.129818313e-07 -5.464999998e+02 -5.464999998e+02 -2.1048e+00 +2.1049e+00
731 0 +1.791032673e-07 +1.791032673e-07 -5.464999998e+02 -5.464999998e+02 -2.1048e+00 +2.1049e+00
737 0 +1.715532107e-07 +1.715532107e-07 -5.464999998e+02 -5.464999998e+02 -2.1048e+00 +2.1049e+00
739 0 +1.664981255e-07 +1.664981255e-07 -5.464999998e+02 -5.464999998e+02 -2.1048e+00 +2.1049e+00
742 0 +1.395919753e-07 +1.395919753e-07 -5.464999999e+02 -5.464999999e+02 -2.1048e+00 +2.1049e+00
790 0 +1.195481900e-07 +1.195481900e-07 -5.464999999e+02 -5.464999999e+02 -2.1048e+00 +2.1049e+00
798 0 +1.144292128e-07 +1.144292128e-07 -5.464999999e+02 -5.464999999e+02 -2.1048e+00 +2.1049e+00
802 0 +1.118099817e-07 +1.118099817e-07 -5.464999999e+02 -5.464999999e+02 -2.1048e+00 +2.1049e+00
820 0 +1.033532726e-07 +1.033532726e-07 -5.464999999e+02 -5.464999999e+02 -2.1048e+00 +2.1049e+00
822 0 +9.886298358e-08 +9.886298358e-08 -5.464999999e+02 -5.464999999e+02 -2.1048e+00 +2.1049e+00
832 0 +9.045720617e-08 +9.045720617e-08 -5.464999999e+02 -5.464999999e+02 -2.1048e+00 +2.1049e+00
835 0 +8.361485015e-08 +8.361485015e-08 -5.464999999e+02 -5.464999999e+02 -2.1048e+00 +2.1049e+00
838 0 +7.193932561e-08 +7.193932561e-08 -5.464999999e+02 -5.464999999e+02 -2.1048e+00 +2.1049e+00
856 0 +5.977005912e-08 +5.977005912e-08 -5.464999999e+02 -5.464999999e+02 -2.1048e+00 +2.1049e+00
884 0 +5.681829407e-08 +5.681829407e-08 -5.464999999e+02 -5.464999999e+02 -2.1048e+00 +2.1049e+00
885 0 +5.495155619e-08 +5.495155619e-08 -5.464999999e+02 -5.464999999e+02 -2.1048e+00 +2.1049e+00
888 0 +5.351751042e-08 +5.351751042e-08 -5.464999999e+02 -5.464999999e+02 -2.1048e+00 +2.1049e+00
940 0 +5.241236067e-08 +5.241236067e-08 -5.464999999e+02 -5.464999999e+02 -2.1048e+00 +2.1049e+00
945 0 +5.101924216e-08 +5.101924216e-08 -5.464999999e+02 -5.464999999e+02 -2.1048e+00 +2.1049e+00
971 0 +4.993228231e-08 +4.993228231e-08 -5.465000000e+02 -5.465000000e+02 -2.1048e+00 +2.1049e+00
988 0 +4.890034688e-08 +4.890034688e-08 -5.465000000e+02 -5.465000000e+02 -2.1048e+00 +2.1049e+00
993 0 +4.603384696e-08 +4.603384696e-08 -5.465000000e+02 -5.465000000e+02 -2.1048e+00 +2.1049e+00
1039 0 +4.293917755e-08 +4.293917755e-08 -5.465000000e+02 -5.465000000e+02 -2.1048e+00 +2.1049e+00
1092 0 +4.219577932e-08 +4.219577932e-08 -5.465000000e+02 -5.465000000e+02 -2.1048e+00 +2.1049e+00
1098 0 +4.067203463e-08 +4.067203463e-08 -5.465000000e+02 -5.465000000e+02 -2.1048e+00 +2.1049e+00
1124 0 +3.950242444e-08 +3.950242444e-08 -5.465000000e+02 -5.465000000e+02 -2.1048e+00 +2.1049e+00
1145 0 +3.853801900e-08 +3.853801900e-08 -5.465000000e+02 -5.465000000e+02 -2.1048e+00 +2.1049e+00
1161 0 +3.756576916e-08 +3.756576916e-08 -5.465000000e+02 -5.465000000e+02 -2.1048e+00 +2.1049e+00
1165 0 +3.617788025e-08 +3.617788025e-08 -5.465000000e+02 -5.465000000e+02 -2.1048e+00 +2.1049e+00
1184 0 +3.540196758e-08 +3.540196758e-08 -5.465000000e+02 -5.465000000e+02 -2.1048e+00 +2.1049e+00
1195 0 +3.268758064e-08 +3.268758064e-08 -5.465000000e+02 -5.465000000e+02 -2.1048e+00 +2.1049e+00
1230 0 +3.129105153e-08 +3.129105153e-08 -5.465000000e+02 -5.465000000e+02 -2.1048e+00 +2.1049e+00
1247 0 +3.090246992e-08 +3.090246992e-08 -5.465000000e+02 -5.465000000e+02 -2.1048e+00 +2.1049e+00
1255 0 +2.939259502e-08 +2.939259502e-08 -5.465000000e+02 -5.465000000e+02 -2.1048e+00 +2.1049e+00
1272 0 +2.846866209e-08 +2.846866209e-08 -5.465000000e+02 -5.465000000e+02 -2.1048e+00 +2.1049e+00
1299 0 +2.818092071e-08 +2.818092071e-08 -5.465000000e+02 -5.465000000e+02 -2.1048e+00 +2.1049e+00
1304 0 +2.572255653e-08 +2.572255653e-08 -5.465000000e+02 -5.465000000e+02 -2.1048e+00 +2.1049e+00
1355 0 +2.560068424e-08 +2.560068424e-08 -5.465000000e+02 -5.465000000e+02 -2.1048e+00 +2.1049e+00
1359 0 +2.475064775e-08 +2.475064775e-08 -5.465000000e+02 -5.465000000e+02 -2.1048e+00 +2.1049e+00
1371 0 +2.448166470e-08 +2.448166470e-08 -5.465000000e+02 -5.465000000e+02 -2.1048e+00 +2.1049e+00
1407 0 +2.352669526e-08 +2.352669526e-08 -5.465000000e+02 -5.465000000e+02 -2.1048e+00 +2.1049e+00
1420 0 +2.296940238e-08 +2.296940238e-08 -5.465000000e+02 -5.465000000e+02 -2.1048e+00 +2.1049e+00
1799 0 +2.290857992e-08 +2.290857992e-08 -5.465000000e+02 -5.465000000e+02 -2.1048e+00 +2.1049e+00
2761 0 +2.234889962e-08 +2.234889962e-08 -5.465000000e+02 -5.465000000e+02 -2.1048e+00 +2.1049e+00
3067 0 +2.181570835e-08 +2.181570835e-08 -5.465000000e+02 -5.465000000e+02 -2.1048e+00 +2.1049e+00
3329 0 +2.136266630e-08 +2.136266630e-08 -5.465000000e+02 -5.465000000e+02 -2.1048e+00 +2.1049e+00
3809 0 +2.088233941e-08 +2.088233941e-08 -5.465000000e+02 -5.465000000e+02 -2.1048e+00 +2.1049e+00
4163 0 +2.040735581e-08 +2.040735581e-08 -5.465000000e+02 -5.465000000e+02 -2.1048e+00 +2.1049e+00
4479 0 +1.992430043e-08 +1.992430043e-08 -5.465000000e+02 -5.465000000e+02 -2.1048e+00 +2.1049e+00
4902 0 +1.948376394e-08 +1.948376394e-08 -5.465000000e+02 -5.465000000e+02 -2.1048e+00 +2.1049e+00
5153 0 +1.903617886e-08 +1.903617886e-08 -5.465000000e+02 -5.465000000e+02 -2.1048e+00 +2.1049e+00
5408 0 +1.853118192e-08 +1.853118192e-08 -5.465000000e+02 -5.465000000e+02 -2.1048e+00 +2.1049e+00
5567 0 +1.814964889e-08 +1.814964889e-08 -5.465000000e+02 -5.465000000e+02 -2.1048e+00 +2.1049e+00
5722 0 +1.777425496e-08 +1.777425496e-08 -5.465000000e+02 -5.465000000e+02 -2.1048e+00 +2.1049e+00
5826 0 +1.735713795e-08 +1.735713795e-08 -5.465000000e+02 -5.465000000e+02 -2.1048e+00 +2.1049e+00
5927 0 +1.695150331e-08 +1.695150331e-08 -5.465000000e+02 -5.465000000e+02 -2.1048e+00 +2.1049e+00
6031 0 +1.653165782e-08 +1.653165782e-08 -5.465000000e+02 -5.465000000e+02 -2.1048e+00 +2.1049e+00
6154 0 +1.618980150e-08 +1.618980150e-08 -5.465000000e+02 -5.465000000e+02 -2.1048e+00 +2.1049e+00
6240 0 +1.584555775e-08 +1.584555775e-08 -5.465000000e+02 -5.465000000e+02 -2.1048e+00 +2.1049e+00
6344 0 +1.547743977e-08 +1.547743977e-08 -5.465000000e+02 -5.465000000e+02 -2.1048e+00 +2.1049e+00
6454 0 +1.511284609e-08 +1.511284609e-08 -5.465000000e+02 -5.465000000e+02 -2.1048e+00 +2.1049e+00
6521 0 +1.476860234e-08 +1.476860234e-08 -5.465000000e+02 -5.465000000e+02 -2.1048e+00 +2.1049e+00
6605 0 +1.435785180e-08 +1.435785180e-08 -5.465000000e+02 -5.465000000e+02 -2.1048e+00 +2.1049e+00
6709 0 +1.410421646e-08 +1.410421646e-08 -5.465000000e+02 -5.465000000e+02 -2.1048e+00 +2.1049e+00
6771 0 +1.376645287e-08 +1.376645287e-08 -5.465000000e+02 -5.465000000e+02 -2.1048e+00 +2.1049e+00
6863 0 +1.338139555e-08 +1.338139555e-08 -5.465000000e+02 -5.465000000e+02 -2.1048e+00 +2.1049e+00
6922 0 +1.306966624e-08 +1.306966624e-08 -5.465000000e+02 -5.465000000e+02 -2.1048e+00 +2.1049e+00
6970 0 +1.282455742e-08 +1.282455742e-08 -5.465000000e+02 -5.465000000e+02 -2.1048e+00 +2.1049e+00
7053 0 +1.247155978e-08 +1.247155978e-08 -5.465000000e+02 -5.465000000e+02 -2.1048e+00 +2.1049e+00
7071 0 +1.225225787e-08 +1.225225787e-08 -5.465000000e+02 -5.465000000e+02 -2.1048e+00 +2.1049e+00
7137 0 +1.180649178e-08 +1.180649178e-08 -5.465000000e+02 -5.465000000e+02 -2.1048e+00 +2.1049e+00
7175 0 +1.174612407e-08 +1.174612407e-08 -5.465000000e+02 -5.465000000e+02 -2.1048e+00 +2.1049e+00
7215 0 +1.141995654e-08 +1.141995654e-08 -5.465000000e+02 -5.465000000e+02 -2.1048e+00 +2.1049e+00
7241 0 +1.113699000e-08 +1.113699000e-08 -5.465000000e+02 -5.465000000e+02 -2.1048e+00 +2.1049e+00
7332 0 +1.092234925e-08 +1.092234925e-08 -5.465000000e+02 -5.465000000e+02 -2.1048e+00 +2.1049e+00
7384 0 +1.070350208e-08 +1.070350208e-08 -5.465000000e+02 -5.465000000e+02 -2.1048e+00 +2.1049e+00
7440 0 +1.043792963e-08 +1.043792963e-08 -5.465000000e+02 -5.465000000e+02 -2.1048e+00 +2.1049e+00
7487 0 +1.020646323e-08 +1.020646323e-08 -5.465000000e+02 -5.465000000e+02 -2.1048e+00 +2.1049e+00
7633 0 +9.897803466e-09 +9.897803466e-09 -5.465000000e+02 -5.465000000e+02 -2.1048e+00 +2.1049e+00
% f evaluations | g evaluations | best noise-free fitness - Fopt | noise-free fitness - Fopt (1.000000000000e+03) | measured fitness | best measured fitness | x1 | x2...
1 0 +1.863434529e+03 +1.863434529e+03 +2.863434529e+03 +2.863434529e+03 +3.4613e+00 +4.2300e+00
14 0 +4.174668838e+01 +4.174668838e+01 +1.041746688e+03 +1.041746688e+03 +2.8123e+00 +1.9460e+00
17 0 +3.987678636e+00 +3.987678636e+00 +1.003987679e+03 +1.003987679e+03 +1.2246e+00 +2.3882e+00
21 0 +2.573136703e+00 +2.573136703e+00 +1.002573137e+03 +1.002573137e+03 -2.0221e+00 +8.8787e-01
66 0 +1.140782470e+00 +1.140782470e+00 +1.001140782e+03 +1.001140782e+03 -2.2423e+00 +9.4497e-01
123 0 +8.922926555e-01 +8.922926555e-01 +1.000892293e+03 +1.000892293e+03 -2.2111e+00 +9.4306e-01
136 0 +8.567644007e-01 +8.567644007e-01 +1.000856764e+03 +1.000856764e+03 -2.1440e+00 +9.2102e-01
140 0 +7.697417468e-01 +7.697417468e-01 +1.000769742e+03 +1.000769742e+03 -2.1884e+00 +9.3680e-01
141 0 +7.315536765e-01 +7.315536765e-01 +1.000731554e+03 +1.000731554e+03 -2.1782e+00 +9.4656e-01
170 0 +6.314821416e-01 +6.314821416e-01 +1.000631482e+03 +1.000631482e+03 -2.1393e+00 +9.4621e-01
223 0 +6.284798396e-01 +6.284798396e-01 +1.000628480e+03 +1.000628480e+03 -2.1386e+00 +9.4703e-01
261 0 +6.143528519e-01 +6.143528519e-01 +1.000614353e+03 +1.000614353e+03 -2.1207e+00 +9.4904e-01
341 0 +5.997911032e-01 +5.997911032e-01 +1.000599791e+03 +1.000599791e+03 -2.1201e+00 +9.5449e-01
% f evaluations | g evaluations | best noise-free fitness - Fopt | noise-free fitness - Fopt (2.083800000000e+02) | measured fitness | best measured fitness | x1 | x2...
1 0 +9.366458442e+01 +9.366458442e+01 +3.020445844e+02 +3.020445844e+02 +2.9593e+00 +3.5320e+00
6 0 +4.672911675e+00 +4.672911675e+00 +2.130529117e+02 +2.130529117e+02 -7.5412e-01 +1.6870e+00
36 0 +3.876393304e+00 +3.876393304e+00 +2.122563933e+02 +2.122563933e+02 -1.9342e+00 +1.9190e+00
41 0 +3.744502795e+00 +3.744502795e+00 +2.121245028e+02 +2.121245028e+02 -4.9998e-01 +1.3044e+00
44 0 +2.444386146e+00 +2.444386146e+00 +2.108243861e+02 +2.108243861e+02 -2.0689e+00 +1.3466e+00
55 0 +1.768841141e+00 +1.768841141e+00 +2.101488411e+02 +2.101488411e+02 -2.2438e+00 +8.7183e-01
72 0 +1.724973488e+00 +1.724973488e+00 +2.101049735e+02 +2.101049735e+02 -2.0540e+00 +1.2820e+00
85 0 +9.325068487e-01 +9.325068487e-01 +2.093125068e+02 +2.093125068e+02 -2.0771e+00 +2.0486e+00
127 0 +1.105684272e-01 +1.105684272e-01 +2.084905684e+02 +2.084905684e+02 -2.0435e+00 +2.1283e+00
181 0 +2.517843794e-02 +2.517843794e-02 +2.084051784e+02 +2.084051784e+02 -2.0780e+00 +2.1168e+00
212 0 +2.460580507e-02 +2.460580507e-02 +2.084046058e+02 +2.084046058e+02 -2.0736e+00 +2.1128e+00
230 0 +1.908777420e-02 +1.908777420e-02 +2.083990878e+02 +2.083990878e+02 -2.0797e+00 +2.1147e+00
231 0 +1.281546112e-02 +1.281546112e-02 +2.083928155e+02 +2.083928155e+02 -2.0846e+00 +2.1130e+00
247 0 +1.026250008e-02 +1.026250008e-02 +2.083902625e+02 +2.083902625e+02 -2.0847e+00 +2.1101e+00
260 0 +8.509368881e-03 +8.509368881e-03 +2.083885094e+02 +2.083885094e+02 -2.0865e+00 +2.1091e+00
287 0 +2.930663816e-03 +2.930663816e-03 +2.083829307e+02 +2.083829307e+02 -2.1032e+00 +2.1019e+00
312 0 +2.175728260e-03 +2.175728260e-03 +2.083821757e+02 +2.083821757e+02 -2.1012e+00 +2.1030e+00
313 0 +1.630276207e-03 +1.630276207e-03 +2.083816303e+02 +2.083816303e+02 -2.1071e+00 +2.1067e+00
320 0 +2.070618100e-04 +2.070618100e-04 +2.083802071e+02 +2.083802071e+02 -2.1027e+00 +2.1048e+00
336 0 +1.731071910e-04 +1.731071910e-04 +2.083801731e+02 +2.083801731e+02 -2.1054e+00 +2.1055e+00
365 0 +6.571531642e-05 +6.571531642e-05 +2.083800657e+02 +2.083800657e+02 -2.1044e+00 +2.1054e+00
375 0 +2.325601122e-05 +2.325601122e-05 +2.083800233e+02 +2.083800233e+02 -2.1058e+00 +2.1046e+00
378 0 +1.408891663e-05 +1.408891663e-05 +2.083800141e+02 +2.083800141e+02 -2.1056e+00 +2.1047e+00
445 0 +3.908439510e-07 +3.908439510e-07 +2.083800004e+02 +2.083800004e+02 -2.1048e+00 +2.1048e+00
467 0 +3.392770509e-07 +3.392770509e-07 +2.083800003e+02 +2.083800003e+02 -2.1048e+00 +2.1048e+00
515 0 +3.496853651e-08 +3.496853651e-08 +2.083800000e+02 +2.083800000e+02 -2.1049e+00 +2.1048e+00
531 0 +3.052954867e-08 +3.052954867e-08 +2.083800000e+02 +2.083800000e+02 -2.1049e+00 +2.1048e+00
543 0 +1.784559345e-08 +1.784559345e-08 +2.083800000e+02 +2.083800000e+02 -2.1049e+00 +2.1048e+00
563 0 +7.348461395e-09 +7.348461395e-09 +2.083800000e+02 +2.083800000e+02 -2.1048e+00 +2.1049e+00
% f evaluations | g evaluations | best noise-free fitness - Fopt | noise-free fitness - Fopt (-1.449600000000e+02) | measured fitness | best measured fitness | x1 | x2...
1 0 +2.493546246e+04 +2.493546246e+04 +2.479050246e+04 +2.479050246e+04 -2.3072e+00 +1.8980e+00
6 0 +3.066378007e+02 +3.066378007e+02 +1.616778007e+02 +1.616778007e+02 -2.6955e+00 -2.3527e-01
14 0 +4.143482517e+00 +4.143482517e+00 -1.408165175e+02 -1.408165175e+02 -5.5048e-01 -2.1948e+00
32 0 +3.531502706e+00 +3.531502706e+00 -1.414284973e+02 -1.414284973e+02 -1.1469e+00 -1.4314e+00
54 0 +1.764559446e+00 +1.764559446e+00 -1.431954406e+02 -1.431954406e+02 -2.2591e+00 -2.1377e+00
108 0 +1.728440108e+00 +1.728440108e+00 -1.432315599e+02 -1.432315599e+02 -2.2750e+00 -2.1284e+00
127 0 +5.120467114e-01 +5.120467114e-01 -1.444479533e+02 -1.444479533e+02 -2.0195e+00 -2.0892e+00
128 0 +1.125939637e-01 +1.125939637e-01 -1.448474060e+02 -1.448474060e+02 -2.1378e+00 -2.1150e+00
158 0 +2.649319500e-02 +2.649319500e-02 -1.449335068e+02 -1.449335068e+02 -2.0843e+00 -2.1179e+00
184 0 +7.767824890e-03 +7.767824890e-03 -1.449522322e+02 -1.449522322e+02 -2.1110e+00 -2.1085e+00
210 0 +3.148573092e-03 +3.148573092e-03 -1.449568514e+02 -1.449568514e+02 -2.1000e+00 -2.1092e+00
246 0 +1.787896591e-03 +1.787896591e-03 -1.449582121e+02 -1.449582121e+02 -2.0974e+00 -2.1055e+00
267 0 +1.543033701e-03 +1.543033701e-03 -1.449584570e+02 -1.449584570e+02 -2.1027e+00 -2.1078e+00
268 0 +6.339931955e-04 +6.339931955e-04 -1.449593660e+02 -1.449593660e+02 -2.1006e+00 -2.1051e+00
284 0 +2.894647356e-04 +2.894647356e-04 -1.449597105e+02 -1.449597105e+02 -2.1042e+00 -2.1061e+00
314 0 +1.238267849e-04 +1.238267849e-04 -1.449598762e+02 -1.449598762e+02 -2.1032e+00 -2.1057e+00
315 0 +9.090789609e-05 +9.090789609e-05 -1.449599091e+02 -1.449599091e+02 -2.1030e+00 -2.1053e+00
358 0 +6.880580202e-05 +6.880580202e-05 -1.449599312e+02 -1.449599312e+02 -2.1033e+00 -2.1051e+00
360 0 +4.795892048e-05 +4.795892048e-05 -1.449599520e+02 -1.449599520e+02 -2.1047e+00 -2.1053e+00
366 0 +4.496676226e-05 +4.496676226e-05 -1.449599550e+02 -1.449599550e+02 -2.1035e+00 -2.1051e+00
367 0 +3.631833832e-05 +3.631833832e-05 -1.449599637e+02 -1.449599637e+02 -2.1041e+00 -2.1053e+00
368 0 +1.961623309e-05 +1.961623309e-05 -1.449599804e+02 -1.449599804e+02 -2.1044e+00 -2.1047e+00
372 0 +8.131944298e-06 +8.131944298e-06 -1.449599919e+02 -1.449599919e+02 -2.1047e+00 -2.1050e+00
420 0 +1.431766492e-06 +1.431766492e-06 -1.449599986e+02 -1.449599986e+02 -2.1046e+00 -2.1049e+00
436 0 +5.614371048e-07 +5.614371048e-07 -1.449599994e+02 -1.449599994e+02 -2.1047e+00 -2.1049e+00
468 0 +1.098325413e-07 +1.098325413e-07 -1.449599999e+02 -1.449599999e+02 -2.1049e+00 -2.1049e+00
496 0 +6.290474630e-08 +6.290474630e-08 -1.449599999e+02 -1.449599999e+02 -2.1048e+00 -2.1049e+00
521 0 +5.725246410e-08 +5.725246410e-08 -1.449599999e+02 -1.449599999e+02 -2.1048e+00 -2.1049e+00
522 0 +1.247246928e-08 +1.247246928e-08 -1.449600000e+02 -1.449600000e+02 -2.1048e+00 -2.1049e+00
584 0 +9.162278047e-09 +9.162278047e-09 -1.449600000e+02 -1.449600000e+02 -2.1048e+00 -2.1049e+00
952 0 +0.000000000e+00 +0.000000000e+00 -1.449600000e+02 -1.449600000e+02 -2.1048e+00 -2.1048e+00
% f evaluations | g evaluations | best noise-free fitness - Fopt | noise-free fitness - Fopt (-6.300000000000e+00) | measured fitness | best measured fitness | x1 | x2...
1 0 +2.263697295e+03 +2.263697295e+03 +2.257397295e+03 +2.257397295e+03 +1.6180e+00 -1.8858e-02
10 0 +7.705616526e+02 +7.705616526e+02 +7.642616526e+02 +7.642616526e+02 -7.2914e-01 -9.1979e-01
12 0 +7.504298665e+02 +7.504298665e+02 +7.441298665e+02 +7.441298665e+02 -3.8648e+00 -2.1276e+00
13 0 +6.804388284e+02 +6.804388284e+02 +6.741388284e+02 +6.741388284e+02 +2.7431e+00 -8.6872e-02
20 0 +5.025863262e+00 +5.025863262e+00 -1.274136738e+00 -1.274136738e+00 -3.4076e-01 -1.7748e+00
51 0 +3.746178511e+00 +3.746178511e+00 -2.553821489e+00 -2.553821489e+00 -5.4146e-01 -2.0866e+00
68 0 +3.263357600e+00 +3.263357600e+00 -3.036642400e+00 -3.036642400e+00 -6.1527e-01 -2.2190e+00
79 0 +2.758800758e+00 +2.758800758e+00 -3.541199242e+00 -3.541199242e+00 -7.6283e-01 -1.6472e+00
86 0 +2.351056973e+00 +2.351056973e+00 -3.948943027e+00 -3.948943027e+00 +2.3154e+00 -1.7388e+00
110 0 +1.789555625e+00 +1.789555625e+00 -4.510444375e+00 -4.510444375e+00 +2.1189e+00 -1.8129e+00
117 0 +9.987169771e-01 +9.987169771e-01 -5.301283023e+00 -5.301283023e+00 +2.2030e+00 -2.1365e+00
159 0 +4.265333496e-01 +4.265333496e-01 -5.873466650e+00 -5.873466650e+00 +2.0849e+00 -2.1509e+00
168 0 +3.527268369e-01 +3.527268369e-01 -5.947273163e+00 -5.947273163e+00 +2.2138e+00 -2.0927e+00
171 0 +8.801895038e-02 +8.801895038e-02 -6.211981050e+00 -6.211981050e+00 +2.1256e+00 -2.1172e+00
192 0 +5.688161083e-02 +5.688161083e-02 -6.243118389e+00 -6.243118389e+00 +2.1520e+00 -2.0947e+00
208 0 +2.417184616e-02 +2.417184616e-02 -6.275828154e+00 -6.275828154e+00 +2.1357e+00 -2.0963e+00
212 0 +1.577089081e-02 +1.577089081e-02 -6.284229109e+00 -6.284229109e+00 +2.1275e+00 -2.0958e+00
260 0 +1.384146357e-02 +1.384146357e-02 -6.286158536e+00 -6.286158536e+00 +2.1223e+00 -2.0955e+00
274 0 +1.140463685e-02 +1.140463685e-02 -6.288595363e+00 -6.288595363e+00 +2.1163e+00 -2.0963e+00
291 0 +1.027185879e-02 +1.027185879e-02 -6.289728141e+00 -6.289728141e+00 +2.1034e+00 -2.0988e+00
298 0 +3.384624542e-03 +3.384624542e-03 -6.296615375e+00 -6.296615375e+00 +2.1163e+00 -2.1014e+00
319 0 +3.217001306e-03 +3.217001306e-03 -6.296782999e+00 -6.296782999e+00 +2.1121e+00 -2.1058e+00
324 0 +1.307652061e-03 +1.307652061e-03 -6.298692348e+00 -6.298692348e+00 +2.1038e+00 -2.1029e+00
327 0 +1.214937327e-03 +1.214937327e-03 -6.298785063e+00 -6.298785063e+00 +2.1114e+00 -2.1040e+00
356 0 +1.103668540e-03 +1.103668540e-03 -6.298896331e+00 -6.298896331e+00 +2.1015e+00 -2.1075e+00
377 0 +4.875819302e-04 +4.875819302e-04 -6.299512418e+00 -6.299512418e+00 +2.1016e+00 -2.1066e+00
398 0 +2.512186732e-04 +2.512186732e-04 -6.299748781e+00 -6.299748781e+00 +2.1025e+00 -2.1061e+00
410 0 +3.447204487e-05 +3.447204487e-05 -6.299965528e+00 -6.299965528e+00 +2.1044e+00 -2.1046e+00
421 0 +1.725564375e-05 +1.725564375e-05 -6.299982744e+00 -6.299982744e+00 +2.1041e+00 -2.1052e+00
424 0 +4.461686368e-06 +4.461686368e-06 -6.299995538e+00 -6.299995538e+00 +2.1046e+00 -2.1048e+00
468 0 +8.930737110e-07 +8.930737110e-07 -6.299999107e+00 -6.299999107e+00 +2.1047e+00 -2.1049e+00
473 0 +5.975619999e-07 +5.975619999e-07 -6.299999402e+00 -6.299999402e+00 +2.1048e+00 -2.1049e+00
524 0 +5.203286744e-07 +5.203286744e-07 -6.299999480e+00 -6.299999480e+00 +2.1047e+00 -2.1049e+00
533 0 +1.029567871e-07 +1.029567871e-07 -6.299999897e+00 -6.299999897e+00 +2.1048e+00 -2.1048e+00
568 0 +9.408432255e-09 +9.408432255e-09 -6.299999991e+00 -6.299999991e+00 +2.1048e+00 -2.1049e+00
1070 0 +0.000000000e+00 +0.000000000e+00 -6.300000000e+00 -6.300000000e+00 +2.1048e+00 -2.1048e+00
1161 0 -8.881784197e-16 -8.881784197e-16 -6.300000000e+00 -6.300000000e+00 +2.1048e+00 -2.1048e+00
% f evaluations | g evaluations | best noise-free fitness - Fopt | noise-free fitness - Fopt (-1.367600000000e+02) | measured fitness | best measured fitness | x1 | x2...
1 0 +5.562459804e+00 +5.562459804e+00 -1.311975402e+02 -1.311975402e+02 +1.3521e+00 -1.8492e+00
5 0 +4.142427627e+00 +4.142427627e+00 -1.326175724e+02 -1.326175724e+02 +1.2605e-01 -2.5013e+00
9 0 +2.258829584e+00 +2.258829584e+00 -1.345011704e+02 -1.345011704e+02 +1.0642e+00 -9.0415e-01
53 0 +1.940866919e+00 +1.940866919e+00 -1.348191331e+02 -1.348191331e+02 +1.0586e+00 -1.1926e+00
66 0 +1.543974708e+00 +1.543974708e+00 -1.352160253e+02 -1.352160253e+02 +2.0984e+00 -1.2593e+00
122 0 +8.598866877e-01 +8.598866877e-01 -1.359001133e+02 -1.359001133e+02 +2.0467e+00 -9.4838e-01
164 0 +6.637696828e-01 +6.637696828e-01 -1.360962303e+02 -1.360962303e+02 +2.0514e+00 -9.7369e-01
232 0 +6.438883755e-01 +6.438883755e-01 -1.361161116e+02 -1.361161116e+02 +2.0626e+00 -9.7673e-01
259 0 +6.069341764e-01 +6.069341764e-01 -1.361530658e+02 -1.361530658e+02 +2.0926e+00 -9.5737e-01
315 0 +6.009307517e-01 +6.009307517e-01 -1.361590692e+02 -1.361590692e+02 +2.0863e+00 -9.6512e-01
% f evaluations | g evaluations | best noise-free fitness - Fopt | noise-free fitness - Fopt (3.667500000000e+02) | measured fitness | best measured fitness | x1 | x2...
1 0 +1.359955714e+05 +1.359955714e+05 +1.363623214e+05 +1.363623214e+05 +3.8829e+00 +3.6683e+00
2 0 +3.714649272e+03 +3.714649272e+03 +4.081399272e+03 +4.081399272e+03 -1.0727e+00 -3.4518e+00
3 0 +7.445031460e+01 +7.445031460e+01 +4.412003146e+02 +4.412003146e+02 -1.7596e+00 -2.4462e+00
41 0 +5.317291551e+00 +5.317291551e+00 +3.720672916e+02 +3.720672916e+02 -1.5135e+00 -1.8553e+00
53 0 +4.830129052e+00 +4.830129052e+00 +3.715801291e+02 +3.715801291e+02 -1.4255e+00 -2.1934e+00
56 0 +4.151130671e+00 +4.151130671e+00 +3.709011307e+02 +3.709011307e+02 -1.7231e+00 -7.5504e-01
59 0 +2.652699943e+00 +2.652699943e+00 +3.694026999e+02 +3.694026999e+02 -2.1012e+00 -1.6225e+00
60 0 +2.064708693e+00 +2.064708693e+00 +3.688147087e+02 +3.688147087e+02 -2.0916e+00 -1.3838e+00
97 0 +1.757635875e-01 +1.757635875e-01 +3.669257636e+02 +3.669257636e+02 -2.0252e+00 -2.1334e+00
177 0 +4.227992569e-02 +4.227992569e-02 +3.667922799e+02 +3.667922799e+02 -2.0800e+00 -2.1213e+00
213 0 +9.611272351e-03 +9.611272351e-03 +3.667596113e+02 +3.667596113e+02 -2.0859e+00 -2.1111e+00
259 0 +9.184570252e-03 +9.184570252e-03 +3.667591846e+02 +3.667591846e+02 -2.1056e+00 -2.1107e+00
276 0 +8.790310733e-03 +8.790310733e-03 +3.667587903e+02 +3.667587903e+02 -2.0866e+00 -2.1082e+00
277 0 +6.875542114e-03 +6.875542114e-03 +3.667568755e+02 +3.667568755e+02 -2.0920e+00 -2.1113e+00
293 0 +2.216720998e-03 +2.216720998e-03 +3.667522167e+02 +3.667522167e+02 -2.1137e+00 -2.1036e+00
316 0 +2.080604467e-03 +2.080604467e-03 +3.667520806e+02 +3.667520806e+02 -2.1131e+00 -2.1039e+00
323 0 +2.945207394e-04 +2.945207394e-04 +3.667502945e+02 +3.667502945e+02 -2.1081e+00 -2.1037e+00
370 0 +2.646898651e-04 +2.646898651e-04 +3.667502647e+02 +3.667502647e+02 -2.1080e+00 -2.1038e+00
401 0 +1.213102780e-04 +1.213102780e-04 +3.667501213e+02 +3.667501213e+02 -2.1039e+00 -2.1045e+00
418 0 +3.012532807e-05 +3.012532807e-05 +3.667500301e+02 +3.667500301e+02 -2.1046e+00 -2.1046e+00
420 0 +1.624677560e-05 +1.624677560e-05 +3.667500162e+02 +3.667500162e+02 -2.1054e+00 -2.1045e+00
459 0 +6.582653157e-06 +6.582653157e-06 +3.667500066e+02 +3.667500066e+02 -2.1053e+00 -2.1047e+00
462 0 +1.121591708e-06 +1.121591708e-06 +3.667500011e+02 +3.667500011e+02 -2.1050e+00 -2.1048e+00
476 0 +2.592337296e-07 +2.592337296e-07 +3.667500003e+02 +3.667500003e+02 -2.1048e+00 -2.1049e+00
519 0 +1.633837314e-07 +1.633837314e-07 +3.667500002e+02 +3.667500002e+02 -2.1049e+00 -2.1048e+00
521 0 +1.202997169e-07 +1.202997169e-07 +3.667500001e+02 +3.667500001e+02 -2.1048e+00 -2.1049e+00
557 0 +6.257664609e-08 +6.257664609e-08 +3.667500001e+02 +3.667500001e+02 -2.1049e+00 -2.1048e+00
573 0 +3.607550525e-08 +3.607550525e-08 +3.667500000e+02 +3.667500000e+02 -2.1049e+00 -2.1048e+00
587 0 +2.440219760e-08 +2.440219760e-08 +3.667500000e+02 +3.667500000e+02 -2.1048e+00 -2.1048e+00
593 0 +1.641245717e-08 +1.641245717e-08 +3.667500000e+02 +3.667500000e+02 -2.1049e+00 -2.1048e+00
627 0 +1.568866992e-08 +1.568866992e-08 +3.667500000e+02 +3.667500000e+02 -2.1049e+00 -2.1048e+00
628 0 +5.477829745e-09 +5.477829745e-09 +3.667500000e+02 +3.667500000e+02 -2.1049e+00 -2.1048e+00
833 0 +0.000000000e+00 +0.000000000e+00 +3.667500000e+02 +3.667500000e+02 -2.1048e+00 -2.1048e+00
% f evaluations | g evaluations | best noise-free fitness - Fopt | noise-free fitness - Fopt (-2.486900000000e+02) | measured fitness | best measured fitness | x1 | x2...
1 0 +2.788934461e+04 +2.788934461e+04 +2.764065461e+04 +2.764065461e+04 +3.4918e+00 -4.5052e+00
2 0 +4.981515787e+03 +4.981515787e+03 +4.732825787e+03 +4.732825787e+03 -1.1818e+00 -3.5477e-01
10 0 +7.488854668e+02 +7.488854668e+02 +5.001954668e+02 +5.001954668e+02 +3.8644e+00 -3.0333e-01
26 0 +4.776383394e+00 +4.776383394e+00 -2.439136166e+02 -2.439136166e+02 +1.1194e+00 -2.1889e+00
51 0 +3.016906452e+00 +3.016906452e+00 -2.456730935e+02 -2.456730935e+02 +1.9321e+00 -1.7203e+00
79 0 +2.124579614e+00 +2.124579614e+00 -2.465654204e+02 -2.465654204e+02 +5.5968e-03 -2.6414e+00
125 0 +1.871175696e+00 +1.871175696e+00 -2.468188243e+02 -2.468188243e+02 +2.9967e-01 -2.5389e+00
179 0 +1.850806257e+00 +1.850806257e+00 -2.468391937e+02 -2.468391937e+02 +3.4714e-01 -2.5283e+00
211 0 +1.800228161e+00 +1.800228161e+00 -2.468897718e+02 -2.468897718e+02 +3.3980e-01 -2.5373e+00
316 0 +1.777477110e+00 +1.777477110e+00 -2.469125229e+02 -2.469125229e+02 +3.3264e-01 -2.5485e+00
% f evaluations | g evaluations | best noise-free fitness - Fopt | noise-free fitness - Fopt (-6.786000000000e+01) | measured fitness | best measured fitness | x1 | x2...
1 0 +6.520824499e+04 +6.520824499e+04 +6.514038499e+04 +6.514038499e+04 -4.3881e+00 -3.9155e+00
3 0 +2.804438276e+04 +2.804438276e+04 +2.797652276e+04 +2.797652276e+04 +4.7109e-01 -1.3548e+00
5 0 +1.165424159e+03 +1.165424159e+03 +1.097564159e+03 +1.097564159e+03 +7.7059e-01 +3.4869e+00
8 0 +2.063110486e+01 +2.063110486e+01 -4.722889514e+01 -4.722889514e+01 +2.7156e+00 +3.1898e+00
31 0 +1.056140950e+01 +1.056140950e+01 -5.729859050e+01 -5.729859050e+01 +2.2373e+00 +1.6928e+00
49 0 +4.550913608e+00 +4.550913608e+00 -6.330908639e+01 -6.330908639e+01 -4.6170e-01 +1.5867e+00
51 0 +3.871801842e+00 +3.871801842e+00 -6.398819816e+01 -6.398819816e+01 -1.7889e+00 +2.0867e+00
53 0 +3.207306818e+00 +3.207306818e+00 -6.465269318e+01 -6.465269318e+01 -2.1965e-01 +2.2126e+00
57 0 +2.790627340e+00 +2.790627340e+00 -6.506937266e+01 -6.506937266e+01 -1.2455e+00 +1.1820e+00
100 0 +2.578508182e+00 +2.578508182e+00 -6.528149182e+01 -6.528149182e+01 -1.0848e+00 +1.2754e+00
110 0 +2.328681462e+00 +2.328681462e+00 -6.553131854e+01 -6.553131854e+01 -1.1094e+00 +1.1670e+00
113 0 +1.828929314e+00 +1.828929314e+00 -6.603107069e+01 -6.603107069e+01 -1.0878e+00 +1.2264e+00
160 0 +1.710857397e+00 +1.710857397e+00 -6.614914260e+01 -6.614914260e+01 -1.0000e+00 +1.2274e+00
163 0 +1.685351785e+00 +1.685351785e+00 -6.617464822e+01 -6.617464822e+01 -1.0269e+00 +1.2352e+00
% f evaluations | g evaluations | best noise-free fitness - Fopt | noise-free fitness - Fopt (-2.329000000000e+01) | measured fitness | best measured fitness | x1 | x2...
1 0 +2.108454381e+04 +2.108454381e+04 +2.106125381e+04 +2.106125381e+04 +3.4622e+00 -1.9662e+00
2 0 +3.556524629e+03 +3.556524629e+03 +3.533234629e+03 +3.533234629e+03 -4.8793e+00 +1.8262e+00
5 0 +1.779390540e+03 +1.779390540e+03 +1.756100540e+03 +1.756100540e+03 +2.8826e+00 -2.0120e-01
19 0 +2.067700661e+02 +2.067700661e+02 +1.834800661e+02 +1.834800661e+02 +3.1390e+00 +2.0664e+00
20 0 +3.791769154e+00 +3.791769154e+00 -1.949823085e+01 -1.949823085e+01 +1.2341e+00 +1.4303e+00
52 0 +2.815897195e+00 +2.815897195e+00 -2.047410281e+01 -2.047410281e+01 -4.1700e-01 +1.5855e+00
59 0 +1.664102014e+00 +1.664102014e+00 -2.162589799e+01 -2.162589799e+01 +2.1793e+00 +1.2365e+00
82 0 +1.518758504e+00 +1.518758504e+00 -2.177124150e+01 -2.177124150e+01 +2.1392e+00 +1.2276e+00
157 0 +1.509326911e+00 +1.509326911e+00 -2.178067309e+01 -2.178067309e+01 +2.1368e+00 +1.2373e+00
200 0 +1.466314914e+00 +1.466314914e+00 -2.182368509e+01 -2.182368509e+01 +2.0812e+00 +1.0292e+00
209 0 +6.676791240e-01 +6.676791240e-01 -2.262232088e+01 -2.262232088e+01 +2.0906e+00 +9.4777e-01
228 0 +6.564243796e-01 +6.564243796e-01 -2.263357562e+01 -2.263357562e+01 +2.1012e+00 +9.7780e-01
250 0 +6.382952955e-01 +6.382952955e-01 -2.265170470e+01 -2.265170470e+01 +2.0827e+00 +9.5489e-01
260 0 +6.241406958e-01 +6.241406958e-01 -2.266585930e+01 -2.266585930e+01 +2.0909e+00 +9.5404e-01
276 0 +6.113943896e-01 +6.113943896e-01 -2.267860561e+01 -2.267860561e+01 +2.1155e+00 +9.6627e-01
301 0 +5.947266564e-01 +5.947266564e-01 -2.269527334e+01 -2.269527334e+01 +2.0949e+00 +9.6375e-01
% f evaluations | g evaluations | best noise-free fitness - Fopt | noise-free fitness - Fopt (-1.028000000000e+01) | measured fitness | best measured fitness | x1 | x2...
1 0 +1.607831557e+05 +1.607831557e+05 +1.607728757e+05 +1.607728757e+05 -3.6298e+00 -4.2479e+00
2 0 +1.513627066e+03 +1.513627066e+03 +1.503347066e+03 +1.503347066e+03 +1.7443e+00 +1.2365e-01
13 0 +6.775349099e+02 +6.775349099e+02 +6.672549099e+02 +6.672549099e+02 +3.7984e+00 +1.4790e+00
18 0 +4.022669989e+00 +4.022669989e+00 -6.257330011e+00 -6.257330011e+00 +1.8318e+00 +9.3381e-01
21 0 +2.752919667e+00 +2.752919667e+00 -7.527080333e+00 -7.527080333e+00 +1.8158e+00 +2.1094e+00
33 0 +2.200830006e+00 +2.200830006e+00 -8.079169994e+00 -8.079169994e+00 -2.5400e+00 +3.3234e+00
108 0 +1.396911171e+00 +1.396911171e+00 -8.883088829e+00 -8.883088829e+00 -2.5031e+00 +3.2875e+00
123 0 +1.231230670e+00 +1.231230670e+00 -9.048769330e+00 -9.048769330e+00 -2.5197e+00 +3.2803e+00
162 0 +1.204402841e+00 +1.204402841e+00 -9.075597159e+00 -9.075597159e+00 -2.5040e+00 +3.2710e+00
204 0 +1.140197838e+00 +1.140197838e+00 -9.139802162e+00 -9.139802162e+00 -2.5196e+00 +3.2573e+00
261 0 +1.121616528e+00 +1.121616528e+00 -9.158383472e+00 -9.158383472e+00 -2.5149e+00 +3.2606e+00
% f evaluations | g evaluations | best noise-free fitness - Fopt | noise-free fitness - Fopt (1.799700000000e+02) | measured fitness | best measured fitness | x1 | x2...
1 0 +1.275987414e+03 +1.275987414e+03 +1.455957414e+03 +1.455957414e+03 -1.9834e+00 +2.8236e+00
5 0 +8.891022059e+02 +8.891022059e+02 +1.069072206e+03 +1.069072206e+03 +1.4497e+00 +1.0666e+00
9 0 +1.613210432e+02 +1.613210432e+02 +3.412910432e+02 +3.412910432e+02 -1.5687e+00 +2.5609e+00
14 0 +4.266273294e+00 +4.266273294e+00 +1.842362733e+02 +1.842362733e+02 -2.5421e+00 +1.9736e+00
59 0 +3.883928505e+00 +3.883928505e+00 +1.838539285e+02 +1.838539285e+02 -1.9310e+00 +1.9189e+00
63 0 +3.257995774e+00 +3.257995774e+00 +1.832279958e+02 +1.832279958e+02 -2.5074e+00 +1.9789e+00
66 0 +2.539829206e+00 +2.539829206e+00 +1.825098292e+02 +1.825098292e+02 -1.9952e+00 +1.7085e+00
99 0 +1.999256014e+00 +1.999256014e+00 +1.819692560e+02 +1.819692560e+02 -2.3261e+00 +8.7294e-01
105 0 +1.904463614e+00 +1.904463614e+00 +1.818744636e+02 +1.818744636e+02 -2.2978e+00 +8.7097e-01
109 0 +1.112900759e+00 +1.112900759e+00 +1.810829008e+02 +1.810829008e+02 -2.2487e+00 +9.3225e-01
159 0 +9.317229883e-01 +9.317229883e-01 +1.809017230e+02 +1.809017230e+02 -2.1676e+00 +9.1415e-01
200 0 +8.763901303e-01 +8.763901303e-01 +1.808463901e+02 +1.808463901e+02 -2.1273e+00 +9.2223e-01
207 0 +8.051181024e-01 +8.051181024e-01 +1.807751181e+02 +1.807751181e+02 -2.1439e+00 +9.2476e-01
209 0 +7.149381401e-01 +7.149381401e-01 +1.806849381e+02 +1.806849381e+02 -2.1662e+00 +9.3506e-01
223 0 +6.238122928e-01 +6.238122928e-01 +1.805938123e+02 +1.805938123e+02 -2.1393e+00 +9.4975e-01
244 0 +6.051871495e-01 +6.051871495e-01 +1.805751871e+02 +1.805751871e+02 -2.1240e+00 +9.5227e-01
261 0 +6.020441950e-01 +6.020441950e-01 +1.805720442e+02 +1.805720442e+02 -2.1171e+00 +9.5295e-01
% f evaluations | g evaluations | best noise-free fitness - Fopt | noise-free fitness - Fopt (8.376000000000e+01) | measured fitness | best measured fitness | x1 | x2...
1 0 +1.157801316e+04 +1.157801316e+04 +1.166177316e+04 +1.166177316e+04 +1.9404e+00 +4.9425e+00
4 0 +3.298204727e+00 +3.298204727e+00 +8.705820473e+01 +8.705820473e+01 -9.2105e-01 +1.9905e+00
71 0 +3.217267052e+00 +3.217267052e+00 +8.697726705e+01 +8.697726705e+01 -9.4068e-01 +1.9856e+00
73 0 +2.707178657e+00 +2.707178657e+00 +8.646717866e+01 +8.646717866e+01 -5.7562e-02 +1.4775e+00
76 0 +2.005000443e-01 +2.005000443e-01 +8.396050004e+01 +8.396050004e+01 -2.1375e+00 +2.0702e+00
115 0 +1.489703607e-01 +1.489703607e-01 +8.390897036e+01 +8.390897036e+01 -2.1642e+00 +2.0745e+00
129 0 +7.021759056e-02 +7.021759056e-02 +8.383021759e+01 +8.383021759e+01 -2.0654e+00 +2.1258e+00
136 0 +1.061298423e-02 +1.061298423e-02 +8.377061298e+01 +8.377061298e+01 -2.0993e+00 +2.1125e+00
159 0 +9.429409486e-04 +9.429409486e-04 +8.376094294e+01 +8.376094294e+01 -2.1009e+00 +2.1073e+00
230 0 +5.126473999e-04 +5.126473999e-04 +8.376051265e+01 +8.376051265e+01 -2.1013e+00 +2.1066e+00
263 0 +3.554837988e-04 +3.554837988e-04 +8.376035548e+01 +8.376035548e+01 -2.1014e+00 +2.1062e+00
277 0 +1.443224799e-04 +1.443224799e-04 +8.376014432e+01 +8.376014432e+01 -2.1025e+00 +2.1052e+00
314 0 +1.147092594e-04 +1.147092594e-04 +8.376011471e+01 +8.376011471e+01 -2.1027e+00 +2.1053e+00
331 0 +3.964573706e-05 +3.964573706e-05 +8.376003965e+01 +8.376003965e+01 -2.1038e+00 +2.1053e+00
370 0 +3.578281964e-05 +3.578281964e-05 +8.376003578e+01 +8.376003578e+01 -2.1037e+00 +2.1052e+00
377 0 +3.543384295e-05 +3.543384295e-05 +8.376003543e+01 +8.376003543e+01 -2.1037e+00 +2.1053e+00
386 0 +2.756716628e-05 +2.756716628e-05 +8.376002757e+01 +8.376002757e+01 -2.1039e+00 +2.1052e+00
396 0 +6.861176175e-06 +6.861176175e-06 +8.376000686e+01 +8.376000686e+01 -2.1044e+00 +2.1049e+00
416 0 +5.236376623e-06 +5.236376623e-06 +8.376000524e+01 +8.376000524e+01 -2.1044e+00 +2.1050e+00
420 0 +2.354610928e-06 +2.354610928e-06 +8.376000235e+01 +8.376000235e+01 -2.1051e+00 +2.1048e+00
422 0 +2.137048241e-06 +2.137048241e-06 +8.376000214e+01 +8.376000214e+01 -2.1047e+00 +2.1048e+00
467 0 +4.288843911e-07 +4.288843911e-07 +8.376000043e+01 +8.376000043e+01 -2.1050e+00 +2.1048e+00
478 0 +3.226398491e-07 +3.226398491e-07 +8.376000032e+01 +8.376000032e+01 -2.1049e+00 +2.1048e+00
519 0 +2.868534779e-07 +2.868534779e-07 +8.376000029e+01 +8.376000029e+01 -2.1049e+00 +2.1048e+00
522 0 +1.273499635e-07 +1.273499635e-07 +8.376000013e+01 +8.376000013e+01 -2.1049e+00 +2.1049e+00
575 0 +2.757010975e-08 +2.757010975e-08 +8.376000003e+01 +8.376000003e+01 -2.1048e+00 +2.1048e+00
582 0 +2.175927705e-08 +2.175927705e-08 +8.376000002e+01 +8.376000002e+01 -2.1049e+00 +2.1048e+00
630 0 +1.956088624e-08 +1.956088624e-08 +8.376000002e+01 +8.376000002e+01 -2.1049e+00 +2.1048e+00
640 0 +5.551385129e-09 +5.551385129e-09 +8.376000001e+01 +8.376000001e+01 -2.1049e+00 +2.1048e+00
1051 0 +0.000000000e+00 +0.000000000e+00 +8.376000000e+01 +8.376000000e+01 -2.1048e+00 +2.1048e+00
% f evaluations | g evaluations | best noise-free fitness - Fopt | noise-free fitness - Fopt (-3.890100000000e+02) | measured fitness | best measured fitness | x1 | x2...
1 0 +1.164705393e+05 +1.164705393e+05 +1.160815293e+05 +1.160815293e+05 -1.1252e+00 +4.5025e+00
2 0 +1.045504416e+05 +1.045504416e+05 +1.041614316e+05 +1.041614316e+05 -4.0836e+00 +4.9342e+00
3 0 +2.096994249e+04 +2.096994249e+04 +2.058093249e+04 +2.058093249e+04 -5.2019e-01 -4.9154e+00
4 0 +6.214136496e+03 +6.214136496e+03 +5.825126496e+03 +5.825126496e+03 +2.3401e+00 -4.5863e+00
5 0 +4.237091585e+00 +4.237091585e+00 -3.847729084e+02 -3.847729084e+02 +1.7500e-01 -2.0440e+00
17 0 +2.051489213e+00 +2.051489213e+00 -3.869585108e+02 -3.869585108e+02 +1.6758e+00 -3.1086e+00
71 0 +1.181146274e+00 +1.181146274e+00 -3.878288537e+02 -3.878288537e+02 +1.4003e+00 -2.9470e+00
108 0 +9.114442459e-01 +9.114442459e-01 -3.880985558e+02 -3.880985558e+02 +1.3979e+00 -2.9774e+00
115 0 +7.705598841e-01 +7.705598841e-01 -3.882394401e+02 -3.882394401e+02 +1.4277e+00 -2.9902e+00
118 0 +6.750049415e-01 +6.750049415e-01 -3.883349951e+02 -3.883349951e+02 +1.4901e+00 -2.9868e+00
161 0 +6.390020687e-01 +6.390020687e-01 -3.883709979e+02 -3.883709979e+02 +1.5160e+00 -2.9964e+00
195 0 +6.145609232e-01 +6.145609232e-01 -3.883954391e+02 -3.883954391e+02 +1.5409e+00 -3.0134e+00
222 0 +6.001899330e-01 +6.001899330e-01 -3.884098101e+02 -3.884098101e+02 +1.5244e+00 -3.0080e+00
% f evaluations | g evaluations | best noise-free fitness - Fopt | noise-free fitness - Fopt (-1.455800000000e+02) | measured fitness | best measured fitness | x1 | x2...
1 0 +4.445563506e+03 +4.445563506e+03 +4.299983506e+03 +4.299983506e+03 +4.1858e+00 -2.6189e+00
2 0 +4.423331786e+03 +4.423331786e+03 +4.277751786e+03 +4.277751786e+03 -4.8275e+00 -1.6309e+00
3 0 +3.083548695e+00 +3.083548695e+00 -1.424964513e+02 -1.424964513e+02 -1.5817e+00 -2.2701e+00
51 0 +2.695466641e+00 +2.695466641e+00 -1.428845334e+02 -1.428845334e+02 +2.9873e-01 -2.4938e+00
58 0 +1.860183602e+00 +1.860183602e+00 -1.437198164e+02 -1.437198164e+02 -1.3643e+00 -1.8538e+00
77 0 +1.792713275e+00 +1.792713275e+00 -1.437872867e+02 -1.437872867e+02 +1.0762e+00 -1.2294e+00
120 0 +1.638761824e+00 +1.638761824e+00 -1.439412382e+02 -1.439412382e+02 +8.8157e-01 -2.4325e+00
216 0 +1.506912820e+00 +1.506912820e+00 -1.440730872e+02 -1.440730872e+02 +8.8921e-01 -2.3977e+00
219 0 +1.126018194e+00 +1.126018194e+00 -1.444539818e+02 -1.444539818e+02 +1.0320e+00 -2.3850e+00
274 0 +1.100866558e+00 +1.100866558e+00 -1.444791334e+02 -1.444791334e+02 +1.0364e+00 -2.3774e+00
278 0 +1.096174366e+00 +1.096174366e+00 -1.444838256e+02 -1.444838256e+02 +1.0014e+00 -2.3839e+00
