% f evaluations | g evaluations | best noise-free fitness - Fopt | noise-free fitness - Fopt (-5.494000000000e+01) | measured fitness | best measured fitness | x1 | x2...
1 0 +1.295649521e+07 +1.295649521e+07 +1.295644027e+07 +1.295644027e+07 +0.0000e+00 +0.0000e+00 +0.0000e+00 +0.0000e+00 +0.0000e+00 +0.0000e+00 +0.0000e+00 +0.0000e+00 +0.0000e+00 +0.0000e+00
3 0 +8.237275478e+06 +8.237275478e+06 +8.237220538e+06 +8.237220538e+06 +2.9137e+00 +6.6477e-01 +2.8917e+00 -3.6550e+00 +3.9002e+00 -2.6755e+00 +1.7351e+00 -5.1293e-01 -8.7526e-01 -5.9197e-01
4 0 +6.367385844e+05 +6.367385844e+05 +6.366836444e+05 +6.366836444e+05 +1.2980e+00 -4.1705e-02 +6.8245e-01 +3.6005e+00 +2.4880e+00 +1.3821e+00 -2.1090e-02 +3.9572e-01 -4.4174e+00 +4.2506e+00
% f evaluations | g evaluations | best noise-free fitness - Fopt | noise-free fitness - Fopt (5.913000000000e+01) | measured fitness | best measured fitness | x1 | x2...
1 0 +1.068863699e+07 +1.068863699e+07 +1.068869612e+07 +1.068869612e+07 +0.0000e+00 +0.0000e+00 +0.0000e+00 +0.0000e+00 +0.0000e+00 +0.0000e+00 +0.0000e+00 +0.0000e+00 +0.0000e+00 +0.0000e+00
5 0 +6.428048735e+06 +6.428048735e+06 +6.428107865e+06 +6.428107865e+06 +4.9438e+00 +1.9929e+00 -4.7180e-01 +2.6905e+00 -1.1899e+00 -1.5924e+00 -3.3801e+00 -8.7353e-01 +4.5589e-02 +1.7828e+00
6 0 +5.101903876e+06 +5.101903876e+06 +5.101963006e+06 +5.101963006e+06 +4.6709e+00 +1.6155e+00 -1.2346e+00 +2.3489e+00 -1.4491e+00 -1.0361e-01 -4.6579e+00 +2.9211e+00 -7.2936e-01 -3.2802e-01
7 0 +3.361111968e+06 +3.361111968e+06 +3.361171098e+06 +3.361171098e+06 +3.0758e+00 -3.0106e+00 -3.0632e+00 -3.0855e+00 -1.6052e+00 -2.1573e+00 +5.3291e-01 +4.6120e+00 -2.5213e+00 +2.5736e+00
20 0 +1.445798087e+06 +1.445798087e+06 +1.445857217e+06 +1.445857217e+06 +3.0473e+00 -1.1828e-01 -1.7503e+00 +5.5937e-01 +1.1373e+00 -1.3570e-02 +3.9676e-02 +3.9312e-01 +3.9324e+00 +4.0113e+00
% f evaluations | g evaluations | best noise-free fitness - Fopt | noise-free fitness - Fopt (-4.915300000000e+02) | measured fitness | best measured fitness | x1 | x2...
1 0 +3.035701260e+06 +3.035701260e+06 +3.035209730e+06 +3.035209730e+06 +0.0000e+00 +0.0000e+00 +0.0000e+00 +0.0000e+00 +0.0000e+00 +0.0000e+00 +0.0000e+00 +0.0000e+00 +0.0000e+00 +0.0000e+00
3 0 +1.962232718e+06 +1.962232718e+06 +1.961741188e+06 +1.961741188e+06 +1.5663e+00 -2.6906e+00 -1.6952e+00 -1.6615e+00 +1.3349e+00 -2.4922e+00 -3.5478e+00 +3.4720e+00 -1.8822e+00 +3.0654e+00
16 0 +1.872674376e+06 +1.872674376e+06 +1.872182846e+06 +1.872182846e+06 -1.5347e+00 -1.4308e+00 -9.6789e-01 -1.3071e+00 +2.4335e-01 -1.0195e+00 -3.0070e+00 -1.8122e+00 +4.7178e+00 -4.5236e+00
17 0 +6.664029766e+05 +6.664029766e+05 +6.659114466e+05 +6.659114466e+05 +2.5160e-02 -3.7055e+00 +1.6553e-01 -4.7770e+00 -2.5616e+00 -3.5094e+00 +4.9295e+00 +1.3307e+00 -4.2133e+00 -4.9389e+00
% f evaluations | g evaluations | best noise-free fitness - Fopt | noise-free fitness - Fopt (-1.702000000000e+02) | measured fitness | best measured fitness | x1 | x2...
1 0 +2.053765432e+07 +2.053765432e+07 +2.053748412e+07 +2.053748412e+07 +0.0000e+00 +0.0000e+00 +0.0000e+00 +0.0000e+00 +0.0000e+00 +0.0000e+00 +0.0000e+00 +0.0000e+00 +0.0000e+00 +0.0000e+00
3 0 +1.300622644e+07 +1.300622644e+07 +1.300605624e+07 +1.300605624e+07 -2.4876e+00 +5.0496e-01 +4.3938e+00 +3.3844e+00 +2.7294e+00 +1.8551e+00 -1.6807e-01 -1.7880e+00 -1.8981e+00 -3.9655e+00
11 0 +2.890108316e+06 +2.890108316e+06 +2.889938116e+06 +2.889938116e+06 -3.8815e+00 +3.6800e+00 +1.9017e+00 +4.2547e+00 +3.9773e+00 -4.2554e+00 +3.8760e+00 +3.4290e+00 -1.9796e-01 +4.1198e+00
13 0 +3.931054081e+05 +3.931054081e+05 +3.929352081e+05 +3.929352081e+05 +3.5120e+00 -1.5632e+00 +2.8823e+00 +2.7993e+00 +4.5285e+00 +1.0586e+00 +2.8128e+00 -2.7810e+00 -3.2688e+00 +2.7391e-01
% f evaluations | g evaluations | best noise-free fitness - Fopt | noise-free fitness - Fopt (-4.697500000000e+02) | measured fitness | best measured fitness | x1 | x2...
1 0 +1.945944411e+06 +1.945944411e+06 +1.945474661e+06 +1.945474661e+06 +0.0000e+00 +0.0000e+00 +0.0000e+00 +0.0000e+00 +0.0000e+00 +0.0000e+00 +0.0000e+00 +0.0000e+00 +0.0000e+00 +0.0000e+00
4 0 +3.923177097e+05 +3.923177097e+05 +3.918479597e+05 +3.918479597e+05 +8.2488e-01 -2.1570e+00 -3.4148e-01 +3.7771e+00 +3.8208e-01 +3.6049e+00 +1.1594e+00 +2.7121e+00 -4.9323e+00 -3.1251e+00
% f evaluations | g evaluations | best noise-free fitness - Fopt | noise-free fitness - Fopt (-5.191000000000e+01) | measured fitness | best measured fitness | x1 | x2...
1 0 +2.989440556e+06 +2.989440556e+06 +2.989388646e+06 +2.989388646e+06 +0.0000e+00 +0.0000e+00 +0.0000e+00 +0.0000e+00 +0.0000e+00 +0.0000e+00 +0.0000e+00 +0.0000e+00 +0.0000e+00 +0.0000e+00
7 0 +8.054542341e+05 +8.054542341e+05 +8.054023241e+05 +8.054023241e+05 -1.3975e+00 +2.5279e+00 +3.8302e+00 -7.3194e-01 +4.5354e+00 -4.9022e+00 +3.3216e+00 -1.7493e+00 -4.7759e+00 +2.2105e-01
% f evaluations | g evaluations | best noise-free fitness - Fopt | noise-free fitness - Fopt (4.808000000000e+01) | measured fitness | best measured fitness | x1 | x2...
1 0 +2.640289267e+06 +2.640289267e+06 +2.640337347e+06 +2.640337347e+06 +0.0000e+00 +0.0000e+00 +0.0000e+00 +0.0000e+00 +0.0000e+00 +0.0000e+00 +0.0000e+00 +0.0000e+00 +0.0000e+00 +0.0000e+00
4 0 +1.659517259e+06 +1.659517259e+06 +1.659565339e+06 +1.659565339e+06 -3.5457e+00 -4.5337e+00 +5.2979e-01 -4.6306e+00 -4.9480e+00 +3.3798e+00 +2.4887e-01 -3.4228e+00 -4.2426e+00 -3.1374e+00
13 0 +9.650575839e+05 +9.650575839e+05 +9.651056639e+05 +9.651056639e+05 -8.5258e-01 -3.0447e-01 -2.1472e+00 -3.0320e+00 -1.3387e+00 -1.5753e+00 +1.5071e+00 +2.7428e+00 -4.5319e+00 +1.1015e+00
20 0 +7.744645414e+05 +7.744645414e+05 +7.745126214e+05 +7.745126214e+05 +4.3450e+00 +2.8461e+00 -3.3535e+00 -1.3880e-01 +2.0934e+00 +2.1561e+00 -9.1848e-01 -8.4207e-02 -1.1349e-02 +2.6714e+00
% f evaluations | g evaluations | best noise-free fitness - Fopt | noise-free fitness - Fopt (3.058000000000e+01) | measured fitness | best measured fitness | x1 | x2...
1 0 +9.341680019e+06 +9.341680019e+06 +9.341710599e+06 +9.341710599e+06 +0.0000e+00 +0.0000e+00 +0.0000e+00 +0.0000e+00 +0.0000e+00 +0.0000e+00 +0.0000e+00 +0.0000e+00 +0.0000e+00 +0.0000e+00
2 0 +3.370406397e+06 +3.370406397e+06 +3.370436977e+06 +3.370436977e+06 +2.7985e-01 +4.4472e+00 +2.5591e+00 -2.1558e+00 -3.1904e+00 +1.8648e+00 +1.3269e+00 -1.5681e+00 -4.7178e+00 +1.0372e+00
8 0 +2.538013692e+06 +2.538013692e+06 +2.538044272e+06 +2.538044272e+06 -3.5687e+00 +3.4207e+00 +1.1145e+00 -1.8804e+00 -4.5394e+00 -2.2971e+00 -3.8788e+00 +2.5319e+00 +1.6565e+00 -2.9498e+00
% f evaluations | g evaluations | best noise-free fitness - Fopt | noise-free fitness - Fopt (1.000000000000e+03) | measured fitness | best measured fitness | x1 | x2...
1 0 +3.316462777e+06 +3.316462777e+06 +3.317462777e+06 +3.317462777e+06 +0.0000e+00 +0.0000e+00 +0.0000e+00 +0.0000e+00 +0.0000e+00 +0.0000e+00 +0.0000e+00 +0.0000e+00 +0.0000e+00 +0.0000e+00
6 0 +1.652708111e+06 +1.652708111e+06 +1.653708111e+06 +1.653708111e+06 -2.0381e+00 +5.3414e-01 -1.6353e+00 -2.8490e-01 +5.4320e-01 +1.3570e+00 -1.6440e-01 -1.3376e+00 -3.5274e+00 +2.6381e+00
% f evaluations | g evaluations | best noise-free fitness - Fopt | noise-free fitness - Fopt (-4.236000000000e+01) | measured fitness | best measured fitness | x1 | x2...
1 0 +2.572262863e+06 +2.572262863e+06 +2.572220503e+06 +2.572220503e+06 +0.0000e+00 +0.0000e+00 +0.0000e+00 +0.0000e+00 +0.0000e+00 +0.0000e+00 +0.0000e+00 +0.0000e+00 +0.0000e+00 +0.0000e+00
6 0 +1.459653042e+06 +1.459653042e+06 +1.459610682e+06 +1.459610682e+06 -4.2623e-01 +6.5184e-01 +4.3219e+00 -4.2645e+00 +4.6532e+00 +1.3915e+00 -2.7373e+00 +1.8749e+00 +3.4429e+00 -5.1611e-01
% f evaluations | g evaluations | best noise-free fitness - Fopt | noise-free fitness - Fopt (-7.187000000000e+01) | measured fitness | best measured fitness | x1 | x2...
1 0 +2.358007079e+07 +2.358007079e+07 +2.357999892e+07 +2.357999892e+07 +0.0000e+00 +0.0000e+00 +0.0000e+00 +0.0000e+00 +0.0000e+00 +0.0000e+00 +0.0000e+00 +0.0000e+00 +0.0000e+00 +0.0000e+00
2 0 +6.902913210e+06 +6.902913210e+06 +6.902841340e+06 +6.902841340e+06 -4.6606e+00 -3.0091e+00 +3.3779e+00 +1.5887e+00 -2.1342e+00 +9.9552e-01 -2.6199e+00 +1.6294e+00 -4.3518e+00 +4.5371e+00
4 0 +7.067614082e+05 +7.067614082e+05 +7.066895382e+05 +7.066895382e+05 -3.3887e+00 +2.2845e+00 +2.8925e+00 +1.7973e+00 -4.5121e+00 +7.5515e-01 -4.7385e-01 -5.1707e-01 -1.3013e+00 -3.0533e-01
% f evaluations | g evaluations | best noise-free fitness - Fopt | noise-free fitness - Fopt (-1.650000000000e+01) | measured fitness | best measured fitness | x1 | x2...
1 0 +1.146848315e+07 +1.146848315e+07 +1.146846665e+07 +1.146846665e+07 +0.0000e+00 +0.0000e+00 +0.0000e+00 +0.0000e+00 +0.0000e+00 +0.0000e+00 +0.0000e+00 +0.0000e+00 +0.0000e+00 +0.0000e+00
3 0 +5.784127212e+06 +5.784127212e+06 +5.784110712e+06 +5.784110712e+06 +3.6163e+00 -4.0281e+00 +3.0357e+00 -2.1054e+00 +2.4663e+00 -3.7858e+00 -4.8092e+00 -4.5278e+00 -2.2836e+00 -3.7213e+00
4 0 +1.218560880e+06 +1.218560880e+06 +1.218544380e+06 +1.218544380e+06 +3.7612e+00 -2.2470e+00 +3.2973e+00 -1.1918e+00 +3.0200e-01 -3.2950e+00 -4.2223e+00 -1.9234e+00 -4.7699e+00 +3.7734e+00
% f evaluations | g evaluations | best noise-free fitness - Fopt | noise-free fitness - Fopt (1.000000000000e+03) | measured fitness | best measured fitness | x1 | x2...
1 0 +6.961277406e+06 +6.961277406e+06 +6.962277406e+06 +6.962277406e+06 +0.0000e+00 +0.0000e+00 +0.0000e+00 +0.0000e+00 +0.0000e+00 +0.0000e+00 +0.0000e+00 +0.0000e+00 +0.0000e+00 +0.0000e+00
6 0 +4.873423682e+06 +4.873423682e+06 +4.874423682e+06 +4.874423682e+06 -4.3810e+00 -3.9101e+00 -2.5001e+00 +7.1640e-01 -4.9558e+00 -2.3447e+00 +9.0451e-01 -3.9321e+00 +1.2375e+00 +2.0900e-01
8 0 +3.368007669e+06 +3.368007669e+06 +3.369007669e+06 +3.369007669e+06 -1.7287e+00 -2.2031e+00 -1.9384e+00 +3.6299e+00 +4.9994e+00 +3.3947e+00 +1.4139e+00 -2.6913e+00 +1.1825e-01 +3.1738e+00
16 0 +2.242760311e+06 +2.242760311e+06 +2.243760311e+06 +2.243760311e+06 +1.9985e+00 -2.4964e-01 +2.7038e+00 -1.9216e+00 +4.6785e+00 -3.2694e+00 +2.1516e+00 -2.4353e+00 -2.3980e+00 -3.1051e+00
% f evaluations | g evaluations | best noise-free fitness - Fopt | noise-free fitness - Fopt (-1.000000000000e+03) | measured fitness | best measured fitness | x1 | x2...
1 0 +3.110936904e+06 +3.110936904e+06 +3.109936904e+06 +3.109936904e+06 +0.0000e+00 +0.0000e+00 +0.0000e+00 +0.0000e+00 +0.0000e+00 +0.0000e+00 +0.0000e+00 +0.0000e+00 +0.0000e+00 +0.0000e+00
9 0 +6.136124436e+05 +6.136124436e+05 +6.126124436e+05 +6.126124436e+05 -1.8755e+00 -9.2885e-01 +2.9173e+00 -4.2880e+00 +3.1575e+00 -3.2400e+00 +6.6892e-02 -3.1888e-01 -1.7663e+00 +3.1090e+00
% f evaluations | g evaluations | best noise-free fitness - Fopt | noise-free fitness - Fopt (-1.527400000000e+02) | measured fitness | best measured fitness | x1 | x2...
1 0 +2.333301277e+06 +2.333301277e+06 +2.333148537e+06 +2.333148537e+06 +0.0000e+00 +0.0000e+00 +0.0000e+00 +0.0000e+00 +0.0000e+00 +0.0000e+00 +0.0000e+00 +0.0000e+00 +0.0000e+00 +0.0000e+00
7 0 +2.203551426e+06 +2.203551426e+06 +2.203398686e+06 +2.203398686e+06 -3.5035e+00 -1.9683e-01 -2.6951e-01 -2.6314e+00 +3.7375e+00 +9.9479e-02 +3.1486e+00 +3.2359e+00 -2.5432e+00 +9.8457e-01
12 0 +1.773871068e+06 +1.773871068e+06 +1.773718328e+06 +1.773718328e+06 +5.7895e-01 -2.6517e+00 +4.7960e+00 +3.9057e+00 +2.6831e+00 -2.8166e+00 -1.3299e+00 +3.6608e+00 -1.3157e+00 -1.7988e+00
