% f evaluations | g evaluations | best noise-free fitness - Fopt | noise-free fitness - Fopt (-5.494000000000e+01) | measured fitness | best measured fitness | x1 | x2...
1 0 +4.960016909e+06 +4.960016909e+06 +4.959961969e+06 +4.959961969e+06 +0.0000e+00 +0.0000e+00 +0.0000e+00 +0.0000e+00 +0.0000e+00 +0.0000e+00 +0.0000e+00 +0.0000e+00 +0.0000e+00 +0.0000e+00 +0.0000e+00 +0.0000e+00 +0.0000e+00 +0.0000e+00 +0.0000e+00 +0.0000e+00 +0.0000e+00 +0.0000e+00 +0.0000e+00 +0.0000e+00
8 0 +4.025125988e+06 +4.025125988e+06 +4.025071048e+06 +4.025071048e+06 +4.7767e+00 -1.1610e+00 -2.5874e+00 -4.8818e+00 +3.4108e+00 +2.3285e+00 -5.8942e-01 -2.3196e+00 -3.6624e+00 +1.0722e+00 -4.8089e+00 +1.3179e+00 +4.1902e-01 +2.1538e+00 -4.5403e-01 -3.2971e+00 -9.4873e-01 +8.7023e-01 +3.6140e+00 +1.8928e+00
10 0 +2.358243486e+06 +2.358243486e+06 +2.358188546e+06 +2.358188546e+06 -4.6954e+00 -3.8152e+00 -2.2455e+00 +1.8518e-01 +4.1907e+00 -4.9949e+00 +2.6994e+00 -2.9366e+00 -4.2177e+00 -1.5787e+00 +1.6533e+00 +8.1892e-01 -4.8465e+00 +1.1128e-01 -1.2421e+00 +3.1928e+00 -4.7077e-02 -7.2757e-01 +4.2155e+00 -7.8042e-01
% f evaluations | g evaluations | best noise-free fitness - Fopt | noise-free fitness - Fopt (5.913000000000e+01) | measured fitness | best measured fitness | x1 | x2...
1 0 +2.310036092e+06 +2.310036092e+06 +2.310095222e+06 +2.310095222e+06 +0.0000e+00 +0.0000e+00 +0.0000e+00 +0.0000e+00 +0.0000e+00 +0.0000e+00 +0.0000e+00 +0.0000e+00 +0.0000e+00 +0.0000e+00 +0.0000e+00 +0.0000e+00 +0.0000e+00 +0.0000e+00 +0.0000e+00 +0.0000e+00 +0.0000e+00 +0.0000e+00 +0.0000e+00 +0.0000e+00
% f evaluations | g evaluations | best noise-free fitness - Fopt | noise-free fitness - Fopt (-4.915300000000e+02) | measured fitness | best measured fitness | x1 | x2...
1 0 +1.984097753e+06 +1.984097753e+06 +1.983606223e+06 +1.983606223e+06 +0.0000e+00 +0.0000e+00 +0.0000e+00 +0.0000e+00 +0.0000e+00 +0.0000e+00 +0.0000e+00 +0.0000e+00 +0.0000e+00 +0.0000e+00 +0.0000e+00 +0.0000e+00 +0.0000e+00 +0.0000e+00 +0.0000e+00 +0.0000e+00 +0.0000e+00 +0.0000e+00 +0.0000e+00 +0.0000e+00
% f evaluations | g evaluations | best noise-free fitness - Fopt | noise-free fitness - Fopt (-1.702000000000e+02) | measured fitness | best measured fitness | x1 | x2...
1 0 +1.108156324e+07 +1.108156324e+07 +1.108139304e+07 +1.108139304e+07 +0.0000e+00 +0.0000e+00 +0.0000e+00 +0.0000e+00 +0.0000e+00 +0.0000e+00 +0.0000e+00 +0.0000e+00 +0.0000e+00 +0.0000e+00 +0.0000e+00 +0.0000e+00 +0.0000e+00 +0.0000e+00 +0.0000e+00 +0.0000e+00 +0.0000e+00 +0.0000e+00 +0.0000e+00 +0.0000e+00
22 0 +7.062459060e+06 +7.062459060e+06 +7.062288860e+06 +7.062288860e+06 -3.5429e+00 -4.8702e+00 +7.3283e-01 -2.7440e-02 +3.6778e+00 +2.0090e+00 +4.5700e+00 -2.0643e+00 +3.5674e+00 -4.8860e+00 -1.3749e+00 -5.1149e-01 -2.4205e+00 -4.6019e+00 +1.0823e+00 +1.6853e+00 -2.3029e+00 +2.2955e+00 -2.5115e+00 +2.1361e+00
29 0 +5.714096948e+06 +5.714096948e+06 +5.713926748e+06 +5.713926748e+06 +4.8506e+00 +4.3830e+00 +1.5027e+00 +3.5177e+00 +4.2852e+00 -3.7943e+00 -1.8183e+00 -4.5570e+00 +3.6918e+00 +3.8989e+00 -4.3990e+00 +1.6203e-01 +3.5574e+00 -2.3221e+00 +3.8142e+00 -3.2952e+00 -2.7231e+00 +2.6392e+00 -2.2031e+00 +1.8615e+00
32 0 +4.040474079e+06 +4.040474079e+06 +4.040303879e+06 +4.040303879e+06 +3.6996e-01 -2.6684e+00 -1.3290e+00 -4.6864e+00 +3.1358e+00 -3.4781e-01 -2.6556e+00 -2.4712e+00 +3.6417e+00 +3.8758e+00 -1.1169e+00 +4.0508e+00 -1.2647e+00 -1.0600e+00 +9.9809e-01 -2.9978e+00 +8.9578e-01 +3.3344e-01 +4.1843e+00 +4.8335e+00
33 0 +2.709722753e+06 +2.709722753e+06 +2.709552553e+06 +2.709552553e+06 +3.1823e+00 -7.8186e-01 -4.7260e+00 -3.3244e-01 +3.1812e+00 +3.3906e+00 +1.0356e+00 +2.3999e+00 -1.8892e+00 +8.7495e-01 -1.8953e+00 +2.3533e+00 +4.2263e+00 +2.5515e+00 -1.5259e+00 -3.7106e+00 -3.0027e+00 -2.7370e+00 -1.3437e+00 -1.2291e+00
% f evaluations | g evaluations | best noise-free fitness - Fopt | noise-free fitness - Fopt (-4.697500000000e+02) | measured fitness | best measured fitness | x1 | x2...
1 0 +9.326307935e+06 +9.326307935e+06 +9.325838185e+06 +9.325838185e+06 +0.0000e+00 +0.0000e+00 +0.0000e+00 +0.0000e+00 +0.0000e+00 +0.0000e+00 +0.0000e+00 +0.0000e+00 +0.0000e+00 +0.0000e+00 +0.0000e+00 +0.0000e+00 +0.0000e+00 +0.0000e+00 +0.0000e+00 +0.0000e+00 +0.0000e+00 +0.0000e+00 +0.0000e+00 +0.0000e+00
% f evaluations | g evaluations | best noise-free fitness - Fopt | noise-free fitness - Fopt (-5.191000000000e+01) | measured fitness | best measured fitness | x1 | x2...
1 0 +9.934310065e+06 +9.934310065e+06 +9.934258155e+06 +9.934258155e+06 +0.0000e+00 +0.0000e+00 +0.0000e+00 +0.0000e+00 +0.0000e+00 +0.0000e+00 +0.0000e+00 +0.0000e+00 +0.0000e+00 +0.0000e+00 +0.0000e+00 +0.0000e+00 +0.0000e+00 +0.0000e+00 +0.0000e+00 +0.0000e+00 +0.0000e+00 +0.0000e+00 +0.0000e+00 +0.0000e+00
14 0 +4.460457797e+06 +4.460457797e+06 +4.460405887e+06 +4.460405887e+06 +1.0127e+00 +2.9687e-01 -3.2572e+00 -1.2304e+00 +1.9938e+00 -2.9354e+00 +3.1590e+00 +2.8887e+00 +1.5914e+00 +1.1905e+00 -4.4292e+00 -3.2052e+00 -2.0995e+00 -1.9677e+00 -2.9636e+00 -4.8665e+00 +1.3272e-01 +4.2084e+00 +4.5822e+00 +1.7312e+00
37 0 +4.127680877e+06 +4.127680877e+06 +4.127628967e+06 +4.127628967e+06 -3.9476e+00 +3.4909e+00 -4.5714e+00 +2.6716e+00 +1.1412e+00 -1.5389e+00 +2.9489e+00 -3.5948e+00 -1.0752e+00 +4.6962e+00 -4.1083e+00 +3.8177e+00 +3.9568e+00 +3.2908e+00 +2.4797e+00 -9.7807e-01 -1.3250e+00 +1.7463e+00 +7.9368e-01 -3.4765e+00
% f evaluations | g evaluations | best noise-free fitness - Fopt | noise-free fitness - Fopt (4.808000000000e+01) | measured fitness | best measured fitness | x1 | x2...
1 0 +1.477232670e+06 +1.477232670e+06 +1.477280750e+06 +1.477280750e+06 +0.0000e+00 +0.0000e+00 +0.0000e+00 +0.0000e+00 +0.0000e+00 +0.0000e+00 +0.0000e+00 +0.0000e+00 +0.0000e+00 +0.0000e+00 +0.0000e+00 +0.0000e+00 +0.0000e+00 +0.0000e+00 +0.0000e+00 +0.0000e+00 +0.0000e+00 +0.0000e+00 +0.0000e+00 +0.0000e+00
% f evaluations | g evaluations | best noise-free fitness - Fopt | noise-free fitness - Fopt (3.058000000000e+01) | measured fitness | best measured fitness | x1 | x2...
1 0 +3.023246236e+07 +3.023246236e+07 +3.023249294e+07 +3.023249294e+07 +0.0000e+00 +0.0000e+00 +0.0000e+00 +0.0000e+00 +0.0000e+00 +0.0000e+00 +0.0000e+00 +0.0000e+00 +0.0000e+00 +0.0000e+00 +0.0000e+00 +0.0000e+00 +0.0000e+00 +0.0000e+00 +0.0000e+00 +0.0000e+00 +0.0000e+00 +0.0000e+00 +0.0000e+00 +0.0000e+00
5 0 +1.959138613e+07 +1.959138613e+07 +1.959141671e+07 +1.959141671e+07 -1.1213e+00 -1.0170e+00 -3.2955e+00 -1.8095e-01 +3.0687e-01 +4.4282e+00 -1.5777e+00 +9.8528e-01 +5.9679e-01 -2.3966e+00 -2.4636e+00 -1.1509e+00 -9.0267e-01 -1.0265e+00 +3.2922e+00 +3.9440e+00 -2.5849e+00 +3.6391e-01 +1.2823e+00 -1.3715e+00
21 0 +1.350672369e+07 +1.350672369e+07 +1.350675427e+07 +1.350675427e+07 -4.5107e+00 +3.7145e+00 -3.4458e+00 -3.3990e+00 +2.6969e+00 -1.5216e-01 -4.4239e+00 +1.2126e+00 -3.9412e+00 +1.6482e-01 +8.0470e-01 -1.5828e-02 +6.9527e-01 -1.0928e+00 +4.0840e+00 -3.7911e+00 -2.6528e+00 +3.2464e-01 -3.1494e+00 -1.3615e+00
35 0 +6.758599763e+06 +6.758599763e+06 +6.758630343e+06 +6.758630343e+06 -2.9796e+00 +1.6959e+00 -4.0986e+00 +2.5816e+00 -3.7003e+00 +4.5703e-01 -2.9159e+00 -4.0512e+00 +4.2240e+00 +3.6882e+00 +2.5718e+00 +3.2486e+00 -1.9900e+00 -1.3864e+00 -4.7100e+00 -1.4037e+00 -2.7435e-01 -4.5231e+00 +1.0408e+00 +1.3247e+00
% f evaluations | g evaluations | best noise-free fitness - Fopt | noise-free fitness - Fopt (1.000000000000e+03) | measured fitness | best measured fitness | x1 | x2...
1 0 +3.790870297e+06 +3.790870297e+06 +3.791870297e+06 +3.791870297e+06 +0.0000e+00 +0.0000e+00 +0.0000e+00 +0.0000e+00 +0.0000e+00 +0.0000e+00 +0.0000e+00 +0.0000e+00 +0.0000e+00 +0.0000e+00 +0.0000e+00 +0.0000e+00 +0.0000e+00 +0.0000e+00 +0.0000e+00 +0.0000e+00 +0.0000e+00 +0.0000e+00 +0.0000e+00 +0.0000e+00
% f evaluations | g evaluations | best noise-free fitness - Fopt | noise-free fitness - Fopt (-4.236000000000e+01) | measured fitness | best measured fitness | x1 | x2...
1 0 +7.410679963e+06 +7.410679963e+06 +7.410637603e+06 +7.410637603e+06 +0.0000e+00 +0.0000e+00 +0.0000e+00 +0.0000e+00 +0.0000e+00 +0.0000e+00 +0.0000e+00 +0.0000e+00 +0.0000e+00 +0.0000e+00 +0.0000e+00 +0.0000e+00 +0.0000e+00 +0.0000e+00 +0.0000e+00 +0.0000e+00 +0.0000e+00 +0.0000e+00 +0.0000e+00 +0.0000e+00
9 0 +4.499703012e+06 +4.499703012e+06 +4.499660652e+06 +4.499660652e+06 -2.1952e+00 +4.7158e-02 -3.7834e+00 +3.6317e+00 -1.3334e+00 -6.3210e-01 +4.1980e+00 -1.1672e+00 +3.3321e+00 +3.4991e+00 -4.5921e+00 -2.7547e+00 -4.6754e+00 +3.6034e+00 -9.2432e-01 -8.5960e-03 -2.0178e+00 -4.1240e+00 -3.5964e+00 +4.9311e+00
10 0 +2.756924507e+06 +2.756924507e+06 +2.756882147e+06 +2.756882147e+06 +2.0919e+00 +9.6247e-01 -2.2911e+00 -2.8717e+00 +4.9668e+00 +1.4371e+00 +2.0322e+00 -2.6745e+00 -4.0883e+00 +4.8304e+00 +2.8322e+00 +1.8305e+00 -1.3893e+00 -2.2329e+00 -1.0133e+00 +8.8412e-01 +9.0197e-01 +2.6975e+00 -4.1673e+00 -2.1745e+00
% f evaluations | g evaluations | best noise-free fitness - Fopt | noise-free fitness - Fopt (-7.187000000000e+01) | measured fitness | best measured fitness | x1 | x2...
1 0 +3.255153058e+06 +3.255153058e+06 +3.255081188e+06 +3.255081188e+06 +0.0000e+00 +0.0000e+00 +0.0000e+00 +0.0000e+00 +0.0000e+00 +0.0000e+00 +0.0000e+00 +0.0000e+00 +0.0000e+00 +0.0000e+00 +0.0000e+00 +0.0000e+00 +0.0000e+00 +0.0000e+00 +0.0000e+00 +0.0000e+00 +0.0000e+00 +0.0000e+00 +0.0000e+00 +0.0000e+00
6 0 +2.605477240e+06 +2.605477240e+06 +2.605405370e+06 +2.605405370e+06 -4.6563e+00 -1.1213e+00 +3.6085e+00 -3.9369e+00 -4.3643e+00 -2.0769e-01 -4.8976e+00 +5.7624e-01 +3.5072e+00 +4.2942e+00 +2.3615e+00 -2.8107e+00 +1.3900e+00 -3.9471e+00 -2.5080e-01 -4.1448e+00 -9.5494e-01 +1.3077e+00 -3.9109e+00 +9.2079e-01
41 0 +1.085101419e+06 +1.085101419e+06 +1.085029549e+06 +1.085029549e+06 -3.6171e+00 +2.2805e+00 +1.4145e+00 -4.8586e+00 +3.1173e-01 -3.5426e+00 +4.8406e+00 +3.6509e+00 +2.6257e+00 -3.5803e+00 +4.5263e+00 -2.7079e+00 +4.1336e+00 +3.3284e+00 +3.0050e+00 -1.2059e-01 +3.0397e+00 +6.7963e-01 +4.4386e+00 +1.6640e+00
% f evaluations | g evaluations | best noise-free fitness - Fopt | noise-free fitness - Fopt (-1.650000000000e+01) | measured fitness | best measured fitness | x1 | x2...
1 0 +4.986269121e+06 +4.986269121e+06 +4.986252621e+06 +4.986252621e+06 +0.0000e+00 +0.0000e+00 +0.0000e+00 +0.0000e+00 +0.0000e+00 +0.0000e+00 +0.0000e+00 +0.0000e+00 +0.0000e+00 +0.0000e+00 +0.0000e+00 +0.0000e+00 +0.0000e+00 +0.0000e+00 +0.0000e+00 +0.0000e+00 +0.0000e+00 +0.0000e+00 +0.0000e+00 +0.0000e+00
5 0 +3.073308467e+06 +3.073308467e+06 +3.073291967e+06 +3.073291967e+06 +4.9361e-01 +2.4079e+00 -7.7888e-01 -1.4548e+00 -4.9560e+00 +8.7269e-02 -4.7211e-01 +1.5110e+00 +3.6246e+00 -3.5609e+00 +4.4915e+00 -2.9954e+00 -1.8434e+00 +2.5461e+00 +2.9186e+00 -3.2507e+00 +4.4027e+00 +1.8779e-01 +9.2771e-02 -3.0073e+00
9 0 +1.484524164e+06 +1.484524164e+06 +1.484507664e+06 +1.484507664e+06 -8.0877e-01 +9.0493e-01 +4.4671e-03 +1.2648e+00 +3.0370e+00 -3.5298e+00 -4.7889e+00 +2.4658e+00 +3.2841e+00 -8.2650e-01 -9.7883e-01 -1.6044e+00 +1.9524e+00 -1.5704e+00 +2.6065e+00 -4.9889e+00 -2.7150e+00 +2.1359e+00 -5.9492e-01 -4.4781e+00
% f evaluations | g evaluations | best noise-free fitness - Fopt | noise-free fitness - Fopt (1.000000000000e+03) | measured fitness | best measured fitness | x1 | x2...
1 0 +7.181502337e+06 +7.181502337e+06 +7.182502337e+06 +7.182502337e+06 +0.0000e+00 +0.0000e+00 +0.0000e+00 +0.0000e+00 +0.0000e+00 +0.0000e+00 +0.0000e+00 +0.0000e+00 +0.0000e+00 +0.0000e+00 +0.0000e+00 +0.0000e+00 +0.0000e+00 +0.0000e+00 +0.0000e+00 +0.0000e+00 +0.0000e+00 +0.0000e+00 +0.0000e+00 +0.0000e+00
10 0 +3.103671920e+06 +3.103671920e+06 +3.104671920e+06 +3.104671920e+06 -1.8440e+00 +2.9057e+00 -3.1092e+00 +4.5406e+00 -3.7318e+00 -2.6212e+00 +1.6257e+00 +2.5079e+00 +3.9458e+00 -4.2188e-01 -9.3992e-01 +2.8129e+00 +2.3185e-01 +1.1906e+00 -1.3635e+00 -4.9103e+00 +4.3319e+00 +4.4318e+00 +3.3265e+00 +1.6470e+00
% f evaluations | g evaluations | best noise-free fitness - Fopt | noise-free fitness - Fopt (-1.000000000000e+03) | measured fitness | best measured fitness | x1 | x2...
1 0 +1.178184034e+07 +1.178184034e+07 +1.178084034e+07 +1.178084034e+07 +0.0000e+00 +0.0000e+00 +0.0000e+00 +0.0000e+00 +0.0000e+00 +0.0000e+00 +0.0000e+00 +0.0000e+00 +0.0000e+00 +0.0000e+00 +0.0000e+00 +0.0000e+00 +0.0000e+00 +0.0000e+00 +0.0000e+00 +0.0000e+00 +0.0000e+00 +0.0000e+00 +0.0000e+00 +0.0000e+00
9 0 +7.533954461e+06 +7.533954461e+06 +7.532954461e+06 +7.532954461e+06 +4.0693e-01 +2.3618e+00 -3.5291e+00 -3.5801e+00 -3.7394e+00 -2.8518e+00 -3.5961e+00 -1.7134e-01 -3.2123e+00 -3.8658e+00 +4.6089e+00 -3.2557e+00 +2.9725e+00 +2.3554e+00 +4.6661e+00 +2.8435e+00 +3.0971e+00 -4.3756e+00 +1.2490e+00 +4.4982e+00
12 0 +6.350761780e+06 +6.350761780e+06 +6.349761780e+06 +6.349761780e+06 -2.1694e+00 +2.2884e+00 +7.2619e-01 +1.5312e+00 +5.5152e-01 -2.7503e+00 +2.0361e+00 +3.9727e+00 -2.2334e+00 -3.2690e+00 +3.7639e+00 +4.6341e+00 +1.8864e+00 -1.7005e-01 +1.3727e-01 -2.5500e+00 +3.0690e-01 -3.0524e+00 +4.8246e+00 +3.1531e+00
25 0 +5.169859285e+06 +5.169859285e+06 +5.168859285e+06 +5.168859285e+06 +7.8567e-01 -4.8277e+00 -1.6561e+00 -2.5969e+00 +4.2607e+00 +1.9045e-01 -3.3019e+00 -5.4536e-01 -2.2266e+00 +4.2223e+00 +4.4831e+00 +5.5820e-01 -5.2945e-01 +2.5707e+00 +7.7533e-01 -1.8178e+00 +4.3385e+00 -2.4180e+00 -4.8058e+00 -4.6236e+00
32 0 +2.924993031e+06 +2.924993031e+06 +2.923993031e+06 +2.923993031e+06 +4.3780e+00 +1.4588e+00 -4.6821e+00 -4.9810e+00 +3.8558e+00 -1.9777e+00 -4.5202e+00 -2.1828e-01 -4.2160e+00 -3.6335e+00 +5.6132e-01 +3.2925e+00 -2.9502e+00 -2.1004e+00 +1.0628e+00 -3.1060e+00 -1.7527e+00 -4.8406e+00 +5.0590e-01 +2.7348e-01
% f evaluations | g evaluations | best noise-free fitness - Fopt | noise-free fitness - Fopt (-1.527400000000e+02) | measured fitness | best measured fitness | x1 | x2...
1 0 +8.645426114e+06 +8.645426114e+06 +8.645273374e+06 +8.645273374e+06 +0.0000e+00 +0.0000e+00 +0.0000e+00 +0.0000e+00 +0.0000e+00 +0.0000e+00 +0.0000e+00 +0.0000e+00 +0.0000e+00 +0.0000e+00 +0.0000e+00 +0.0000e+00 +0.0000e+00 +0.0000e+00 +0.0000e+00 +0.0000e+00 +0.0000e+00 +0.0000e+00 +0.0000e+00 +0.0000e+00
4 0 +6.289777423e+06 +6.289777423e+06 +6.289624683e+06 +6.289624683e+06 -2.1242e-01 +1.8301e+00 +4.9049e+00 -4.6829e+00 -3.1403e+00 -2.1335e+00 +4.5244e-01 -4.3322e+00 -3.1725e+00 +1.6727e+00 +2.6570e+00 -4.2952e+00 -1.8436e+00 -3.2078e+00 -4.6046e+00 +8.1469e-01 +1.7603e+00 +2.8507e+00 -4.2733e+00 +5.4710e-01
37 0 +5.958022866e+06 +5.958022866e+06 +5.957870126e+06 +5.957870126e+06 +4.9866e+00 +4.3848e+00 -3.9319e+00 +2.4632e+00 +3.0164e+00 +2.8932e+00 -2.6728e+00 +3.8257e+00 -1.4621e+00 -8.2327e-01 +4.0688e+00 -3.8621e+00 +4.6949e-01 -3.5980e+00 -3.6256e-01 -2.7558e+00 -1.7754e+00 -4.4404e-01 +1.5578e+00 -2.0005e+00
38 0 +3.603464597e+06 +3.603464597e+06 +3.603311857e+06 +3.603311857e+06 +1.3122e-01 +3.9236e+00 -2.9703e+00 -4.2470e+00 -1.6169e-01 -1.1849e+00 -1.1335e+00 +2.9357e+00 -3.4153e+00 -8.7312e-02 -4.4735e+00 -6.0588e-01 -2.8654e+00 +1.6131e+00 +2.8378e+00 +2.5540e+00 +4.8061e+00 +1.0440e+00 +3.8600e-01 -3.7567e+00
