% f evaluations | g evaluations | best noise-free fitness - Fopt | noise-free fitness - Fopt (-4.620900000000e+02) | measured fitness | best measured fitness | x1 | x2...
1 0 +9.611497703e+02 +9.611497703e+02 +4.990597703e+02 +4.990597703e+02 +4.6720e+00 -3.3453e+00 -2.5562e+00 -3.6927e+00 +1.3661e+00 +1.9405e+00 -4.3566e+00 -2.9453e+00 -4.6457e+00 -2.2563e+00
2 0 +4.220383215e+02 +4.220383215e+02 -4.005167848e+01 -4.005167848e+01 +3.9300e+00 -3.7945e+00 +2.3264e+00 -1.4761e+00 +1.9291e+00 +1.3696e+00 -2.9300e-01 +6.7536e-01 +1.2839e-01 +2.7234e+00
4 0 +3.343670300e+02 +3.343670300e+02 -1.277229700e+02 -1.277229700e+02 +3.5123e+00 +2.6419e+00 -1.1801e+00 -2.5596e+00 -1.4936e+00 +4.3296e+00 +1.8881e+00 +3.5967e+00 +4.0012e+00 +1.5471e+00
16 0 +2.966879170e+02 +2.966879170e+02 -1.654020830e+02 -1.654020830e+02 -1.9473e+00 -4.3511e+00 -1.0297e+00 +1.3478e+00 +2.1905e+00 +4.2916e+00 +3.0865e+00 +1.5446e+00 +4.6067e+00 +8.2257e-01
54 0 +2.373301526e+02 +2.373301526e+02 -2.247598474e+02 -2.247598474e+02 -3.2591e+00 +6.3258e-01 -1.0312e+00 +6.2659e-01 +1.4033e+00 +4.2798e+00 +3.1632e+00 +1.7125e+00 +4.6687e+00 +3.7563e-01
57 0 +2.299055251e+02 +2.299055251e+02 -2.321844749e+02 -2.321844749e+02 +4.5460e-02 -4.0294e+00 -1.4914e+00 +2.3779e+00 +1.7311e+00 +3.9439e+00 +3.3704e+00 +1.4667e+00 +2.8110e+00 -7.9196e-01
64 0 +1.878541118e+02 +1.878541118e+02 -2.742358882e+02 -2.742358882e+02 -3.9379e+00 -4.1067e+00 -3.3952e+00 +1.3144e+00 +1.8234e+00 +3.1923e+00 +3.4496e+00 +2.0597e+00 +3.5122e+00 +7.4600e-01
92 0 +1.820297672e+02 +1.820297672e+02 -2.800602328e+02 -2.800602328e+02 -3.8231e-01 -1.8984e+00 -1.8485e+00 +1.6774e+00 +1.5785e+00 +1.3394e+00 +3.0807e+00 +3.5484e-01 +1.3707e+00 +6.7461e-01
108 0 +1.763919879e+02 +1.763919879e+02 -2.856980121e+02 -2.856980121e+02 -1.6791e+00 -1.9600e+00 -2.2025e+00 +1.7026e+00 +1.4927e+00 +2.6142e+00 +1.9730e+00 +5.5380e-01 +1.0946e+00 +6.7554e-01
120 0 +1.735577833e+02 +1.735577833e+02 -2.885322167e+02 -2.885322167e+02 -8.4199e-01 -1.9144e+00 -1.9821e+00 +1.2372e+00 +1.4290e+00 +3.4888e+00 +3.0902e+00 +3.4007e+00 +2.2086e+00 +6.6534e-01
123 0 +1.558426345e+02 +1.558426345e+02 -3.062473655e+02 -3.062473655e+02 -6.1601e-01 -3.3992e+00 -1.4374e+00 +1.8735e+00 +1.8473e+00 +3.0763e+00 +2.5532e+00 +1.4059e+00 +2.2131e+00 +6.8119e-01
132 0 +1.382070460e+02 +1.382070460e+02 -3.238829540e+02 -3.238829540e+02 -2.9952e-01 -2.2832e+00 +5.3019e-02 +2.0272e-02 +1.6476e+00 +6.3440e-01 +3.1729e+00 +7.3217e-01 +1.3632e+00 -2.4569e-01
161 0 +1.372548035e+02 +1.372548035e+02 -3.248351965e+02 -3.248351965e+02 -3.5429e-01 -2.3601e+00 -2.0160e-01 -5.1026e-01 +1.6857e+00 +7.7910e-01 +3.2021e+00 +7.2300e-01 +1.3881e+00 -1.9319e-01
180 0 +1.166462994e+02 +1.166462994e+02 -3.454437006e+02 -3.454437006e+02 -3.6323e-01 -1.1631e+00 -9.3997e-01 -1.3568e-02 +1.6247e+00 +6.7483e-01 +2.9710e+00 +3.7352e-01 +2.4290e+00 -2.4092e-01
214 0 +1.073025113e+02 +1.073025113e+02 -3.547874887e+02 -3.547874887e+02 -3.7325e-01 -1.2369e+00 -2.3679e-01 -1.8632e-01 +1.6310e+00 +1.6407e+00 +2.9578e+00 +4.2146e-01 +2.2924e+00 -2.5938e-01
282 0 +8.908035291e+01 +8.908035291e+01 -3.730096471e+02 -3.730096471e+02 -3.7042e-01 -1.2086e+00 -2.5472e-01 -1.8692e-01 +1.6313e+00 +1.5424e+00 +2.9797e+00 +6.5214e-01 +2.2584e+00 -2.6084e-01
321 0 +8.152385073e+01 +8.152385073e+01 -3.805661493e+02 -3.805661493e+02 -3.6402e-01 -1.2295e+00 -2.2500e-01 +6.4723e-02 +1.6315e+00 +1.4613e+00 +3.0064e+00 +5.2314e-01 +2.2691e+00 -2.6081e-01
324 0 +7.903889263e+01 +7.903889263e+01 -3.830511074e+02 -3.830511074e+02 -3.6643e-01 -1.1088e+00 -2.7062e-01 -1.2554e-01 +1.6233e+00 +1.6112e+00 +2.9888e+00 +5.7693e-01 +2.1833e+00 -2.6284e-01
365 0 +7.757885480e+01 +7.757885480e+01 -3.845111452e+02 -3.845111452e+02 -3.6628e-01 -1.1146e+00 -2.5099e-01 -1.1258e-01 +1.6257e+00 +1.6510e+00 +2.9887e+00 +5.7695e-01 +2.1595e+00 -2.6132e-01
370 0 +7.458873346e+01 +7.458873346e+01 -3.875012665e+02 -3.875012665e+02 -3.6694e-01 -1.1557e+00 -2.7649e-01 -1.0369e-01 +1.6234e+00 +1.6177e+00 +2.9822e+00 +5.8925e-01 +2.2224e+00 -2.6303e-01
377 0 +7.347365269e+01 +7.347365269e+01 -3.886163473e+02 -3.886163473e+02 -3.6604e-01 -1.1535e+00 -2.7200e-01 -9.3235e-02 +1.6233e+00 +1.6189e+00 +2.9844e+00 +5.6089e-01 +2.2254e+00 -2.6176e-01
419 0 +7.203870492e+01 +7.203870492e+01 -3.900512951e+02 -3.900512951e+02 -3.6815e-01 -1.1729e+00 -2.4828e-01 -9.6923e-02 +1.6238e+00 +1.6243e+00 +2.9915e+00 +5.7996e-01 +2.1853e+00 -2.6406e-01
420 0 +6.734181147e+01 +6.734181147e+01 -3.947481885e+02 -3.947481885e+02 -3.6763e-01 -1.2040e+00 -1.7608e-01 -7.2767e-02 +1.6260e+00 +1.6474e+00 +2.9914e+00 +5.7588e-01 +2.2022e+00 -2.6419e-01
525 0 +6.590646673e+01 +6.590646673e+01 -3.961835333e+02 -3.961835333e+02 -3.6733e-01 -1.1937e+00 -1.8014e-01 -4.6909e-02 +1.6251e+00 +1.6463e+00 +2.9918e+00 +5.7686e-01 +2.2172e+00 -2.6433e-01
% f evaluations | g evaluations | best noise-free fitness - Fopt | noise-free fitness - Fopt (7.766000000000e+01) | measured fitness | best measured fitness | x1 | x2...
1 0 +2.145930745e+03 +2.145930745e+03 +2.223590745e+03 +2.223590745e+03 +4.3107e+00 -1.0426e-01 +2.2904e+00 +7.8111e-03 -3.7891e+00 -4.1961e+00 -2.9024e+00 +4.2902e+00 +2.3882e+00 +1.7607e+00
4 0 +1.045460904e+03 +1.045460904e+03 +1.123120904e+03 +1.123120904e+03 +4.0872e+00 -1.8584e+00 +4.7018e+00 +2.3973e+00 +4.8154e+00 +4.5146e+00 -2.9332e+00 -1.2814e+00 +3.1165e+00 -4.6402e+00
6 0 +8.381382056e+02 +8.381382056e+02 +9.157982056e+02 +9.157982056e+02 -4.9473e-01 -1.9464e+00 -5.9249e-01 +1.3558e+00 -3.1023e-01 -4.2047e+00 -1.4129e+00 -2.7764e+00 -4.9895e+00 +5.5385e-02
7 0 +4.433890912e+02 +4.433890912e+02 +5.210490912e+02 +5.210490912e+02 -4.2550e-01 -4.0681e+00 -8.9258e-01 +3.5148e+00 +2.4112e-01 -2.4251e+00 +4.6764e-01 -2.5653e+00 -4.8104e+00 -4.2766e+00
8 0 +2.492447811e+02 +2.492447811e+02 +3.269047811e+02 +3.269047811e+02 -4.7411e-01 -1.2483e+00 -4.6054e+00 +4.2428e+00 -3.3745e+00 +2.1375e+00 -2.1931e+00 -1.6060e+00 +4.0819e-01 -3.8819e+00
44 0 +1.945831777e+02 +1.945831777e+02 +2.722431777e+02 +2.722431777e+02 -1.5221e-01 -1.8776e+00 -4.3156e+00 +1.9461e+00 -4.7021e+00 -3.3491e+00 +5.0541e-01 -1.0261e+00 +1.8305e+00 -4.3917e+00
52 0 +1.674476713e+02 +1.674476713e+02 +2.451076713e+02 +2.451076713e+02 +1.4839e-01 -3.2614e+00 -5.0000e+00 +3.0172e+00 -2.0044e+00 -3.9857e-01 +3.0485e-01 -1.3707e+00 +1.0239e+00 -5.0000e+00
70 0 +1.125780521e+02 +1.125780521e+02 +1.902380521e+02 +1.902380521e+02 -2.4473e-01 -2.5079e+00 -3.7197e+00 +3.2895e+00 -4.3043e+00 -3.1636e+00 +5.4413e-01 +6.0130e-02 +1.4153e+00 -4.2083e+00
111 0 +1.075587135e+02 +1.075587135e+02 +1.852187135e+02 +1.852187135e+02 +2.4423e-01 -2.6760e+00 -2.7246e+00 +4.4617e+00 -5.0000e+00 -3.1646e+00 +5.2951e-01 -2.4313e-01 +1.4188e+00 -3.5856e+00
218 0 +1.065293518e+02 +1.065293518e+02 +1.841893518e+02 +1.841893518e+02 +2.8466e-01 -2.7026e+00 -2.6648e+00 +4.4638e+00 -5.0000e+00 -3.1633e+00 +5.2861e-01 -2.3956e-01 +1.4179e+00 -3.5832e+00
223 0 +1.046953680e+02 +1.046953680e+02 +1.823553680e+02 +1.823553680e+02 +2.9618e-01 -2.6232e+00 -2.7409e+00 +4.6373e+00 -5.0000e+00 -3.1645e+00 +1.8439e-01 -2.3435e-01 +1.3505e+00 -3.5689e+00
254 0 +9.451995292e+01 +9.451995292e+01 +1.721799529e+02 +1.721799529e+02 +2.5173e-01 -2.5715e+00 -2.7288e+00 +4.5329e+00 -5.0000e+00 -3.2091e+00 +5.3369e-01 -2.2556e-01 +1.4183e+00 -3.8063e+00
264 0 +9.083859743e+01 +9.083859743e+01 +1.684985974e+02 +1.684985974e+02 +2.9470e-01 -2.5705e+00 -2.7525e+00 +4.1865e+00 -5.0000e+00 -3.2393e+00 +6.0803e-01 -2.2394e-01 +1.4159e+00 -3.8111e+00
274 0 +8.594064347e+01 +8.594064347e+01 +1.636006435e+02 +1.636006435e+02 +2.5176e-01 -2.5376e+00 -2.7317e+00 +4.5641e+00 -5.0000e+00 -3.2217e+00 +5.3275e-01 -2.5855e-01 +1.4130e+00 -3.8524e+00
324 0 +8.406173433e+01 +8.406173433e+01 +1.617217343e+02 +1.617217343e+02 +2.5250e-01 -2.5418e+00 -2.7301e+00 +4.5499e+00 -4.9989e+00 -3.2197e+00 +5.5832e-01 -2.5713e-01 +1.4115e+00 -3.8471e+00
389 0 +8.286653629e+01 +8.286653629e+01 +1.605265363e+02 +1.605265363e+02 +2.5271e-01 -2.5371e+00 -2.7289e+00 +4.5406e+00 -4.9987e+00 -3.2199e+00 +5.7267e-01 -2.6532e-01 +1.4115e+00 -3.8445e+00
% f evaluations | g evaluations | best noise-free fitness - Fopt | noise-free fitness - Fopt (1.156800000000e+02) | measured fitness | best measured fitness | x1 | x2...
1 0 +3.703617677e+03 +3.703617677e+03 +3.819297677e+03 +3.819297677e+03 -1.3061e+00 +1.6924e+00 -2.4919e+00 -3.5377e+00 -1.9534e+00 +3.7028e+00 -1.1046e+00 +9.8832e-02 +1.9229e+00 +3.6699e+00
4 0 +3.002014618e+02 +3.002014618e+02 +4.158814618e+02 +4.158814618e+02 +8.7884e-01 +8.6134e-01 +1.8052e+00 -1.9663e+00 -2.2149e+00 -4.3546e+00 -8.4516e-01 +4.4479e+00 -3.2551e+00 -4.2311e+00
62 0 +2.743965566e+02 +2.743965566e+02 +3.900765566e+02 +3.900765566e+02 -2.4818e+00 +2.9989e-02 +2.7686e+00 -1.3870e+00 -2.2742e+00 -4.3395e+00 -1.3457e+00 +2.9956e+00 -4.3511e+00 -4.3118e+00
68 0 +2.417300047e+02 +2.417300047e+02 +3.574100047e+02 +3.574100047e+02 -1.7667e-01 +2.3191e-01 +1.1090e+00 -1.5085e+00 -2.9225e+00 -3.9914e+00 -1.4206e+00 +4.2958e+00 -3.1880e+00 -3.6975e+00
100 0 +2.040157516e+02 +2.040157516e+02 +3.196957516e+02 +3.196957516e+02 +1.7222e+00 +9.2082e-01 +1.8593e+00 -1.7214e+00 -2.4948e+00 -5.0000e+00 -3.1712e+00 +3.6521e+00 -3.6305e+00 -3.7282e+00
109 0 +1.615924742e+02 +1.615924742e+02 +2.772724742e+02 +2.772724742e+02 +1.8894e+00 -1.0295e+00 +1.9232e+00 -1.5988e+00 -2.4732e+00 -5.0000e+00 -2.5639e+00 +4.0798e+00 -3.1979e+00 -2.6257e+00
214 0 +1.583903762e+02 +1.583903762e+02 +2.740703762e+02 +2.740703762e+02 +1.9362e+00 -1.0597e+00 +1.8351e+00 -1.6476e+00 -2.4948e+00 -5.0000e+00 -2.6120e+00 +4.0736e+00 -3.1340e+00 -2.9266e+00
216 0 +1.483546996e+02 +1.483546996e+02 +2.640346996e+02 +2.640346996e+02 +1.6528e+00 -9.1374e-01 +1.9242e+00 -1.5994e+00 -2.4663e+00 -4.7221e+00 -2.8088e+00 +3.9878e+00 -3.1588e+00 -2.5772e+00
259 0 +1.436760756e+02 +1.436760756e+02 +2.593560756e+02 +2.593560756e+02 +1.7785e+00 -8.8266e-01 +1.9161e+00 -1.6192e+00 -2.4644e+00 -4.8306e+00 -2.9887e+00 +3.9673e+00 -3.0945e+00 -2.5787e+00
274 0 +1.379761812e+02 +1.379761812e+02 +2.536561812e+02 +2.536561812e+02 +1.7491e+00 -9.2138e-01 +1.9242e+00 -1.5913e+00 -2.4524e+00 -4.7998e+00 -2.6268e+00 +3.9791e+00 -3.1330e+00 -2.5657e+00
277 0 +1.321547497e+02 +1.321547497e+02 +2.478347497e+02 +2.478347497e+02 +1.7603e+00 -8.7636e-01 +1.9143e+00 -1.5770e+00 -2.4595e+00 -4.6454e+00 -2.6104e+00 +4.0139e+00 -3.1598e+00 -2.5684e+00
321 0 +1.312595573e+02 +1.312595573e+02 +2.469395573e+02 +2.469395573e+02 +1.8122e+00 -8.5140e-01 +1.9076e+00 -1.5910e+00 -2.4600e+00 -4.6607e+00 -2.5878e+00 +4.0367e+00 -3.1382e+00 -2.5768e+00
331 0 +1.280850347e+02 +1.280850347e+02 +2.437650347e+02 +2.437650347e+02 +1.7612e+00 -8.6932e-01 +1.9116e+00 -1.5962e+00 -2.4619e+00 -4.6949e+00 -2.5961e+00 +4.0159e+00 -3.1487e+00 -2.5765e+00
392 0 +1.258344123e+02 +1.258344123e+02 +2.415144123e+02 +2.415144123e+02 +1.7523e+00 -8.7381e-01 +1.9110e+00 -1.6034e+00 -2.4789e+00 -4.6804e+00 -2.5948e+00 +4.0166e+00 -3.1470e+00 -2.5747e+00
623 0 +1.230076952e+02 +1.230076952e+02 +2.386876952e+02 +2.386876952e+02 +1.7580e+00 -8.6178e-01 +1.9125e+00 -1.5941e+00 -2.4643e+00 -4.6849e+00 -2.5960e+00 +4.0165e+00 -3.1219e+00 -2.6319e+00
4578 0 +1.202060937e+02 +1.202060937e+02 +2.358860937e+02 +2.358860937e+02 +1.7585e+00 -8.6140e-01 +1.9126e+00 -1.5941e+00 -2.4860e+00 -4.6845e+00 -2.5980e+00 +4.0165e+00 -3.1041e+00 -2.6347e+00
% f evaluations | g evaluations | best noise-free fitness - Fopt | noise-free fitness - Fopt (-3.710000000000e+00) | measured fitness | best measured fitness | x1 | x2...
1 0 +7.849629231e+02 +7.849629231e+02 +7.812529231e+02 +7.812529231e+02 -3.9015e+00 -2.9699e+00 +2.2909e+00 -4.2476e+00 +1.6305e+00 +6.2583e-01 +4.8026e+00 -3.6313e+00 -1.0978e+00 -3.4401e+00
4 0 +4.539618978e+02 +4.539618978e+02 +4.502518978e+02 +4.502518978e+02 +4.4562e-01 -4.9259e+00 +1.7415e+00 -1.6264e+00 +4.9946e+00 +1.3327e+00 -1.4415e+00 +1.8467e+00 -1.4046e-01 +1.4415e-01
7 0 +3.345661763e+02 +3.345661763e+02 +3.308561763e+02 +3.308561763e+02 -2.1648e+00 -1.7768e+00 -3.1236e+00 +9.0976e-01 +3.9789e-02 -2.4221e+00 -2.4378e-01 +6.9165e-02 -1.7278e+00 +1.3771e+00
18 0 +2.697399247e+02 +2.697399247e+02 +2.660299247e+02 +2.660299247e+02 +4.6329e-01 -2.8814e+00 +1.0853e+00 +1.1334e-01 -1.1202e+00 +3.6974e+00 -5.8203e-01 +1.3458e-01 -2.6223e+00 -1.7776e-01
53 0 +2.450048247e+02 +2.450048247e+02 +2.412948247e+02 +2.412948247e+02 -9.0418e-01 -2.9822e+00 +9.5677e-01 +4.1851e-01 -1.1355e+00 +4.7492e+00 -2.8972e+00 +2.4494e-02 -3.0091e+00 +3.7095e-01
54 0 +2.309759733e+02 +2.309759733e+02 +2.272659733e+02 +2.272659733e+02 +4.7512e-01 -3.3399e+00 +1.5157e+00 +5.4115e-01 -3.3398e+00 +2.9995e+00 -3.1300e-01 -5.2211e-01 -2.6584e+00 -2.7743e-01
57 0 +2.277250048e+02 +2.277250048e+02 +2.240150048e+02 +2.240150048e+02 +2.1157e-01 -2.6943e+00 +4.6128e-01 -1.5077e-01 -4.9351e-01 +5.0000e+00 -4.7454e-01 +1.3201e-01 -2.4323e+00 +9.5972e-02
62 0 +2.072365448e+02 +2.072365448e+02 +2.035265448e+02 +2.035265448e+02 +3.4401e+00 -2.9337e+00 +5.1738e-01 +9.5767e-01 -1.0137e+00 +5.0000e+00 -6.0422e-01 +7.2376e-02 -3.1867e+00 +1.0132e+00
67 0 +1.759655948e+02 +1.759655948e+02 +1.722555948e+02 +1.722555948e+02 +1.0337e+00 -5.0000e+00 -1.9717e+00 +1.1146e+00 -1.1373e+00 +4.9851e+00 -9.0586e-01 -8.9939e-01 -3.1840e+00 +1.0097e+00
92 0 +1.697933352e+02 +1.697933352e+02 +1.660833352e+02 +1.660833352e+02 +9.1628e-01 -2.9612e+00 +1.1367e+00 -3.9117e-02 -6.9235e-01 +3.6904e+00 -3.1975e-01 -1.5818e+00 -2.8627e+00 -3.0178e-01
104 0 +1.447110711e+02 +1.447110711e+02 +1.410010711e+02 +1.410010711e+02 +1.1044e+00 -3.1347e+00 +8.6806e-01 -1.1501e-01 -6.4682e-01 +3.7393e+00 -2.9661e-01 -2.4214e+00 -2.2696e+00 -3.8463e-01
113 0 +1.413151552e+02 +1.413151552e+02 +1.376051552e+02 +1.376051552e+02 +9.2064e-01 -3.1984e+00 +1.0482e+00 +9.6578e-01 -6.4796e-01 +3.7273e+00 -2.3119e-01 -2.9027e+00 -2.9760e+00 +7.5401e-02
176 0 +1.355639468e+02 +1.355639468e+02 +1.318539468e+02 +1.318539468e+02 +8.8272e-01 -3.2814e+00 +1.0462e+00 +1.9124e+00 -6.3811e-01 +3.7827e+00 +4.2611e-01 -3.1537e+00 -3.0297e+00 +3.9730e-01
179 0 +1.301985684e+02 +1.301985684e+02 +1.264885684e+02 +1.264885684e+02 +1.0637e+00 -3.1373e+00 +9.5693e-01 +1.0249e+00 -5.7742e-01 +3.7010e+00 -1.7759e-01 -2.4907e+00 -2.9523e+00 +8.8941e-02
195 0 +1.233215364e+02 +1.233215364e+02 +1.196115364e+02 +1.196115364e+02 +9.7063e-01 -3.2176e+00 +1.0694e+00 +1.5320e+00 -5.3710e-01 +3.7020e+00 -2.3141e-01 -2.4511e+00 -2.8559e+00 -6.4237e-02
208 0 +1.073614282e+02 +1.073614282e+02 +1.036514282e+02 +1.036514282e+02 +9.7476e-01 -3.2219e+00 +1.0421e+00 +1.7018e+00 -5.8821e-01 +3.6904e+00 -2.4280e-01 -2.3598e+00 -2.8381e+00 +1.8035e-02
221 0 +9.452269693e+01 +9.452269693e+01 +9.081269693e+01 +9.081269693e+01 +9.6347e-01 -3.2078e+00 +1.0552e+00 +1.9726e+00 -4.9970e-01 +3.6859e+00 -2.3193e-01 -2.3873e+00 -2.8211e+00 +5.9337e-02
272 0 +9.166663850e+01 +9.166663850e+01 +8.795663850e+01 +8.795663850e+01 +9.6680e-01 -3.2042e+00 +1.0251e+00 +1.8405e+00 -5.0187e-01 +3.6971e+00 -2.2848e-01 -2.3606e+00 -2.7740e+00 +9.2350e-02
297 0 +8.793538085e+01 +8.793538085e+01 +8.422538085e+01 +8.422538085e+01 +9.6607e-01 -3.1993e+00 +1.0571e+00 +1.9232e+00 -4.8912e-01 +3.6968e+00 -2.5186e-01 -2.3755e+00 -2.8284e+00 +1.8952e-02
312 0 +8.487771699e+01 +8.487771699e+01 +8.116771699e+01 +8.116771699e+01 +9.6523e-01 -3.1977e+00 +1.0591e+00 +1.9197e+00 -4.4787e-01 +3.7022e+00 -2.6399e-01 -2.3752e+00 -2.8280e+00 +6.9096e-03
436 0 +8.074080269e+01 +8.074080269e+01 +7.703080269e+01 +7.703080269e+01 +9.7452e-01 -3.1958e+00 +1.0591e+00 +1.9166e+00 -4.3071e-01 +3.6952e+00 -2.7295e-01 -2.3702e+00 -2.7994e+00 +7.2072e-03
470 0 +7.719536113e+01 +7.719536113e+01 +7.348536113e+01 +7.348536113e+01 +9.8044e-01 -3.1949e+00 +1.0579e+00 +1.9167e+00 -4.3023e-01 +3.6896e+00 -2.7320e-01 -2.3706e+00 -2.7780e+00 +7.0841e-03
533 0 +7.512200266e+01 +7.512200266e+01 +7.141200266e+01 +7.141200266e+01 +9.8150e-01 -3.1948e+00 +1.0576e+00 +1.9172e+00 -4.3466e-01 +3.6900e+00 -2.7321e-01 -2.3709e+00 -2.7649e+00 +7.1484e-03
544 0 +7.379917853e+01 +7.379917853e+01 +7.008917853e+01 +7.008917853e+01 +9.7700e-01 -3.1953e+00 +1.0579e+00 +1.9168e+00 -4.3006e-01 +3.6929e+00 -2.7299e-01 -2.3706e+00 -2.7546e+00 +7.2843e-03
573 0 +6.925568347e+01 +6.925568347e+01 +6.554568347e+01 +6.554568347e+01 +9.8397e-01 -3.1951e+00 +1.0557e+00 +1.9176e+00 -4.3024e-01 +3.6880e+00 -2.7330e-01 -2.3688e+00 -2.7267e+00 +7.0950e-03
623 0 +6.888817578e+01 +6.888817578e+01 +6.517817578e+01 +6.517817578e+01 +9.8398e-01 -3.1950e+00 +1.0563e+00 +1.9174e+00 -4.3020e-01 +3.6880e+00 -2.7311e-01 -2.3688e+00 -2.7235e+00 +7.1091e-03
638 0 +6.757223496e+01 +6.757223496e+01 +6.386223496e+01 +6.386223496e+01 +9.8403e-01 -3.1952e+00 +1.0557e+00 +1.9176e+00 -4.3024e-01 +3.6880e+00 -2.7331e-01 -2.3689e+00 -2.7122e+00 +7.0159e-03
697 0 +6.606925195e+01 +6.606925195e+01 +6.235925195e+01 +6.235925195e+01 +9.8295e-01 -3.1951e+00 +1.0554e+00 +1.9174e+00 -4.3025e-01 +3.6881e+00 -2.7328e-01 -2.3685e+00 -2.6853e+00 +7.0827e-03
1873 0 +6.455995461e+01 +6.455995461e+01 +6.084995461e+01 +6.084995461e+01 +1.0305e+00 -3.1951e+00 +1.0553e+00 +1.9174e+00 -4.3025e-01 +3.6880e+00 -2.7328e-01 -2.3685e+00 -2.6828e+00 +7.0868e-03
2295 0 +6.295573448e+01 +6.295573448e+01 +5.924573448e+01 +5.924573448e+01 +1.1206e+00 -3.1951e+00 +1.0553e+00 +1.9174e+00 -4.3025e-01 +3.6880e+00 -2.7328e-01 -2.3685e+00 -2.6828e+00 +7.0868e-03
% f evaluations | g evaluations | best noise-free fitness - Fopt | noise-free fitness - Fopt (1.321800000000e+02) | measured fitness | best measured fitness | x1 | x2...
1 0 +1.400323087e+03 +1.400323087e+03 +1.532503087e+03 +1.532503087e+03 +2.9971e+00 +1.0759e+00 +2.0159e+00 +1.3413e+00 -7.0040e-01 -3.0552e+00 +1.2906e+00 +3.8509e+00 -4.1814e+00 +4.9296e+00
2 0 +3.487271281e+02 +3.487271281e+02 +4.809071281e+02 +4.809071281e+02 -3.3865e+00 +3.9967e-01 +2.3186e+00 -3.6831e+00 -4.2525e+00 -4.4496e+00 +1.7977e+00 +9.8949e-01 +2.1743e+00 +5.2613e-01
17 0 +2.788279889e+02 +2.788279889e+02 +4.110079889e+02 +4.110079889e+02 +1.5351e-01 -3.9906e+00 -2.3988e+00 -2.0642e+00 -1.3056e+00 +1.2406e+00 -4.3801e+00 -1.2948e+00 +1.0389e+00 -1.0349e+00
54 0 +2.738423619e+02 +2.738423619e+02 +4.060223619e+02 +4.060223619e+02 -5.9567e-01 -3.0353e+00 -2.4494e+00 -2.8944e+00 -7.3338e-01 +1.3033e+00 -5.0000e+00 -1.3943e+00 +1.6550e+00 -1.0483e+00
62 0 +2.586837079e+02 +2.586837079e+02 +3.908637079e+02 +3.908637079e+02 +2.1984e-01 -1.9423e+00 -2.7340e+00 -3.7899e+00 -1.3878e+00 +1.5792e+00 -4.4660e+00 -1.0827e+00 +1.0517e+00 -8.0784e-01
69 0 +2.541279818e+02 +2.541279818e+02 +3.863079818e+02 +3.863079818e+02 +3.4749e-01 -4.0348e+00 -2.2739e+00 -8.2220e-01 -2.2067e-02 +3.3691e-01 -4.6073e+00 -8.8539e-01 +1.6052e+00 -1.4977e+00
78 0 +2.076815603e+02 +2.076815603e+02 +3.398615603e+02 +3.398615603e+02 -7.9587e-01 -3.9650e+00 +1.3230e+00 -1.9035e+00 -1.3913e+00 +1.7744e+00 -5.0000e+00 +5.9072e-01 +1.3231e+00 -1.0389e+00
141 0 +2.010285449e+02 +2.010285449e+02 +3.332085449e+02 +3.332085449e+02 -8.1715e-01 -3.9109e+00 +5.0000e+00 -2.0090e+00 -1.3899e+00 +1.8429e+00 -5.0000e+00 +4.7272e-01 +1.2699e-01 -9.9231e-01
150 0 +1.788871517e+02 +1.788871517e+02 +3.110671517e+02 +3.110671517e+02 -8.1676e-01 -4.0306e+00 +1.1123e+00 -2.0351e+00 -1.1021e+00 +6.0092e-01 -4.5652e+00 +7.3608e-01 +1.2199e+00 -1.0510e+00
166 0 +1.579122943e+02 +1.579122943e+02 +2.900922943e+02 +2.900922943e+02 -8.1317e-01 -3.2569e+00 +9.6186e-01 -1.7830e+00 -1.3343e+00 +5.0462e-01 -4.2032e+00 +5.3778e-01 +1.2954e+00 -9.8158e-01
207 0 +1.405550164e+02 +1.405550164e+02 +2.727350164e+02 +2.727350164e+02 -7.0402e-01 -3.1148e+00 +8.6028e-01 -1.9261e+00 -1.3087e+00 +4.8719e-01 -3.9768e+00 +5.4480e-01 +1.3166e+00 -9.6530e-01
237 0 +1.221493389e+02 +1.221493389e+02 +2.543293389e+02 +2.543293389e+02 -8.1569e-01 -2.7876e+00 +1.1941e+00 -1.8022e+00 -1.4391e+00 +5.7418e-01 -4.0673e+00 +5.3106e-01 +1.3704e+00 -1.0700e+00
259 0 +1.149419070e+02 +1.149419070e+02 +2.471219070e+02 +2.471219070e+02 -7.8203e-01 -2.9180e+00 +1.1652e+00 -1.8055e+00 -1.4241e+00 +6.2642e-01 -4.0350e+00 +5.2810e-01 +1.3505e+00 -1.0430e+00
314 0 +1.142087511e+02 +1.142087511e+02 +2.463887511e+02 +2.463887511e+02 -7.7006e-01 -2.8980e+00 +1.2274e+00 -1.8347e+00 -1.4343e+00 +5.7133e-01 -4.0379e+00 +5.2864e-01 +1.3127e+00 -1.0472e+00
366 0 +1.087700961e+02 +1.087700961e+02 +2.409500961e+02 +2.409500961e+02 -7.7635e-01 -2.9006e+00 +1.1135e+00 -1.9037e+00 -1.4264e+00 +5.3005e-01 -4.0072e+00 +6.0132e-01 +1.3472e+00 -1.0559e+00
372 0 +1.053211302e+02 +1.053211302e+02 +2.375011302e+02 +2.375011302e+02 -7.8023e-01 -2.9460e+00 +1.0767e+00 -1.9363e+00 -1.4221e+00 +5.6290e-01 -4.0049e+00 +5.9037e-01 +1.3524e+00 -1.0569e+00
379 0 +1.012543076e+02 +1.012543076e+02 +2.334343076e+02 +2.334343076e+02 -7.8492e-01 -2.8902e+00 +1.1259e+00 -1.9492e+00 -1.4200e+00 +5.4084e-01 -4.0124e+00 +5.6890e-01 +1.3426e+00 -1.0415e+00
485 0 +9.991970735e+01 +9.991970735e+01 +2.320997074e+02 +2.320997074e+02 -7.8278e-01 -2.8851e+00 +1.1085e+00 -1.9401e+00 -1.4065e+00 +5.5711e-01 -4.0179e+00 +5.6030e-01 +1.3327e+00 -1.0360e+00
% f evaluations | g evaluations | best noise-free fitness - Fopt | noise-free fitness - Fopt (-3.930000000000e+01) | measured fitness | best measured fitness | x1 | x2...
1 0 +1.399224635e+03 +1.399224635e+03 +1.359924635e+03 +1.359924635e+03 +1.0507e+00 -4.8951e-01 -1.9398e+00 -3.1744e+00 -6.3767e-01 +2.5867e+00 -4.4040e+00 +1.3325e+00 -2.7580e+00 +6.5577e-01
2 0 +5.227749617e+02 +5.227749617e+02 +4.834749617e+02 +4.834749617e+02 -2.2078e+00 -6.4815e-02 +3.5566e+00 -8.0855e-01 +1.5400e+00 +1.7220e+00 +1.8440e+00 -1.9534e+00 -2.9057e+00 -2.2550e+00
11 0 +4.283906699e+02 +4.283906699e+02 +3.890906699e+02 +3.890906699e+02 -4.3511e+00 +3.0345e+00 -9.6577e-01 +3.1205e+00 +2.8052e+00 -3.1883e+00 +2.2072e+00 -4.7009e+00 +2.9195e+00 -4.2952e+00
13 0 +3.716483084e+02 +3.716483084e+02 +3.323483084e+02 +3.323483084e+02 -1.7341e+00 -4.1510e+00 +4.1148e+00 +3.4642e+00 +1.3899e+00 -3.1953e+00 +1.5953e+00 -4.7749e+00 +1.7481e+00 -3.0496e+00
19 0 +2.208044023e+02 +2.208044023e+02 +1.815044023e+02 +1.815044023e+02 +3.7451e-01 -4.6257e+00 +2.3765e+00 -1.1449e-01 +3.0174e+00 -3.8744e+00 +1.3107e+00 -1.0510e+00 +1.4080e+00 -3.1178e+00
75 0 +1.485010209e+02 +1.485010209e+02 +1.092010209e+02 +1.092010209e+02 -4.7058e-01 -4.8373e+00 +2.0307e+00 +1.4160e+00 +2.8821e+00 -3.4419e+00 +2.1467e+00 +7.4298e-02 +1.5281e+00 -3.1006e+00
134 0 +1.101466449e+02 +1.101466449e+02 +7.084664493e+01 +7.084664493e+01 -1.4796e+00 -4.9768e+00 +2.3365e+00 +2.2099e+00 +2.9288e+00 -2.4187e+00 +3.0330e+00 +5.8365e-01 +1.0378e+00 -3.2847e+00
174 0 +1.048005952e+02 +1.048005952e+02 +6.550059524e+01 +6.550059524e+01 -1.5520e+00 -4.9720e+00 +2.2443e+00 +1.5071e+00 +2.8031e+00 -2.0323e+00 +3.0771e+00 +8.3031e-01 +1.0733e+00 -3.3066e+00
208 0 +9.893520422e+01 +9.893520422e+01 +5.963520422e+01 +5.963520422e+01 -1.5463e+00 -4.9552e+00 +2.2329e+00 +1.3185e+00 +2.8152e+00 -2.3368e+00 +3.0640e+00 +8.6619e-01 +1.3922e+00 -3.2939e+00
216 0 +9.093617430e+01 +9.093617430e+01 +5.163617430e+01 +5.163617430e+01 -1.4999e+00 -4.9681e+00 +2.2075e+00 +1.1948e+00 +2.8239e+00 -2.3842e+00 +3.0928e+00 +9.2352e-01 +1.0855e+00 -3.3113e+00
268 0 +8.781726589e+01 +8.781726589e+01 +4.851726589e+01 +4.851726589e+01 -1.5535e+00 -4.9634e+00 +2.2281e+00 +1.2594e+00 +2.7993e+00 -1.8809e+00 +3.0178e+00 +8.8751e-01 +1.0436e+00 -3.3248e+00
273 0 +8.565115414e+01 +8.565115414e+01 +4.635115414e+01 +4.635115414e+01 -1.6005e+00 -4.9619e+00 +2.2295e+00 +1.4515e+00 +2.8229e+00 -1.9961e+00 +2.9902e+00 +8.9429e-01 +1.0793e+00 -3.3603e+00
281 0 +7.361988586e+01 +7.361988586e+01 +3.431988586e+01 +3.431988586e+01 -1.5657e+00 -4.9595e+00 +2.2325e+00 +1.4296e+00 +2.8058e+00 -1.9530e+00 +3.0579e+00 +9.1324e-01 +1.0399e+00 -3.3234e+00
302 0 +6.738975458e+01 +6.738975458e+01 +2.808975458e+01 +2.808975458e+01 -1.5620e+00 -4.9626e+00 +2.2743e+00 +1.4116e+00 +2.7912e+00 -1.9591e+00 +3.0872e+00 +9.0487e-01 +1.0524e+00 -3.4142e+00
325 0 +6.473768260e+01 +6.473768260e+01 +2.543768260e+01 +2.543768260e+01 -1.5476e+00 -4.9624e+00 +2.2736e+00 +1.3996e+00 +2.8038e+00 -1.9605e+00 +3.1063e+00 +9.0635e-01 +1.0504e+00 -3.3942e+00
370 0 +6.420363034e+01 +6.420363034e+01 +2.490363034e+01 +2.490363034e+01 -1.5410e+00 -4.9618e+00 +2.2808e+00 +1.4050e+00 +2.8100e+00 -1.9627e+00 +3.1131e+00 +9.1926e-01 +1.0503e+00 -3.4082e+00
780 0 +6.308596137e+01 +6.308596137e+01 +2.378596137e+01 +2.378596137e+01 -1.5516e+00 -4.9610e+00 +2.2730e+00 +1.3546e+00 +2.8132e+00 -1.9629e+00 +3.1050e+00 +9.1874e-01 +1.0355e+00 -3.3985e+00
4523 0 +6.165480602e+01 +6.165480602e+01 +2.235480602e+01 +2.235480602e+01 -1.5516e+00 -4.9444e+00 +2.2730e+00 +1.3545e+00 +2.8132e+00 -1.9629e+00 +3.1050e+00 +9.1875e-01 +1.0333e+00 -3.3985e+00
5001 0 +6.024309688e+01 +6.024309688e+01 +2.094309688e+01 +2.094309688e+01 -1.5516e+00 -4.9277e+00 +2.2730e+00 +1.3545e+00 +2.8132e+00 -1.9629e+00 +3.1050e+00 +9.1875e-01 +1.0333e+00 -3.3985e+00
5258 0 +5.884244845e+01 +5.884244845e+01 +1.954244845e+01 +1.954244845e+01 -1.5516e+00 -4.9106e+00 +2.2730e+00 +1.3545e+00 +2.8132e+00 -1.9629e+00 +3.1050e+00 +9.1875e-01 +1.0333e+00 -3.3985e+00
5452 0 +5.747369767e+01 +5.747369767e+01 +1.817369767e+01 +1.817369767e+01 -1.5516e+00 -4.8930e+00 +2.2730e+00 +1.3545e+00 +2.8132e+00 -1.9629e+00 +3.1050e+00 +9.1875e-01 +1.0333e+00 -3.3985e+00
5527 0 +5.617224773e+01 +5.617224773e+01 +1.687224773e+01 +1.687224773e+01 -1.5516e+00 -4.8750e+00 +2.2730e+00 +1.3545e+00 +2.8132e+00 -1.9629e+00 +3.1050e+00 +9.1875e-01 +1.0333e+00 -3.3985e+00
5632 0 +5.484714774e+01 +5.484714774e+01 +1.554714774e+01 +1.554714774e+01 -1.5516e+00 -4.8546e+00 +2.2730e+00 +1.3545e+00 +2.8132e+00 -1.9629e+00 +3.1050e+00 +9.1875e-01 +1.0333e+00 -3.3985e+00
5767 0 +5.347980617e+01 +5.347980617e+01 +1.417980617e+01 +1.417980617e+01 -1.5516e+00 -4.8296e+00 +2.2730e+00 +1.3545e+00 +2.8132e+00 -1.9629e+00 +3.1050e+00 +9.1875e-01 +1.0333e+00 -3.3985e+00
5832 0 +5.228048572e+01 +5.228048572e+01 +1.298048572e+01 +1.298048572e+01 -1.5516e+00 -4.7998e+00 +2.2730e+00 +1.3545e+00 +2.8132e+00 -1.9629e+00 +3.1050e+00 +9.1875e-01 +1.0333e+00 -3.3985e+00
% f evaluations | g evaluations | best noise-free fitness - Fopt | noise-free fitness - Fopt (4.296000000000e+01) | measured fitness | best measured fitness | x1 | x2...
1 0 +1.221992129e+03 +1.221992129e+03 +1.264952129e+03 +1.264952129e+03 -1.5258e+00 +4.8890e+00 -4.7197e+00 +4.8032e+00 -1.8580e+00 -3.7731e+00 +1.4972e+00 +4.4288e+00 -8.4546e-01 -2.3642e+00
2 0 +9.115911831e+02 +9.115911831e+02 +9.545511831e+02 +9.545511831e+02 +2.4967e+00 -1.9675e+00 +3.0515e+00 -4.3235e+00 -5.5475e-01 +2.5461e+00 -4.6509e+00 +1.9792e+00 +3.8791e+00 -3.2400e+00
3 0 +3.694120126e+02 +3.694120126e+02 +4.123720126e+02 +4.123720126e+02 +1.7787e+00 -4.9389e+00 -2.5773e+00 +2.2580e+00 +3.6097e-01 -4.7032e+00 -2.7938e+00 -2.5556e+00 +3.5072e-01 -3.5045e+00
4 0 +2.700071588e+02 +2.700071588e+02 +3.129671588e+02 +3.129671588e+02 -9.7734e-01 +4.4000e+00 -5.1919e-01 -9.0097e-01 -4.4025e+00 -2.6053e+00 -1.7479e+00 -4.2009e+00 +2.1178e+00 +5.0531e-01
29 0 +1.910487708e+02 +1.910487708e+02 +2.340087708e+02 +2.340087708e+02 +4.8453e+00 +2.9180e+00 -1.9736e+00 -2.0726e-01 -3.0789e-01 -1.1716e+00 +1.7753e+00 -4.9640e-01 -3.9369e-01 +1.8276e+00
62 0 +1.276818664e+02 +1.276818664e+02 +1.706418664e+02 +1.706418664e+02 +3.8243e+00 +3.2209e+00 -2.2086e+00 -1.8615e-01 +2.2199e-01 -6.0860e-01 +1.6803e+00 -7.1808e-01 +1.0659e+00 +2.3116e-01
115 0 +1.044618980e+02 +1.044618980e+02 +1.474218980e+02 +1.474218980e+02 +3.4840e+00 +2.8475e+00 -1.2480e+00 +3.1009e-01 +6.8773e-01 -1.1051e+00 +1.0513e+00 -9.2123e-01 +1.9262e+00 +9.4023e-01
155 0 +9.814857199e+01 +9.814857199e+01 +1.411085720e+02 +1.411085720e+02 +3.1158e+00 +2.8357e+00 -1.3667e+00 -2.4328e-01 +1.0068e+00 -1.0957e+00 +9.0699e-01 -5.4661e-01 +1.8194e+00 +9.1575e-01
161 0 +9.258139022e+01 +9.258139022e+01 +1.355413902e+02 +1.355413902e+02 +3.4684e+00 +2.5742e+00 -1.2064e+00 +1.7827e-01 +2.3688e-01 -6.5578e-01 +6.7752e-01 -9.1191e-01 +1.9205e+00 +9.1142e-01
173 0 +7.844864749e+01 +7.844864749e+01 +1.214086475e+02 +1.214086475e+02 +3.5288e+00 +2.9527e+00 -1.1274e+00 +4.0353e-01 +4.1675e-01 -1.2119e+00 +1.4506e+00 -1.6226e+00 +2.2203e+00 +9.6324e-01
261 0 +7.426794498e+01 +7.426794498e+01 +1.172279450e+02 +1.172279450e+02 +3.5262e+00 +2.9470e+00 -1.1070e+00 +4.0355e-01 +3.8488e-01 -1.1854e+00 +1.4569e+00 -1.6161e+00 +2.2218e+00 +9.6123e-01
317 0 +7.180090039e+01 +7.180090039e+01 +1.147609004e+02 +1.147609004e+02 +3.5264e+00 +2.9468e+00 -1.1058e+00 +4.2709e-01 +3.8076e-01 -1.1928e+00 +1.4849e+00 -1.6164e+00 +2.2248e+00 +9.5141e-01
330 0 +6.997932799e+01 +6.997932799e+01 +1.129393280e+02 +1.129393280e+02 +3.5220e+00 +2.9503e+00 -1.1121e+00 +4.0568e-01 +3.0404e-01 -1.1905e+00 +1.4575e+00 -1.6005e+00 +2.2215e+00 +9.5957e-01
364 0 +6.781895439e+01 +6.781895439e+01 +1.107789544e+02 +1.107789544e+02 +3.5185e+00 +2.9491e+00 -1.0889e+00 +3.1594e-01 +3.4331e-01 -1.1862e+00 +1.4578e+00 -1.5895e+00 +2.2275e+00 +9.6143e-01
369 0 +6.760212993e+01 +6.760212993e+01 +1.105621299e+02 +1.105621299e+02 +3.5228e+00 +2.9481e+00 -1.0888e+00 +3.3136e-01 +3.6835e-01 -1.1838e+00 +1.4820e+00 -1.6176e+00 +2.2218e+00 +9.6283e-01
494 0 +6.569993106e+01 +6.569993106e+01 +1.086599311e+02 +1.086599311e+02 +3.5229e+00 +2.9480e+00 -1.1016e+00 +3.3313e-01 +3.5384e-01 -1.1840e+00 +1.4942e+00 -1.6191e+00 +2.2238e+00 +9.5383e-01
682 0 +6.456230000e+01 +6.456230000e+01 +1.075223000e+02 +1.075223000e+02 +3.5233e+00 +2.9479e+00 -1.1027e+00 +3.3360e-01 +3.3508e-01 -1.1819e+00 +1.4913e+00 -1.6178e+00 +2.2227e+00 +9.4830e-01
883 0 +6.304891457e+01 +6.304891457e+01 +1.060089146e+02 +1.060089146e+02 +3.5233e+00 +2.9479e+00 -1.1032e+00 +3.3358e-01 +2.9317e-01 -1.1818e+00 +1.4914e+00 -1.6178e+00 +2.2225e+00 +9.4667e-01
% f evaluations | g evaluations | best noise-free fitness - Fopt | noise-free fitness - Fopt (2.842200000000e+02) | measured fitness | best measured fitness | x1 | x2...
1 0 +5.609518358e+03 +5.609518358e+03 +5.893738358e+03 +5.893738358e+03 -1.5762e+00 +3.0127e+00 -2.8436e+00 +4.6407e+00 +4.4371e+00 -1.1538e+00 -4.1452e+00 +3.4637e+00 -1.2759e+00 +4.2828e+00
2 0 +1.494442423e+03 +1.494442423e+03 +1.778662423e+03 +1.778662423e+03 -3.5879e+00 +1.2027e+00 +4.0692e+00 +4.9606e+00 -1.9249e+00 +4.5239e+00 -7.8080e-01 -4.4546e+00 +2.6494e+00 -4.9466e+00
3 0 +6.722027696e+02 +6.722027696e+02 +9.564227696e+02 +9.564227696e+02 +3.4228e+00 +4.4490e+00 -4.2741e+00 +1.8789e+00 -2.2700e+00 +2.0868e+00 +1.6085e+00 -6.2253e-02 +3.6863e+00 -3.6377e+00
5 0 +3.824607249e+02 +3.824607249e+02 +6.666807249e+02 +6.666807249e+02 -4.0726e+00 +4.0506e+00 +2.1859e+00 -1.5061e+00 +3.2438e+00 -2.6876e+00 +3.6475e+00 +4.5529e+00 +2.4494e+00 -3.6363e+00
18 0 +3.422921494e+02 +3.422921494e+02 +6.265121494e+02 +6.265121494e+02 -3.0541e+00 +3.9668e+00 +6.9624e-01 +3.3506e+00 +2.4344e+00 +6.8386e-01 +2.3726e+00 +4.0005e+00 -1.2939e+00 -1.4364e+00
19 0 +3.168024508e+02 +3.168024508e+02 +6.010224508e+02 +6.010224508e+02 -3.2340e+00 +1.8986e+00 -4.3804e+00 -4.8101e+00 +1.3288e+00 -4.6104e-02 +2.5695e+00 +4.5959e-01 -6.8878e-01 -1.5944e+00
52 0 +3.000713701e+02 +3.000713701e+02 +5.842913701e+02 +5.842913701e+02 -3.2954e+00 +1.5884e+00 -5.0000e+00 -5.0000e+00 -4.3673e-01 -2.5211e+00 +2.4541e+00 -1.9816e+00 +1.1172e+00 -1.2935e+00
56 0 +2.543333785e+02 +2.543333785e+02 +5.385533785e+02 +5.385533785e+02 -3.2457e+00 +1.2357e+00 -4.2058e+00 -5.0000e+00 +1.8966e+00 -3.0067e+00 +5.0000e+00 -6.4268e-02 -3.8622e-01 -1.5457e+00
67 0 +1.989232687e+02 +1.989232687e+02 +4.831432687e+02 +4.831432687e+02 -5.0000e+00 +2.7847e+00 -5.0000e+00 +5.8698e-01 +1.4770e+00 -1.8214e+00 +2.4773e+00 +9.0030e-01 +1.5323e+00 -1.1186e+00
104 0 +1.887876757e+02 +1.887876757e+02 +4.730076757e+02 +4.730076757e+02 -3.6823e+00 +2.9929e+00 -5.0000e+00 +1.4625e-01 +1.6231e+00 -1.7819e+00 +2.4758e+00 -8.1295e-02 +1.6358e+00 -1.2388e+00
113 0 +1.800117601e+02 +1.800117601e+02 +4.642317601e+02 +4.642317601e+02 -4.7628e+00 +2.3182e+00 -5.0000e+00 +1.5085e-01 +1.3633e+00 -1.8755e+00 +2.4046e+00 +1.2239e+00 +1.5110e+00 -1.0500e+00
137 0 +1.704180901e+02 +1.704180901e+02 +4.546380901e+02 +4.546380901e+02 -5.0000e+00 +1.9503e+00 -5.0000e+00 +2.1942e+00 +1.4120e+00 -2.0090e+00 +2.6550e+00 +1.0212e+00 +1.6156e+00 -1.1184e+00
142 0 +1.365535060e+02 +1.365535060e+02 +4.207735060e+02 +4.207735060e+02 -5.0000e+00 +2.7853e+00 -5.0000e+00 +3.5546e+00 +2.1120e+00 -1.7523e+00 +2.8843e+00 +9.0494e-01 +1.6257e+00 -2.4962e+00
168 0 +1.322564005e+02 +1.322564005e+02 +4.164764005e+02 +4.164764005e+02 -4.0411e+00 +2.8251e+00 -5.0000e+00 +3.6087e+00 +1.8639e+00 -2.7371e+00 +2.9343e+00 +7.1016e-01 +1.6428e+00 -3.4692e+00
195 0 +1.298097561e+02 +1.298097561e+02 +4.140297561e+02 +4.140297561e+02 -5.0000e+00 +2.7881e+00 -5.0000e+00 +3.6953e+00 +1.9726e+00 -1.8542e+00 +3.0486e+00 +9.1735e-01 +1.4990e+00 -2.2643e+00
213 0 +1.241628678e+02 +1.241628678e+02 +4.083828678e+02 +4.083828678e+02 -5.0000e+00 +2.7839e+00 -5.0000e+00 +3.7965e+00 +1.9939e+00 -1.8590e+00 +3.0332e+00 +9.1913e-01 +1.4067e+00 -2.2805e+00
216 0 +1.104846085e+02 +1.104846085e+02 +3.947046085e+02 +3.947046085e+02 -5.0000e+00 +2.7838e+00 -5.0000e+00 +3.7976e+00 +1.8261e+00 -1.8541e+00 +2.8976e+00 +9.1819e-01 +1.4241e+00 -2.1800e+00
262 0 +1.067151139e+02 +1.067151139e+02 +3.909351139e+02 +3.909351139e+02 -5.0000e+00 +2.9527e+00 -4.9767e+00 +3.7947e+00 +1.8699e+00 -1.8572e+00 +2.8825e+00 +9.1818e-01 +1.4273e+00 -2.1530e+00
286 0 +1.026506163e+02 +1.026506163e+02 +3.868706163e+02 +3.868706163e+02 -5.0000e+00 +2.7997e+00 -5.0000e+00 +3.4548e+00 +1.8307e+00 -1.8564e+00 +2.8873e+00 +9.1701e-01 +1.4320e+00 -2.1565e+00
323 0 +1.020925655e+02 +1.020925655e+02 +3.863125655e+02 +3.863125655e+02 -5.0000e+00 +2.7986e+00 -5.0000e+00 +3.4430e+00 +1.8331e+00 -1.8583e+00 +2.8890e+00 +9.1082e-01 +1.4309e+00 -2.1793e+00
416 0 +9.976289584e+01 +9.976289584e+01 +3.839828958e+02 +3.839828958e+02 -5.0000e+00 +2.8063e+00 -5.0000e+00 +3.4260e+00 +1.8339e+00 -1.8721e+00 +2.9016e+00 +9.4393e-01 +1.4165e+00 -2.1999e+00
1924 0 +9.772267317e+01 +9.772267317e+01 +3.819426732e+02 +3.819426732e+02 -5.0000e+00 +2.8062e+00 -5.0000e+00 +3.4313e+00 +1.8338e+00 -1.8731e+00 +2.9194e+00 +9.4416e-01 +1.4152e+00 -2.2562e+00
% f evaluations | g evaluations | best noise-free fitness - Fopt | noise-free fitness - Fopt (-3.217000000000e+01) | measured fitness | best measured fitness | x1 | x2...
1 0 +5.286802134e+03 +5.286802134e+03 +5.254632134e+03 +5.254632134e+03 -3.7284e+00 -2.7304e+00 -5.8564e-01 -2.8161e+00 +4.3785e-01 +8.8732e-01 -3.4038e+00 +2.1637e+00 -6.6142e-01 +4.3991e+00
2 0 +8.299753283e+02 +8.299753283e+02 +7.978053283e+02 +7.978053283e+02 +4.6154e+00 -1.0194e+00 +1.2611e+00 +2.5522e-02 -4.3859e+00 +1.1823e+00 -4.9807e+00 -3.9631e+00 +2.8448e+00 +1.0688e+00
5 0 +6.745747321e+02 +6.745747321e+02 +6.424047321e+02 +6.424047321e+02 +2.0671e+00 +8.7839e-01 -2.3075e+00 -1.9020e+00 -1.0175e+00 -4.0820e+00 -1.3360e+00 -1.7212e+00 -3.5878e+00 -6.3645e-01
6 0 +4.434427578e+02 +4.434427578e+02 +4.112727578e+02 +4.112727578e+02 -1.5299e+00 -1.5284e+00 +4.1907e+00 -3.2030e+00 -2.4759e+00 -4.5381e+00 -1.6177e+00 +4.1417e+00 +8.2847e-01 -5.1496e-02
9 0 +4.019243836e+02 +4.019243836e+02 +3.697543836e+02 +3.697543836e+02 +9.1094e-01 -9.2520e-01 +4.6637e-01 +8.9105e-01 -1.5129e+00 +4.4564e+00 +1.4855e+00 -2.2317e+00 +3.5073e-01 -4.3565e+00
23 0 +2.303859922e+02 +2.303859922e+02 +1.982159922e+02 +1.982159922e+02 +4.0185e+00 +9.9486e-01 -4.3620e-01 +3.8603e+00 -8.5622e-01 +1.3992e+00 +9.9426e-01 +1.7650e+00 +2.8508e+00 -1.9175e+00
56 0 +1.725368945e+02 +1.725368945e+02 +1.403668945e+02 +1.403668945e+02 +3.5993e+00 +2.5596e-01 +2.1124e+00 +2.5083e+00 -2.0398e+00 +3.2090e+00 +5.5683e-01 +2.7583e+00 +2.4476e+00 -2.0299e+00
115 0 +1.598793283e+02 +1.598793283e+02 +1.277093283e+02 +1.277093283e+02 +3.9662e+00 +3.5409e-01 +1.8551e+00 +3.1463e+00 -1.9510e+00 +3.0284e+00 +6.0436e-01 +2.9007e+00 +2.7067e+00 -2.2766e+00
125 0 +1.477983842e+02 +1.477983842e+02 +1.156283842e+02 +1.156283842e+02 +3.2946e+00 +6.2095e-01 +4.6420e-01 +2.1961e+00 -1.9788e+00 +2.4906e+00 +6.9684e-01 +2.7235e+00 +2.3519e+00 -2.0699e+00
135 0 +1.426356367e+02 +1.426356367e+02 +1.104656367e+02 +1.104656367e+02 +3.2042e+00 +2.2855e-01 +2.2767e+00 +9.8388e-01 -3.0283e+00 +2.1557e+00 +5.5832e-01 +5.0000e+00 +2.6133e+00 -2.0045e+00
137 0 +1.353717350e+02 +1.353717350e+02 +1.032017350e+02 +1.032017350e+02 +3.4291e+00 +7.6394e-01 +9.9167e-01 +2.2830e+00 -1.8722e+00 +2.3054e+00 +7.7587e-01 +3.0954e+00 +2.4490e+00 -2.0292e+00
156 0 +1.225508973e+02 +1.225508973e+02 +9.038089726e+01 +9.038089726e+01 +3.4241e+00 +6.7703e-01 +1.1267e+00 +1.8273e+00 -1.8174e+00 +2.1574e+00 +8.2359e-01 +3.2172e+00 +2.5607e+00 -1.9866e+00
213 0 +1.182307760e+02 +1.182307760e+02 +8.606077600e+01 +8.606077600e+01 +3.4364e+00 +6.7651e-01 +1.1726e+00 +1.7859e+00 -1.8854e+00 +2.0776e+00 +8.2781e-01 +3.6191e+00 +2.6837e+00 -1.9984e+00
227 0 +1.053599617e+02 +1.053599617e+02 +7.318996174e+01 +7.318996174e+01 +3.4146e+00 +6.8607e-01 +1.0743e+00 +1.8197e+00 -1.9390e+00 +2.1381e+00 +8.6010e-01 +3.1920e+00 +2.5807e+00 -2.0496e+00
261 0 +1.042034729e+02 +1.042034729e+02 +7.203347285e+01 +7.203347285e+01 +3.4321e+00 +6.8552e-01 +1.0526e+00 +1.8174e+00 -1.9066e+00 +2.1433e+00 +8.5836e-01 +3.1952e+00 +2.5917e+00 -2.0302e+00
265 0 +9.620433692e+01 +9.620433692e+01 +6.403433692e+01 +6.403433692e+01 +3.4152e+00 +6.8681e-01 +1.0580e+00 +1.8356e+00 -1.9618e+00 +2.1018e+00 +8.4342e-01 +3.4069e+00 +2.6202e+00 -2.0517e+00
281 0 +9.491654825e+01 +9.491654825e+01 +6.274654825e+01 +6.274654825e+01 +3.4020e+00 +6.9411e-01 +1.1120e+00 +1.8362e+00 -1.8679e+00 +2.1543e+00 +8.4816e-01 +3.1140e+00 +2.6060e+00 -2.0358e+00
312 0 +9.037679104e+01 +9.037679104e+01 +5.820679104e+01 +5.820679104e+01 +3.3932e+00 +6.8566e-01 +1.1048e+00 +1.8374e+00 -1.8664e+00 +2.1555e+00 +8.4566e-01 +3.0710e+00 +2.6014e+00 -2.0336e+00
346 0 +8.716865148e+01 +8.716865148e+01 +5.499865148e+01 +5.499865148e+01 +3.4046e+00 +6.9010e-01 +1.0955e+00 +1.8362e+00 -1.8947e+00 +2.1619e+00 +8.4438e-01 +3.0612e+00 +2.6092e+00 -2.0816e+00
366 0 +8.645124227e+01 +8.645124227e+01 +5.428124227e+01 +5.428124227e+01 +3.4050e+00 +6.8068e-01 +1.0796e+00 +1.8362e+00 -1.8970e+00 +2.1613e+00 +8.4435e-01 +3.0394e+00 +2.6131e+00 -2.0720e+00
371 0 +8.395998244e+01 +8.395998244e+01 +5.178998244e+01 +5.178998244e+01 +3.3979e+00 +6.8335e-01 +1.0966e+00 +1.8394e+00 -1.9014e+00 +2.1471e+00 +8.4374e-01 +3.0420e+00 +2.6087e+00 -2.0794e+00
423 0 +8.257485162e+01 +8.257485162e+01 +5.040485162e+01 +5.040485162e+01 +3.4042e+00 +6.9868e-01 +1.1171e+00 +1.8377e+00 -1.8985e+00 +2.1559e+00 +8.5030e-01 +3.0263e+00 +2.6090e+00 -2.0720e+00
470 0 +8.055711438e+01 +8.055711438e+01 +4.838711438e+01 +4.838711438e+01 +3.4045e+00 +6.8779e-01 +1.1165e+00 +1.8371e+00 -1.8986e+00 +2.1294e+00 +8.4877e-01 +3.0211e+00 +2.6077e+00 -2.0930e+00
987 0 +7.942318727e+01 +7.942318727e+01 +4.725318727e+01 +4.725318727e+01 +3.4046e+00 +6.9028e-01 +1.1647e+00 +1.8354e+00 -1.8990e+00 +2.1310e+00 +8.4835e-01 +3.0072e+00 +2.6080e+00 -2.0980e+00
2391 0 +7.762101770e+01 +7.762101770e+01 +4.545101770e+01 +4.545101770e+01 +3.4046e+00 +6.9028e-01 +1.3098e+00 +1.8354e+00 -1.8990e+00 +2.1310e+00 +8.4835e-01 +3.0072e+00 +2.6080e+00 -2.0980e+00
% f evaluations | g evaluations | best noise-free fitness - Fopt | noise-free fitness - Fopt (-5.858000000000e+01) | measured fitness | best measured fitness | x1 | x2...
1 0 +1.322697043e+03 +1.322697043e+03 +1.264117043e+03 +1.264117043e+03 +7.2025e-01 -1.5934e+00 -4.2310e+00 -2.2526e+00 -1.0822e+00 +3.7040e+00 -4.5660e+00 -4.6109e-02 -3.8670e-01 +4.3146e+00
2 0 +1.223238303e+03 +1.223238303e+03 +1.164658303e+03 +1.164658303e+03 +1.1073e+00 -4.9431e+00 -4.0132e+00 -8.3334e-01 +2.7618e+00 +2.5953e-01 -2.9796e+00 -4.2109e+00 -4.2741e+00 +1.8536e+00
3 0 +9.917467796e+02 +9.917467796e+02 +9.331667796e+02 +9.331667796e+02 +4.0564e+00 +1.5038e+00 -1.2730e-01 -2.7556e+00 -2.2502e+00 -7.3725e-01 +2.5452e+00 -1.2713e+00 +4.5031e+00 -2.1091e+00
5 0 +4.635635070e+02 +4.635635070e+02 +4.049835070e+02 +4.049835070e+02 +4.9471e-01 -1.9811e+00 +1.1139e+00 -1.6589e+00 -3.3606e-01 -3.1411e+00 -4.9978e+00 -3.1659e+00 +4.4682e+00 -7.4732e-01
32 0 +2.623298692e+02 +2.623298692e+02 +2.037498692e+02 +2.037498692e+02 +6.9486e-01 -1.5488e-02 +3.9450e+00 -1.3230e+00 -3.1955e+00 -2.8674e+00 -2.3497e+00 +1.0436e+00 +4.3387e+00 -1.3291e+00
62 0 +2.502066204e+02 +2.502066204e+02 +1.916266204e+02 +1.916266204e+02 +1.2420e+00 -2.6609e+00 +3.1792e+00 -1.3646e+00 -2.6331e+00 -2.1277e+00 -2.3634e+00 +3.7322e+00 +5.0000e+00 +5.5869e-01
65 0 +2.130767726e+02 +2.130767726e+02 +1.544967726e+02 +1.544967726e+02 +3.3626e-01 -5.8691e-01 +3.1009e+00 +4.8520e-01 -2.7077e+00 -5.0000e+00 -3.6385e+00 +1.7385e+00 +4.4491e+00 -1.7216e+00
76 0 +1.303014782e+02 +1.303014782e+02 +7.172147820e+01 +7.172147820e+01 -1.4779e+00 -1.6749e+00 +4.0648e+00 -9.8778e-01 -3.0472e+00 -2.8183e+00 -2.2528e+00 +1.1363e+00 +2.6801e+00 +5.3984e-01
184 0 +1.287125402e+02 +1.287125402e+02 +7.013254020e+01 +7.013254020e+01 -1.4701e+00 -1.6525e+00 +3.8518e+00 -1.0090e+00 -3.0348e+00 -2.6537e+00 -2.2912e+00 +1.1490e+00 +2.7320e+00 +5.4476e-01
213 0 +1.211683798e+02 +1.211683798e+02 +6.258837980e+01 +6.258837980e+01 -1.5116e+00 -1.6757e+00 +3.9855e+00 -9.3523e-01 -3.0455e+00 -2.8410e+00 -2.2636e+00 +1.2438e+00 +2.6337e+00 +3.0144e-01
214 0 +1.198959329e+02 +1.198959329e+02 +6.131593287e+01 +6.131593287e+01 -1.5520e+00 -1.6797e+00 +3.9532e+00 -9.0478e-01 -3.0460e+00 -2.8499e+00 -2.2496e+00 +1.2943e+00 +2.5964e+00 +5.7469e-01
222 0 +1.165410199e+02 +1.165410199e+02 +5.796101986e+01 +5.796101986e+01 -1.4196e+00 -1.5993e+00 +4.0007e+00 -1.0190e+00 -2.9908e+00 -2.8445e+00 -2.2644e+00 +1.1733e+00 +2.6310e+00 +3.5678e-01
289 0 +1.121385218e+02 +1.121385218e+02 +5.355852182e+01 +5.355852182e+01 -1.4075e+00 -1.6043e+00 +3.9580e+00 -1.0062e+00 -2.9817e+00 -2.8332e+00 -2.2732e+00 +1.1676e+00 +2.6695e+00 +3.4589e-01
318 0 +1.092219466e+02 +1.092219466e+02 +5.064194656e+01 +5.064194656e+01 -1.4448e+00 -1.6069e+00 +4.0003e+00 -9.7568e-01 -3.0254e+00 -2.8531e+00 -2.2646e+00 +1.1658e+00 +2.6612e+00 +3.4796e-01
320 0 +1.060273344e+02 +1.060273344e+02 +4.744733441e+01 +4.744733441e+01 -1.3757e+00 -1.6060e+00 +3.9927e+00 -9.6109e-01 -3.0279e+00 -2.8534e+00 -2.2498e+00 +1.1545e+00 +2.6698e+00 +3.4895e-01
379 0 +1.045965650e+02 +1.045965650e+02 +4.601656496e+01 +4.601656496e+01 -1.3831e+00 -1.6049e+00 +3.9825e+00 -9.5571e-01 -3.0265e+00 -2.8531e+00 -2.2482e+00 +1.1550e+00 +2.6755e+00 +3.4893e-01
509 0 +1.019384498e+02 +1.019384498e+02 +4.335844977e+01 +4.335844977e+01 -1.3740e+00 -1.6033e+00 +3.9631e+00 -9.6209e-01 -3.0055e+00 -2.8579e+00 -2.2477e+00 +1.1552e+00 +2.6890e+00 +3.4594e-01
677 0 +9.993676487e+01 +9.993676487e+01 +4.135676487e+01 +4.135676487e+01 -1.3745e+00 -1.6033e+00 +3.9264e+00 -9.6103e-01 -3.0181e+00 -2.8577e+00 -2.2478e+00 +1.1552e+00 +2.6866e+00 +3.4515e-01
1078 0 +9.768708103e+01 +9.768708103e+01 +3.910708103e+01 +3.910708103e+01 -1.3744e+00 -1.6035e+00 +3.8474e+00 -9.6106e-01 -3.0181e+00 -2.8577e+00 -2.2478e+00 +1.1552e+00 +2.6866e+00 +3.4517e-01
% f evaluations | g evaluations | best noise-free fitness - Fopt | noise-free fitness - Fopt (-6.049200000000e+02) | measured fitness | best measured fitness | x1 | x2...
1 0 +1.325296068e+03 +1.325296068e+03 +7.203760680e+02 +7.203760680e+02 +2.8504e+00 -3.5907e+00 -4.0023e+00 +3.3666e+00 +1.4146e+00 +3.1506e+00 -1.3756e-01 +1.1251e+00 +4.0673e+00 -4.7775e+00
3 0 +7.812942947e+02 +7.812942947e+02 +1.763742947e+02 +1.763742947e+02 -2.5729e+00 +8.8309e-01 +1.1580e+00 -2.0971e+00 +1.1434e-01 +8.0749e-01 +8.9888e-01 +3.3751e+00 -1.7816e+00 +7.1872e-01
5 0 +5.429630261e+02 +5.429630261e+02 -6.195697387e+01 -6.195697387e+01 +3.0734e+00 -4.1509e+00 +3.5474e+00 +2.3668e+00 -2.7979e+00 +1.3015e+00 -2.1920e+00 -1.5479e+00 +1.6161e+00 -3.4162e+00
6 0 +3.733342151e+02 +3.733342151e+02 -2.315857849e+02 -2.315857849e+02 +3.3470e+00 +1.6470e+00 +4.5005e+00 -6.4447e-01 -1.8492e+00 -3.0710e+00 +3.3673e+00 -2.5411e+00 -2.1895e+00 -1.3897e+00
8 0 +3.568266364e+02 +3.568266364e+02 -2.480933636e+02 -2.480933636e+02 -1.1938e+00 -3.8137e+00 +8.9144e-01 -2.2242e+00 +3.1437e+00 -1.2715e+00 +3.8027e+00 -1.1396e+00 +1.9334e+00 +6.7901e-01
13 0 +3.174445574e+02 +3.174445574e+02 -2.874754426e+02 -2.874754426e+02 -3.8297e+00 +1.9491e+00 +3.5910e-02 -4.0363e-01 +8.2826e-01 -1.7573e+00 -8.9462e-01 +8.4140e-01 -2.4731e+00 -1.0189e+00
52 0 +2.286315302e+02 +2.286315302e+02 -3.762884698e+02 -3.762884698e+02 -1.4171e+00 +1.1769e+00 +2.0485e+00 +3.1465e-01 -4.4236e-02 -3.0353e+00 -1.9323e-01 -1.3407e+00 -2.4138e+00 -1.7939e+00
60 0 +1.833148308e+02 +1.833148308e+02 -4.216051692e+02 -4.216051692e+02 -3.6413e+00 +1.9120e+00 +7.3843e-01 -2.4349e-01 +9.4419e-01 -3.6235e+00 -1.1609e-01 -4.3635e-01 +9.7649e-01 -2.3375e+00
108 0 +1.543491589e+02 +1.543491589e+02 -4.505708411e+02 -4.505708411e+02 -2.8982e+00 +1.8903e+00 +1.2521e+00 -2.2021e-01 +7.7839e-01 -4.1917e+00 -4.4042e-01 -7.6199e-01 +5.7617e-01 -2.3201e+00
136 0 +1.465099949e+02 +1.465099949e+02 -4.584100051e+02 -4.584100051e+02 -3.4920e+00 +1.1853e+00 +1.0360e+00 -2.5651e-01 +9.9124e-01 -4.3644e+00 -1.9720e-02 -1.2339e+00 +1.3079e+00 -2.3711e+00
170 0 +1.372285102e+02 +1.372285102e+02 -4.676914898e+02 -4.676914898e+02 -3.4240e+00 +1.4702e+00 +1.1215e+00 -2.5863e-01 +9.1526e-01 -3.4359e+00 -8.7406e-03 -1.1527e+00 +1.3047e+00 -2.2519e+00
181 0 +1.148344270e+02 +1.148344270e+02 -4.900855730e+02 -4.900855730e+02 -3.0120e+00 +1.2382e+00 +1.0454e+00 -2.5134e-01 +9.7186e-01 -4.4787e+00 -7.6243e-02 -1.2719e+00 +1.3192e+00 -2.3492e+00
207 0 +1.061840029e+02 +1.061840029e+02 -4.987359971e+02 -4.987359971e+02 -2.9160e+00 +9.7842e-01 +1.2531e+00 -2.6213e-01 +9.6839e-01 -4.5440e+00 -8.7177e-02 -1.2828e+00 +1.3394e+00 -2.3149e+00
217 0 +9.889673060e+01 +9.889673060e+01 -5.060232694e+02 -5.060232694e+02 -3.0191e+00 +1.2556e+00 +1.1369e+00 -2.7578e-01 +9.7531e-01 -4.4318e+00 -1.0708e-01 -1.2580e+00 +1.3186e+00 -1.6637e+00
260 0 +8.238315081e+01 +8.238315081e+01 -5.225368492e+02 -5.225368492e+02 -3.0267e+00 +1.2822e+00 +1.0892e+00 -2.9116e-01 +9.7619e-01 -4.3995e+00 -1.1424e-01 -1.2596e+00 +1.3019e+00 -1.5189e+00
267 0 +7.889519046e+01 +7.889519046e+01 -5.260248095e+02 -5.260248095e+02 -2.9668e+00 +1.2575e+00 +1.0848e+00 -2.6951e-01 +9.3892e-01 -4.4428e+00 -8.5675e-02 -1.2049e+00 +1.3210e+00 -1.2087e+00
284 0 +6.615195399e+01 +6.615195399e+01 -5.387680460e+02 -5.387680460e+02 -3.0174e+00 +1.2756e+00 +1.1372e+00 -2.9354e-01 +9.7530e-01 -4.4230e+00 -1.0478e-01 -1.2575e+00 +1.3082e+00 -1.0079e+00
313 0 +6.532371545e+01 +6.532371545e+01 -5.395962845e+02 -5.395962845e+02 -3.0169e+00 +1.2892e+00 +1.1328e+00 -2.9062e-01 +9.7537e-01 -4.4236e+00 -1.2768e-01 -1.2414e+00 +1.1925e+00 -4.7216e-01
319 0 +6.293305715e+01 +6.293305715e+01 -5.419869429e+02 -5.419869429e+02 -3.0105e+00 +1.2653e+00 +1.1419e+00 -2.9815e-01 +9.8454e-01 -4.4408e+00 -9.5878e-02 -1.2584e+00 +1.3149e+00 -1.0338e+00
331 0 +5.531323403e+01 +5.531323403e+01 -5.496067660e+02 -5.496067660e+02 -3.0214e+00 +1.2840e+00 +1.1347e+00 -2.9742e-01 +9.7166e-01 -4.4150e+00 -1.0809e-01 -1.2735e+00 +1.2912e+00 -3.7929e-01
342 0 +5.419654789e+01 +5.419654789e+01 -5.507234521e+02 -5.507234521e+02 -2.9933e+00 +1.2766e+00 +1.1282e+00 -2.9226e-01 +9.6262e-01 -4.4718e+00 -1.0678e-01 -1.2606e+00 +1.3047e+00 -3.9141e-01
419 0 +5.353900644e+01 +5.353900644e+01 -5.513809936e+02 -5.513809936e+02 -2.9942e+00 +1.2757e+00 +1.1296e+00 -2.9296e-01 +9.5983e-01 -4.4471e+00 -1.0773e-01 -1.2618e+00 +1.3071e+00 -4.0606e-01
444 0 +5.157216538e+01 +5.157216538e+01 -5.533478346e+02 -5.533478346e+02 -3.0079e+00 +1.2763e+00 +1.1284e+00 -2.9485e-01 +9.6009e-01 -4.4423e+00 -1.0720e-01 -1.2322e+00 +1.3035e+00 -3.8707e-01
467 0 +5.097177792e+01 +5.097177792e+01 -5.539482221e+02 -5.539482221e+02 -3.0083e+00 +1.2763e+00 +1.1285e+00 -2.9543e-01 +9.5838e-01 -4.4380e+00 -1.0660e-01 -1.2295e+00 +1.3054e+00 -3.9338e-01
469 0 +4.990948403e+01 +4.990948403e+01 -5.550105160e+02 -5.550105160e+02 -3.0158e+00 +1.2767e+00 +1.1284e+00 -2.9423e-01 +9.6036e-01 -4.4389e+00 -1.0708e-01 -1.2111e+00 +1.3011e+00 -3.8689e-01
519 0 +4.856215643e+01 +4.856215643e+01 -5.563578436e+02 -5.563578436e+02 -3.0153e+00 +1.2769e+00 +1.1284e+00 -2.6346e-01 +9.5948e-01 -4.4412e+00 -1.0681e-01 -1.2219e+00 +1.3027e+00 -3.9131e-01
572 0 +4.753256697e+01 +4.753256697e+01 -5.573874330e+02 -5.573874330e+02 -3.0239e+00 +1.2769e+00 +1.1284e+00 -2.6765e-01 +9.5998e-01 -4.4346e+00 -1.0724e-01 -1.2037e+00 +1.3017e+00 -3.9219e-01
677 0 +4.666476591e+01 +4.666476591e+01 -5.582552341e+02 -5.582552341e+02 -3.0192e+00 +1.2771e+00 +1.1285e+00 -2.5559e-01 +9.5995e-01 -4.4342e+00 -1.0722e-01 -1.1973e+00 +1.3007e+00 -3.8747e-01
815 0 +4.561173252e+01 +4.561173252e+01 -5.593082675e+02 -5.593082675e+02 -3.0191e+00 +1.2770e+00 +1.1284e+00 -2.4129e-01 +9.5996e-01 -4.4338e+00 -1.0723e-01 -1.1943e+00 +1.3010e+00 -3.9273e-01
994 0 +4.459673547e+01 +4.459673547e+01 -5.603232645e+02 -5.603232645e+02 -3.0192e+00 +1.2770e+00 +1.1284e+00 -2.1824e-01 +9.5996e-01 -4.4339e+00 -1.0723e-01 -1.1944e+00 +1.3010e+00 -3.9265e-01
1247 0 +4.350879772e+01 +4.350879772e+01 -5.614112023e+02 -5.614112023e+02 -3.0192e+00 +1.2770e+00 +1.1284e+00 -1.8437e-01 +9.5996e-01 -4.4339e+00 -1.0723e-01 -1.1943e+00 +1.3010e+00 -3.9262e-01
% f evaluations | g evaluations | best noise-free fitness - Fopt | noise-free fitness - Fopt (1.337000000000e+02) | measured fitness | best measured fitness | x1 | x2...
1 0 +9.079905577e+02 +9.079905577e+02 +1.041690558e+03 +1.041690558e+03 -3.8672e+00 +1.9654e+00 +4.5974e+00 -4.0842e+00 +3.1208e+00 +4.0179e+00 -4.1431e+00 -7.0389e-01 -1.7341e+00 +1.5992e+00
2 0 +4.818436876e+02 +4.818436876e+02 +6.155436876e+02 +6.155436876e+02 -1.2959e+00 -2.7466e+00 +2.6626e+00 +4.3679e+00 -4.0712e+00 -2.8676e+00 -3.1613e+00 -1.3199e+00 +2.4311e+00 -2.2292e+00
3 0 +3.665593451e+02 +3.665593451e+02 +5.002593451e+02 +5.002593451e+02 +2.8216e+00 +2.5854e+00 +1.4776e-01 -3.0943e+00 -2.4570e+00 +1.2086e+00 -2.2128e+00 -1.7399e+00 +1.2328e+00 -2.1415e+00
10 0 +3.417689827e+02 +3.417689827e+02 +4.754689827e+02 +4.754689827e+02 +2.2572e+00 -2.8413e+00 -1.0715e+00 -1.8171e+00 -2.9483e+00 -1.2086e+00 -7.0823e-01 +1.8781e-01 +3.8806e+00 -1.1935e+00
14 0 +2.848481275e+02 +2.848481275e+02 +4.185481275e+02 +4.185481275e+02 +3.2007e+00 -3.9156e+00 +4.1127e+00 +1.8187e+00 -2.5567e+00 +2.9638e+00 +2.2211e+00 -6.8578e-01 +8.3700e-01 -1.3109e+00
39 0 +2.624235726e+02 +2.624235726e+02 +3.961235726e+02 +3.961235726e+02 +3.9129e+00 -4.4820e+00 +4.8448e+00 -1.7893e+00 -3.2241e+00 +2.4739e+00 +1.8121e+00 -3.2730e+00 +1.7703e+00 +9.3766e-02
52 0 +2.023761021e+02 +2.023761021e+02 +3.360761021e+02 +3.360761021e+02 +5.0000e+00 -4.8710e+00 +3.5018e+00 +3.0360e-01 -2.9299e+00 +1.4400e+00 +3.7225e+00 -3.1231e+00 +1.3748e+00 +7.3529e-01
107 0 +1.353603997e+02 +1.353603997e+02 +2.690603997e+02 +2.690603997e+02 +4.4106e+00 -4.5919e+00 +3.7277e+00 -1.1267e-01 -2.9271e+00 +1.0308e+00 +3.7398e+00 -2.4477e+00 +3.0679e+00 +7.3457e-01
221 0 +1.258577344e+02 +1.258577344e+02 +2.595577344e+02 +2.595577344e+02 +4.4528e+00 -4.6036e+00 +3.7016e+00 -1.1381e-01 -2.9293e+00 +1.0408e+00 +3.7414e+00 -2.2940e+00 +3.0487e+00 +7.3402e-01
316 0 +1.227003183e+02 +1.227003183e+02 +2.564003183e+02 +2.564003183e+02 +4.4532e+00 -4.6056e+00 +3.7038e+00 -1.1379e-01 -2.9293e+00 +1.0406e+00 +3.7165e+00 -2.2899e+00 +3.0492e+00 +7.2949e-01
527 0 +1.202013864e+02 +1.202013864e+02 +2.539013864e+02 +2.539013864e+02 +4.4591e+00 -4.6073e+00 +3.7046e+00 -9.1387e-02 -2.9285e+00 +1.0407e+00 +3.7093e+00 -2.3398e+00 +3.0218e+00 +7.3407e-01
% f evaluations | g evaluations | best noise-free fitness - Fopt | noise-free fitness - Fopt (-2.098000000000e+01) | measured fitness | best measured fitness | x1 | x2...
1 0 +6.162362861e+02 +6.162362861e+02 +5.952562861e+02 +5.952562861e+02 +2.4329e+00 -2.2296e-01 +6.7699e-01 +2.1380e+00 +1.1504e+00 -3.5516e+00 -1.1160e+00 -2.5581e+00 +8.6240e-01 +8.5775e-01
23 0 +5.750167859e+02 +5.750167859e+02 +5.540367859e+02 +5.540367859e+02 +4.7772e+00 +4.2961e+00 +4.1788e+00 -2.8009e+00 -1.5789e+00 -4.0205e+00 +1.9834e+00 +4.0607e+00 -6.7386e-01 +2.4553e+00
28 0 +5.076416732e+02 +5.076416732e+02 +4.866616732e+02 +4.866616732e+02 -2.5003e+00 +3.4029e+00 +3.4223e+00 +2.1437e+00 +4.5602e+00 -7.4157e-01 -2.4790e+00 +2.5918e+00 -2.1088e+00 -1.9821e+00
30 0 +3.446198570e+02 +3.446198570e+02 +3.236398570e+02 +3.236398570e+02 +4.8284e+00 -2.8456e+00 +3.6571e+00 -3.9306e+00 +3.8588e+00 +6.8025e-01 -8.5490e-01 +4.7836e+00 -4.7417e+00 +4.4521e+00
35 0 +3.313073137e+02 +3.313073137e+02 +3.103273137e+02 +3.103273137e+02 -1.1840e+00 -4.1554e+00 -3.4921e+00 -3.9674e+00 +4.8014e+00 -1.8574e+00 -3.1356e+00 +2.1063e+00 -1.1628e+00 +2.7306e+00
49 0 +3.216426286e+02 +3.216426286e+02 +3.006626286e+02 +3.006626286e+02 -3.5403e-01 -8.2815e-01 +1.5739e+00 +7.9621e-01 -9.9362e-01 -2.8000e+00 +7.0118e-01 +3.4710e+00 -4.6482e+00 +1.9524e+00
54 0 +3.041143387e+02 +3.041143387e+02 +2.831343387e+02 +2.831343387e+02 -2.0753e-01 +2.6676e-02 +1.5827e+00 +1.1767e+00 -1.1826e+00 -4.3602e+00 +3.1340e-01 +4.5193e+00 -4.7654e+00 +1.9534e+00
57 0 +2.886807693e+02 +2.886807693e+02 +2.677007693e+02 +2.677007693e+02 -3.9037e-01 +3.7162e-01 +9.1804e-01 -5.2226e-01 -1.3425e-01 -1.9764e+00 -9.5153e-02 +7.2746e-01 -1.2593e+00 +1.4550e+00
64 0 +2.108942951e+02 +2.108942951e+02 +1.899142951e+02 +1.899142951e+02 -1.8975e+00 -5.5029e-01 -3.4176e+00 +8.8558e-01 -7.4503e-01 -1.8968e+00 -1.8496e+00 +3.5273e+00 -3.6788e+00 +2.6125e+00
96 0 +2.067775004e+02 +2.067775004e+02 +1.857975004e+02 +1.857975004e+02 +3.7146e-01 -6.8164e-01 +1.4864e+00 +2.7670e-01 +1.9967e+00 -2.3957e+00 -7.9520e-01 +3.4900e+00 -4.7694e+00 +1.5500e+00
109 0 +2.016264860e+02 +2.016264860e+02 +1.806464860e+02 +1.806464860e+02 +8.9492e-03 -1.0052e+00 +1.8642e+00 -1.9250e-01 +1.2954e+00 -2.5407e+00 -1.0262e+00 +3.0168e+00 -5.0000e+00 +1.5876e+00
123 0 +1.962134028e+02 +1.962134028e+02 +1.752334028e+02 +1.752334028e+02 +2.8025e-01 -6.1657e-01 +1.4374e+00 -8.4099e-03 +1.9405e+00 -4.9878e-01 -4.8271e-01 +3.5349e+00 -4.7955e+00 +3.8778e+00
126 0 +1.790811006e+02 +1.790811006e+02 +1.581011006e+02 +1.581011006e+02 -1.4750e+00 -7.6624e-01 +1.8089e+00 +2.5876e-01 +2.9243e+00 -2.3701e+00 -1.8008e+00 +3.7788e+00 -4.7521e+00 +2.3549e+00
141 0 +1.627373685e+02 +1.627373685e+02 +1.417573685e+02 +1.417573685e+02 +1.0025e+00 +1.2467e+00 +1.6505e+00 +2.9355e-01 +1.8214e+00 -2.4892e+00 -8.1625e-01 +3.4811e+00 -4.8179e+00 +2.9915e+00
164 0 +1.576782238e+02 +1.576782238e+02 +1.366982238e+02 +1.366982238e+02 +1.2634e+00 +2.0967e+00 +1.6775e+00 +2.9282e-01 +2.4192e+00 -2.7795e+00 -7.7985e-01 +3.4879e+00 -4.8007e+00 +4.3071e+00
210 0 +1.473100036e+02 +1.473100036e+02 +1.263300036e+02 +1.263300036e+02 +9.5946e-01 +1.1910e+00 +1.7021e+00 +1.7514e-01 +1.2714e+00 -2.5014e+00 -1.1983e+00 +3.4826e+00 -4.7393e+00 +3.3073e+00
219 0 +1.409440742e+02 +1.409440742e+02 +1.199640742e+02 +1.199640742e+02 +1.1827e+00 +1.1200e+00 +1.6080e+00 +3.2552e-01 +1.8409e+00 -2.4897e+00 -1.1464e+00 +3.5648e+00 -4.6724e+00 +3.2210e+00
240 0 +1.109792105e+02 +1.109792105e+02 +8.999921053e+01 +8.999921053e+01 +1.0340e+00 +1.1739e+00 +1.6110e+00 +5.4061e-01 +1.8149e+00 -2.5581e+00 -1.1760e+00 +3.5243e+00 -4.3103e+00 +3.2325e+00
261 0 +1.087741321e+02 +1.087741321e+02 +8.779413213e+01 +8.779413213e+01 +1.0328e+00 +9.5176e-01 +1.6147e+00 +3.6771e-01 +2.0016e+00 -2.5700e+00 -1.1931e+00 +3.5237e+00 -4.2953e+00 +2.9444e+00
263 0 +1.009365621e+02 +1.009365621e+02 +7.995656210e+01 +7.995656210e+01 +1.0376e+00 +1.1364e+00 +1.6121e+00 +4.3326e-01 +1.8182e+00 -2.6102e+00 -1.1947e+00 +3.5190e+00 -4.4386e+00 +3.1526e+00
275 0 +9.907340085e+01 +9.907340085e+01 +7.809340085e+01 +7.809340085e+01 +1.0370e+00 +1.0254e+00 +1.6105e+00 +5.0977e-01 +1.8602e+00 -2.6514e+00 -1.1747e+00 +3.5246e+00 -4.2454e+00 +3.2319e+00
302 0 +8.550224537e+01 +8.550224537e+01 +6.452224537e+01 +6.452224537e+01 +1.0320e+00 +1.1720e+00 +1.6110e+00 +4.8050e-01 +1.8340e+00 -2.5951e+00 -1.2250e+00 +3.5090e+00 -4.2901e+00 +3.4569e+00
328 0 +8.451810051e+01 +8.451810051e+01 +6.353810051e+01 +6.353810051e+01 +1.0377e+00 +1.1866e+00 +1.6098e+00 +2.8715e-01 +1.7902e+00 -2.5893e+00 -1.2223e+00 +3.5068e+00 -4.2895e+00 +3.4880e+00
340 0 +7.682779426e+01 +7.682779426e+01 +5.584779426e+01 +5.584779426e+01 +1.0071e+00 +1.0912e+00 +1.6094e+00 +4.6479e-01 +1.8519e+00 -2.5973e+00 -1.2146e+00 +3.5084e+00 -4.2894e+00 +3.4774e+00
364 0 +7.448727500e+01 +7.448727500e+01 +5.350727500e+01 +5.350727500e+01 +1.0129e+00 +1.0611e+00 +1.6089e+00 +4.5849e-01 +1.8495e+00 -2.6020e+00 -1.2157e+00 +3.5078e+00 -4.2871e+00 +3.4770e+00
382 0 +7.388375771e+01 +7.388375771e+01 +5.290375771e+01 +5.290375771e+01 +1.0080e+00 +1.0423e+00 +1.6087e+00 +4.6701e-01 +1.8697e+00 -2.6098e+00 -1.2165e+00 +3.5049e+00 -4.3008e+00 +3.4978e+00
443 0 +7.216042871e+01 +7.216042871e+01 +5.118042871e+01 +5.118042871e+01 +1.0157e+00 +1.1020e+00 +1.6086e+00 +4.3108e-01 +1.8378e+00 -2.5981e+00 -1.2137e+00 +3.4480e+00 -4.2930e+00 +3.4754e+00
504 0 +7.075805039e+01 +7.075805039e+01 +4.977805039e+01 +4.977805039e+01 +1.0228e+00 +1.0730e+00 +1.6081e+00 +4.3883e-01 +1.8203e+00 -2.5990e+00 -1.2203e+00 +3.4420e+00 -4.2952e+00 +3.4798e+00
519 0 +6.894833285e+01 +6.894833285e+01 +4.796833285e+01 +4.796833285e+01 +1.0250e+00 +1.0446e+00 +1.6087e+00 +4.3416e-01 +1.8413e+00 -2.5988e+00 -1.2234e+00 +3.4490e+00 -4.2959e+00 +3.4849e+00
865 0 +6.760419689e+01 +6.760419689e+01 +4.662419689e+01 +4.662419689e+01 +1.0251e+00 +1.0128e+00 +1.6121e+00 +4.1871e-01 +1.8412e+00 -2.6001e+00 -1.2229e+00 +3.4558e+00 -4.2962e+00 +3.4851e+00
4319 0 +6.605104457e+01 +6.605104457e+01 +4.507104457e+01 +4.507104457e+01 +1.0254e+00 +1.0127e+00 +1.7395e+00 +4.1907e-01 +1.8412e+00 -2.6001e+00 -1.2229e+00 +3.4560e+00 -4.2962e+00 +3.4851e+00
4835 0 +6.445374928e+01 +6.445374928e+01 +4.347374928e+01 +4.347374928e+01 +1.0254e+00 +1.0127e+00 +1.8433e+00 +4.1907e-01 +1.8412e+00 -2.6001e+00 -1.2229e+00 +3.4560e+00 -4.2962e+00 +3.4851e+00
% f evaluations | g evaluations | best noise-free fitness - Fopt | noise-free fitness - Fopt (1.353300000000e+02) | measured fitness | best measured fitness | x1 | x2...
1 0 +3.288090194e+03 +3.288090194e+03 +3.423420194e+03 +3.423420194e+03 -1.2244e+00 -6.3748e-01 +1.5893e+00 -3.9987e+00 -8.7038e-01 -2.3207e+00 -3.7336e+00 -7.3938e-01 -7.0040e-01 +3.2468e+00
2 0 +1.589965734e+03 +1.589965734e+03 +1.725295734e+03 +1.725295734e+03 +2.2389e+00 +3.5854e+00 +2.7903e+00 +1.8109e+00 -3.3046e-01 -3.8258e+00 -2.0924e+00 +2.6731e+00 +2.8453e+00 +8.9456e-01
4 0 +6.000121415e+02 +6.000121415e+02 +7.353421415e+02 +7.353421415e+02 +3.8246e+00 -9.2749e-01 -5.3530e-01 -3.6241e+00 -1.8982e+00 -4.1360e+00 -4.7665e+00 -1.8432e+00 +4.4638e-01 -1.6013e+00
6 0 +2.949058791e+02 +2.949058791e+02 +4.302358791e+02 +4.302358791e+02 +2.0584e+00 -3.4230e+00 +3.8307e+00 -6.2198e-01 +4.5748e-01 -5.0561e-01 -3.6535e+00 -1.5578e-01 -9.4022e-01 -4.0230e+00
53 0 +2.820381510e+02 +2.820381510e+02 +4.173681510e+02 +4.173681510e+02 +2.8083e+00 -3.3965e+00 +5.0000e+00 -1.3168e+00 +2.4748e+00 -6.0228e-01 -2.8757e+00 -2.9078e-01 -9.1088e-01 -3.5900e+00
61 0 +2.648718430e+02 +2.648718430e+02 +4.002018430e+02 +4.002018430e+02 +2.4938e+00 -2.9979e+00 +3.6419e+00 -5.9154e-01 -5.3147e-01 -5.0454e-01 -3.4385e+00 +5.8358e-01 -6.8233e-01 -4.5314e+00
65 0 +2.497893996e+02 +2.497893996e+02 +3.851193996e+02 +3.851193996e+02 +3.7125e+00 -9.4314e-01 +3.1110e+00 +3.7625e-01 +3.0303e-01 -1.0898e+00 -4.1148e+00 +3.1456e-01 -1.7718e+00 -3.9729e+00
91 0 +2.198898535e+02 +2.198898535e+02 +3.552198535e+02 +3.552198535e+02 +3.7558e+00 -4.4459e+00 +3.3008e+00 -6.1543e-01 +8.1347e-01 -4.7618e-01 -2.9493e+00 +1.1231e+00 -7.0563e-01 -2.5448e+00
111 0 +2.060996071e+02 +2.060996071e+02 +3.414296071e+02 +3.414296071e+02 +3.3082e+00 -3.6845e+00 +3.4470e+00 -6.3805e-01 +7.3659e-01 -5.1727e-01 -2.5761e+00 +2.0009e+00 -7.6929e-01 -4.4017e+00
148 0 +1.714270349e+02 +1.714270349e+02 +3.067570349e+02 +3.067570349e+02 +3.8998e+00 -4.4282e+00 +2.6180e+00 -9.9637e-01 +8.7325e-01 -4.4535e-01 -2.5735e+00 +3.0821e+00 -8.1131e-01 -2.5125e+00
157 0 +1.644536443e+02 +1.644536443e+02 +2.997836443e+02 +2.997836443e+02 +3.9441e+00 -4.4380e+00 +2.6177e+00 -9.6992e-01 +8.3247e-01 -4.4615e-01 -2.2764e+00 +3.5093e+00 -8.1540e-01 -2.3884e+00
167 0 +1.470849232e+02 +1.470849232e+02 +2.824149232e+02 +2.824149232e+02 +3.3989e+00 -4.4374e+00 +2.3851e+00 -1.0977e+00 +8.6175e-01 -4.4451e-01 -2.6915e+00 +3.1813e+00 -8.1209e-01 -2.7801e+00
218 0 +1.391401008e+02 +1.391401008e+02 +2.744701008e+02 +2.744701008e+02 +3.7171e+00 -4.4376e+00 +2.2919e+00 -1.1012e+00 +7.5245e-01 -4.5702e-01 -2.5886e+00 +3.9000e+00 -7.0680e-01 -2.7498e+00
277 0 +1.309288845e+02 +1.309288845e+02 +2.662588845e+02 +2.662588845e+02 +3.7732e+00 -4.4278e+00 +2.4153e+00 -1.1067e+00 +7.3865e-01 -4.7079e-01 -2.5962e+00 +3.9898e+00 -7.0589e-01 -2.7323e+00
288 0 +1.287578090e+02 +1.287578090e+02 +2.640878090e+02 +2.640878090e+02 +3.4341e+00 -4.4379e+00 +2.2985e+00 -1.1012e+00 +7.5687e-01 -6.4037e-01 -2.5405e+00 +3.5186e+00 -7.0413e-01 -2.7868e+00
313 0 +1.250577591e+02 +1.250577591e+02 +2.603877591e+02 +2.603877591e+02 +3.4263e+00 -4.4379e+00 +2.2919e+00 -1.0905e+00 +7.5533e-01 -5.6240e-01 -2.5757e+00 +3.5118e+00 -7.1445e-01 -2.7820e+00
381 0 +1.199931883e+02 +1.199931883e+02 +2.553231883e+02 +2.553231883e+02 +3.5097e+00 -4.4451e+00 +2.3913e+00 -1.0999e+00 +7.7474e-01 -5.6816e-01 -2.6358e+00 +3.5209e+00 -7.0004e-01 -2.8037e+00
449 0 +1.174797262e+02 +1.174797262e+02 +2.528097262e+02 +2.528097262e+02 +3.5226e+00 -4.4451e+00 +2.4024e+00 -1.0998e+00 +7.7684e-01 -5.8483e-01 -2.6665e+00 +3.5211e+00 -7.0023e-01 -2.7902e+00
935 0 +1.148106485e+02 +1.148106485e+02 +2.501406485e+02 +2.501406485e+02 +3.5330e+00 -4.4448e+00 +2.4073e+00 -1.0998e+00 +7.7508e-01 -5.9334e-01 -2.7004e+00 +3.5216e+00 -7.0857e-01 -2.7794e+00
% f evaluations | g evaluations | best noise-free fitness - Fopt | noise-free fitness - Fopt (4.066000000000e+01) | measured fitness | best measured fitness | x1 | x2...
1 0 +1.621412991e+03 +1.621412991e+03 +1.662072991e+03 +1.662072991e+03 +2.7050e+00 +2.9060e-01 -1.6508e+00 +4.7424e+00 +1.1667e+00 +4.1422e+00 +2.9310e+00 +3.0636e+00 -1.8867e+00 +3.0169e+00
2 0 +3.652578879e+02 +3.652578879e+02 +4.059178879e+02 +4.059178879e+02 +2.6617e+00 +3.7709e+00 +3.4230e+00 +6.3957e-01 -3.9845e+00 +3.2012e+00 -3.9204e+00 -2.9119e+00 -3.1060e-01 +6.2687e-01
51 0 +3.536572060e+02 +3.536572060e+02 +3.943172060e+02 +3.943172060e+02 +2.6727e+00 +4.7106e+00 +3.3310e+00 -7.7332e-01 -2.8079e+00 +3.9478e+00 -4.5597e+00 -5.0000e+00 -7.2314e-01 +1.3640e+00
53 0 +2.197006306e+02 +2.197006306e+02 +2.603606306e+02 +2.603606306e+02 +2.2909e+00 +2.9617e+00 +5.0000e+00 -3.2439e-01 -2.8791e+00 +8.5192e-01 -3.7951e+00 -2.8628e+00 +1.8787e+00 +1.3475e+00
104 0 +1.524395627e+02 +1.524395627e+02 +1.930995627e+02 +1.930995627e+02 +2.0622e+00 +3.0942e+00 +4.7254e+00 -8.7114e-02 -2.4692e+00 +1.4129e-01 -3.8030e+00 -2.8448e+00 +3.3752e+00 +1.4138e+00
197 0 +1.484738242e+02 +1.484738242e+02 +1.891338242e+02 +1.891338242e+02 +1.9156e+00 +3.0593e+00 +4.7005e+00 +8.1209e-03 -2.4524e+00 +6.1703e-01 -3.4685e+00 -2.7478e+00 +2.8735e+00 +1.3582e+00
204 0 +1.387522317e+02 +1.387522317e+02 +1.794122317e+02 +1.794122317e+02 +2.0904e+00 +2.6983e+00 +4.7357e+00 -3.0663e-01 -2.5622e+00 +6.8109e-02 -3.7812e+00 -2.6056e+00 +3.3862e+00 +1.6628e+00
212 0 +1.256772393e+02 +1.256772393e+02 +1.663372393e+02 +1.663372393e+02 +2.0475e+00 +2.8555e+00 +4.8327e+00 -4.1763e-01 -2.5632e+00 +2.3565e-03 -3.8587e+00 -2.5969e+00 +3.3813e+00 +1.6392e+00
241 0 +1.225324626e+02 +1.225324626e+02 +1.631924626e+02 +1.631924626e+02 +2.0791e+00 +2.6001e+00 +4.6142e+00 -3.7078e-01 -1.7698e+00 -7.0296e-02 -3.8373e+00 -2.4517e+00 +3.2629e+00 +1.6807e+00
264 0 +1.058227197e+02 +1.058227197e+02 +1.464827197e+02 +1.464827197e+02 +2.0715e+00 +2.4506e+00 +4.5731e+00 -3.7113e-01 -1.3170e+00 -6.4429e-02 -3.8494e+00 -2.4693e+00 +3.1968e+00 +1.6635e+00
312 0 +9.594027553e+01 +9.594027553e+01 +1.366002755e+02 +1.366002755e+02 +2.0745e+00 +2.3051e+00 +4.5534e+00 -3.6723e-01 -1.3448e+00 -4.6498e-02 -3.8480e+00 -2.4772e+00 +3.2005e+00 +1.6747e+00
343 0 +9.384975288e+01 +9.384975288e+01 +1.345097529e+02 +1.345097529e+02 +2.0723e+00 +2.2259e+00 +4.5734e+00 -3.6356e-01 -1.3752e+00 -6.2759e-02 -3.8470e+00 -2.4427e+00 +3.1902e+00 +1.6693e+00
365 0 +9.006777463e+01 +9.006777463e+01 +1.307277746e+02 +1.307277746e+02 +2.0717e+00 +2.1316e+00 +4.5949e+00 -3.4405e-01 -1.3838e+00 -5.9118e-02 -3.8459e+00 -2.4571e+00 +3.2231e+00 +1.6694e+00
401 0 +8.525338845e+01 +8.525338845e+01 +1.259133885e+02 +1.259133885e+02 +2.0731e+00 +2.1886e+00 +4.5727e+00 -3.6801e-01 -1.3079e+00 -6.3155e-02 -3.8446e+00 -2.4847e+00 +3.1820e+00 +1.6703e+00
417 0 +8.502529184e+01 +8.502529184e+01 +1.256852918e+02 +1.256852918e+02 +2.0731e+00 +2.2033e+00 +4.5715e+00 -3.6063e-01 -1.3218e+00 -6.5581e-02 -3.8436e+00 -2.5003e+00 +3.1695e+00 +1.6709e+00
461 0 +8.317300165e+01 +8.317300165e+01 +1.238330016e+02 +1.238330016e+02 +2.0731e+00 +2.1771e+00 +4.5735e+00 -3.6702e-01 -1.2986e+00 -6.4103e-02 -3.8439e+00 -2.5038e+00 +3.1893e+00 +1.6704e+00
572 0 +8.109859377e+01 +8.109859377e+01 +1.217585938e+02 +1.217585938e+02 +2.0739e+00 +2.1672e+00 +4.5738e+00 -3.6640e-01 -1.3040e+00 -6.1793e-02 -3.8440e+00 -2.5472e+00 +3.1955e+00 +1.6605e+00
935 0 +7.929159480e+01 +7.929159480e+01 +1.199515948e+02 +1.199515948e+02 +2.0739e+00 +2.1650e+00 +4.5738e+00 -3.6626e-01 -1.3048e+00 -6.1964e-02 -3.8439e+00 -2.5443e+00 +3.2646e+00 +1.6601e+00
1101 0 +7.733544051e+01 +7.733544051e+01 +1.179954405e+02 +1.179954405e+02 +2.0739e+00 +2.1651e+00 +4.5738e+00 -3.6626e-01 -1.3048e+00 -6.1963e-02 -3.8439e+00 -2.5442e+00 +3.3282e+00 +1.6601e+00
