% f evaluations | g evaluations | best noise-free fitness - Fopt | noise-free fitness - Fopt (-5.494000000000e+01) | measured fitness | best measured fitness | x1 | x2...
1 0 +2.269615713e+07 +2.269615713e+07 +2.269610219e+07 +2.269610219e+07 -4.8586e+00 +4.0814e+00
2 0 +2.118672335e+07 +2.118672335e+07 +2.118666841e+07 +2.118666841e+07 -4.8586e+00 +3.8950e+00
3 0 +9.771577540e+06 +9.771577540e+06 +9.771522600e+06 +9.771522600e+06 -1.7505e+00 -4.7566e+00
5 0 +1.007826819e+03 +1.007826819e+03 +9.528868188e+02 +9.528868188e+02 +3.7020e+00 -2.6492e+00
269 0 +4.512578265e+02 +4.512578265e+02 +3.963178265e+02 +3.963178265e+02 +3.7063e+00 -2.7059e+00
327 0 +7.455462881e+01 +7.455462881e+01 +1.961462881e+01 +1.961462881e+01 -3.7452e+00 -1.0800e+00
452 0 +6.273544909e+01 +6.273544909e+01 +7.795449089e+00 +7.795449089e+00 +5.1518e+00 -3.0010e+00
493 0 +4.828541142e+01 +4.828541142e+01 -6.654588576e+00 -6.654588576e+00 -8.8550e+00 +3.5372e-02
519 0 +3.907764083e+01 +3.907764083e+01 -1.586235917e+01 -1.586235917e+01 +2.7881e+00 -2.4899e+00
523 0 +3.025645247e+01 +3.025645247e+01 -2.468354753e+01 -2.468354753e+01 +8.3708e-01 -2.0678e+00
581 0 +2.938433551e+01 +2.938433551e+01 -2.555566449e+01 -2.555566449e+01 -4.7881e+00 -8.4893e-01
668 0 +2.768658530e+01 +2.768658530e+01 -2.725341470e+01 -2.725341470e+01 -6.6759e+00 -4.3770e-01
713 0 +1.683735071e+01 +1.683735071e+01 -3.810264929e+01 -3.810264929e+01 -5.5618e+00 -6.7838e-01
743 0 +5.187606631e+00 +5.187606631e+00 -4.975239337e+01 -4.975239337e+01 -1.6342e+00 -1.5304e+00
932 0 +4.682101305e+00 +4.682101305e+00 -5.025789870e+01 -5.025789870e+01 -3.8410e+00 -1.0502e+00
967 0 +2.974291737e+00 +2.974291737e+00 -5.196570826e+01 -5.196570826e+01 -1.9626e+00 -1.4586e+00
1002 0 +2.279208664e+00 +2.279208664e+00 -5.266079134e+01 -5.266079134e+01 -1.7973e-01 -1.8434e+00
1071 0 +5.535844662e-01 +5.535844662e-01 -5.438641553e+01 -5.438641553e+01 -2.4113e+00 -1.3600e+00
1089 0 +3.861047444e-01 +3.861047444e-01 -5.455389526e+01 -5.455389526e+01 -2.0094e+00 -1.4461e+00
1232 0 +2.164900285e-02 +2.164900285e-02 -5.491835100e+01 -5.491835100e+01 -1.6550e+00 -1.5236e+00
1504 0 +1.188311281e-02 +1.188311281e-02 -5.492811689e+01 -5.492811689e+01 -1.6976e+00 -1.5141e+00
1526 0 +5.004407649e-04 +5.004407649e-04 -5.493949956e+01 -5.493949956e+01 -1.7413e+00 -1.5048e+00
% f evaluations | g evaluations | best noise-free fitness - Fopt | noise-free fitness - Fopt (5.913000000000e+01) | measured fitness | best measured fitness | x1 | x2...
1 0 +2.427143440e+07 +2.427143440e+07 +2.427149353e+07 +2.427149353e+07 -1.8951e+00 -4.9889e+00
2 0 +5.833058120e+06 +5.833058120e+06 +5.833117250e+06 +5.833117250e+06 -2.8500e+00 -4.4083e-01
3 0 +3.111567568e+05 +3.111567568e+05 +3.112158868e+05 +3.112158868e+05 +2.5913e+00 -1.5425e+00
11 0 +5.060884619e+04 +5.060884619e+04 +5.066797619e+04 +5.066797619e+04 -1.6295e+00 +1.2318e+00
12 0 +4.365997725e+04 +4.365997725e+04 +4.371910725e+04 +4.371910725e+04 -1.6033e+00 +1.2318e+00
35 0 +2.217014146e+04 +2.217014146e+04 +2.222927146e+04 +2.222927146e+04 -2.7505e+00 +2.3611e+00
40 0 +9.351366776e+03 +9.351366776e+03 +9.410496776e+03 +9.410496776e+03 -3.4150e+00 +3.3189e+00
62 0 +7.637645586e+01 +7.637645586e+01 +1.355064559e+02 +1.355064559e+02 +2.1107e+00 -1.9158e+00
171 0 +4.291428264e+00 +4.291428264e+00 +6.342142826e+01 +6.342142826e+01 -3.7247e+00 +3.4667e+00
360 0 +5.473565649e-01 +5.473565649e-01 +5.967735656e+01 +5.967735656e+01 -2.4537e+00 +2.2978e+00
930 0 +2.220393935e-01 +2.220393935e-01 +5.935203939e+01 +5.935203939e+01 -2.3700e+00 +2.2203e+00
941 0 +7.057829119e-02 +7.057829119e-02 +5.920057829e+01 +5.920057829e+01 -2.0703e+00 +1.9437e+00
1200 0 +1.217526528e-02 +1.217526528e-02 +5.914217527e+01 +5.914217527e+01 -2.2636e+00 +2.1216e+00
1289 0 +1.832205577e-03 +1.832205577e-03 +5.913183221e+01 +5.913183221e+01 -2.2735e+00 +2.1309e+00
% f evaluations | g evaluations | best noise-free fitness - Fopt | noise-free fitness - Fopt (-4.915300000000e+02) | measured fitness | best measured fitness | x1 | x2...
1 0 +4.257308022e+03 +4.257308022e+03 +3.765778022e+03 +3.765778022e+03 -5.4806e-01 -4.2139e-01
189 0 +1.496212585e+03 +1.496212585e+03 +1.004682585e+03 +1.004682585e+03 -2.0710e-01 -6.4340e-01
251 0 +4.131298361e+02 +4.131298361e+02 -7.840016390e+01 -7.840016390e+01 -8.8689e+00 +6.0223e+00
357 0 +8.526907740e+01 +8.526907740e+01 -4.062609226e+02 -4.062609226e+02 -5.8686e+00 +3.7522e+00
416 0 +5.945055406e+01 +5.945055406e+01 -4.320794459e+02 -4.320794459e+02 +2.7483e+00 -2.8657e+00
574 0 +1.020002869e+01 +1.020002869e+01 -4.813299713e+02 -4.813299713e+02 +1.1670e+00 -1.6417e+00
712 0 +3.298065688e+00 +3.298065688e+00 -4.882319343e+02 -4.882319343e+02 -1.0750e+00 +7.1229e-02
821 0 +7.940398962e-01 +7.940398962e-01 -4.907359601e+02 -4.907359601e+02 -2.9359e-01 -5.2729e-01
1069 0 +6.191638089e-01 +6.191638089e-01 -4.909108362e+02 -4.909108362e+02 -1.3810e-01 -6.4639e-01
1202 0 +1.378319180e-01 +1.378319180e-01 -4.913921681e+02 -4.913921681e+02 -1.7746e-02 -7.3807e-01
1420 0 +2.190476631e-02 +2.190476631e-02 -4.915080952e+02 -4.915080952e+02 +1.2697e-01 -8.4870e-01
1446 0 +2.143274323e-02 +2.143274323e-02 -4.915085673e+02 -4.915085673e+02 +5.9534e-02 -7.9667e-01
2813 0 +1.182195066e-02 +1.182195066e-02 -4.915181780e+02 -4.915181780e+02 +1.4503e-01 -8.6241e-01
% f evaluations | g evaluations | best noise-free fitness - Fopt | noise-free fitness - Fopt (-1.702000000000e+02) | measured fitness | best measured fitness | x1 | x2...
1 0 +1.167332823e+05 +1.167332823e+05 +1.165630823e+05 +1.165630823e+05 -4.3230e+00 +2.7979e-01
9 0 +3.195546144e+04 +3.195546144e+04 +3.178526144e+04 +3.178526144e+04 +1.0680e+00 -4.1857e+00
44 0 +2.259335930e+03 +2.259335930e+03 +2.089135930e+03 +2.089135930e+03 -4.4607e+00 +1.5786e-02
108 0 +7.613262025e+02 +7.613262025e+02 +5.911262025e+02 +5.911262025e+02 -1.4358e+00 -2.4677e+00
228 0 +1.879875860e+02 +1.879875860e+02 +1.778758600e+01 +1.778758600e+01 +5.3538e+00 -7.8111e+00
258 0 +9.056555907e+00 +9.056555907e+00 -1.611434441e+02 -1.611434441e+02 -1.4358e+00 -2.4345e+00
690 0 +8.903314236e+00 +8.903314236e+00 -1.612966858e+02 -1.612966858e+02 -4.2063e+00 -2.4654e-01
777 0 +7.354887440e+00 +7.354887440e+00 -1.628451126e+02 -1.628451126e+02 -5.6922e+00 +9.3087e-01
907 0 +2.461969532e+00 +2.461969532e+00 -1.677380305e+02 -1.677380305e+02 -2.2723e+00 -1.7722e+00
970 0 +2.402193495e+00 +2.402193495e+00 -1.677978065e+02 -1.677978065e+02 -2.2405e+00 -1.7967e+00
1014 0 +5.489989162e-01 +5.489989162e-01 -1.696510011e+02 -1.696510011e+02 -4.1713e+00 -2.7034e-01
1244 0 +1.401239462e-01 +1.401239462e-01 -1.700598761e+02 -1.700598761e+02 -3.3495e+00 -9.1981e-01
1245 0 +1.293372489e-01 +1.293372489e-01 -1.700706628e+02 -1.700706628e+02 -3.7792e+00 -5.8019e-01
1283 0 +7.369160161e-02 +7.369160161e-02 -1.701263084e+02 -1.701263084e+02 -3.7719e+00 -5.8624e-01
1405 0 +4.740802737e-02 +4.740802737e-02 -1.701525920e+02 -1.701525920e+02 -3.7252e+00 -6.2310e-01
1534 0 +3.315003934e-02 +3.315003934e-02 -1.701668500e+02 -1.701668500e+02 -3.4777e+00 -8.1898e-01
3024 0 +2.490563894e-02 +2.490563894e-02 -1.701750944e+02 -1.701750944e+02 -3.5740e+00 -7.4250e-01
% f evaluations | g evaluations | best noise-free fitness - Fopt | noise-free fitness - Fopt (-4.697500000000e+02) | measured fitness | best measured fitness | x1 | x2...
1 0 +1.541016035e+07 +1.541016035e+07 +1.540969060e+07 +1.540969060e+07 +1.7677e-01 +9.9715e-01
2 0 +8.683674747e+03 +8.683674747e+03 +8.213924747e+03 +8.213924747e+03 +2.8940e+00 -2.8386e+00
25 0 +7.599647728e+03 +7.599647728e+03 +7.129897728e+03 +7.129897728e+03 +3.2915e+00 -2.8024e+00
76 0 +7.552304958e+02 +7.552304958e+02 +2.854804958e+02 +2.854804958e+02 -3.1007e+00 -3.2417e+00
230 0 +5.212268276e+01 +5.212268276e+01 -4.176273172e+02 -4.176273172e+02 +4.6553e-02 -2.9734e+00
418 0 +3.095962616e+01 +3.095962616e+01 -4.387903738e+02 -4.387903738e+02 -5.0842e+00 -3.3738e+00
449 0 +5.464991005e+00 +5.464991005e+00 -4.642850090e+02 -4.642850090e+02 +1.7287e+00 -2.8344e+00
688 0 +4.486151707e-01 +4.486151707e-01 -4.693013848e+02 -4.693013848e+02 +6.3460e-01 -2.9192e+00
1003 0 +2.973329611e-02 +2.973329611e-02 -4.697202667e+02 -4.697202667e+02 -8.3144e-02 -2.9760e+00
1359 0 +2.876450612e-02 +2.876450612e-02 -4.697212355e+02 -4.697212355e+02 +6.2221e-02 -2.9645e+00
% f evaluations | g evaluations | best noise-free fitness - Fopt | noise-free fitness - Fopt (-5.191000000000e+01) | measured fitness | best measured fitness | x1 | x2...
1 0 +3.671402989e+06 +3.671402989e+06 +3.671351079e+06 +3.671351079e+06 +2.7431e+00 +7.4929e-01
3 0 +4.270644501e+05 +4.270644501e+05 +4.270125401e+05 +4.270125401e+05 -1.7895e+00 +1.1819e-01
12 0 +3.238510005e+05 +3.238510005e+05 +3.237990905e+05 +3.237990905e+05 -2.7284e+00 -1.5368e-01
22 0 +1.326473633e+05 +1.326473633e+05 +1.325954533e+05 +1.325954533e+05 +4.6470e+00 +3.9381e+00
31 0 +1.516782836e+04 +1.516782836e+04 +1.511591836e+04 +1.511591836e+04 +2.6395e-01 +1.6035e+00
139 0 +1.291929035e+04 +1.291929035e+04 +1.286738035e+04 +1.286738035e+04 +2.2816e+00 +2.6766e+00
178 0 +3.604553561e+03 +3.604553561e+03 +3.552643561e+03 +3.552643561e+03 +1.8367e+00 +2.4419e+00
275 0 +4.884904686e+02 +4.884904686e+02 +4.365804686e+02 +4.365804686e+02 +4.9778e+00 +3.6911e+00
290 0 +5.199048805e+00 +5.199048805e+00 -4.671095119e+01 -4.671095119e+01 +3.6174e+00 +3.1103e+00
300 0 +8.407453439e-01 +8.407453439e-01 -5.106925466e+01 -5.106925466e+01 +2.5441e+00 +2.6688e+00
960 0 +7.952983726e-02 +7.952983726e-02 -5.183047016e+01 -5.183047016e+01 +1.7869e+00 +2.3586e+00
976 0 +1.891863671e-02 +1.891863671e-02 -5.189108136e+01 -5.189108136e+01 +1.5596e+00 +2.2650e+00
1426 0 +4.061436713e-03 +4.061436713e-03 -5.190593856e+01 -5.190593856e+01 +1.6500e+00 +2.3022e+00
3067 0 +6.898331007e-04 +6.898331007e-04 -5.190931017e+01 -5.190931017e+01 +1.6981e+00 +2.3219e+00
3091 0 +4.373167490e-04 +4.373167490e-04 -5.190956268e+01 -5.190956268e+01 +1.6762e+00 +2.3129e+00
% f evaluations | g evaluations | best noise-free fitness - Fopt | noise-free fitness - Fopt (4.808000000000e+01) | measured fitness | best measured fitness | x1 | x2...
1 0 +1.286268562e+08 +1.286268562e+08 +1.286269042e+08 +1.286269042e+08 +7.8823e+00 +5.8374e+00
2 0 +1.990287255e+06 +1.990287255e+06 +1.990335335e+06 +1.990335335e+06 -1.9025e+00 +1.0090e+00
4 0 +8.173270780e+03 +8.173270780e+03 +8.221350780e+03 +8.221350780e+03 -6.1385e-01 -2.0971e+00
112 0 +4.283566424e+03 +4.283566424e+03 +4.331646424e+03 +4.331646424e+03 +3.4735e+00 -5.7005e+00
118 0 +6.440173498e+02 +6.440173498e+02 +6.920973498e+02 +6.920973498e+02 +4.7228e-01 -2.9691e+00
150 0 +4.390148383e+01 +4.390148383e+01 +9.198148383e+01 +9.198148383e+01 -5.1502e-01 -2.0657e+00
456 0 +4.105086507e+01 +4.105086507e+01 +8.913086507e+01 +8.913086507e+01 +8.4453e-01 -3.2751e+00
490 0 +2.295065643e+01 +2.295065643e+01 +7.103065643e+01 +7.103065643e+01 -1.8938e+00 -8.3444e-01
518 0 +1.914547999e+01 +1.914547999e+01 +6.722547999e+01 +6.722547999e+01 +3.9303e+00 -6.0134e+00
607 0 +2.070113183e+00 +2.070113183e+00 +5.015011318e+01 +5.015011318e+01 +1.5031e+00 -3.8502e+00
762 0 +4.054068466e-02 +4.054068466e-02 +4.812054068e+01 +4.812054068e+01 +1.0241e+00 -3.4262e+00
780 0 +3.534809358e-02 +3.534809358e-02 +4.811534809e+01 +4.811534809e+01 +9.7905e-01 -3.3861e+00
1207 0 +3.011662256e-02 +3.011662256e-02 +4.811011662e+01 +4.811011662e+01 +1.0891e+00 -3.4838e+00
1415 0 +2.406909405e-02 +2.406909405e-02 +4.810406909e+01 +4.810406909e+01 +9.5427e-01 -3.3640e+00
2584 0 +8.830763558e-03 +8.830763558e-03 +4.808883076e+01 +4.808883076e+01 +9.1582e-01 -3.3296e+00
% f evaluations | g evaluations | best noise-free fitness - Fopt | noise-free fitness - Fopt (3.058000000000e+01) | measured fitness | best measured fitness | x1 | x2...
1 0 +2.376155420e+07 +2.376155420e+07 +2.376158478e+07 +2.376158478e+07 +2.1672e+00 -4.5117e-01
2 0 +1.394077222e+06 +1.394077222e+06 +1.394107802e+06 +1.394107802e+06 -4.0615e+00 -3.8185e+00
3 0 +1.346504641e+05 +1.346504641e+05 +1.346810441e+05 +1.346810441e+05 -2.1754e+00 +3.6055e+00
16 0 +2.871998918e+03 +2.871998918e+03 +2.902578918e+03 +2.902578918e+03 -2.8669e+00 -1.4484e+00
213 0 +4.134419136e+02 +4.134419136e+02 +4.440219136e+02 +4.440219136e+02 -2.6442e+00 +2.2707e+00
341 0 +3.392043649e+02 +3.392043649e+02 +3.697843649e+02 +3.697843649e+02 -2.5410e+00 +3.5423e+00
397 0 +6.824404530e+01 +6.824404530e+01 +9.882404530e+01 +9.882404530e+01 -2.4969e+00 +4.8707e+00
439 0 +6.043022392e+01 +6.043022392e+01 +9.101022392e+01 +9.101022392e+01 -2.8154e+00 -1.6381e+00
518 0 +2.366264185e+01 +2.366264185e+01 +5.424264185e+01 +5.424264185e+01 -2.6748e+00 +1.2026e+00
610 0 +1.349131418e+01 +1.349131418e+01 +4.407131418e+01 +4.407131418e+01 -2.7237e+00 +3.7376e-01
669 0 +1.191805389e+01 +1.191805389e+01 +4.249805389e+01 +4.249805389e+01 -2.9471e+00 -4.1220e+00
701 0 +5.195214551e+00 +5.195214551e+00 +3.577521455e+01 +3.577521455e+01 -2.9165e+00 -3.5091e+00
737 0 +2.792616014e+00 +2.792616014e+00 +3.337261601e+01 +3.337261601e+01 -2.9241e+00 -3.6295e+00
762 0 +2.028089235e+00 +2.028089235e+00 +3.260808924e+01 +3.260808924e+01 -2.8436e+00 -2.0134e+00
1067 0 +6.069360859e-01 +6.069360859e-01 +3.118693609e+01 +3.118693609e+01 -2.8508e+00 -2.1679e+00
1192 0 +9.749176858e-02 +9.749176858e-02 +3.067749177e+01 +3.067749177e+01 -2.8241e+00 -1.6635e+00
1204 0 +2.925470185e-02 +2.925470185e-02 +3.060925470e+01 +3.060925470e+01 -2.8419e+00 -2.0073e+00
1467 0 +1.359012932e-02 +1.359012932e-02 +3.059359013e+01 +3.059359013e+01 -2.8324e+00 -1.8245e+00
2995 0 +9.984855598e-06 +9.984855598e-06 +3.058000998e+01 +3.058000998e+01 -2.8343e+00 -1.8583e+00
% f evaluations | g evaluations | best noise-free fitness - Fopt | noise-free fitness - Fopt (1.000000000000e+03) | measured fitness | best measured fitness | x1 | x2...
1 0 +2.138699125e+07 +2.138699125e+07 +2.138799125e+07 +2.138799125e+07 +1.2350e+00 -2.9453e+00
2 0 +1.392594501e+07 +1.392594501e+07 +1.392694501e+07 +1.392694501e+07 +4.0098e-01 -2.6063e+00
4 0 +2.274568659e+06 +2.274568659e+06 +2.275568659e+06 +2.275568659e+06 -1.1312e+00 +2.4286e+00
9 0 +7.250901979e+02 +7.250901979e+02 +1.725090198e+03 +1.725090198e+03 -3.1345e+00 -6.5374e-01
118 0 +8.568224670e+01 +8.568224670e+01 +1.085682247e+03 +1.085682247e+03 -2.8917e+00 +1.4456e+00
208 0 +2.951655225e+01 +2.951655225e+01 +1.029516552e+03 +1.029516552e+03 -2.7207e+00 +2.8583e+00
443 0 +2.730791777e+01 +2.730791777e+01 +1.027307918e+03 +1.027307918e+03 -3.2800e+00 -1.6390e+00
484 0 +1.247540490e+01 +1.247540490e+01 +1.012475405e+03 +1.012475405e+03 -2.9545e+00 +9.9023e-01
605 0 +6.846179052e+00 +6.846179052e+00 +1.006846179e+03 +1.006846179e+03 -2.5543e+00 +4.2346e+00
673 0 +5.008673999e-01 +5.008673999e-01 +1.000500867e+03 +1.000500867e+03 -2.5571e+00 +4.2337e+00
1052 0 +2.300304669e-01 +2.300304669e-01 +1.000230030e+03 +1.000230030e+03 -2.6835e+00 +3.2049e+00
1108 0 +2.239101248e-01 +2.239101248e-01 +1.000223910e+03 +1.000223910e+03 -2.6845e+00 +3.1968e+00
1184 0 +1.928457235e-03 +1.928457235e-03 +1.000001928e+03 +1.000001928e+03 -2.6317e+00 +3.6265e+00
% f evaluations | g evaluations | best noise-free fitness - Fopt | noise-free fitness - Fopt (-4.236000000000e+01) | measured fitness | best measured fitness | x1 | x2...
1 0 +3.588833798e+07 +3.588833798e+07 +3.588829562e+07 +3.588829562e+07 -5.8364e+00 -1.2199e+00
2 0 +4.859361085e+06 +4.859361085e+06 +4.859318725e+06 +4.859318725e+06 +2.9680e+00 -7.1235e-01
3 0 +4.944121472e+04 +4.944121472e+04 +4.939885472e+04 +4.939885472e+04 +1.4908e+00 +2.6596e+00
17 0 +1.932987493e+04 +1.932987493e+04 +1.928751493e+04 +1.928751493e+04 +4.5741e-01 -6.8631e-01
95 0 +4.841643023e+02 +4.841643023e+02 +4.418043023e+02 +4.418043023e+02 +2.1471e+00 +3.8582e+00
257 0 +7.785446711e+01 +7.785446711e+01 +3.549446711e+01 +3.549446711e+01 +2.6733e+00 +5.5247e+00
282 0 +2.674751144e+01 +2.674751144e+01 -1.561248856e+01 -1.561248856e+01 -7.0346e-01 -4.6197e+00
523 0 +6.832622534e+00 +6.832622534e+00 -3.552737747e+01 -3.552737747e+01 +4.2649e-01 -1.2301e+00
661 0 +4.100112273e+00 +4.100112273e+00 -3.825988773e+01 -3.825988773e+01 +3.1341e-01 -1.5840e+00
729 0 +3.393711490e+00 +3.393711490e+00 -3.896628851e+01 -3.896628851e+01 +8.6463e-02 -2.2567e+00
793 0 +2.888436486e+00 +2.888436486e+00 -3.947156351e+01 -3.947156351e+01 +1.0398e+00 +6.0568e-01
800 0 +3.466166990e-01 +3.466166990e-01 -4.201338330e+01 -4.201338330e+01 +5.1301e-01 -9.7694e-01
958 0 +2.219726323e-01 +2.219726323e-01 -4.213802737e+01 -4.213802737e+01 +6.1121e-01 -6.8524e-01
971 0 +7.133427926e-02 +7.133427926e-02 -4.228866572e+01 -4.228866572e+01 +5.1943e-01 -9.5887e-01
1066 0 +2.503902376e-02 +2.503902376e-02 -4.233496098e+01 -4.233496098e+01 +5.6542e-01 -8.2088e-01
1169 0 +5.671141714e-03 +5.671141714e-03 -4.235432886e+01 -4.235432886e+01 +5.7311e-01 -7.9852e-01
1381 0 +4.010554612e-03 +4.010554612e-03 -4.235598945e+01 -4.235598945e+01 +5.9878e-01 -7.2125e-01
1506 0 +3.123272584e-03 +3.123272584e-03 -4.235687673e+01 -4.235687673e+01 +5.7592e-01 -7.8966e-01
% f evaluations | g evaluations | best noise-free fitness - Fopt | noise-free fitness - Fopt (-7.187000000000e+01) | measured fitness | best measured fitness | x1 | x2...
1 0 +1.194666746e+06 +1.194666746e+06 +1.194594876e+06 +1.194594876e+06 -1.8350e+00 +6.5424e+00
8 0 +3.512935963e+04 +3.512935963e+04 +3.505748963e+04 +3.505748963e+04 -7.2867e-01 +1.7861e+00
39 0 +3.428588530e+04 +3.428588530e+04 +3.421401530e+04 +3.421401530e+04 -3.8991e-01 +9.9373e-01
80 0 +2.577346774e+04 +2.577346774e+04 +2.570159774e+04 +2.570159774e+04 -2.4768e+00 +4.9970e+00
86 0 +1.622140796e+04 +1.622140796e+04 +1.614953796e+04 +1.614953796e+04 -7.3932e-01 +1.0302e+00
109 0 +1.245034649e+04 +1.245034649e+04 +1.237847649e+04 +1.237847649e+04 +2.5744e+00 -6.0958e+00
120 0 +2.008078880e+03 +2.008078880e+03 +1.936208880e+03 +1.936208880e+03 -3.4896e-01 +3.2926e-01
220 0 +1.621850741e+03 +1.621850741e+03 +1.549980741e+03 +1.549980741e+03 -2.0179e+00 +4.4174e+00
244 0 +3.997945728e+02 +3.997945728e+02 +3.279245728e+02 +3.279245728e+02 -2.2049e+00 +4.7987e+00
281 0 +1.687765109e+01 +1.687765109e+01 -5.499234891e+01 -5.499234891e+01 -4.9522e-01 +7.6653e-01
465 0 +4.209611324e+00 +4.209611324e+00 -6.766038868e+01 -6.766038868e+01 -1.7002e+00 +3.5697e+00
630 0 +3.670953189e+00 +3.670953189e+00 -6.819904681e+01 -6.819904681e+01 -7.3293e-01 +1.3258e+00
845 0 +1.092257955e+00 +1.092257955e+00 -7.077774204e+01 -7.077774204e+01 -1.3741e+00 +2.8195e+00
888 0 +7.703244848e-02 +7.703244848e-02 -7.179296755e+01 -7.179296755e+01 -1.3058e+00 +2.6583e+00
1253 0 +6.810963714e-02 +6.810963714e-02 -7.180189036e+01 -7.180189036e+01 -1.3839e+00 +2.8391e+00
1416 0 +3.287870805e-02 +3.287870805e-02 -7.183712129e+01 -7.183712129e+01 -1.3822e+00 +2.8363e+00
% f evaluations | g evaluations | best noise-free fitness - Fopt | noise-free fitness - Fopt (-1.650000000000e+01) | measured fitness | best measured fitness | x1 | x2...
1 0 +2.117002734e+07 +2.117002734e+07 +2.117001084e+07 +2.117001084e+07 -2.2853e+00 -3.2992e+00
3 0 +2.088842675e+06 +2.088842675e+06 +2.088826175e+06 +2.088826175e+06 -7.9394e-02 +2.6397e-01
4 0 +2.714309804e+03 +2.714309804e+03 +2.697809804e+03 +2.697809804e+03 -2.6502e+00 +1.3797e+00
151 0 +1.335215989e+02 +1.335215989e+02 +1.170215989e+02 +1.170215989e+02 -3.5080e+00 +1.1772e+00
260 0 +1.488442048e+01 +1.488442048e+01 -1.615579521e+00 -1.615579521e+00 +6.1267e+00 +2.9785e+00
504 0 +9.577905829e+00 +9.577905829e+00 -6.922094171e+00 -6.922094171e+00 +8.2137e-01 +1.9781e+00
510 0 +6.541873944e+00 +6.541873944e+00 -9.958126056e+00 -9.958126056e+00 +3.4987e+00 +2.4802e+00
547 0 +3.587481550e+00 +3.587481550e+00 -1.291251845e+01 -1.291251845e+01 +2.6714e+00 +2.3255e+00
724 0 +2.799563614e+00 +2.799563614e+00 -1.370043639e+01 -1.370043639e+01 +3.3060e+00 +2.4482e+00
951 0 +1.737264895e+00 +1.737264895e+00 -1.476273511e+01 -1.476273511e+01 +4.2470e+00 +2.6228e+00
962 0 +1.558704498e-02 +1.558704498e-02 -1.648441296e+01 -1.648441296e+01 +3.0267e+00 +2.3939e+00
1425 0 +1.139715670e-03 +1.139715670e-03 -1.649886028e+01 -1.649886028e+01 +3.0989e+00 +2.4076e+00
% f evaluations | g evaluations | best noise-free fitness - Fopt | noise-free fitness - Fopt (1.000000000000e+03) | measured fitness | best measured fitness | x1 | x2...
1 0 +1.190738140e+06 +1.190738140e+06 +1.191738140e+06 +1.191738140e+06 -1.1856e+00 +5.8781e+00
2 0 +3.947143537e+04 +3.947143537e+04 +4.047143537e+04 +4.047143537e+04 +1.4488e+00 -8.9037e-01
11 0 +2.447514637e+03 +2.447514637e+03 +3.447514637e+03 +3.447514637e+03 +7.7858e-01 +5.0296e-01
150 0 +1.851546235e+03 +1.851546235e+03 +2.851546235e+03 +2.851546235e+03 -1.4636e+00 +4.2327e+00
174 0 +2.521401889e+02 +2.521401889e+02 +1.252140189e+03 +1.252140189e+03 -8.1386e-01 +3.2038e+00
272 0 +1.588765894e+02 +1.588765894e+02 +1.158876589e+03 +1.158876589e+03 -2.1320e+00 +5.3950e+00
334 0 +3.586948962e+01 +3.586948962e+01 +1.035869490e+03 +1.035869490e+03 -1.5534e-01 +2.1312e+00
462 0 +2.125391045e+01 +2.125391045e+01 +1.021253910e+03 +1.021253910e+03 -1.6548e+00 +4.6267e+00
501 0 +1.653655037e+01 +1.653655037e+01 +1.016536550e+03 +1.016536550e+03 +1.5874e+00 -7.3861e-01
536 0 +1.495894840e+01 +1.495894840e+01 +1.014958948e+03 +1.014958948e+03 -1.1024e+00 +3.7081e+00
688 0 +9.997561177e+00 +9.997561177e+00 +1.009997561e+03 +1.009997561e+03 +1.7989e+00 -1.1010e+00
735 0 +3.955523233e+00 +3.955523233e+00 +1.003955523e+03 +1.003955523e+03 -1.0802e-01 +2.0663e+00
811 0 +3.731036343e+00 +3.731036343e+00 +1.003731036e+03 +1.003731036e+03 +6.1629e-02 +1.7853e+00
838 0 +6.505014105e-01 +6.505014105e-01 +1.000650501e+03 +1.000650501e+03 +4.6973e-01 +1.1075e+00
1085 0 +4.730149926e-01 +4.730149926e-01 +1.000473015e+03 +1.000473015e+03 +1.1110e+00 +4.3257e-02
1111 0 +2.212714250e-01 +2.212714250e-01 +1.000221271e+03 +1.000221271e+03 +7.6239e-01 +6.2227e-01
1129 0 +1.895767481e-01 +1.895767481e-01 +1.000189577e+03 +1.000189577e+03 +7.7156e-01 +6.0697e-01
1365 0 +1.046109422e-01 +1.046109422e-01 +1.000104611e+03 +1.000104611e+03 +5.7608e-01 +9.2995e-01
1388 0 +6.581220409e-02 +6.581220409e-02 +1.000065812e+03 +1.000065812e+03 +8.4001e-01 +4.9244e-01
1537 0 +4.610981345e-02 +4.610981345e-02 +1.000046110e+03 +1.000046110e+03 +6.2770e-01 +8.4445e-01
3089 0 +4.454378669e-02 +4.454378669e-02 +1.000044544e+03 +1.000044544e+03 +6.2702e-01 +8.4568e-01
3098 0 +3.919835918e-02 +3.919835918e-02 +1.000039198e+03 +1.000039198e+03 +6.6928e-01 +7.7534e-01
% f evaluations | g evaluations | best noise-free fitness - Fopt | noise-free fitness - Fopt (-1.000000000000e+03) | measured fitness | best measured fitness | x1 | x2...
1 0 +1.068351245e+07 +1.068351245e+07 +1.068251245e+07 +1.068251245e+07 +1.8845e+00 -1.3776e+00
4 0 +3.367042183e+06 +3.367042183e+06 +3.366042183e+06 +3.366042183e+06 -2.8592e+00 +3.6529e+00
6 0 +2.525325173e+05 +2.525325173e+05 +2.515325173e+05 +2.515325173e+05 -1.8000e+00 -2.7711e+00
12 0 +3.459371265e+04 +3.459371265e+04 +3.359371265e+04 +3.359371265e+04 -3.4169e+00 +5.4809e-01
38 0 +2.730217474e+04 +2.730217474e+04 +2.630217474e+04 +2.630217474e+04 -3.7462e-01 -4.4420e+00
77 0 +1.640114098e+03 +1.640114098e+03 +6.401140979e+02 +6.401140979e+02 -3.8114e+00 +1.4728e+00
215 0 +4.080476595e+02 +4.080476595e+02 -5.919523405e+02 -5.919523405e+02 -2.5791e+00 -5.3198e-01
265 0 +7.115647565e+01 +7.115647565e+01 -9.288435243e+02 -9.288435243e+02 -2.1089e+00 -1.2567e+00
551 0 +4.580956060e+01 +4.580956060e+01 -9.541904394e+02 -9.541904394e+02 -4.8367e-01 -3.9746e+00
700 0 +5.387382647e+00 +5.387382647e+00 -9.946126174e+02 -9.946126174e+02 +4.8988e-01 -5.5743e+00
783 0 +3.062707272e+00 +3.062707272e+00 -9.969372927e+02 -9.969372927e+02 +1.5298e-01 -5.0162e+00
822 0 +1.912233473e+00 +1.912233473e+00 -9.980877665e+02 -9.980877665e+02 -1.1431e-01 -4.5741e+00
930 0 +4.849938840e-01 +4.849938840e-01 -9.995150061e+02 -9.995150061e+02 -1.7680e-01 -4.4689e+00
987 0 +2.246214048e-01 +2.246214048e-01 -9.997753786e+02 -9.997753786e+02 -2.5695e-01 -4.3352e+00
1175 0 +5.855929627e-02 +5.855929627e-02 -9.999414407e+02 -9.999414407e+02 -5.5206e-01 -3.8479e+00
1265 0 +1.103536066e-02 +1.103536066e-02 -9.999889646e+02 -9.999889646e+02 -4.4130e-01 -4.0309e+00
% f evaluations | g evaluations | best noise-free fitness - Fopt | noise-free fitness - Fopt (-1.527400000000e+02) | measured fitness | best measured fitness | x1 | x2...
1 0 +7.394163519e+05 +7.394163519e+05 +7.392636119e+05 +7.392636119e+05 -2.9819e+00 +4.0990e+00
2 0 +5.155766701e+05 +5.155766701e+05 +5.154239301e+05 +5.154239301e+05 +1.3748e+00 +4.9788e+00
6 0 +3.884804283e+03 +3.884804283e+03 +3.732064283e+03 +3.732064283e+03 -3.1992e-01 +4.8594e+00
32 0 +3.616265022e+03 +3.616265022e+03 +3.463525022e+03 +3.463525022e+03 -1.0886e-01 +4.9946e+00
146 0 +1.662349393e+03 +1.662349393e+03 +1.509609393e+03 +1.509609393e+03 -7.7839e-01 +4.4267e+00
286 0 +7.560793801e+02 +7.560793801e+02 +6.033393801e+02 +6.033393801e+02 -7.5919e-01 +4.4586e+00
333 0 +6.759476185e+02 +6.759476185e+02 +5.232076185e+02 +5.232076185e+02 -3.3374e+00 +2.7599e+00
357 0 +4.079024857e+01 +4.079024857e+01 -1.119497514e+02 -1.119497514e+02 +1.0827e+00 +5.6998e+00
414 0 +1.221426173e+00 +1.221426173e+00 -1.515185738e+02 -1.515185738e+02 -4.4943e+00 +2.0268e+00
565 0 +8.779220756e-01 +8.779220756e-01 -1.518620779e+02 -1.518620779e+02 -4.1310e+00 +2.2647e+00
768 0 +2.651035280e-01 +2.651035280e-01 -1.524748965e+02 -1.524748965e+02 -3.3192e+00 +2.8006e+00
1094 0 +1.005977462e-01 +1.005977462e-01 -1.526394023e+02 -1.526394023e+02 -3.8345e+00 +2.4608e+00
1249 0 +4.701194042e-02 +4.701194042e-02 -1.526929881e+02 -1.526929881e+02 -3.5346e+00 +2.6590e+00
1314 0 +1.323336427e-02 +1.323336427e-02 -1.527267666e+02 -1.527267666e+02 -3.7393e+00 +2.5241e+00
1378 0 +8.082630923e-03 +8.082630923e-03 -1.527319174e+02 -1.527319174e+02 -3.6834e+00 +2.5609e+00
