% f evaluations | g evaluations | best noise-free fitness - Fopt | noise-free fitness - Fopt (7.948000000000e+01) | measured fitness | best measured fitness | x1 | x2...
1 0 +1.402094080e+00 +1.402094080e+00 +8.088209408e+01 +8.088209408e+01 +0.0000e+00 +0.0000e+00
2 0 +1.401967743e+00 +1.401967743e+00 +8.088196774e+01 +8.088196774e+01 +2.5000e-04 +0.0000e+00
15 0 +1.376698193e+00 +1.376698193e+00 +8.085669819e+01 +8.085669819e+01 +8.2773e-03 -9.2344e-03
18 0 +1.347622544e+00 +1.347622544e+00 +8.082762254e+01 +8.082762254e+01 +1.7283e-02 -2.0070e-02
20 0 +1.309511728e+00 +1.309511728e+00 +8.078951173e+01 +8.078951173e+01 +2.8962e-02 -3.4566e-02
21 0 +1.276720667e+00 +1.276720667e+00 +8.075672067e+01 +8.075672067e+01 +3.9304e-02 -4.7232e-02
22 0 +1.248942164e+00 +1.248942164e+00 +8.072894216e+01 +8.072894216e+01 +4.9297e-02 -5.7924e-02
23 0 +1.196968800e+00 +1.196968800e+00 +8.067696880e+01 +8.067696880e+01 +6.7135e-02 -7.8608e-02
24 0 +1.148690748e+00 +1.148690748e+00 +8.062869075e+01 +8.062869075e+01 +8.2823e-02 -9.8595e-02
25 0 +1.065274514e+00 +1.065274514e+00 +8.054527451e+01 +8.054527451e+01 +1.1243e-01 -1.3427e-01
26 0 +9.950543514e-01 +9.950543514e-01 +8.047505435e+01 +8.047505435e+01 +1.4026e-01 -1.6565e-01
27 0 +8.723807977e-01 +8.723807977e-01 +8.035238080e+01 +8.035238080e+01 +1.9073e-01 -2.2485e-01
28 0 +7.681621914e-01 +7.681621914e-01 +8.024816219e+01 +8.024816219e+01 +2.3602e-01 -2.8051e-01
29 0 +6.057251655e-01 +6.057251655e-01 +8.008572517e+01 +8.008572517e+01 +3.2047e-01 -3.8146e-01
30 0 +4.901962658e-01 +4.901962658e-01 +7.997019627e+01 +7.997019627e+01 +3.9877e-01 -4.7205e-01
31 0 +3.497234075e-01 +3.497234075e-01 +7.982972341e+01 +7.982972341e+01 +5.4195e-01 -6.4093e-01
32 0 +3.045255260e-01 +3.045255260e-01 +7.978452553e+01 +7.978452553e+01 +6.7168e-01 -7.9755e-01
49 0 +3.017147167e-01 +3.017147167e-01 +7.978171472e+01 +7.978171472e+01 +6.6239e-01 -7.9080e-01
54 0 +2.920839726e-01 +2.920839726e-01 +7.977208397e+01 +7.977208397e+01 +6.5710e-01 -7.9816e-01
56 0 +2.879665769e-01 +2.879665769e-01 +7.976796658e+01 +7.976796658e+01 +6.9008e-01 -8.4575e-01
57 0 +2.796621344e-01 +2.796621344e-01 +7.975966213e+01 +7.975966213e+01 +6.6725e-01 -8.2833e-01
58 0 +2.702986921e-01 +2.702986921e-01 +7.975029869e+01 +7.975029869e+01 +6.6091e-01 -8.3470e-01
60 0 +2.651450792e-01 +2.651450792e-01 +7.974514508e+01 +7.974514508e+01 +7.1227e-01 -9.2435e-01
61 0 +2.444455094e-01 +2.444455094e-01 +7.972444551e+01 +7.972444551e+01 +6.8310e-01 -9.1330e-01
62 0 +2.261442642e-01 +2.261442642e-01 +7.970614426e+01 +7.970614426e+01 +6.7960e-01 -9.4708e-01
64 0 +2.079478278e-01 +2.079478278e-01 +7.968794783e+01 +7.968794783e+01 +6.9830e-01 -1.0595e+00
65 0 +1.931863561e-01 +1.931863561e-01 +7.967318636e+01 +7.967318636e+01 +6.9132e-01 -1.1270e+00
66 0 +1.641539344e-01 +1.641539344e-01 +7.964415393e+01 +7.964415393e+01 +6.3996e-01 -1.0374e+00
67 0 +1.309129903e-01 +1.309129903e-01 +7.961091299e+01 +7.961091299e+01 +5.9445e-01 -1.0377e+00
68 0 +1.285636601e-01 +1.285636601e-01 +7.960856366e+01 +7.960856366e+01 +6.0616e-01 -1.2176e+00
70 0 +6.660128732e-02 +6.660128732e-02 +7.954660129e+01 +7.954660129e+01 +5.0929e-01 -1.1283e+00
71 0 +2.816060912e-02 +2.816060912e-02 +7.950816061e+01 +7.950816061e+01 +4.1828e-01 -1.1289e+00
73 0 +4.126266772e-03 +4.126266772e-03 +7.948412627e+01 +7.948412627e+01 +2.4211e-01 -1.2201e+00
79 0 +2.450719684e-03 +2.450719684e-03 +7.948245072e+01 +7.948245072e+01 +2.5754e-01 -1.1075e+00
81 0 +1.379847173e-03 +1.379847173e-03 +7.948137985e+01 +7.948137985e+01 +2.8854e-01 -1.1467e+00
83 0 +3.057675608e-04 +3.057675608e-04 +7.948030577e+01 +7.948030577e+01 +2.5757e-01 -1.1736e+00
88 0 +4.744075106e-05 +4.744075106e-05 +7.948004744e+01 +7.948004744e+01 +2.5562e-01 -1.1505e+00
94 0 +1.451199091e-05 +1.451199091e-05 +7.948001451e+01 +7.948001451e+01 +2.5015e-01 -1.1595e+00
96 0 +1.014206197e-05 +1.014206197e-05 +7.948001014e+01 +7.948001014e+01 +2.5347e-01 -1.1599e+00
98 0 +3.660119631e-06 +3.660119631e-06 +7.948000366e+01 +7.948000366e+01 +2.5372e-01 -1.1551e+00
102 0 +2.421764137e-06 +2.421764137e-06 +7.948000242e+01 +7.948000242e+01 +2.5246e-01 -1.1553e+00
104 0 +1.054719547e-07 +1.054719547e-07 +7.948000011e+01 +7.948000011e+01 +2.5248e-01 -1.1569e+00
112 0 +2.313738889e-08 +2.313738889e-08 +7.948000002e+01 +7.948000002e+01 +2.5287e-01 -1.1567e+00
116 0 +1.532960425e-08 +1.532960425e-08 +7.948000002e+01 +7.948000002e+01 +2.5268e-01 -1.1568e+00
118 0 +5.595026664e-09 +5.595026664e-09 +7.948000001e+01 +7.948000001e+01 +2.5284e-01 -1.1569e+00
% f evaluations | g evaluations | best noise-free fitness - Fopt | noise-free fitness - Fopt (3.944800000000e+02) | measured fitness | best measured fitness | x1 | x2...
1 0 +2.355193472e+01 +2.355193472e+01 +4.180319347e+02 +4.180319347e+02 +0.0000e+00 +0.0000e+00
4 0 +2.355143085e+01 +2.355143085e+01 +4.180314308e+02 +4.180314308e+02 -2.5000e-04 +2.5000e-04
17 0 +2.344153774e+01 +2.344153774e+01 +4.179215377e+02 +4.179215377e+02 -1.6555e-02 +3.1816e-03
24 0 +2.288581022e+01 +2.288581022e+01 +4.173658102e+02 +4.173658102e+02 -9.8595e-02 +1.6022e-02
27 0 +2.204923623e+01 +2.204923623e+01 +4.165292362e+02 +4.165292362e+02 -2.2485e-01 +3.4369e-02
28 0 +2.170415452e+01 +2.170415452e+01 +4.161841545e+02 +4.161841545e+02 -2.8051e-01 +4.4739e-02
29 0 +2.108105763e+01 +2.108105763e+01 +4.155610576e+02 +4.155610576e+02 -3.8146e-01 +6.1246e-02
30 0 +2.052473849e+01 +2.052473849e+01 +4.150047385e+02 +4.150047385e+02 -4.7205e-01 +7.3523e-02
31 0 +1.954901163e+01 +1.954901163e+01 +4.140290116e+02 +4.140290116e+02 -6.4093e-01 +9.9237e-02
32 0 +1.871464753e+01 +1.871464753e+01 +4.131946475e+02 +4.131946475e+02 -7.9755e-01 +1.2611e-01
33 0 +1.729965121e+01 +1.729965121e+01 +4.117796512e+02 +4.117796512e+02 -1.0839e+00 +1.7199e-01
34 0 +1.614054001e+01 +1.614054001e+01 +4.106205400e+02 +4.106205400e+02 -1.3434e+00 +2.0998e-01
35 0 +1.438081307e+01 +1.438081307e+01 +4.088608131e+02 +4.088608131e+02 -1.8243e+00 +2.8434e-01
36 0 +1.320676750e+01 +1.320676750e+01 +4.076867675e+02 +4.076867675e+02 -2.2673e+00 +3.5709e-01
37 0 +1.206925377e+01 +1.206925377e+01 +4.065492538e+02 +4.065492538e+02 -3.0804e+00 +4.8602e-01
44 0 +1.197720664e+01 +1.197720664e+01 +4.064572066e+02 +4.064572066e+02 -3.4416e+00 +5.4013e-01
59 0 +1.172843776e+01 +1.172843776e+01 +4.062084378e+02 +4.062084378e+02 -3.5626e+00 +5.1778e-01
62 0 +1.132854270e+01 +1.132854270e+01 +4.058085427e+02 +4.058085427e+02 -3.4976e+00 +4.5144e-01
65 0 +1.079367845e+01 +1.079367845e+01 +4.052736784e+02 +4.052736784e+02 -3.8351e+00 +3.9436e-01
66 0 +1.038440551e+01 +1.038440551e+01 +4.048644055e+02 +4.048644055e+02 -3.9167e+00 +3.3203e-01
68 0 +9.820212172e+00 +9.820212172e+00 +4.043002122e+02 +4.043002122e+02 -4.3359e+00 +2.1263e-01
69 0 +9.231547401e+00 +9.231547401e+00 +4.037115474e+02 +4.037115474e+02 -4.4991e+00 +8.7965e-02
70 0 +8.815987561e+00 +8.815987561e+00 +4.032959876e+02 +4.032959876e+02 -3.9872e+00 +7.7444e-02
71 0 +8.056270391e+00 +8.056270391e+00 +4.025362704e+02 +4.025362704e+02 -3.7665e+00 -5.5110e-02
72 0 +6.917377113e+00 +6.917377113e+00 +4.013973771e+02 +4.013973771e+02 -4.3489e+00 -2.9918e-01
73 0 +5.622748848e+00 +5.622748848e+00 +4.001027488e+02 +4.001027488e+02 -4.5650e+00 -6.1478e-01
74 0 +4.552107618e+00 +4.552107618e+00 +3.990321076e+02 +3.990321076e+02 -3.8323e+00 -7.5786e-01
75 0 +3.082442924e+00 +3.082442924e+00 +3.975624429e+02 +3.975624429e+02 -3.4989e+00 -1.1808e+00
76 0 +1.481592753e+00 +1.481592753e+00 +3.959615928e+02 +3.959615928e+02 -4.2974e+00 -1.7404e+00
77 0 +5.358905739e-01 +5.358905739e-01 +3.950158906e+02 +3.950158906e+02 -4.5628e+00 -2.5831e+00
78 0 +2.282375623e-01 +2.282375623e-01 +3.947082376e+02 +3.947082376e+02 -3.4968e+00 -3.1491e+00
83 0 +1.985922272e-01 +1.985922272e-01 +3.946785922e+02 +3.946785922e+02 -3.8971e+00 -2.4448e+00
85 0 +9.373142587e-02 +9.373142587e-02 +3.945737314e+02 +3.945737314e+02 -4.1299e+00 -2.6900e+00
87 0 +2.156542226e-02 +2.156542226e-02 +3.945015654e+02 +3.945015654e+02 -3.7551e+00 -2.8582e+00
90 0 +1.348391109e-02 +1.348391109e-02 +3.944934839e+02 +3.944934839e+02 -4.0007e+00 -2.8354e+00
92 0 +8.376101068e-03 +8.376101068e-03 +3.944883761e+02 +3.944883761e+02 -3.9329e+00 -2.9752e+00
94 0 +1.476484859e-03 +1.476484859e-03 +3.944814765e+02 +3.944814765e+02 -3.8610e+00 -2.8818e+00
100 0 +4.496037251e-04 +4.496037251e-04 +3.944804496e+02 +3.944804496e+02 -3.9194e+00 -2.8935e+00
102 0 +3.504258053e-04 +3.504258053e-04 +3.944803504e+02 +3.944803504e+02 -3.9045e+00 -2.9081e+00
104 0 +1.435447509e-04 +1.435447509e-04 +3.944801435e+02 +3.944801435e+02 -3.8865e+00 -2.8913e+00
106 0 +1.202304517e-04 +1.202304517e-04 +3.944801202e+02 +3.944801202e+02 -3.9074e+00 -2.8966e+00
108 0 +3.989189162e-05 +3.989189162e-05 +3.944800399e+02 +3.944800399e+02 -3.8931e+00 -2.8869e+00
110 0 +2.656431076e-05 +2.656431076e-05 +3.944800266e+02 +3.944800266e+02 -3.8934e+00 -2.8915e+00
112 0 +1.010538915e-05 +1.010538915e-05 +3.944800101e+02 +3.944800101e+02 -3.9003e+00 -2.8929e+00
116 0 +2.506809494e-06 +2.506809494e-06 +3.944800025e+02 +3.944800025e+02 -3.8998e+00 -2.8911e+00
118 0 +8.781211136e-07 +8.781211136e-07 +3.944800009e+02 +3.944800009e+02 -3.8975e+00 -2.8908e+00
120 0 +5.048689786e-07 +5.048689786e-07 +3.944800005e+02 +3.944800005e+02 -3.8979e+00 -2.8899e+00
122 0 +2.375174972e-07 +2.375174972e-07 +3.944800002e+02 +3.944800002e+02 -3.8988e+00 -2.8907e+00
124 0 +1.657399480e-07 +1.657399480e-07 +3.944800002e+02 +3.944800002e+02 -3.8987e+00 -2.8901e+00
126 0 +5.924306379e-08 +5.924306379e-08 +3.944800001e+02 +3.944800001e+02 -3.8983e+00 -2.8902e+00
128 0 +5.238393896e-08 +5.238393896e-08 +3.944800001e+02 +3.944800001e+02 -3.8986e+00 -2.8904e+00
129 0 +4.172301260e-08 +4.172301260e-08 +3.944800000e+02 +3.944800000e+02 -3.8982e+00 -2.8905e+00
132 0 +7.041080607e-09 +7.041080607e-09 +3.944800000e+02 +3.944800000e+02 -3.8984e+00 -2.8903e+00
% f evaluations | g evaluations | best noise-free fitness - Fopt | noise-free fitness - Fopt (-2.471100000000e+02) | measured fitness | best measured fitness | x1 | x2...
1 0 +1.446913280e+01 +1.446913280e+01 -2.326408672e+02 -2.326408672e+02 +0.0000e+00 +0.0000e+00
3 0 +1.446903126e+01 +1.446903126e+01 -2.326409687e+02 -2.326409687e+02 +0.0000e+00 +2.5000e-04
9 0 +1.445429757e+01 +1.445429757e+01 -2.326557024e+02 -2.326557024e+02 -1.8750e-03 +1.4688e-03
21 0 +1.409812003e+01 +1.409812003e+01 -2.330118800e+02 -2.330118800e+02 -4.7232e-02 +3.9304e-02
24 0 +1.370304980e+01 +1.370304980e+01 -2.334069502e+02 -2.334069502e+02 -9.8595e-02 +8.2823e-02
25 0 +1.343409565e+01 +1.343409565e+01 -2.336759043e+02 -2.336759043e+02 -1.3427e-01 +1.1243e-01
27 0 +1.277040563e+01 +1.277040563e+01 -2.343395944e+02 -2.343395944e+02 -2.2485e-01 +1.9073e-01
28 0 +1.237661359e+01 +1.237661359e+01 -2.347333864e+02 -2.347333864e+02 -2.8051e-01 +2.3602e-01
29 0 +1.168920498e+01 +1.168920498e+01 -2.354207950e+02 -2.354207950e+02 -3.8146e-01 +3.2047e-01
30 0 +1.110287978e+01 +1.110287978e+01 -2.360071202e+02 -2.360071202e+02 -4.7205e-01 +3.9877e-01
31 0 +1.008433811e+01 +1.008433811e+01 -2.370256619e+02 -2.370256619e+02 -6.4093e-01 +5.4195e-01
32 0 +9.224595203e+00 +9.224595203e+00 -2.378854048e+02 -2.378854048e+02 -7.9755e-01 +6.7168e-01
33 0 +7.871160503e+00 +7.871160503e+00 -2.392388395e+02 -2.392388395e+02 -1.0839e+00 +9.1216e-01
34 0 +6.892909807e+00 +6.892909807e+00 -2.402170902e+02 -2.402170902e+02 -1.3434e+00 +1.1336e+00
35 0 +5.684638851e+00 +5.684638851e+00 -2.414253611e+02 -2.414253611e+02 -1.8243e+00 +1.5402e+00
36 0 +5.258988988e+00 +5.258988988e+00 -2.418510110e+02 -2.418510110e+02 -2.2673e+00 +1.9104e+00
54 0 +5.243183838e+00 +5.243183838e+00 -2.418668162e+02 -2.418668162e+02 -2.3048e+00 +1.9388e+00
64 0 +5.111712108e+00 +5.111712108e+00 -2.419982879e+02 -2.419982879e+02 -2.2549e+00 +1.8553e+00
67 0 +4.940356140e+00 +4.940356140e+00 -2.421696439e+02 -2.421696439e+02 -2.3891e+00 +1.9220e+00
68 0 +4.859746170e+00 +4.859746170e+00 -2.422502538e+02 -2.422502538e+02 -2.2749e+00 +1.7965e+00
69 0 +4.736907569e+00 +4.736907569e+00 -2.423730924e+02 -2.423730924e+02 -2.2425e+00 +1.7251e+00
70 0 +4.595017584e+00 +4.595017584e+00 -2.425149824e+02 -2.425149824e+02 -2.4062e+00 +1.8331e+00
71 0 +4.382984553e+00 +4.382984553e+00 -2.427270154e+02 -2.427270154e+02 -2.4965e+00 +1.8428e+00
72 0 +4.179226193e+00 +4.179226193e+00 -2.429307738e+02 -2.429307738e+02 -2.3500e+00 +1.6459e+00
73 0 +3.856980716e+00 +3.856980716e+00 -2.432530193e+02 -2.432530193e+02 -2.3304e+00 +1.5078e+00
74 0 +3.496590301e+00 +3.496590301e+00 -2.436134097e+02 -2.436134097e+02 -2.5845e+00 +1.6255e+00
75 0 +2.971563475e+00 +2.971563475e+00 -2.441384365e+02 -2.441384365e+02 -2.7554e+00 +1.5757e+00
76 0 +2.538440835e+00 +2.538440835e+00 -2.445715592e+02 -2.445715592e+02 -2.5893e+00 +1.2408e+00
77 0 +1.894416811e+00 +1.894416811e+00 -2.452155832e+02 -2.452155832e+02 -2.6357e+00 +9.3978e-01
78 0 +1.191357288e+00 +1.191357288e+00 -2.459186427e+02 -2.459186427e+02 -3.0607e+00 +1.0077e+00
79 0 +4.461403713e-01 +4.461403713e-01 -2.466638596e+02 -2.466638596e+02 -3.4258e+00 +7.5758e-01
80 0 +2.490031477e-01 +2.490031477e-01 -2.468609969e+02 -2.468609969e+02 -3.3061e+00 +1.2165e-01
82 0 +1.582740206e-01 +1.582740206e-01 -2.469517260e+02 -2.469517260e+02 -4.0962e+00 -6.0548e-02
85 0 +9.160456713e-02 +9.160456713e-02 -2.470183954e+02 -2.470183954e+02 -3.5635e+00 +3.9407e-01
87 0 +5.656871262e-02 +5.656871262e-02 -2.470534313e+02 -2.470534313e+02 -3.5680e+00 +1.4420e-01
89 0 +1.084498115e-02 +1.084498115e-02 -2.470991550e+02 -2.470991550e+02 -3.8310e+00 +1.0429e-01
92 0 +9.493855000e-03 +9.493855000e-03 -2.471005061e+02 -2.471005061e+02 -3.8945e+00 +2.1925e-01
95 0 +2.681801597e-03 +2.681801597e-03 -2.471073182e+02 -2.471073182e+02 -3.7471e+00 +2.1046e-01
99 0 +1.774475240e-03 +1.774475240e-03 -2.471082255e+02 -2.471082255e+02 -3.8405e+00 +2.0213e-01
101 0 +1.246462427e-04 +1.246462427e-04 -2.471098754e+02 -2.471098754e+02 -3.7902e+00 +1.9566e-01
110 0 +7.831243644e-05 +7.831243644e-05 -2.471099217e+02 -2.471099217e+02 -3.8019e+00 +2.1131e-01
112 0 +2.251129803e-05 +2.251129803e-05 -2.471099775e+02 -2.471099775e+02 -3.8021e+00 +2.0614e-01
114 0 +6.314288783e-06 +6.314288783e-06 -2.471099937e+02 -2.471099937e+02 -3.7961e+00 +2.0219e-01
118 0 +1.558319383e-06 +1.558319383e-06 -2.471099984e+02 -2.471099984e+02 -3.7995e+00 +2.0376e-01
121 0 +1.022119932e-06 +1.022119932e-06 -2.471099990e+02 -2.471099990e+02 -3.7974e+00 +2.0338e-01
123 0 +3.903149661e-07 +3.903149661e-07 -2.471099996e+02 -2.471099996e+02 -3.7987e+00 +2.0267e-01
125 0 +1.914181951e-07 +1.914181951e-07 -2.471099998e+02 -2.471099998e+02 -3.7988e+00 +2.0339e-01
127 0 +9.977344462e-08 +9.977344462e-08 -2.471099999e+02 -2.471099999e+02 -3.7981e+00 +2.0321e-01
129 0 +8.046018252e-08 +8.046018252e-08 -2.471099999e+02 -2.471099999e+02 -3.7986e+00 +2.0299e-01
131 0 +2.884027595e-08 +2.884027595e-08 -2.471100000e+02 -2.471100000e+02 -3.7986e+00 +2.0325e-01
133 0 +6.485635140e-09 +6.485635140e-09 -2.471100000e+02 -2.471100000e+02 -3.7983e+00 +2.0316e-01
% f evaluations | g evaluations | best noise-free fitness - Fopt | noise-free fitness - Fopt (-1.520400000000e+02) | measured fitness | best measured fitness | x1 | x2...
1 0 +2.099171840e+00 +2.099171840e+00 -1.499408282e+02 -1.499408282e+02 +0.0000e+00 +0.0000e+00
3 0 +2.098459902e+00 +2.098459902e+00 -1.499415401e+02 -1.499415401e+02 +0.0000e+00 +2.5000e-04
12 0 +2.087372340e+00 +2.087372340e+00 -1.499526277e+02 -1.499526277e+02 -4.0625e-03 +3.3906e-03
18 0 +2.039925229e+00 +2.039925229e+00 -1.500000748e+02 -1.500000748e+02 -2.0070e-02 +1.7283e-02
21 0 +1.965768196e+00 +1.965768196e+00 -1.500742318e+02 -1.500742318e+02 -4.7232e-02 +3.9304e-02
22 0 +1.933603856e+00 +1.933603856e+00 -1.501063961e+02 -1.501063961e+02 -5.7924e-02 +4.9297e-02
23 0 +1.876650719e+00 +1.876650719e+00 -1.501633493e+02 -1.501633493e+02 -7.8608e-02 +6.7135e-02
24 0 +1.827184799e+00 +1.827184799e+00 -1.502128152e+02 -1.502128152e+02 -9.8595e-02 +8.2823e-02
25 0 +1.737897891e+00 +1.737897891e+00 -1.503021021e+02 -1.503021021e+02 -1.3427e-01 +1.1243e-01
26 0 +1.658312119e+00 +1.658312119e+00 -1.503816879e+02 -1.503816879e+02 -1.6565e-01 +1.4026e-01
27 0 +1.522743685e+00 +1.522743685e+00 -1.505172563e+02 -1.505172563e+02 -2.2485e-01 +1.9073e-01
28 0 +1.411466537e+00 +1.411466537e+00 -1.506285335e+02 -1.506285335e+02 -2.8051e-01 +2.3602e-01
29 0 +1.230840724e+00 +1.230840724e+00 -1.508091593e+02 -1.508091593e+02 -3.8146e-01 +3.2047e-01
30 0 +1.093051334e+00 +1.093051334e+00 -1.509469487e+02 -1.509469487e+02 -4.7205e-01 +3.9877e-01
31 0 +9.176943212e-01 +9.176943212e-01 -1.511223057e+02 -1.511223057e+02 -6.4093e-01 +5.4195e-01
32 0 +8.472491104e-01 +8.472491104e-01 -1.511927509e+02 -1.511927509e+02 -7.9755e-01 +6.7168e-01
61 0 +8.305153442e-01 +8.305153442e-01 -1.512094847e+02 -1.512094847e+02 -8.4681e-01 +7.2075e-01
66 0 +8.082118381e-01 +8.082118381e-01 -1.512317882e+02 -1.512317882e+02 -8.0246e-01 +7.0170e-01
68 0 +7.819431950e-01 +7.819431950e-01 -1.512580568e+02 -1.512580568e+02 -8.1367e-01 +7.2879e-01
70 0 +7.629768159e-01 +7.629768159e-01 -1.512770232e+02 -1.512770232e+02 -7.1553e-01 +6.7435e-01
71 0 +7.332765242e-01 +7.332765242e-01 -1.513067235e+02 -1.513067235e+02 -7.2675e-01 +7.0144e-01
72 0 +7.001078655e-01 +7.001078655e-01 -1.513398921e+02 -1.513398921e+02 -6.8889e-01 +7.0131e-01
74 0 +6.509229648e-01 +6.509229648e-01 -1.513890770e+02 -1.513890770e+02 -5.6411e-01 +6.7382e-01
75 0 +6.120920324e-01 +6.120920324e-01 -1.514279080e+02 -1.514279080e+02 -4.8840e-01 +6.7356e-01
76 0 +5.863920542e-01 +5.863920542e-01 -1.514536079e+02 -1.514536079e+02 -5.8654e-01 +7.2800e-01
77 0 +5.302260830e-01 +5.302260830e-01 -1.515097739e+02 -1.515097739e+02 -5.8444e-01 +7.6857e-01
78 0 +4.803613185e-01 +4.803613185e-01 -1.515596387e+02 -1.515596387e+02 -3.8395e-01 +7.4082e-01
79 0 +4.414019326e-01 +4.414019326e-01 -1.515985981e+02 -1.515985981e+02 -2.3148e-01 +7.6058e-01
80 0 +3.267248575e-01 +3.267248575e-01 -1.517132751e+02 -1.517132751e+02 -3.2751e-01 +8.5559e-01
81 0 +2.283081050e-01 +2.283081050e-01 -1.518116919e+02 -1.518116919e+02 -2.4706e-01 +9.4661e-01
83 0 +2.174256614e-01 +2.174256614e-01 -1.518225743e+02 -1.518225743e+02 +9.0309e-02 +1.1246e+00
85 0 +8.491322726e-02 +8.491322726e-02 -1.519550868e+02 -1.519550868e+02 -2.6265e-01 +1.1326e+00
86 0 +7.007430230e-02 +7.007430230e-02 -1.519699257e+02 -1.519699257e+02 -4.4692e-01 +1.2296e+00
87 0 +2.511918006e-02 +2.511918006e-02 -1.520148808e+02 -1.520148808e+02 -1.0955e-01 +1.4077e+00
92 0 +9.989346272e-03 +9.989346272e-03 -1.520300107e+02 -1.520300107e+02 -2.0559e-01 +1.5027e+00
94 0 +1.965980975e-03 +1.965980975e-03 -1.520380340e+02 -1.520380340e+02 -3.1004e-01 +1.4354e+00
99 0 +6.764845110e-04 +6.764845110e-04 -1.520393235e+02 -1.520393235e+02 -2.4139e-01 +1.4208e+00
103 0 +3.491162643e-04 +3.491162643e-04 -1.520396509e+02 -1.520396509e+02 -2.8585e-01 +1.4228e+00
105 0 +2.073491191e-04 +2.073491191e-04 -1.520397927e+02 -1.520397927e+02 -2.7277e-01 +1.4107e+00
107 0 +7.401628824e-05 +7.401628824e-05 -1.520399260e+02 -1.520399260e+02 -2.6035e-01 +1.4188e+00
110 0 +1.993201138e-05 +1.993201138e-05 -1.520399801e+02 -1.520399801e+02 -2.6378e-01 +1.4269e+00
113 0 +1.389187545e-05 +1.389187545e-05 -1.520399861e+02 -1.520399861e+02 -2.6913e-01 +1.4208e+00
115 0 +1.092867657e-05 +1.092867657e-05 -1.520399891e+02 -1.520399891e+02 -2.6951e-01 +1.4264e+00
117 0 +1.931649678e-06 +1.931649678e-06 -1.520399981e+02 -1.520399981e+02 -2.6655e-01 +1.4252e+00
121 0 +9.767375104e-07 +9.767375104e-07 -1.520399990e+02 -1.520399990e+02 -2.6659e-01 +1.4232e+00
123 0 +1.981291859e-07 +1.981291859e-07 -1.520399998e+02 -1.520399998e+02 -2.6758e-01 +1.4238e+00
129 0 +3.062001497e-08 +3.062001497e-08 -1.520400000e+02 -1.520400000e+02 -2.6703e-01 +1.4240e+00
134 0 +1.135038019e-08 +1.135038019e-08 -1.520400000e+02 -1.520400000e+02 -2.6725e-01 +1.4241e+00
137 0 +3.605975962e-09 +3.605975962e-09 -1.520400000e+02 -1.520400000e+02 -2.6723e-01 +1.4239e+00
% f evaluations | g evaluations | best noise-free fitness - Fopt | noise-free fitness - Fopt (-2.525000000000e+01) | measured fitness | best measured fitness | x1 | x2...
1 0 +1.346736640e+01 +1.346736640e+01 -1.178263360e+01 -1.178263360e+01 +0.0000e+00 +0.0000e+00
2 0 +1.346555926e+01 +1.346555926e+01 -1.178444074e+01 -1.178444074e+01 +2.5000e-04 +0.0000e+00
21 0 +1.317446629e+01 +1.317446629e+01 -1.207553371e+01 -1.207553371e+01 +3.9304e-02 +8.1782e-03
24 0 +1.285542070e+01 +1.285542070e+01 -1.239457930e+01 -1.239457930e+01 +8.2823e-02 +1.6022e-02
26 0 +1.244124123e+01 +1.244124123e+01 -1.280875877e+01 -1.280875877e+01 +1.4026e-01 +2.5639e-02
27 0 +1.208250080e+01 +1.208250080e+01 -1.316749920e+01 -1.316749920e+01 +1.9073e-01 +3.4369e-02
28 0 +1.176207533e+01 +1.176207533e+01 -1.348792467e+01 -1.348792467e+01 +2.3602e-01 +4.4739e-02
29 0 +1.117941556e+01 +1.117941556e+01 -1.407058444e+01 -1.407058444e+01 +3.2047e-01 +6.1246e-02
30 0 +1.065573555e+01 +1.065573555e+01 -1.459426445e+01 -1.459426445e+01 +3.9877e-01 +7.3523e-02
31 0 +9.727221339e+00 +9.727221339e+00 -1.552277866e+01 -1.552277866e+01 +5.4195e-01 +9.9237e-02
32 0 +8.918753157e+00 +8.918753157e+00 -1.633124684e+01 -1.633124684e+01 +6.7168e-01 +1.2611e-01
33 0 +7.516677471e+00 +7.516677471e+00 -1.773332253e+01 -1.773332253e+01 +9.1216e-01 +1.7199e-01
34 0 +6.334992979e+00 +6.334992979e+00 -1.891500702e+01 -1.891500702e+01 +1.1336e+00 +2.0998e-01
35 0 +4.425307683e+00 +4.425307683e+00 -2.082469232e+01 -2.082469232e+01 +1.5402e+00 +2.8434e-01
36 0 +2.980841942e+00 +2.980841942e+00 -2.226915806e+01 -2.226915806e+01 +1.9104e+00 +3.5709e-01
37 0 +1.062087180e+00 +1.062087180e+00 -2.418791282e+01 -2.418791282e+01 +2.5947e+00 +4.8602e-01
38 0 +1.547505073e-01 +1.547505073e-01 -2.509524949e+01 -2.509524949e+01 +3.2227e+00 +5.9838e-01
44 0 +1.903624997e-02 +1.903624997e-02 -2.523096375e+01 -2.523096375e+01 +3.7374e+00 +6.9777e-01
47 0 +1.502553588e-02 +1.502553588e-02 -2.523497446e+01 -2.523497446e+01 +3.4927e+00 +6.4951e-01
49 0 +7.909258673e-03 +7.909258673e-03 -2.524209074e+01 -2.524209074e+01 +3.5286e+00 +6.5870e-01
51 0 +1.752054209e-03 +1.752054209e-03 -2.524824795e+01 -2.524824795e+01 +3.6240e+00 +6.7594e-01
58 0 +1.670374257e-03 +1.670374257e-03 -2.524832963e+01 -2.524832963e+01 +3.6185e+00 +6.7587e-01
60 0 +1.534478918e-03 +1.534478918e-03 -2.524846552e+01 -2.524846552e+01 +3.6033e+00 +6.7276e-01
65 0 +1.505260600e-03 +1.505260600e-03 -2.524849474e+01 -2.524849474e+01 +3.6101e+00 +6.7376e-01
67 0 +1.451411745e-03 +1.451411745e-03 -2.524854859e+01 -2.524854859e+01 +3.6051e+00 +6.7215e-01
68 0 +1.430949472e-03 +1.430949472e-03 -2.524856905e+01 -2.524856905e+01 +3.6021e+00 +6.7098e-01
69 0 +1.368686460e-03 +1.368686460e-03 -2.524863131e+01 -2.524863131e+01 +3.6118e+00 +6.7211e-01
70 0 +1.340963072e-03 +1.340963072e-03 -2.524865904e+01 -2.524865904e+01 +3.6161e+00 +6.7178e-01
71 0 +1.217655468e-03 +1.217655468e-03 -2.524878234e+01 -2.524878234e+01 +3.6052e+00 +6.6887e-01
72 0 +1.141132597e-03 +1.141132597e-03 -2.524885887e+01 -2.524885887e+01 +3.6014e+00 +6.6636e-01
73 0 +1.022364015e-03 +1.022364015e-03 -2.524897764e+01 -2.524897764e+01 +3.6153e+00 +6.6716e-01
74 0 +9.601699794e-04 +9.601699794e-04 -2.524903983e+01 -2.524903983e+01 +3.6220e+00 +6.6525e-01
75 0 +6.585457127e-04 +6.585457127e-04 -2.524934145e+01 -2.524934145e+01 +3.6072e+00 +6.5983e-01
76 0 +4.838716849e-04 +4.838716849e-04 -2.524951613e+01 -2.524951613e+01 +3.6027e+00 +6.5386e-01
77 0 +3.881056885e-04 +3.881056885e-04 -2.524961189e+01 -2.524961189e+01 +3.6233e+00 +6.5275e-01
79 0 +1.430829056e-04 +1.430829056e-04 -2.524985692e+01 -2.524985692e+01 +3.6041e+00 +6.4136e-01
81 0 +1.325135304e-04 +1.325135304e-04 -2.524986749e+01 -2.524986749e+01 +3.6247e+00 +6.4025e-01
83 0 +1.187662591e-04 +1.187662591e-04 -2.524988123e+01 -2.524988123e+01 +3.6055e+00 +6.2885e-01
86 0 +3.021059165e-05 +3.021059165e-05 -2.524996979e+01 -2.524996979e+01 +3.6096e+00 +6.3795e-01
88 0 +5.772804133e-06 +5.772804133e-06 -2.524999423e+01 -2.524999423e+01 +3.6162e+00 +6.3683e-01
94 0 +1.460115794e-06 +1.460115794e-06 -2.524999854e+01 -2.524999854e+01 +3.6156e+00 +6.3509e-01
96 0 +1.020588680e-06 +1.020588680e-06 -2.524999898e+01 -2.524999898e+01 +3.6135e+00 +6.3561e-01
98 0 +8.104706488e-07 +8.104706488e-07 -2.524999919e+01 -2.524999919e+01 +3.6137e+00 +6.3461e-01
100 0 +5.143329673e-08 +5.143329673e-08 -2.524999995e+01 -2.524999995e+01 +3.6146e+00 +6.3510e-01
108 0 +1.162024788e-08 +1.162024788e-08 -2.524999999e+01 -2.524999999e+01 +3.6144e+00 +6.3531e-01
110 0 +3.978449570e-09 +3.978449570e-09 -2.525000000e+01 -2.525000000e+01 +3.6143e+00 +6.3522e-01
% f evaluations | g evaluations | best noise-free fitness - Fopt | noise-free fitness - Fopt (1.830100000000e+02) | measured fitness | best measured fitness | x1 | x2...
1 0 +1.419234624e+01 +1.419234624e+01 +1.972023462e+02 +1.972023462e+02 +0.0000e+00 +0.0000e+00
3 0 +1.419079470e+01 +1.419079470e+01 +1.972007947e+02 +1.972007947e+02 +0.0000e+00 +2.5000e-04
15 0 +1.410167827e+01 +1.410167827e+01 +1.971116783e+02 +1.971116783e+02 -9.2344e-03 +8.2773e-03
21 0 +1.375040747e+01 +1.375040747e+01 +1.967604075e+02 +1.967604075e+02 -4.7232e-02 +3.9304e-02
23 0 +1.345055379e+01 +1.345055379e+01 +1.964605538e+02 +1.964605538e+02 -7.8608e-02 +6.7135e-02
25 0 +1.295165798e+01 +1.295165798e+01 +1.959616580e+02 +1.959616580e+02 -1.3427e-01 +1.1243e-01
26 0 +1.266133601e+01 +1.266133601e+01 +1.956713360e+02 +1.956713360e+02 -1.6565e-01 +1.4026e-01
27 0 +1.213495988e+01 +1.213495988e+01 +1.951449599e+02 +1.951449599e+02 -2.2485e-01 +1.9073e-01
28 0 +1.166353975e+01 +1.166353975e+01 +1.946735397e+02 +1.946735397e+02 -2.8051e-01 +2.3602e-01
29 0 +1.082199900e+01 +1.082199900e+01 +1.938319990e+02 +1.938319990e+02 -3.8146e-01 +3.2047e-01
30 0 +1.008266571e+01 +1.008266571e+01 +1.930926657e+02 +1.930926657e+02 -4.7205e-01 +3.9877e-01
31 0 +8.795235844e+00 +8.795235844e+00 +1.918052358e+02 +1.918052358e+02 -6.4093e-01 +5.4195e-01
32 0 +7.703732720e+00 +7.703732720e+00 +1.907137327e+02 +1.907137327e+02 -7.9755e-01 +6.7168e-01
33 0 +5.907589657e+00 +5.907589657e+00 +1.889175897e+02 +1.889175897e+02 -1.0839e+00 +9.1216e-01
34 0 +4.507442674e+00 +4.507442674e+00 +1.875174427e+02 +1.875174427e+02 -1.3434e+00 +1.1336e+00
35 0 +2.540041141e+00 +2.540041141e+00 +1.855500411e+02 +1.855500411e+02 -1.8243e+00 +1.5402e+00
36 0 +1.439922695e+00 +1.439922695e+00 +1.844499227e+02 +1.844499227e+02 -2.2673e+00 +1.9104e+00
37 0 +1.150575737e+00 +1.150575737e+00 +1.841605757e+02 +1.841605757e+02 -3.0804e+00 +2.5947e+00
43 0 +1.045316888e+00 +1.045316888e+00 +1.840553169e+02 +1.840553169e+02 -2.9550e+00 +2.4912e+00
45 0 +9.941166832e-01 +9.941166832e-01 +1.840041167e+02 +1.840041167e+02 -2.7421e+00 +2.3115e+00
71 0 +9.742165571e-01 +9.742165571e-01 +1.839842166e+02 +1.839842166e+02 -2.7607e+00 +2.3391e+00
75 0 +9.448926403e-01 +9.448926403e-01 +1.839548926e+02 +1.839548926e+02 -2.7536e+00 +2.3525e+00
77 0 +9.222239217e-01 +9.222239217e-01 +1.839322239e+02 +1.839322239e+02 -2.8244e+00 +2.4336e+00
78 0 +8.969064328e-01 +8.969064328e-01 +1.839069064e+02 +1.839069064e+02 -2.7676e+00 +2.3975e+00
79 0 +8.641050718e-01 +8.641050718e-01 +1.838741051e+02 +1.838741051e+02 -2.7462e+00 +2.4020e+00
80 0 +8.484133377e-01 +8.484133377e-01 +1.838584133e+02 +1.838584133e+02 -2.8170e+00 +2.4830e+00
81 0 +8.159714395e-01 +8.159714395e-01 +1.838259714e+02 +1.838259714e+02 -2.8488e+00 +2.5483e+00
82 0 +7.467801519e-01 +7.467801519e-01 +1.837567802e+02 +1.837567802e+02 -2.7706e+00 +2.5167e+00
83 0 +6.663987346e-01 +6.663987346e-01 +1.836763987e+02 +1.836763987e+02 -2.7437e+00 +2.5582e+00
85 0 +6.393310703e-01 +6.393310703e-01 +1.836493311e+02 +1.836493311e+02 -2.8963e+00 +2.8558e+00
86 0 +4.858453540e-01 +4.858453540e-01 +1.834958454e+02 +1.834958454e+02 -2.7913e+00 +2.8657e+00
87 0 +3.988075309e-01 +3.988075309e-01 +1.834088075e+02 +1.834088075e+02 -2.7626e+00 +3.0244e+00
91 0 +2.509078193e-01 +2.509078193e-01 +1.832609078e+02 +1.832609078e+02 -2.6288e+00 +3.1929e+00
92 0 +1.522434691e-01 +1.522434691e-01 +1.831622435e+02 +1.831622435e+02 -2.5070e+00 +3.2239e+00
94 0 +2.149799388e-02 +2.149799388e-02 +1.830314980e+02 +1.830314980e+02 -2.2755e+00 +3.1482e+00
98 0 +9.398142117e-03 +9.398142117e-03 +1.830193981e+02 +1.830193981e+02 -2.0441e+00 +3.0725e+00
103 0 +3.384972266e-03 +3.384972266e-03 +1.830133850e+02 +1.830133850e+02 -2.1713e+00 +3.1495e+00
105 0 +3.005083655e-03 +3.005083655e-03 +1.830130051e+02 +1.830130051e+02 -2.1165e+00 +3.0520e+00
107 0 +2.041747132e-03 +2.041747132e-03 +1.830120417e+02 +1.830120417e+02 -2.0940e+00 +3.0866e+00
109 0 +4.324983288e-05 +4.324983288e-05 +1.830100432e+02 +1.830100432e+02 -2.1383e+00 +3.1094e+00
120 0 +1.211002939e-05 +1.211002939e-05 +1.830100121e+02 +1.830100121e+02 -2.1332e+00 +3.1052e+00
122 0 +2.304290035e-06 +2.304290035e-06 +1.830100023e+02 +1.830100023e+02 -2.1369e+00 +3.1020e+00
128 0 +2.254238325e-06 +2.254238325e-06 +1.830100023e+02 +1.830100023e+02 -2.1356e+00 +3.1018e+00
130 0 +1.792050170e-07 +1.792050170e-07 +1.830100002e+02 +1.830100002e+02 -2.1356e+00 +3.1033e+00
135 0 +1.036117396e-07 +1.036117396e-07 +1.830100001e+02 +1.830100001e+02 -2.1361e+00 +3.1029e+00
137 0 +5.355320809e-08 +5.355320809e-08 +1.830100001e+02 +1.830100001e+02 -2.1360e+00 +3.1034e+00
139 0 +3.266876547e-08 +3.266876547e-08 +1.830100000e+02 +1.830100000e+02 -2.1358e+00 +3.1032e+00
141 0 +8.862400591e-09 +8.862400591e-09 +1.830100000e+02 +1.830100000e+02 -2.1360e+00 +3.1031e+00
% f evaluations | g evaluations | best noise-free fitness - Fopt | noise-free fitness - Fopt (1.835200000000e+02) | measured fitness | best measured fitness | x1 | x2...
1 0 +1.553667712e+01 +1.553667712e+01 +1.990566771e+02 +1.990566771e+02 +0.0000e+00 +0.0000e+00
4 0 +1.553471724e+01 +1.553471724e+01 +1.990547172e+02 +1.990547172e+02 +2.5000e-04 -2.5000e-04
14 0 +1.548331042e+01 +1.548331042e+01 +1.990033104e+02 +1.990033104e+02 +1.0234e-03 -6.7813e-03
22 0 +1.508386942e+01 +1.508386942e+01 +1.986038694e+02 +1.986038694e+02 +8.8765e-03 -5.7924e-02
24 0 +1.477010496e+01 +1.477010496e+01 +1.982901050e+02 +1.982901050e+02 +1.6022e-02 -9.8595e-02
26 0 +1.426006754e+01 +1.426006754e+01 +1.977800675e+02 +1.977800675e+02 +2.5639e-02 -1.6565e-01
27 0 +1.381735334e+01 +1.381735334e+01 +1.973373533e+02 +1.973373533e+02 +3.4369e-02 -2.2485e-01
28 0 +1.340796647e+01 +1.340796647e+01 +1.969279665e+02 +1.969279665e+02 +4.4739e-02 -2.8051e-01
29 0 +1.268143369e+01 +1.268143369e+01 +1.962014337e+02 +1.962014337e+02 +6.1246e-02 -3.8146e-01
30 0 +1.204685312e+01 +1.204685312e+01 +1.955668531e+02 +1.955668531e+02 +7.3523e-02 -4.7205e-01
31 0 +1.090899430e+01 +1.090899430e+01 +1.944289943e+02 +1.944289943e+02 +9.9237e-02 -6.4093e-01
32 0 +9.906889148e+00 +9.906889148e+00 +1.934268891e+02 +1.934268891e+02 +1.2611e-01 -7.9755e-01
33 0 +8.203955077e+00 +8.203955077e+00 +1.917239551e+02 +1.917239551e+02 +1.7199e-01 -1.0839e+00
34 0 +6.804450468e+00 +6.804450468e+00 +1.903244505e+02 +1.903244505e+02 +2.0998e-01 -1.3434e+00
35 0 +4.576490724e+00 +4.576490724e+00 +1.880964907e+02 +1.880964907e+02 +2.8434e-01 -1.8243e+00
36 0 +2.946766360e+00 +2.946766360e+00 +1.864667664e+02 +1.864667664e+02 +3.5709e-01 -2.2673e+00
37 0 +9.992607370e-01 +9.992607370e-01 +1.845192607e+02 +1.845192607e+02 +4.8602e-01 -3.0804e+00
38 0 +3.989453562e-01 +3.989453562e-01 +1.839189454e+02 +1.839189454e+02 +5.9838e-01 -3.8209e+00
54 0 +3.975049004e-01 +3.975049004e-01 +1.839175049e+02 +1.839175049e+02 +5.9756e-01 -3.8226e+00
64 0 +3.862559042e-01 +3.862559042e-01 +1.839062559e+02 +1.839062559e+02 +5.9100e-01 -3.8368e+00
67 0 +3.786292077e-01 +3.786292077e-01 +1.838986292e+02 +1.838986292e+02 +5.7044e-01 -3.7739e+00
69 0 +3.656852845e-01 +3.656852845e-01 +1.838856853e+02 +1.838856853e+02 +5.7305e-01 -3.8317e+00
70 0 +3.594386984e-01 +3.594386984e-01 +1.838794387e+02 +1.838794387e+02 +5.5249e-01 -3.7688e+00
71 0 +3.506110293e-01 +3.506110293e-01 +1.838706110e+02 +1.838706110e+02 +5.3324e-01 -3.7348e+00
72 0 +3.329517710e-01 +3.329517710e-01 +1.838529518e+02 +1.838529518e+02 +5.3585e-01 -3.7926e+00
73 0 +3.112723108e-01 +3.112723108e-01 +1.838312723e+02 +1.838312723e+02 +5.1856e-01 -3.8020e+00
74 0 +3.063056642e-01 +3.063056642e-01 +1.838263057e+02 +1.838263057e+02 +4.7875e-01 -3.7050e+00
75 0 +2.953203673e-01 +2.953203673e-01 +1.838153204e+02 +1.838153204e+02 +4.3160e-01 -3.6417e+00
76 0 +2.464638773e-01 +2.464638773e-01 +1.837664639e+02 +1.837664639e+02 +4.1691e-01 -3.7089e+00
77 0 +2.050446470e-01 +2.050446470e-01 +1.837250446e+02 +1.837250446e+02 +3.5875e-01 -3.6959e+00
79 0 +1.723998363e-01 +1.723998363e-01 +1.836923998e+02 +1.836923998e+02 +1.9894e-01 -3.5898e+00
80 0 +1.535569534e-01 +1.535569534e-01 +1.836735570e+02 +1.836735570e+02 +8.2613e-02 -3.5638e+00
81 0 +8.385710822e-02 +8.385710822e-02 +1.836038571e+02 +1.836038571e+02 +1.6958e-01 -3.7241e+00
82 0 +3.481664126e-02 +3.481664126e-02 +1.835548166e+02 +1.835548166e+02 +1.1847e-01 -3.8183e+00
84 0 +1.004263740e-02 +1.004263740e-02 +1.835300426e+02 +1.835300426e+02 -1.2181e-01 -3.9408e+00
89 0 +7.655900948e-03 +7.655900948e-03 +1.835276559e+02 +1.835276559e+02 +4.7865e-02 -3.8884e+00
91 0 +1.718178630e-03 +1.718178630e-03 +1.835217182e+02 +1.835217182e+02 +1.9678e-02 -3.9454e+00
93 0 +6.657290022e-04 +6.657290022e-04 +1.835206657e+02 +1.835206657e+02 -4.4019e-02 -3.9288e+00
97 0 +1.111582932e-04 +1.111582932e-04 +1.835201112e+02 +1.835201112e+02 -1.1713e-02 -3.9453e+00
103 0 +3.964001002e-05 +3.964001002e-05 +1.835200396e+02 +1.835200396e+02 -1.6542e-02 -3.9379e+00
105 0 +8.584401314e-06 +8.584401314e-06 +1.835200086e+02 +1.835200086e+02 -2.3911e-02 -3.9398e+00
110 0 +3.386712365e-06 +3.386712365e-06 +1.835200034e+02 +1.835200034e+02 -1.9797e-02 -3.9420e+00
112 0 +1.692169263e-06 +1.692169263e-06 +1.835200017e+02 +1.835200017e+02 -2.2596e-02 -3.9424e+00
114 0 +1.268706995e-06 +1.268706995e-06 +1.835200013e+02 +1.835200013e+02 -2.2554e-02 -3.9410e+00
116 0 +2.307644991e-07 +2.307644991e-07 +1.835200002e+02 +1.835200002e+02 -2.1186e-02 -3.9418e+00
123 0 +6.412221865e-09 +6.412221865e-09 +1.835200000e+02 +1.835200000e+02 -2.1679e-02 -3.9416e+00
% f evaluations | g evaluations | best noise-free fitness - Fopt | noise-free fitness - Fopt (-5.938400000000e+02) | measured fitness | best measured fitness | x1 | x2...
1 0 +6.611755520e+00 +6.611755520e+00 -5.872282445e+02 -5.872282445e+02 +0.0000e+00 +0.0000e+00
3 0 +6.611708382e+00 +6.611708382e+00 -5.872282916e+02 -5.872282916e+02 +0.0000e+00 +2.5000e-04
8 0 +6.605133611e+00 +6.605133611e+00 -5.872348664e+02 -5.872348664e+02 -1.2500e-03 +1.0625e-03
20 0 +6.430677465e+00 +6.430677465e+00 -5.874093225e+02 -5.874093225e+02 -3.4566e-02 +2.8962e-02
23 0 +6.205782565e+00 +6.205782565e+00 -5.876342174e+02 -5.876342174e+02 -7.8608e-02 +6.7135e-02
24 0 +6.106001100e+00 +6.106001100e+00 -5.877339989e+02 -5.877339989e+02 -9.8595e-02 +8.2823e-02
25 0 +5.931161795e+00 +5.931161795e+00 -5.879088382e+02 -5.879088382e+02 -1.3427e-01 +1.1243e-01
26 0 +5.781102319e+00 +5.781102319e+00 -5.880588977e+02 -5.880588977e+02 -1.6565e-01 +1.4026e-01
27 0 +5.507126210e+00 +5.507126210e+00 -5.883328738e+02 -5.883328738e+02 -2.2485e-01 +1.9073e-01
28 0 +5.259981119e+00 +5.259981119e+00 -5.885800189e+02 -5.885800189e+02 -2.8051e-01 +2.3602e-01
29 0 +4.839046674e+00 +4.839046674e+00 -5.890009533e+02 -5.890009533e+02 -3.8146e-01 +3.2047e-01
30 0 +4.492375905e+00 +4.492375905e+00 -5.893476241e+02 -5.893476241e+02 -4.7205e-01 +3.9877e-01
31 0 +3.920049226e+00 +3.920049226e+00 -5.899199508e+02 -5.899199508e+02 -6.4093e-01 +5.4195e-01
32 0 +3.473427440e+00 +3.473427440e+00 -5.903665726e+02 -5.903665726e+02 -7.9755e-01 +6.7168e-01
33 0 +2.876048571e+00 +2.876048571e+00 -5.909639514e+02 -5.909639514e+02 -1.0839e+00 +9.1216e-01
34 0 +2.583667299e+00 +2.583667299e+00 -5.912563327e+02 -5.912563327e+02 -1.3434e+00 +1.1336e+00
40 0 +2.507001163e+00 +2.507001163e+00 -5.913329988e+02 -5.913329988e+02 -1.5601e+00 +1.3142e+00
56 0 +2.438476842e+00 +2.438476842e+00 -5.914015232e+02 -5.914015232e+02 -1.6079e+00 +1.3247e+00
58 0 +2.392716537e+00 +2.392716537e+00 -5.914472835e+02 -5.914472835e+02 -1.5418e+00 +1.2504e+00
60 0 +2.303951404e+00 +2.303951404e+00 -5.915360486e+02 -5.915360486e+02 -1.6269e+00 +1.2840e+00
61 0 +2.261716444e+00 +2.261716444e+00 -5.915782836e+02 -5.915782836e+02 -1.5608e+00 +1.2098e+00
62 0 +2.184899882e+00 +2.184899882e+00 -5.916551001e+02 -5.916551001e+02 -1.5373e+00 +1.1523e+00
63 0 +2.088766591e+00 +2.088766591e+00 -5.917512334e+02 -5.917512334e+02 -1.6223e+00 +1.1859e+00
64 0 +1.944772793e+00 +1.944772793e+00 -5.918952272e+02 -5.918952272e+02 -1.6626e+00 +1.1537e+00
65 0 +1.853648625e+00 +1.853648625e+00 -5.919863514e+02 -5.919863514e+02 -1.5730e+00 +1.0220e+00
66 0 +1.682171741e+00 +1.682171741e+00 -5.921578283e+02 -5.921578283e+02 -1.5460e+00 +8.9097e-01
67 0 +1.443521734e+00 +1.443521734e+00 -5.923964783e+02 -5.923964783e+02 -1.6714e+00 +8.9236e-01
68 0 +1.137006490e+00 +1.137006490e+00 -5.927029935e+02 -5.927029935e+02 -1.7385e+00 +7.6238e-01
69 0 +1.062347228e+00 +1.062347228e+00 -5.927776528e+02 -5.927776528e+02 -1.6219e+00 +4.9965e-01
70 0 +9.432114448e-01 +9.432114448e-01 -5.928967886e+02 -5.928967886e+02 -1.6016e+00 +1.7262e-01
71 0 +6.041432608e-01 +6.041432608e-01 -5.932358567e+02 -5.932358567e+02 -1.7940e+00 +4.4040e-02
75 0 +4.795007809e-01 +4.795007809e-01 -5.933604992e+02 -5.933604992e+02 -1.9105e+00 +3.0677e-01
76 0 +3.327280417e-01 +3.327280417e-01 -5.935072720e+02 -5.935072720e+02 -2.0650e+00 +3.7385e-01
77 0 +1.963486523e-01 +1.963486523e-01 -5.936436513e+02 -5.936436513e+02 -2.1408e+00 -1.7470e-02
78 0 +1.616949705e-01 +1.616949705e-01 -5.936783050e+02 -5.936783050e+02 -2.3522e+00 -2.4388e-01
79 0 +2.947515774e-03 +2.947515774e-03 -5.938370525e+02 -5.938370525e+02 -2.6232e+00 +8.5923e-02
93 0 +6.215159063e-04 +6.215159063e-04 -5.938393785e+02 -5.938393785e+02 -2.5491e+00 +1.0865e-01
98 0 +1.535792932e-04 +1.535792932e-04 -5.938398464e+02 -5.938398464e+02 -2.5639e+00 +8.3386e-02
101 0 +5.082122198e-05 +5.082122198e-05 -5.938399492e+02 -5.938399492e+02 -2.5751e+00 +9.8971e-02
105 0 +2.525494892e-05 +2.525494892e-05 -5.938399747e+02 -5.938399747e+02 -2.5656e+00 +9.1415e-02
109 0 +5.699219855e-06 +5.699219855e-06 -5.938399943e+02 -5.938399943e+02 -2.5701e+00 +9.6728e-02
114 0 +3.342624268e-06 +3.342624268e-06 -5.938399967e+02 -5.938399967e+02 -2.5700e+00 +9.2610e-02
116 0 +9.495130371e-07 +9.495130371e-07 -5.938399991e+02 -5.938399991e+02 -2.5690e+00 +9.3603e-02
118 0 +3.149739314e-07 +3.149739314e-07 -5.938399997e+02 -5.938399997e+02 -2.5698e+00 +9.4917e-02
122 0 +1.230046109e-07 +1.230046109e-07 -5.938399999e+02 -5.938399999e+02 -2.5693e+00 +9.4302e-02
125 0 +3.933450898e-08 +3.933450898e-08 -5.938400000e+02 -5.938400000e+02 -2.5697e+00 +9.4568e-02
127 0 +2.427589152e-08 +2.427589152e-08 -5.938400000e+02 -5.938400000e+02 -2.5697e+00 +9.4285e-02
129 0 +1.468754363e-08 +1.468754363e-08 -5.938400000e+02 -5.938400000e+02 -2.5695e+00 +9.4364e-02
131 0 +4.633875506e-09 +4.633875506e-09 -5.938400000e+02 -5.938400000e+02 -2.5697e+00 +9.4446e-02
% f evaluations | g evaluations | best noise-free fitness - Fopt | noise-free fitness - Fopt (-1.000000000000e+03) | measured fitness | best measured fitness | x1 | x2...
1 0 +2.961425408e+01 +2.961425408e+01 -9.703857459e+02 -9.703857459e+02 +0.0000e+00 +0.0000e+00
3 0 +2.961232774e+01 +2.961232774e+01 -9.703876723e+02 -9.703876723e+02 +0.0000e+00 +2.5000e-04
15 0 +2.947964687e+01 +2.947964687e+01 -9.705203531e+02 -9.705203531e+02 -9.2344e-03 +8.2773e-03
22 0 +2.879494800e+01 +2.879494800e+01 -9.712050520e+02 -9.712050520e+02 -5.7924e-02 +4.9297e-02
25 0 +2.774656905e+01 +2.774656905e+01 -9.722534309e+02 -9.722534309e+02 -1.3427e-01 +1.1243e-01
26 0 +2.730739372e+01 +2.730739372e+01 -9.726926063e+02 -9.726926063e+02 -1.6565e-01 +1.4026e-01
27 0 +2.650319015e+01 +2.650319015e+01 -9.734968098e+02 -9.734968098e+02 -2.2485e-01 +1.9073e-01
28 0 +2.577382184e+01 +2.577382184e+01 -9.742261782e+02 -9.742261782e+02 -2.8051e-01 +2.3602e-01
29 0 +2.446099252e+01 +2.446099252e+01 -9.755390075e+02 -9.755390075e+02 -3.8146e-01 +3.2047e-01
30 0 +2.329497844e+01 +2.329497844e+01 -9.767050216e+02 -9.767050216e+02 -4.7205e-01 +3.9877e-01
31 0 +2.121624939e+01 +2.121624939e+01 -9.787837506e+02 -9.787837506e+02 -6.4093e-01 +5.4195e-01
32 0 +1.939550952e+01 +1.939550952e+01 -9.806044905e+02 -9.806044905e+02 -7.9755e-01 +6.7168e-01
33 0 +1.626113971e+01 +1.626113971e+01 -9.837388603e+02 -9.837388603e+02 -1.0839e+00 +9.1216e-01
34 0 +1.364301276e+01 +1.364301276e+01 -9.863569872e+02 -9.863569872e+02 -1.3434e+00 +1.1336e+00
35 0 +9.423899510e+00 +9.423899510e+00 -9.905761005e+02 -9.905761005e+02 -1.8243e+00 +1.5402e+00
36 0 +6.256317571e+00 +6.256317571e+00 -9.937436824e+02 -9.937436824e+02 -2.2673e+00 +1.9104e+00
37 0 +2.164661275e+00 +2.164661275e+00 -9.978353387e+02 -9.978353387e+02 -3.0804e+00 +2.5947e+00
38 0 +3.974692730e-01 +3.974692730e-01 -9.996025307e+02 -9.996025307e+02 -3.8209e+00 +3.2227e+00
44 0 +3.634225402e-01 +3.634225402e-01 -9.996365775e+02 -9.996365775e+02 -4.4349e+00 +3.7374e+00
46 0 +2.653199065e-01 +2.653199065e-01 -9.997346801e+02 -9.997346801e+02 -4.3095e+00 +3.6339e+00
48 0 +2.230609803e-01 +2.230609803e-01 -9.997769390e+02 -9.997769390e+02 -4.0965e+00 +3.4542e+00
54 0 +2.187095157e-01 +2.187095157e-01 -9.997812905e+02 -9.997812905e+02 -4.1462e+00 +3.4966e+00
68 0 +2.112927424e-01 +2.112927424e-01 -9.997887073e+02 -9.997887073e+02 -4.1197e+00 +3.4856e+00
69 0 +2.085117431e-01 +2.085117431e-01 -9.997914883e+02 -9.997914883e+02 -4.1113e+00 +3.4832e+00
72 0 +2.010340594e-01 +2.010340594e-01 -9.997989659e+02 -9.997989659e+02 -4.0614e+00 +3.4611e+00
73 0 +1.976253469e-01 +1.976253469e-01 -9.998023747e+02 -9.998023747e+02 -4.0941e+00 +3.4858e+00
74 0 +1.917166099e-01 +1.917166099e-01 -9.998082834e+02 -9.998082834e+02 -4.1019e+00 +3.4995e+00
75 0 +1.844564498e-01 +1.844564498e-01 -9.998155436e+02 -9.998155436e+02 -4.0520e+00 +3.4775e+00
76 0 +1.750891712e-01 +1.750891712e-01 -9.998249108e+02 -9.998249108e+02 -4.0224e+00 +3.4747e+00
77 0 +1.636513028e-01 +1.636513028e-01 -9.998363487e+02 -9.998363487e+02 -4.0628e+00 +3.5131e+00
78 0 +1.469853831e-01 +1.469853831e-01 -9.998530146e+02 -9.998530146e+02 -4.0635e+00 +3.5390e+00
79 0 +1.344930142e-01 +1.344930142e-01 -9.998655070e+02 -9.998655070e+02 -3.9840e+00 +3.5142e+00
80 0 +1.164631939e-01 +1.164631939e-01 -9.998835368e+02 -9.998835368e+02 -3.9251e+00 +3.5215e+00
81 0 +8.638123831e-02 +8.638123831e-02 -9.999136188e+02 -9.999136188e+02 -3.9662e+00 +3.5859e+00
82 0 +5.366834051e-02 +5.366834051e-02 -9.999463317e+02 -9.999463317e+02 -3.9382e+00 +3.6415e+00
84 0 +1.277555782e-02 +1.277555782e-02 -9.999872244e+02 -9.999872244e+02 -3.8128e+00 +3.7439e+00
85 0 +7.496014458e-03 +7.496014458e-03 -9.999925040e+02 -9.999925040e+02 -3.7567e+00 +3.8552e+00
86 0 +3.090612870e-03 +3.090612870e-03 -9.999969094e+02 -9.999969094e+02 -3.8951e+00 +3.8727e+00
91 0 +2.093921773e-03 +2.093921773e-03 -9.999979061e+02 -9.999979061e+02 -3.8539e+00 +3.8083e+00
93 0 +7.869196183e-04 +7.869196183e-04 -9.999992131e+02 -9.999992131e+02 -3.8156e+00 +3.8478e+00
95 0 +4.783911552e-04 +4.783911552e-04 -9.999995216e+02 -9.999995216e+02 -3.8649e+00 +3.8504e+00
97 0 +3.748010005e-04 +3.748010005e-04 -9.999996252e+02 -9.999996252e+02 -3.8334e+00 +3.8695e+00
99 0 +1.181418776e-04 +1.181418776e-04 -9.999998819e+02 -9.999998819e+02 -3.8324e+00 +3.8539e+00
101 0 +4.327435022e-05 +4.327435022e-05 -9.999999567e+02 -9.999999567e+02 -3.8489e+00 +3.8560e+00
103 0 +2.715800633e-05 +2.715800633e-05 -9.999999728e+02 -9.999999728e+02 -3.8443e+00 +3.8477e+00
105 0 +1.376642513e-05 +1.376642513e-05 -9.999999862e+02 -9.999999862e+02 -3.8395e+00 +3.8529e+00
107 0 +4.979370487e-06 +4.979370487e-06 -9.999999950e+02 -9.999999950e+02 -3.8454e+00 +3.8532e+00
111 0 +1.826887797e-06 +1.826887797e-06 -9.999999982e+02 -9.999999982e+02 -3.8419e+00 +3.8523e+00
113 0 +1.648910143e-06 +1.648910143e-06 -9.999999984e+02 -9.999999984e+02 -3.8435e+00 +3.8516e+00
115 0 +8.040254897e-07 +8.040254897e-07 -9.999999992e+02 -9.999999992e+02 -3.8441e+00 +3.8526e+00
117 0 +4.878032769e-07 +4.878032769e-07 -9.999999995e+02 -9.999999995e+02 -3.8429e+00 +3.8522e+00
118 0 +1.955525022e-07 +1.955525022e-07 -9.999999998e+02 -9.999999998e+02 -3.8434e+00 +3.8532e+00
121 0 +1.911608933e-07 +1.911608933e-07 -9.999999998e+02 -9.999999998e+02 -3.8436e+00 +3.8526e+00
123 0 +6.419656984e-08 +6.419656984e-08 -9.999999999e+02 -9.999999999e+02 -3.8432e+00 +3.8525e+00
125 0 +4.786875252e-08 +4.786875252e-08 -1.000000000e+03 -1.000000000e+03 -3.8434e+00 +3.8529e+00
126 0 +4.642652129e-08 +4.642652129e-08 -1.000000000e+03 -1.000000000e+03 -3.8430e+00 +3.8528e+00
129 0 +1.048863396e-08 +1.048863396e-08 -1.000000000e+03 -1.000000000e+03 -3.8432e+00 +3.8527e+00
131 0 +2.345700523e-09 +2.345700523e-09 -1.000000000e+03 -1.000000000e+03 -3.8432e+00 +3.8528e+00
% f evaluations | g evaluations | best noise-free fitness - Fopt | noise-free fitness - Fopt (-2.531000000000e+01) | measured fitness | best measured fitness | x1 | x2...
1 0 +2.451324928e+01 +2.451324928e+01 -7.967507200e-01 -7.967507200e-01 +0.0000e+00 +0.0000e+00
2 0 +2.451151494e+01 +2.451151494e+01 -7.984850575e-01 -7.984850575e-01 +2.5000e-04 +0.0000e+00
23 0 +2.396221253e+01 +2.396221253e+01 -1.347787470e+00 -1.347787470e+00 +1.1724e-02 +6.7135e-02
26 0 +2.336471233e+01 +2.336471233e+01 -1.945287673e+00 -1.945287673e+00 +2.5639e-02 +1.4026e-01
28 0 +2.259293258e+01 +2.259293258e+01 -2.717067424e+00 -2.717067424e+00 +4.4739e-02 +2.3602e-01
29 0 +2.193050259e+01 +2.193050259e+01 -3.379497413e+00 -3.379497413e+00 +6.1246e-02 +3.2047e-01
30 0 +2.135003125e+01 +2.135003125e+01 -3.959968751e+00 -3.959968751e+00 +7.3523e-02 +3.9877e-01
31 0 +2.029915333e+01 +2.029915333e+01 -5.010846671e+00 -5.010846671e+00 +9.9237e-02 +5.4195e-01
32 0 +1.935954037e+01 +1.935954037e+01 -5.950459627e+00 -5.950459627e+00 +1.2611e-01 +6.7168e-01
33 0 +1.773674240e+01 +1.773674240e+01 -7.573257604e+00 -7.573257604e+00 +1.7199e-01 +9.1216e-01
34 0 +1.637590287e+01 +1.637590287e+01 -8.934097131e+00 -8.934097131e+00 +2.0998e-01 +1.1336e+00
35 0 +1.411112900e+01 +1.411112900e+01 -1.119887100e+01 -1.119887100e+01 +2.8434e-01 +1.5402e+00
36 0 +1.231479620e+01 +1.231479620e+01 -1.299520380e+01 -1.299520380e+01 +3.5709e-01 +1.9104e+00
37 0 +9.777052570e+00 +9.777052570e+00 -1.553294743e+01 -1.553294743e+01 +4.8602e-01 +2.5947e+00
38 0 +8.335472294e+00 +8.335472294e+00 -1.697452771e+01 -1.697452771e+01 +5.9838e-01 +3.2227e+00
39 0 +7.775297743e+00 +7.775297743e+00 -1.753470226e+01 -1.753470226e+01 +8.1157e-01 +4.3780e+00
42 0 +7.717771134e+00 +7.717771134e+00 -1.759222887e+01 -1.759222887e+01 +6.9921e-01 +3.7500e+00
59 0 +7.560341939e+00 +7.560341939e+00 -1.774965806e+01 -1.774965806e+01 +7.7030e-01 +4.0605e+00
63 0 +7.371259936e+00 +7.371259936e+00 -1.793874006e+01 -1.793874006e+01 +8.0787e-01 +4.0720e+00
66 0 +7.115374917e+00 +7.115374917e+00 -1.819462508e+01 -1.819462508e+01 +8.2681e-01 +3.9006e+00
67 0 +7.077739844e+00 +7.077739844e+00 -1.823226016e+01 -1.823226016e+01 +8.5848e-01 +4.0466e+00
69 0 +6.665878134e+00 +6.665878134e+00 -1.864412187e+01 -1.864412187e+01 +9.1856e-01 +3.9355e+00
70 0 +6.336344008e+00 +6.336344008e+00 -1.897365599e+01 -1.897365599e+01 +9.7391e-01 +3.8673e+00
71 0 +6.158886922e+00 +6.158886922e+00 -1.915111308e+01 -1.915111308e+01 +1.0467e+00 +4.0735e+00
72 0 +5.739341292e+00 +5.739341292e+00 -1.957065871e+01 -1.957065871e+01 +1.1567e+00 +4.1600e+00
73 0 +5.158167097e+00 +5.158167097e+00 -2.015183290e+01 -2.015183290e+01 +1.2310e+00 +3.9204e+00
74 0 +4.380542222e+00 +4.380542222e+00 -2.092945778e+01 -2.092945778e+01 +1.3966e+00 +3.8272e+00
75 0 +3.914577761e+00 +3.914577761e+00 -2.139542224e+01 -2.139542224e+01 +1.5794e+00 +4.1199e+00
76 0 +3.026518773e+00 +3.026518773e+00 -2.228348123e+01 -2.228348123e+01 +1.8821e+00 +4.2462e+00
77 0 +1.958488156e+00 +1.958488156e+00 -2.335151184e+01 -2.335151184e+01 +2.1221e+00 +3.9134e+00
78 0 +8.127002981e-01 +8.127002981e-01 -2.449729970e+01 -2.449729970e+01 +2.6048e+00 +3.7901e+00
79 0 +6.007351923e-01 +6.007351923e-01 -2.470926481e+01 -2.470926481e+01 +3.0903e+00 +4.2092e+00
81 0 +1.669625905e-01 +1.669625905e-01 -2.514303741e+01 -2.514303741e+01 +3.8130e+00 +3.7530e+00
85 0 +9.025163480e-02 +9.025163480e-02 -2.521974837e+01 -2.521974837e+01 +3.7509e+00 +3.4295e+00
88 0 +4.634657728e-02 +4.634657728e-02 -2.526365342e+01 -2.526365342e+01 +3.4051e+00 +3.7384e+00
89 0 +2.973224610e-02 +2.973224610e-02 -2.528026775e+01 -2.528026775e+01 +3.3430e+00 +3.4149e+00
92 0 +9.657188643e-03 +9.657188643e-03 -2.530034281e+01 -2.530034281e+01 +3.5625e+00 +3.5031e+00
94 0 +5.935038425e-03 +5.935038425e-03 -2.530406496e+01 -2.530406496e+01 +3.4289e+00 +3.5987e+00
96 0 +4.937998591e-03 +4.937998591e-03 -2.530506200e+01 -2.530506200e+01 +3.4193e+00 +3.4829e+00
98 0 +7.181007015e-04 +7.181007015e-04 -2.530928190e+01 -2.530928190e+01 +3.4933e+00 +3.5219e+00
104 0 +2.669547153e-04 +2.669547153e-04 -2.530973305e+01 -2.530973305e+01 +3.4558e+00 +3.5229e+00
106 0 +1.180555988e-04 +1.180555988e-04 -2.530988194e+01 -2.530988194e+01 +3.4586e+00 +3.5365e+00
108 0 +9.031650151e-05 +9.031650151e-05 -2.530990968e+01 -2.530990968e+01 +3.4752e+00 +3.5258e+00
110 0 +1.955394569e-05 +1.955394569e-05 -2.530998045e+01 -2.530998045e+01 +3.4725e+00 +3.5353e+00
112 0 +7.185257981e-06 +7.185257981e-06 -2.530999281e+01 -2.530999281e+01 +3.4662e+00 +3.5335e+00
116 0 +4.792357817e-06 +4.792357817e-06 -2.530999521e+01 -2.530999521e+01 +3.4709e+00 +3.5335e+00
118 0 +3.576824565e-06 +3.576824565e-06 -2.530999642e+01 -2.530999642e+01 +3.4704e+00 +3.5318e+00
120 0 +2.270702133e-07 +2.270702133e-07 -2.530999977e+01 -2.530999977e+01 +3.4684e+00 +3.5331e+00
127 0 +1.342594658e-07 +1.342594658e-07 -2.530999987e+01 -2.530999987e+01 +3.4691e+00 +3.5326e+00
129 0 +9.341311014e-08 +9.341311014e-08 -2.530999991e+01 -2.530999991e+01 +3.4690e+00 +3.5330e+00
131 0 +2.294723700e-08 +2.294723700e-08 -2.530999998e+01 -2.530999998e+01 +3.4687e+00 +3.5329e+00
134 0 +1.701346619e-08 +1.701346619e-08 -2.530999998e+01 -2.530999998e+01 +3.4687e+00 +3.5327e+00
137 0 +3.105824931e-09 +3.105824931e-09 -2.531000000e+01 -2.531000000e+01 +3.4689e+00 +3.5328e+00
% f evaluations | g evaluations | best noise-free fitness - Fopt | noise-free fitness - Fopt (2.228000000000e+01) | measured fitness | best measured fitness | x1 | x2...
1 0 +5.153022080e+00 +5.153022080e+00 +2.743302208e+01 +2.743302208e+01 +0.0000e+00 +0.0000e+00
2 0 +5.152315743e+00 +5.152315743e+00 +2.743231574e+01 +2.743231574e+01 +2.5000e-04 +0.0000e+00
13 0 +5.119707628e+00 +5.119707628e+00 +2.739970763e+01 +2.739970763e+01 +4.6172e-03 -5.7187e-03
19 0 +4.990770471e+00 +4.990770471e+00 +2.727077047e+01 +2.727077047e+01 +2.3616e-02 -2.7246e-02
21 0 +4.877894722e+00 +4.877894722e+00 +2.715789472e+01 +2.715789472e+01 +3.9304e-02 -4.7232e-02
23 0 +4.694670296e+00 +4.694670296e+00 +2.697467030e+01 +2.697467030e+01 +6.7135e-02 -7.8608e-02
24 0 +4.585213064e+00 +4.585213064e+00 +2.686521306e+01 +2.686521306e+01 +8.2823e-02 -9.8595e-02
25 0 +4.388881371e+00 +4.388881371e+00 +2.666888137e+01 +2.666888137e+01 +1.1243e-01 -1.3427e-01
26 0 +4.215188650e+00 +4.215188650e+00 +2.649518865e+01 +2.649518865e+01 +1.4026e-01 -1.6565e-01
27 0 +3.901995219e+00 +3.901995219e+00 +2.618199522e+01 +2.618199522e+01 +1.9073e-01 -2.2485e-01
28 0 +3.623681974e+00 +3.623681974e+00 +2.590368197e+01 +2.590368197e+01 +2.3602e-01 -2.8051e-01
29 0 +3.140154091e+00 +3.140154091e+00 +2.542015409e+01 +2.542015409e+01 +3.2047e-01 -3.8146e-01
30 0 +2.730632755e+00 +2.730632755e+00 +2.501063275e+01 +2.501063275e+01 +3.9877e-01 -4.7205e-01
31 0 +2.048574712e+00 +2.048574712e+00 +2.432857471e+01 +2.432857471e+01 +5.4195e-01 -6.4093e-01
32 0 +1.508191335e+00 +1.508191335e+00 +2.378819133e+01 +2.378819133e+01 +6.7168e-01 -7.9755e-01
33 0 +7.307599090e-01 +7.307599090e-01 +2.301075991e+01 +2.301075991e+01 +9.1216e-01 -1.0839e+00
34 0 +2.657967053e-01 +2.657967053e-01 +2.254579671e+01 +2.254579671e+01 +1.1336e+00 -1.3434e+00
35 0 +1.849464308e-02 +1.849464308e-02 +2.229849464e+01 +2.229849464e+01 +1.5402e+00 -1.8243e+00
44 0 +6.582013693e-03 +6.582013693e-03 +2.228658201e+01 +2.228658201e+01 +1.4319e+00 -1.6979e+00
47 0 +5.384259122e-03 +5.384259122e-03 +2.228538426e+01 +2.228538426e+01 +1.4837e+00 -1.7578e+00
50 0 +4.318821906e-03 +4.318821906e-03 +2.228431882e+01 +2.228431882e+01 +1.4601e+00 -1.7312e+00
56 0 +4.183342560e-03 +4.183342560e-03 +2.228418334e+01 +2.228418334e+01 +1.4625e+00 -1.7355e+00
57 0 +4.090733046e-03 +4.090733046e-03 +2.228409073e+01 +2.228409073e+01 +1.4590e+00 -1.7326e+00
60 0 +4.041047636e-03 +4.041047636e-03 +2.228404105e+01 +2.228404105e+01 +1.4647e+00 -1.7400e+00
61 0 +3.976020970e-03 +3.976020970e-03 +2.228397602e+01 +2.228397602e+01 +1.4669e+00 -1.7445e+00
62 0 +3.720290317e-03 +3.720290317e-03 +2.228372029e+01 +2.228372029e+01 +1.4602e+00 -1.7384e+00
63 0 +3.473219646e-03 +3.473219646e-03 +2.228347322e+01 +2.228347322e+01 +1.4574e+00 -1.7383e+00
65 0 +3.418128642e-03 +3.418128642e-03 +2.228341813e+01 +2.228341813e+01 +1.4685e+00 -1.7589e+00
66 0 +2.708347578e-03 +2.708347578e-03 +2.228270835e+01 +2.228270835e+01 +1.4590e+00 -1.7528e+00
67 0 +2.174201514e-03 +2.174201514e-03 +2.228217420e+01 +2.228217420e+01 +1.4550e+00 -1.7570e+00
69 0 +1.583649072e-03 +1.583649072e-03 +2.228158365e+01 +2.228158365e+01 +1.4526e+00 -1.7757e+00
70 0 +1.065171815e-03 +1.065171815e-03 +2.228106517e+01 +2.228106517e+01 +1.4446e+00 -1.7840e+00
71 0 +6.127112879e-04 +6.127112879e-04 +2.228061271e+01 +2.228061271e+01 +1.4336e+00 -1.7634e+00
72 0 +4.424390167e-04 +4.424390167e-04 +2.228044244e+01 +2.228044244e+01 +1.4174e+00 -1.7563e+00
73 0 +7.567518450e-05 +7.567518450e-05 +2.228007568e+01 +2.228007568e+01 +1.4070e+00 -1.7833e+00
80 0 +5.714578342e-05 +5.714578342e-05 +2.228005715e+01 +2.228005715e+01 +1.4203e+00 -1.7763e+00
82 0 +1.578997004e-05 +1.578997004e-05 +2.228001579e+01 +2.228001579e+01 +1.4156e+00 -1.7740e+00
84 0 +5.949191252e-06 +5.949191252e-06 +2.228000595e+01 +2.228000595e+01 +1.4125e+00 -1.7792e+00
86 0 +3.599761040e-06 +3.599761040e-06 +2.228000360e+01 +2.228000360e+01 +1.4109e+00 -1.7768e+00
88 0 +1.388169149e-06 +1.388169149e-06 +2.228000139e+01 +2.228000139e+01 +1.4137e+00 -1.7760e+00
90 0 +1.161299910e-06 +1.161299910e-06 +2.228000116e+01 +2.228000116e+01 +1.4124e+00 -1.7778e+00
92 0 +7.041658883e-07 +7.041658883e-07 +2.228000070e+01 +2.228000070e+01 +1.4120e+00 -1.7768e+00
94 0 +3.601035914e-08 +3.601035914e-08 +2.228000004e+01 +2.228000004e+01 +1.4129e+00 -1.7766e+00
103 0 +9.706699444e-09 +9.706699444e-09 +2.228000001e+01 +2.228000001e+01 +1.4127e+00 -1.7769e+00
% f evaluations | g evaluations | best noise-free fitness - Fopt | noise-free fitness - Fopt (3.561400000000e+02) | measured fitness | best measured fitness | x1 | x2...
1 0 +2.402345600e+00 +2.402345600e+00 +3.585423456e+02 +3.585423456e+02 +0.0000e+00 +0.0000e+00
2 0 +2.401616462e+00 +2.401616462e+00 +3.585416165e+02 +3.585416165e+02 +2.5000e-04 +0.0000e+00
7 0 +2.398825341e+00 +2.398825341e+00 +3.585388253e+02 +3.585388253e+02 +9.3750e-04 -7.5000e-04
18 0 +2.331569680e+00 +2.331569680e+00 +3.584715697e+02 +3.584715697e+02 +1.7283e-02 -2.0070e-02
20 0 +2.283622218e+00 +2.283622218e+00 +3.584236222e+02 +3.584236222e+02 +2.8962e-02 -3.4566e-02
22 0 +2.203543601e+00 +2.203543601e+00 +3.583435436e+02 +3.583435436e+02 +4.9297e-02 -5.7924e-02
23 0 +2.134706577e+00 +2.134706577e+00 +3.582747066e+02 +3.582747066e+02 +6.7135e-02 -7.8608e-02
24 0 +2.073864367e+00 +2.073864367e+00 +3.582138644e+02 +3.582138644e+02 +8.2823e-02 -9.8595e-02
25 0 +1.964161355e+00 +1.964161355e+00 +3.581041614e+02 +3.581041614e+02 +1.1243e-01 -1.3427e-01
26 0 +1.866495954e+00 +1.866495954e+00 +3.580064960e+02 +3.580064960e+02 +1.4026e-01 -1.6565e-01
27 0 +1.696951693e+00 +1.696951693e+00 +3.578369517e+02 +3.578369517e+02 +1.9073e-01 -2.2485e-01
28 0 +1.553882150e+00 +1.553882150e+00 +3.576938822e+02 +3.576938822e+02 +2.3602e-01 -2.8051e-01
29 0 +1.315436215e+00 +1.315436215e+00 +3.574554362e+02 +3.574554362e+02 +3.2047e-01 -3.8146e-01
30 0 +1.125591370e+00 +1.125591370e+00 +3.572655914e+02 +3.572655914e+02 +3.9877e-01 -4.7205e-01
31 0 +8.533726428e-01 +8.533726428e-01 +3.569933726e+02 +3.569933726e+02 +5.4195e-01 -6.4093e-01
32 0 +6.933149155e-01 +6.933149155e-01 +3.568333149e+02 +3.568333149e+02 +6.7168e-01 -7.9755e-01
33 0 +6.109670427e-01 +6.109670427e-01 +3.567509670e+02 +3.567509670e+02 +9.1216e-01 -1.0839e+00
43 0 +6.018540664e-01 +6.018540664e-01 +3.567418541e+02 +3.567418541e+02 +8.5569e-01 -1.0133e+00
57 0 +5.868022571e-01 +5.868022571e-01 +3.567268023e+02 +3.567268023e+02 +8.5787e-01 -1.0004e+00
59 0 +5.676001842e-01 +5.676001842e-01 +3.567076002e+02 +3.567076002e+02 +8.9264e-01 -1.0223e+00
61 0 +5.486439358e-01 +5.486439358e-01 +3.566886439e+02 +3.566886439e+02 +8.7584e-01 -9.8226e-01
62 0 +5.300529950e-01 +5.300529950e-01 +3.566700530e+02 +3.566700530e+02 +8.8482e-01 -9.7320e-01
64 0 +4.934946538e-01 +4.934946538e-01 +3.566334947e+02 +3.566334947e+02 +9.2858e-01 -9.8608e-01
65 0 +4.583947680e-01 +4.583947680e-01 +3.565983948e+02 +3.565983948e+02 +9.4654e-01 -9.6797e-01
67 0 +3.930427454e-01 +3.930427454e-01 +3.565330427e+02 +3.565330427e+02 +9.5669e-01 -9.0074e-01
68 0 +3.323491383e-01 +3.323491383e-01 +3.564723491e+02 +3.564723491e+02 +9.9263e-01 -8.6452e-01
70 0 +2.244647886e-01 +2.244647886e-01 +3.563644648e+02 +3.563644648e+02 +1.0903e+00 -8.2305e-01
71 0 +1.387458700e-01 +1.387458700e-01 +3.562787459e+02 +3.562787459e+02 +1.1622e+00 -7.5060e-01
73 0 +3.427670900e-02 +3.427670900e-02 +3.561742767e+02 +3.561742767e+02 +1.2801e+00 -5.7468e-01
74 0 +1.022477895e-02 +1.022477895e-02 +3.561502248e+02 +3.561502248e+02 +1.4238e+00 -4.2977e-01
75 0 +1.381141916e-03 +1.381141916e-03 +3.561413811e+02 +3.561413811e+02 +1.4754e+00 -4.9176e-01
84 0 +1.215840288e-03 +1.215840288e-03 +3.561412158e+02 +3.561412158e+02 +1.4653e+00 -5.5899e-01
86 0 +4.537191909e-04 +4.537191909e-04 +3.561404537e+02 +3.561404537e+02 +1.4420e+00 -5.1118e-01
88 0 +1.670149821e-04 +1.670149821e-04 +3.561401670e+02 +3.561401670e+02 +1.4645e+00 -5.1342e-01
90 0 +1.183661199e-04 +1.183661199e-04 +3.561401184e+02 +3.561401184e+02 +1.4593e+00 -5.3564e-01
92 0 +8.965199737e-05 +8.965199737e-05 +3.561400897e+02 +3.561400897e+02 +1.4520e+00 -5.1786e-01
94 0 +2.500728402e-05 +2.500728402e-05 +3.561400250e+02 +3.561400250e+02 +1.4601e+00 -5.2009e-01
96 0 +6.866415617e-06 +6.866415617e-06 +3.561400069e+02 +3.561400069e+02 +1.4576e+00 -5.2731e-01
100 0 +4.262934112e-06 +4.262934112e-06 +3.561400043e+02 +3.561400043e+02 +1.4600e+00 -5.2353e-01
102 0 +1.697260529e-06 +1.697260529e-06 +3.561400017e+02 +3.561400017e+02 +1.4571e+00 -5.2482e-01
104 0 +9.722143091e-07 +9.722143091e-07 +3.561400010e+02 +3.561400010e+02 +1.4581e+00 -5.2574e-01
106 0 +3.282726198e-07 +3.282726198e-07 +3.561400003e+02 +3.561400003e+02 +1.4588e+00 -5.2440e-01
110 0 +2.058042696e-07 +2.058042696e-07 +3.561400002e+02 +3.561400002e+02 +1.4582e+00 -5.2521e-01
112 0 +7.242994116e-08 +7.242994116e-08 +3.561400001e+02 +3.561400001e+02 +1.4581e+00 -5.2487e-01
114 0 +1.450416676e-08 +1.450416676e-08 +3.561400000e+02 +3.561400000e+02 +1.4585e+00 -5.2472e-01
118 0 +1.393567572e-08 +1.393567572e-08 +3.561400000e+02 +3.561400000e+02 +1.4583e+00 -5.2477e-01
119 0 +8.754511782e-09 +8.754511782e-09 +3.561400000e+02 +3.561400000e+02 +1.4584e+00 -5.2489e-01
% f evaluations | g evaluations | best noise-free fitness - Fopt | noise-free fitness - Fopt (-4.757000000000e+02) | measured fitness | best measured fitness | x1 | x2...
1 0 +8.853721600e-01 +8.853721600e-01 -4.748146278e+02 -4.748146278e+02 +0.0000e+00 +0.0000e+00
4 0 +8.851794850e-01 +8.851794850e-01 -4.748148205e+02 -4.748148205e+02 -2.5000e-04 +2.5000e-04
16 0 +8.675658415e-01 +8.675658415e-01 -4.748324342e+02 -4.748324342e+02 -1.2016e-02 +2.2305e-03
19 0 +8.443681803e-01 +8.443681803e-01 -4.748556318e+02 -4.748556318e+02 -2.7246e-02 +3.8799e-03
21 0 +8.165641723e-01 +8.165641723e-01 -4.748834358e+02 -4.748834358e+02 -4.7232e-02 +8.1782e-03
22 0 +8.005812066e-01 +8.005812066e-01 -4.748994188e+02 -4.748994188e+02 -5.7924e-02 +8.8765e-03
23 0 +7.716726376e-01 +7.716726376e-01 -4.749283274e+02 -4.749283274e+02 -7.8608e-02 +1.1724e-02
24 0 +7.459891497e-01 +7.459891497e-01 -4.749540109e+02 -4.749540109e+02 -9.8595e-02 +1.6022e-02
25 0 +7.007281822e-01 +7.007281822e-01 -4.749992718e+02 -4.749992718e+02 -1.3427e-01 +2.2093e-02
26 0 +6.613970422e-01 +6.613970422e-01 -4.750386030e+02 -4.750386030e+02 -1.6565e-01 +2.5639e-02
27 0 +5.945582946e-01 +5.945582946e-01 -4.751054417e+02 -4.751054417e+02 -2.2485e-01 +3.4369e-02
28 0 +5.403634363e-01 +5.403634363e-01 -4.751596366e+02 -4.751596366e+02 -2.8051e-01 +4.4739e-02
29 0 +4.561001191e-01 +4.561001191e-01 -4.752438999e+02 -4.752438999e+02 -3.8146e-01 +6.1246e-02
30 0 +3.956744406e-01 +3.956744406e-01 -4.753043256e+02 -4.753043256e+02 -4.7205e-01 +7.3523e-02
31 0 +3.307012542e-01 +3.307012542e-01 -4.753692987e+02 -4.753692987e+02 -6.4093e-01 +9.9237e-02
39 0 +3.215688628e-01 +3.215688628e-01 -4.753784311e+02 -4.753784311e+02 -7.2078e-01 +1.1253e-01
49 0 +3.151815362e-01 +3.151815362e-01 -4.753848185e+02 -4.753848185e+02 -7.3688e-01 +1.0970e-01
53 0 +3.045845421e-01 +3.045845421e-01 -4.753954155e+02 -4.753954155e+02 -7.2132e-01 +9.7165e-02
54 0 +2.985709944e-01 +2.985709944e-01 -4.754014290e+02 -4.754014290e+02 -7.2313e-01 +9.1943e-02
56 0 +2.926002575e-01 +2.926002575e-01 -4.754073997e+02 -4.754073997e+02 -6.4666e-01 +6.5052e-02
57 0 +2.794558669e-01 +2.794558669e-01 -4.754205441e+02 -4.754205441e+02 -6.7265e-01 +6.0799e-02
58 0 +2.658950133e-01 +2.658950133e-01 -4.754341050e+02 -4.754341050e+02 -6.6040e-01 +4.3101e-02
60 0 +2.458588743e-01 +2.458588743e-01 -4.754541411e+02 -4.754541411e+02 -5.9768e-01 -5.7408e-03
61 0 +2.280464874e-01 +2.280464874e-01 -4.754719535e+02 -4.754719535e+02 -5.7319e-01 -4.1137e-02
62 0 +2.170694362e-01 +2.170694362e-01 -4.754829306e+02 -4.754829306e+02 -6.4965e-01 -1.4247e-02
63 0 +1.934668252e-01 +1.934668252e-01 -4.755065332e+02 -4.755065332e+02 -6.8251e-01 -2.9475e-02
64 0 +1.639896480e-01 +1.639896480e-01 -4.755360104e+02 -4.755360104e+02 -5.9529e-01 -1.1371e-01
65 0 +1.346595731e-01 +1.346595731e-01 -4.755653404e+02 -4.755653404e+02 -5.6274e-01 -1.9212e-01
66 0 +9.427351895e-02 +9.427351895e-02 -4.756057265e+02 -4.756057265e+02 -6.7206e-01 -1.8046e-01
67 0 +4.927664025e-02 +4.927664025e-02 -4.756507234e+02 -4.756507234e+02 -7.2150e-01 -2.5012e-01
69 0 +5.493478652e-03 +5.493478652e-03 -4.756945065e+02 -4.756945065e+02 -7.6048e-01 -4.7076e-01
74 0 +2.532593705e-03 +2.532593705e-03 -4.756974674e+02 -4.756974674e+02 -8.6006e-01 -4.0394e-01
78 0 +5.020049688e-04 +5.020049688e-04 -4.756994980e+02 -4.756994980e+02 -8.1144e-01 -4.5713e-01
82 0 +4.349252710e-04 +4.349252710e-04 -4.756995651e+02 -4.756995651e+02 -8.4545e-01 -4.3045e-01
84 0 +1.346810531e-04 +1.346810531e-04 -4.756998653e+02 -4.756998653e+02 -8.3935e-01 -4.5029e-01
86 0 +2.973062630e-05 +2.973062630e-05 -4.756999703e+02 -4.756999703e+02 -8.2692e-01 -4.4875e-01
91 0 +1.709572734e-05 +1.709572734e-05 -4.756999829e+02 -4.756999829e+02 -8.3310e-01 -4.4179e-01
93 0 +5.939044627e-06 +5.939044627e-06 -4.756999941e+02 -4.756999941e+02 -8.2844e-01 -4.4186e-01
95 0 +2.227310233e-06 +2.227310233e-06 -4.756999978e+02 -4.756999978e+02 -8.2885e-01 -4.4529e-01
99 0 +1.368391793e-06 +1.368391793e-06 -4.756999986e+02 -4.756999986e+02 -8.2915e-01 -4.4292e-01
101 0 +4.788492447e-07 +4.788492447e-07 -4.756999995e+02 -4.756999995e+02 -8.2993e-01 -4.4339e-01
103 0 +2.153016680e-07 +2.153016680e-07 -4.756999998e+02 -4.756999998e+02 -8.2919e-01 -4.4422e-01
105 0 +9.198180351e-08 +9.198180351e-08 -4.756999999e+02 -4.756999999e+02 -8.2977e-01 -4.4425e-01
107 0 +4.569710654e-08 +4.569710654e-08 -4.757000000e+02 -4.757000000e+02 -8.2971e-01 -4.4381e-01
109 0 +3.435042117e-08 +3.435042117e-08 -4.757000000e+02 -4.757000000e+02 -8.2947e-01 -4.4413e-01
111 0 +1.848508191e-08 +1.848508191e-08 -4.757000000e+02 -4.757000000e+02 -8.2968e-01 -4.4411e-01
113 0 +2.635260898e-09 +2.635260898e-09 -4.757000000e+02 -4.757000000e+02 -8.2964e-01 -4.4397e-01
% f evaluations | g evaluations | best noise-free fitness - Fopt | noise-free fitness - Fopt (-1.000000000000e+03) | measured fitness | best measured fitness | x1 | x2...
1 0 +2.549127232e+01 +2.549127232e+01 -9.745087277e+02 -9.745087277e+02 +0.0000e+00 +0.0000e+00
3 0 +2.548961158e+01 +2.548961158e+01 -9.745103884e+02 -9.745103884e+02 +0.0000e+00 +2.5000e-04
20 0 +2.503803556e+01 +2.503803556e+01 -9.749619644e+02 -9.749619644e+02 -3.4566e-02 +2.8962e-02
23 0 +2.445816944e+01 +2.445816944e+01 -9.755418306e+02 -9.755418306e+02 -7.8608e-02 +6.7135e-02
25 0 +2.375398467e+01 +2.375398467e+01 -9.762460153e+02 -9.762460153e+02 -1.3427e-01 +1.1243e-01
26 0 +2.334693655e+01 +2.334693655e+01 -9.766530634e+02 -9.766530634e+02 -1.6565e-01 +1.4026e-01
27 0 +2.260118980e+01 +2.260118980e+01 -9.773988102e+02 -9.773988102e+02 -2.2485e-01 +1.9073e-01
28 0 +2.192448071e+01 +2.192448071e+01 -9.780755193e+02 -9.780755193e+02 -2.8051e-01 +2.3602e-01
29 0 +2.070960262e+01 +2.070960262e+01 -9.792903974e+02 -9.792903974e+02 -3.8146e-01 +3.2047e-01
30 0 +1.963417256e+01 +1.963417256e+01 -9.803658274e+02 -9.803658274e+02 -4.7205e-01 +3.9877e-01
31 0 +1.772133278e+01 +1.772133278e+01 -9.822786672e+02 -9.822786672e+02 -6.4093e-01 +5.4195e-01
32 0 +1.605120334e+01 +1.605120334e+01 -9.839487967e+02 -9.839487967e+02 -7.9755e-01 +6.7168e-01
33 0 +1.319568063e+01 +1.319568063e+01 -9.868043194e+02 -9.868043194e+02 -1.0839e+00 +9.1216e-01
34 0 +1.083402697e+01 +1.083402697e+01 -9.891659730e+02 -9.891659730e+02 -1.3434e+00 +1.1336e+00
35 0 +7.086115778e+00 +7.086115778e+00 -9.929138842e+02 -9.929138842e+02 -1.8243e+00 +1.5402e+00
36 0 +4.347991372e+00 +4.347991372e+00 -9.956520086e+02 -9.956520086e+02 -2.2673e+00 +1.9104e+00
37 0 +1.049630285e+00 +1.049630285e+00 -9.989503697e+02 -9.989503697e+02 -3.0804e+00 +2.5947e+00
38 0 +1.011363296e-02 +1.011363296e-02 -9.999898864e+02 -9.999898864e+02 -3.8209e+00 +3.2227e+00
53 0 +8.573659076e-03 +8.573659076e-03 -9.999914263e+02 -9.999914263e+02 -3.8815e+00 +3.2735e+00
55 0 +8.164840020e-03 +8.164840020e-03 -9.999918352e+02 -9.999918352e+02 -3.8744e+00 +3.2670e+00
57 0 +7.850425573e-03 +7.850425573e-03 -9.999921496e+02 -9.999921496e+02 -3.8494e+00 +3.2465e+00
64 0 +7.759175138e-03 +7.759175138e-03 -9.999922408e+02 -9.999922408e+02 -3.8639e+00 +3.2585e+00
75 0 +7.543882240e-03 +7.543882240e-03 -9.999924561e+02 -9.999924561e+02 -3.8567e+00 +3.2538e+00
78 0 +7.342581604e-03 +7.342581604e-03 -9.999926574e+02 -9.999926574e+02 -3.8523e+00 +3.2519e+00
79 0 +7.191119655e-03 +7.191119655e-03 -9.999928089e+02 -9.999928089e+02 -3.8517e+00 +3.2526e+00
81 0 +6.890894176e-03 +6.890894176e-03 -9.999931091e+02 -9.999931091e+02 -3.8467e+00 +3.2514e+00
82 0 +6.601790029e-03 +6.601790029e-03 -9.999933982e+02 -9.999933982e+02 -3.8455e+00 +3.2527e+00
84 0 +6.037176448e-03 +6.037176448e-03 -9.999939628e+02 -9.999939628e+02 -3.8468e+00 +3.2578e+00
85 0 +5.498706431e-03 +5.498706431e-03 -9.999945013e+02 -9.999945013e+02 -3.8444e+00 +3.2605e+00
87 0 +4.519966370e-03 +4.519966370e-03 -9.999954800e+02 -9.999954800e+02 -3.8357e+00 +3.2632e+00
88 0 +3.633060885e-03 +3.633060885e-03 -9.999963669e+02 -9.999963669e+02 -3.8309e+00 +3.2685e+00
89 0 +3.610886248e-03 +3.610886248e-03 -9.999963891e+02 -9.999963891e+02 -3.8384e+00 +3.2735e+00
90 0 +2.881226318e-03 +2.881226318e-03 -9.999971188e+02 -9.999971188e+02 -3.8392e+00 +3.2825e+00
91 0 +1.508535351e-03 +1.508535351e-03 -9.999984915e+02 -9.999984915e+02 -3.8257e+00 +3.2905e+00
92 0 +4.522548163e-04 +4.522548163e-04 -9.999995477e+02 -9.999995477e+02 -3.8163e+00 +3.3055e+00
94 0 +4.392841583e-04 +4.392841583e-04 -9.999995607e+02 -9.999995607e+02 -3.8017e+00 +3.3425e+00
96 0 +1.282387844e-04 +1.282387844e-04 -9.999998718e+02 -9.999998718e+02 -3.7934e+00 +3.3285e+00
99 0 +2.184428570e-05 +2.184428570e-05 -9.999999782e+02 -9.999999782e+02 -3.8069e+00 +3.3205e+00
103 0 +1.951675790e-05 +1.951675790e-05 -9.999999805e+02 -9.999999805e+02 -3.7983e+00 +3.3233e+00
105 0 +1.030274325e-05 +1.030274325e-05 -9.999999897e+02 -9.999999897e+02 -3.8010e+00 +3.3187e+00
107 0 +1.539165510e-06 +1.539165510e-06 -9.999999985e+02 -9.999999985e+02 -3.8033e+00 +3.3208e+00
112 0 +7.303991651e-07 +7.303991651e-07 -9.999999993e+02 -9.999999993e+02 -3.8016e+00 +3.3218e+00
114 0 +6.774420171e-07 +6.774420171e-07 -9.999999993e+02 -9.999999993e+02 -3.8025e+00 +3.3224e+00
116 0 +9.795849110e-08 +9.795849110e-08 -9.999999999e+02 -9.999999999e+02 -3.8027e+00 +3.3214e+00
122 0 +1.389059889e-08 +1.389059889e-08 -1.000000000e+03 -1.000000000e+03 -3.8023e+00 +3.3216e+00
129 0 +2.421074896e-09 +2.421074896e-09 -1.000000000e+03 -1.000000000e+03 -3.8024e+00 +3.3216e+00
% f evaluations | g evaluations | best noise-free fitness - Fopt | noise-free fitness - Fopt (-4.158000000000e+01) | measured fitness | best measured fitness | x1 | x2...
1 0 +8.495593600e+00 +8.495593600e+00 -3.308440640e+01 -3.308440640e+01 +0.0000e+00 +0.0000e+00
2 0 +8.495294863e+00 +8.495294863e+00 -3.308470514e+01 -3.308470514e+01 +2.5000e-04 +0.0000e+00
21 0 +8.263176653e+00 +8.263176653e+00 -3.331682335e+01 -3.331682335e+01 +8.1782e-03 +3.9304e-02
23 0 +8.103182990e+00 +8.103182990e+00 -3.347681701e+01 -3.347681701e+01 +1.1724e-02 +6.7135e-02
25 0 +7.840859393e+00 +7.840859393e+00 -3.373914061e+01 -3.373914061e+01 +2.2093e-02 +1.1243e-01
26 0 +7.685034395e+00 +7.685034395e+00 -3.389496561e+01 -3.389496561e+01 +2.5639e-02 +1.4026e-01
27 0 +7.403835372e+00 +7.403835372e+00 -3.417616463e+01 -3.417616463e+01 +3.4369e-02 +1.9073e-01
28 0 +7.153177152e+00 +7.153177152e+00 -3.442682285e+01 -3.442682285e+01 +4.4739e-02 +2.3602e-01
29 0 +6.700384220e+00 +6.700384220e+00 -3.487961578e+01 -3.487961578e+01 +6.1246e-02 +3.2047e-01
30 0 +6.296903391e+00 +6.296903391e+00 -3.528309661e+01 -3.528309661e+01 +7.3523e-02 +3.9877e-01
31 0 +5.588405410e+00 +5.588405410e+00 -3.599159459e+01 -3.599159459e+01 +9.9237e-02 +5.4195e-01
32 0 +4.979571316e+00 +4.979571316e+00 -3.660042868e+01 -3.660042868e+01 +1.2611e-01 +6.7168e-01
33 0 +3.947237423e+00 +3.947237423e+00 -3.763276258e+01 -3.763276258e+01 +1.7199e-01 +9.1216e-01
34 0 +3.105768343e+00 +3.105768343e+00 -3.847423166e+01 -3.847423166e+01 +2.0998e-01 +1.1336e+00
35 0 +1.820986400e+00 +1.820986400e+00 -3.975901360e+01 -3.975901360e+01 +2.8434e-01 +1.5402e+00
36 0 +9.458965402e-01 +9.458965402e-01 -4.063410346e+01 -4.063410346e+01 +3.5709e-01 +1.9104e+00
37 0 +7.907704200e-02 +7.907704200e-02 -4.150092296e+01 -4.150092296e+01 +4.8602e-01 +2.5947e+00
44 0 +5.693390073e-03 +5.693390073e-03 -4.157430661e+01 -4.157430661e+01 +5.4013e-01 +2.9017e+00
49 0 +4.909877305e-03 +4.909877305e-03 -4.157509012e+01 -4.157509012e+01 +5.2971e-01 +2.8355e+00
53 0 +4.246794592e-03 +4.246794592e-03 -4.157575321e+01 -4.157575321e+01 +5.3453e-01 +2.8692e+00
54 0 +3.979093712e-03 +3.979093712e-03 -4.157602091e+01 -4.157602091e+01 +5.3607e-01 +2.8667e+00
59 0 +3.728726966e-03 +3.728726966e-03 -4.157627127e+01 -4.157627127e+01 +5.3761e-01 +2.8642e+00
60 0 +3.609992546e-03 +3.609992546e-03 -4.157639001e+01 -4.157639001e+01 +5.4016e-01 +2.8704e+00
63 0 +3.394610654e-03 +3.394610654e-03 -4.157660539e+01 -4.157660539e+01 +5.4017e-01 +2.8626e+00
64 0 +3.127505687e-03 +3.127505687e-03 -4.157687249e+01 -4.157687249e+01 +5.4222e-01 +2.8606e+00
65 0 +3.004559599e-03 +3.004559599e-03 -4.157699544e+01 -4.157699544e+01 +5.4630e-01 +2.8721e+00
66 0 +2.805442846e-03 +2.805442846e-03 -4.157719456e+01 -4.157719456e+01 +5.5141e-01 +2.8787e+00
67 0 +2.205635924e-03 +2.205635924e-03 -4.157779436e+01 -4.157779436e+01 +5.5347e-01 +2.8689e+00
68 0 +1.638106507e-03 +1.638106507e-03 -4.157836189e+01 -4.157836189e+01 +5.6012e-01 +2.8681e+00
70 0 +9.026980957e-04 +9.026980957e-04 -4.157909730e+01 -4.157909730e+01 +5.7802e-01 +2.8756e+00
71 0 +4.899212961e-04 +4.899212961e-04 -4.157951008e+01 -4.157951008e+01 +5.9133e-01 +2.8740e+00
72 0 +2.484609551e-04 +2.484609551e-04 -4.157975154e+01 -4.157975154e+01 +5.8214e-01 +2.8559e+00
73 0 +2.285314894e-04 +2.285314894e-04 -4.157977147e+01 -4.157977147e+01 +5.8855e-01 +2.8407e+00
75 0 +5.324398945e-05 +5.324398945e-05 -4.157994676e+01 -4.157994676e+01 +6.0485e-01 +2.8520e+00
79 0 +3.244716351e-05 +3.244716351e-05 -4.157996755e+01 -4.157996755e+01 +5.9399e-01 +2.8484e+00
81 0 +6.487671932e-06 +6.487671932e-06 -4.157999351e+01 -4.157999351e+01 +5.9672e-01 +2.8552e+00
85 0 +5.312714869e-06 +5.312714869e-06 -4.157999469e+01 -4.157999469e+01 +5.9620e-01 +2.8510e+00
87 0 +5.651056796e-07 +5.651056796e-07 -4.157999943e+01 -4.157999943e+01 +5.9828e-01 +2.8525e+00
93 0 +2.137787618e-07 +2.137787618e-07 -4.157999979e+01 -4.157999979e+01 +5.9728e-01 +2.8525e+00
95 0 +7.662851687e-08 +7.662851687e-08 -4.157999992e+01 -4.157999992e+01 +5.9738e-01 +2.8530e+00
99 0 +4.361400840e-08 +4.361400840e-08 -4.157999996e+01 -4.157999996e+01 +5.9775e-01 +2.8529e+00
101 0 +7.787917866e-09 +7.787917866e-09 -4.157999999e+01 -4.157999999e+01 +5.9769e-01 +2.8528e+00
