% f evaluations | g evaluations | best noise-free fitness - Fopt | noise-free fitness - Fopt (7.948000000000e+01) | measured fitness | best measured fitness | x1 | x2...
1 0 +1.161315954e+01 +1.161315954e+01 +9.109315954e+01 +9.109315954e+01 -2.9269e+00 -2.3826e+00
2 0 +5.157063434e+00 +5.157063434e+00 +8.463706343e+01 +8.463706343e+01 -1.9589e+00 -1.6721e+00
3 0 +3.163515070e+00 +3.163515070e+00 +8.264351507e+01 +8.264351507e+01 -1.2247e+00 -2.1471e+00
21 0 +2.525287161e+00 +2.525287161e+00 +8.200528716e+01 +8.200528716e+01 +1.2007e+00 +1.1863e-01
33 0 +2.490464734e+00 +2.490464734e+00 +8.197046473e+01 +8.197046473e+01 -1.1369e+00 -4.0909e-01
51 0 +2.858061701e-01 +2.858061701e-01 +7.976580617e+01 +7.976580617e+01 -1.7642e-01 -8.3809e-01
62 0 +2.164601386e-02 +2.164601386e-02 +7.950164601e+01 +7.950164601e+01 +1.3041e-01 -1.2385e+00
403 0 +9.444696213e-04 +9.444696213e-04 +7.948094447e+01 +7.948094447e+01 +2.3574e-01 -1.1824e+00
425 0 +6.492030859e-04 +6.492030859e-04 +7.948064920e+01 +7.948064920e+01 +2.7808e-01 -1.1599e+00
755 0 +3.011079798e-05 +3.011079798e-05 +7.948003011e+01 +7.948003011e+01 +2.4760e-01 -1.1550e+00
805 0 +2.071782676e-05 +2.071782676e-05 +7.948002072e+01 +7.948002072e+01 +2.4943e-01 -1.1537e+00
817 0 +7.559947292e-06 +7.559947292e-06 +7.948000756e+01 +7.948000756e+01 +2.5327e-01 -1.1595e+00
1119 0 +1.013159732e-06 +1.013159732e-06 +7.948000101e+01 +7.948000101e+01 +2.5316e-01 -1.1577e+00
1509 0 +3.486156857e-07 +3.486156857e-07 +7.948000035e+01 +7.948000035e+01 +2.5300e-01 -1.1574e+00
1511 0 +1.568428019e-07 +1.568428019e-07 +7.948000016e+01 +7.948000016e+01 +2.5264e-01 -1.1572e+00
1521 0 +1.339806062e-07 +1.339806062e-07 +7.948000013e+01 +7.948000013e+01 +2.5316e-01 -1.1568e+00
1531 0 +4.393471897e-08 +4.393471897e-08 +7.948000004e+01 +7.948000004e+01 +2.5295e-01 -1.1569e+00
1825 0 +3.544218430e-08 +3.544218430e-08 +7.948000004e+01 +7.948000004e+01 +2.5299e-01 -1.1568e+00
1833 0 +1.605471311e-08 +1.605471311e-08 +7.948000002e+01 +7.948000002e+01 +2.5278e-01 -1.1567e+00
1845 0 +1.003591876e-08 +1.003591876e-08 +7.948000001e+01 +7.948000001e+01 +2.5290e-01 -1.1568e+00
1873 0 +8.018375297e-09 +8.018375297e-09 +7.948000001e+01 +7.948000001e+01 +2.5281e-01 -1.1569e+00
4279 0 +0.000000000e+00 +0.000000000e+00 +7.948000000e+01 +7.948000000e+01 +2.5280e-01 -1.1568e+00
% f evaluations | g evaluations | best noise-free fitness - Fopt | noise-free fitness - Fopt (3.944800000000e+02) | measured fitness | best measured fitness | x1 | x2...
1 0 +2.656421536e+01 +2.656421536e+01 +4.210442154e+02 +4.210442154e+02 +2.7045e-01 +1.4026e-01
6 0 +1.616632850e+00 +1.616632850e+00 +3.960966329e+02 +3.960966329e+02 -2.8111e+00 -3.5496e+00
14 0 +8.824883387e-01 +8.824883387e-01 +3.953624883e+02 +3.953624883e+02 -3.1405e+00 -3.4454e+00
26 0 +2.977821259e-01 +2.977821259e-01 +3.947777821e+02 +3.947777821e+02 -4.3121e+00 -2.5345e+00
59 0 +4.249281067e-02 +4.249281067e-02 +3.945224928e+02 +3.945224928e+02 -3.7561e+00 -3.0395e+00
425 0 +2.125044911e-02 +2.125044911e-02 +3.945012504e+02 +3.945012504e+02 -3.8524e+00 -3.0287e+00
463 0 +1.051283919e-02 +1.051283919e-02 +3.944905128e+02 +3.944905128e+02 -3.9886e+00 -2.9391e+00
471 0 +4.198362254e-03 +4.198362254e-03 +3.944841984e+02 +3.944841984e+02 -3.9627e+00 -2.8983e+00
757 0 +2.359517712e-03 +2.359517712e-03 +3.944823595e+02 +3.944823595e+02 -3.8819e+00 -2.9361e+00
773 0 +1.322138320e-04 +1.322138320e-04 +3.944801322e+02 +3.944801322e+02 -3.8877e+00 -2.8861e+00
1111 0 +3.054594993e-05 +3.054594993e-05 +3.944800305e+02 +3.944800305e+02 -3.8931e+00 -2.8890e+00
1461 0 +1.431312796e-05 +1.431312796e-05 +3.944800143e+02 +3.944800143e+02 -3.8946e+00 -2.8909e+00
1479 0 +6.933751990e-06 +6.933751990e-06 +3.944800069e+02 +3.944800069e+02 -3.8958e+00 -2.8907e+00
1497 0 +3.985212118e-06 +3.985212118e-06 +3.944800040e+02 +3.944800040e+02 -3.8972e+00 -2.8888e+00
1505 0 +2.921322618e-06 +2.921322618e-06 +3.944800029e+02 +3.944800029e+02 -3.8989e+00 -2.8888e+00
1533 0 +1.681035144e-06 +1.681035144e-06 +3.944800017e+02 +3.944800017e+02 -3.8977e+00 -2.8893e+00
1549 0 +3.613905619e-08 +3.613905619e-08 +3.944800000e+02 +3.944800000e+02 -3.8984e+00 -2.8906e+00
1849 0 +2.524865295e-08 +2.524865295e-08 +3.944800000e+02 +3.944800000e+02 -3.8986e+00 -2.8904e+00
1891 0 +2.864908311e-09 +2.864908311e-09 +3.944800000e+02 +3.944800000e+02 -3.8984e+00 -2.8904e+00
3587 0 +0.000000000e+00 +0.000000000e+00 +3.944800000e+02 +3.944800000e+02 -3.8984e+00 -2.8904e+00
% f evaluations | g evaluations | best noise-free fitness - Fopt | noise-free fitness - Fopt (-2.471100000000e+02) | measured fitness | best measured fitness | x1 | x2...
1 0 +1.732312079e+01 +1.732312079e+01 -2.297868792e+02 -2.297868792e+02 -1.6371e+00 +3.7602e+00
4 0 +1.057643081e+01 +1.057643081e+01 -2.365335692e+02 -2.365335692e+02 -3.3394e+00 +3.4228e+00
5 0 +9.312391117e+00 +9.312391117e+00 -2.377976089e+02 -2.377976089e+02 -3.0144e+00 +3.1524e+00
19 0 +3.130878465e+00 +3.130878465e+00 -2.439791215e+02 -2.439791215e+02 -3.8462e+00 +1.9720e+00
24 0 +2.687735706e+00 +2.687735706e+00 -2.444222643e+02 -2.444222643e+02 -2.1607e+00 +2.7952e-01
40 0 +1.888615470e+00 +1.888615470e+00 -2.452213845e+02 -2.452213845e+02 -3.4524e+00 +1.5332e+00
45 0 +1.681640269e+00 +1.681640269e+00 -2.454283597e+02 -2.454283597e+02 -2.5106e+00 +5.1062e-02
52 0 +4.192859252e-02 +4.192859252e-02 -2.470680714e+02 -2.470680714e+02 -3.9932e+00 +2.6643e-01
407 0 +1.768378659e-02 +1.768378659e-02 -2.470923162e+02 -2.470923162e+02 -3.9304e+00 +2.1955e-01
415 0 +8.150069635e-03 +8.150069635e-03 -2.471018499e+02 -2.471018499e+02 -3.7694e+00 +2.8869e-01
453 0 +1.609199316e-03 +1.609199316e-03 -2.471083908e+02 -2.471083908e+02 -3.7903e+00 +2.4249e-01
767 0 +1.220578707e-04 +1.220578707e-04 -2.471098779e+02 -2.471098779e+02 -3.7878e+00 +2.0014e-01
1117 0 +3.114626392e-05 +3.114626392e-05 -2.471099689e+02 -2.471099689e+02 -3.7992e+00 +2.0873e-01
1121 0 +9.336823439e-07 +9.336823439e-07 -2.471099991e+02 -2.471099991e+02 -3.7984e+00 +2.0223e-01
1485 0 +3.709982082e-07 +3.709982082e-07 -2.471099996e+02 -2.471099996e+02 -3.7987e+00 +2.0373e-01
1813 0 +1.537273420e-07 +1.537273420e-07 -2.471099998e+02 -2.471099998e+02 -3.7984e+00 +2.0359e-01
1839 0 +7.449693840e-08 +7.449693840e-08 -2.471099999e+02 -2.471099999e+02 -3.7987e+00 +2.0323e-01
1891 0 +6.351382353e-08 +6.351382353e-08 -2.471099999e+02 -2.471099999e+02 -3.7986e+00 +2.0301e-01
2163 0 +2.939174237e-08 +2.939174237e-08 -2.471100000e+02 -2.471100000e+02 -3.7986e+00 +2.0315e-01
2175 0 +2.629982987e-08 +2.629982987e-08 -2.471100000e+02 -2.471100000e+02 -3.7985e+00 +2.0311e-01
2193 0 +9.770701581e-09 +9.770701581e-09 -2.471100000e+02 -2.471100000e+02 -3.7985e+00 +2.0317e-01
% f evaluations | g evaluations | best noise-free fitness - Fopt | noise-free fitness - Fopt (-1.520400000000e+02) | measured fitness | best measured fitness | x1 | x2...
1 0 +6.784678311e+00 +6.784678311e+00 -1.452553217e+02 -1.452553217e+02 +2.2009e+00 +5.9149e-01
6 0 +3.285330487e+00 +3.285330487e+00 -1.487546695e+02 -1.487546695e+02 +1.3796e+00 +6.6673e-01
19 0 +1.472877389e+00 +1.472877389e+00 -1.505671226e+02 -1.505671226e+02 +3.6238e-01 +2.4615e+00
29 0 +4.075759368e-01 +4.075759368e-01 -1.516324241e+02 -1.516324241e+02 +1.3490e-01 +9.2813e-01
59 0 +1.454239696e-01 +1.454239696e-01 -1.518945760e+02 -1.518945760e+02 -2.2359e-01 +1.0452e+00
121 0 +1.206811558e-01 +1.206811558e-01 -1.519193188e+02 -1.519193188e+02 -5.6262e-01 +1.2412e+00
131 0 +8.711241277e-02 +8.711241277e-02 -1.519528876e+02 -1.519528876e+02 -3.9831e-01 +1.6884e+00
137 0 +5.632189704e-02 +5.632189704e-02 -1.519836781e+02 -1.519836781e+02 -6.7221e-02 +1.5518e+00
405 0 +4.921736196e-02 +4.921736196e-02 -1.519907826e+02 -1.519907826e+02 -3.8614e-01 +1.6113e+00
409 0 +2.370840922e-02 +2.370840922e-02 -1.520162916e+02 -1.520162916e+02 -2.5480e-01 +1.5775e+00
415 0 +1.568336289e-02 +1.568336289e-02 -1.520243166e+02 -1.520243166e+02 -1.6553e-01 +1.3509e+00
417 0 +4.448134354e-03 +4.448134354e-03 -1.520355519e+02 -1.520355519e+02 -2.4980e-01 +1.4884e+00
483 0 +3.986196478e-03 +3.986196478e-03 -1.520360138e+02 -1.520360138e+02 -2.4021e-01 +1.4811e+00
757 0 +2.096918317e-03 +2.096918317e-03 -1.520379031e+02 -1.520379031e+02 -2.3992e-01 +1.3872e+00
761 0 +9.577883817e-04 +9.577883817e-04 -1.520390422e+02 -1.520390422e+02 -2.3699e-01 +1.4173e+00
1109 0 +8.255942620e-04 +8.255942620e-04 -1.520391744e+02 -1.520391744e+02 -2.3900e-01 +1.4185e+00
1115 0 +6.607314341e-04 +6.607314341e-04 -1.520393393e+02 -1.520393393e+02 -2.8803e-01 +1.4391e+00
1127 0 +2.790415978e-04 +2.790415978e-04 -1.520397210e+02 -1.520397210e+02 -2.5572e-01 +1.4119e+00
1151 0 +3.584653473e-05 +3.584653473e-05 -1.520399642e+02 -1.520399642e+02 -2.6294e-01 +1.4198e+00
1463 0 +2.774249660e-05 +2.774249660e-05 -1.520399723e+02 -1.520399723e+02 -2.6309e-01 +1.4207e+00
1483 0 +1.208418158e-05 +1.208418158e-05 -1.520399879e+02 -1.520399879e+02 -2.6389e-01 +1.4251e+00
1507 0 +1.095612805e-05 +1.095612805e-05 -1.520399890e+02 -1.520399890e+02 -2.7001e-01 +1.4222e+00
1515 0 +7.680228492e-06 +7.680228492e-06 -1.520399923e+02 -1.520399923e+02 -2.6489e-01 +1.4255e+00
1813 0 +4.538174295e-06 +4.538174295e-06 -1.520399955e+02 -1.520399955e+02 -2.6536e-01 +1.4251e+00
1817 0 +1.559327501e-06 +1.559327501e-06 -1.520399984e+02 -1.520399984e+02 -2.6707e-01 +1.4252e+00
1871 0 +1.279512958e-07 +1.279512958e-07 -1.520399999e+02 -1.520399999e+02 -2.6725e-01 +1.4244e+00
1873 0 +8.098285775e-08 +8.098285775e-08 -1.520399999e+02 -1.520399999e+02 -2.6711e-01 +1.4243e+00
2229 0 +5.630113264e-08 +5.630113264e-08 -1.520399999e+02 -1.520399999e+02 -2.6720e-01 +1.4242e+00
2255 0 +3.401692084e-08 +3.401692084e-08 -1.520400000e+02 -1.520400000e+02 -2.6729e-01 +1.4242e+00
2517 0 +1.438448294e-08 +1.438448294e-08 -1.520400000e+02 -1.520400000e+02 -2.6719e-01 +1.4241e+00
2551 0 +1.121483706e-08 +1.121483706e-08 -1.520400000e+02 -1.520400000e+02 -2.6727e-01 +1.4241e+00
2571 0 +9.960842817e-09 +9.960842817e-09 -1.520400000e+02 -1.520400000e+02 -2.6729e-01 +1.4240e+00
3943 0 +0.000000000e+00 +0.000000000e+00 -1.520400000e+02 -1.520400000e+02 -2.6720e-01 +1.4240e+00
% f evaluations | g evaluations | best noise-free fitness - Fopt | noise-free fitness - Fopt (-2.525000000000e+01) | measured fitness | best measured fitness | x1 | x2...
1 0 +9.639943555e+00 +9.639943555e+00 -1.561005645e+01 -1.561005645e+01 +2.5194e+00 -2.2701e+00
5 0 +5.222355933e+00 +5.222355933e+00 -2.002764407e+01 -2.002764407e+01 +3.3119e+00 +2.9003e+00
18 0 +4.904613792e+00 +4.904613792e+00 -2.034538621e+01 -2.034538621e+01 +3.3303e+00 +2.8315e+00
32 0 +2.904234849e+00 +2.904234849e+00 -2.234576515e+01 -2.234576515e+01 +1.9103e+00 +6.2269e-01
38 0 +3.773995903e-01 +3.773995903e-01 -2.487260041e+01 -2.487260041e+01 +4.1939e+00 +4.3119e-01
71 0 +2.335231153e-01 +2.335231153e-01 -2.501647688e+01 -2.501647688e+01 +3.9432e+00 +9.8938e-01
113 0 +1.093780174e-02 +1.093780174e-02 -2.523906220e+01 -2.523906220e+01 +3.5546e+00 +5.4942e-01
421 0 +3.754086060e-03 +3.754086060e-03 -2.524624591e+01 -2.524624591e+01 +3.5622e+00 +6.0304e-01
493 0 +2.308846014e-03 +2.308846014e-03 -2.524769115e+01 -2.524769115e+01 +3.6248e+00 +5.8829e-01
755 0 +1.068398151e-03 +1.068398151e-03 -2.524893160e+01 -2.524893160e+01 +3.5963e+00 +6.0800e-01
763 0 +8.318482218e-04 +8.318482218e-04 -2.524916815e+01 -2.524916815e+01 +3.6242e+00 +6.6234e-01
803 0 +7.976202219e-04 +7.976202219e-04 -2.524920238e+01 -2.524920238e+01 +3.6421e+00 +6.4082e-01
1107 0 +2.058212348e-05 +2.058212348e-05 -2.524997942e+01 -2.524997942e+01 +3.6140e+00 +6.3972e-01
1469 0 +2.659146528e-06 +2.659146528e-06 -2.524999734e+01 -2.524999734e+01 +3.6158e+00 +6.3611e-01
1519 0 +6.626660820e-08 +6.626660820e-08 -2.524999993e+01 -2.524999993e+01 +3.6146e+00 +6.3510e-01
2163 0 +5.021095006e-08 +5.021095006e-08 -2.524999995e+01 -2.524999995e+01 +3.6146e+00 +6.3519e-01
2189 0 +6.412268050e-09 +6.412268050e-09 -2.524999999e+01 -2.524999999e+01 +3.6144e+00 +6.3528e-01
4361 0 +0.000000000e+00 +0.000000000e+00 -2.525000000e+01 -2.525000000e+01 +3.6144e+00 +6.3520e-01
% f evaluations | g evaluations | best noise-free fitness - Fopt | noise-free fitness - Fopt (1.830100000000e+02) | measured fitness | best measured fitness | x1 | x2...
1 0 +1.860548886e+01 +1.860548886e+01 +2.016154889e+02 +2.016154889e+02 -1.3324e+00 -1.1347e+00
2 0 +2.372553843e+00 +2.372553843e+00 +1.853825538e+02 +1.853825538e+02 -2.4569e+00 +4.6097e+00
6 0 +2.051286990e-01 +2.051286990e-01 +1.832151287e+02 +1.832151287e+02 -1.6884e+00 +3.1721e+00
65 0 +7.155323682e-02 +7.155323682e-02 +1.830815532e+02 +1.830815532e+02 -1.8767e+00 +3.0376e+00
403 0 +5.786758087e-02 +5.786758087e-02 +1.830678676e+02 +1.830678676e+02 -1.8958e+00 +3.0909e+00
405 0 +9.069515692e-03 +9.069515692e-03 +1.830190695e+02 +1.830190695e+02 -2.0409e+00 +3.1078e+00
755 0 +5.095866810e-03 +5.095866810e-03 +1.830150959e+02 +1.830150959e+02 -2.0648e+00 +3.0987e+00
765 0 +3.343459735e-03 +3.343459735e-03 +1.830133435e+02 +1.830133435e+02 -2.0817e+00 +3.1230e+00
775 0 +3.454756156e-04 +3.454756156e-04 +1.830103455e+02 +1.830103455e+02 -2.1242e+00 +3.0889e+00
835 0 +1.063786016e-04 +1.063786016e-04 +1.830101064e+02 +1.830101064e+02 -2.1292e+00 +3.1110e+00
1107 0 +7.110590400e-05 +7.110590400e-05 +1.830100711e+02 +1.830100711e+02 -2.1444e+00 +3.1043e+00
1109 0 +5.779780088e-05 +5.779780088e-05 +1.830100578e+02 +1.830100578e+02 -2.1381e+00 +3.1105e+00
1117 0 +3.212990006e-05 +3.212990006e-05 +1.830100321e+02 +1.830100321e+02 -2.1363e+00 +3.1089e+00
1459 0 +2.871702605e-05 +2.871702605e-05 +1.830100287e+02 +1.830100287e+02 -2.1317e+00 +3.1064e+00
1487 0 +2.532870036e-05 +2.532870036e-05 +1.830100253e+02 +1.830100253e+02 -2.1344e+00 +3.1080e+00
1497 0 +3.825200054e-06 +3.825200054e-06 +1.830100038e+02 +1.830100038e+02 -2.1349e+00 +3.1016e+00
1521 0 +1.366061070e-06 +1.366061070e-06 +1.830100014e+02 +1.830100014e+02 -2.1371e+00 +3.1034e+00
1819 0 +1.114259987e-06 +1.114259987e-06 +1.830100011e+02 +1.830100011e+02 -2.1370e+00 +3.1030e+00
1867 0 +9.056262797e-07 +9.056262797e-07 +1.830100009e+02 +1.830100009e+02 -2.1368e+00 +3.1037e+00
1897 0 +6.928874541e-08 +6.928874541e-08 +1.830100001e+02 +1.830100001e+02 -2.1360e+00 +3.1035e+00
2183 0 +2.761765927e-08 +2.761765927e-08 +1.830100000e+02 +1.830100000e+02 -2.1360e+00 +3.1034e+00
2519 0 +6.009656772e-09 +6.009656772e-09 +1.830100000e+02 +1.830100000e+02 -2.1360e+00 +3.1033e+00
% f evaluations | g evaluations | best noise-free fitness - Fopt | noise-free fitness - Fopt (1.835200000000e+02) | measured fitness | best measured fitness | x1 | x2...
1 0 +5.735136478e+01 +5.735136478e+01 +2.408713648e+02 +2.408713648e+02 +4.1392e+00 +2.3860e+00
2 0 +4.435975213e+01 +4.435975213e+01 +2.278797521e+02 +2.278797521e+02 +3.9524e+00 +1.4032e+00
3 0 +2.400910352e+01 +2.400910352e+01 +2.075291035e+02 +2.075291035e+02 -4.9084e+00 -4.3004e+00
4 0 +1.808951984e+00 +1.808951984e+00 +1.853289520e+02 +1.853289520e+02 +1.2397e+00 -3.4746e+00
34 0 +1.633151372e+00 +1.633151372e+00 +1.851531514e+02 +1.851531514e+02 +1.0998e+00 -4.5544e+00
47 0 +3.591203530e-01 +3.591203530e-01 +1.838791204e+02 +1.838791204e+02 -3.3156e-01 -3.4287e+00
61 0 +3.090804185e-01 +3.090804185e-01 +1.838290804e+02 +1.838290804e+02 -1.5475e-01 -3.4018e+00
75 0 +2.744903706e-01 +2.744903706e-01 +1.837944904e+02 +1.837944904e+02 +4.3034e-01 -3.6766e+00
111 0 +1.954541949e-01 +1.954541949e-01 +1.837154542e+02 +1.837154542e+02 -3.4432e-01 -4.2438e+00
149 0 +2.967436805e-02 +2.967436805e-02 +1.835496744e+02 +1.835496744e+02 -1.5999e-01 -4.0442e+00
403 0 +2.810199938e-02 +2.810199938e-02 +1.835481020e+02 +1.835481020e+02 -1.7229e-01 -4.0150e+00
405 0 +1.925102287e-02 +1.925102287e-02 +1.835392510e+02 +1.835392510e+02 -1.0388e-01 -4.0533e+00
423 0 +1.896247780e-02 +1.896247780e-02 +1.835389625e+02 +1.835389625e+02 -1.8352e-02 -4.0793e+00
439 0 +1.635653850e-02 +1.635653850e-02 +1.835363565e+02 +1.835363565e+02 -9.2471e-02 -3.8351e+00
453 0 +1.287370510e-02 +1.287370510e-02 +1.835328737e+02 +1.835328737e+02 +3.9714e-02 -4.0371e+00
457 0 +9.165629190e-03 +9.165629190e-03 +1.835291656e+02 +1.835291656e+02 -6.0337e-02 -4.0292e+00
761 0 +2.431256544e-03 +2.431256544e-03 +1.835224313e+02 +1.835224313e+02 -6.0415e-02 -3.9112e+00
833 0 +8.341843133e-05 +8.341843133e-05 +1.835200834e+02 +1.835200834e+02 -2.9312e-02 -3.9465e+00
1141 0 +5.471399402e-05 +5.471399402e-05 +1.835200547e+02 +1.835200547e+02 -2.7856e-02 -3.9455e+00
1147 0 +4.220368268e-05 +4.220368268e-05 +1.835200422e+02 +1.835200422e+02 -2.1587e-02 -3.9481e+00
1193 0 +3.888978742e-05 +3.888978742e-05 +1.835200389e+02 +1.835200389e+02 -1.7403e-02 -3.9462e+00
1463 0 +3.088016851e-05 +3.088016851e-05 +1.835200309e+02 +1.835200309e+02 -2.4436e-02 -3.9464e+00
1465 0 +1.539877940e-05 +1.539877940e-05 +1.835200154e+02 +1.835200154e+02 -2.3611e-02 -3.9450e+00
1491 0 +4.482541840e-06 +4.482541840e-06 +1.835200045e+02 +1.835200045e+02 -2.0164e-02 -3.9432e+00
1519 0 +2.456450204e-06 +2.456450204e-06 +1.835200025e+02 +1.835200025e+02 -2.1962e-02 -3.9401e+00
1821 0 +1.067481094e-06 +1.067481094e-06 +1.835200011e+02 +1.835200011e+02 -2.1950e-02 -3.9406e+00
1833 0 +3.583332386e-07 +3.583332386e-07 +1.835200004e+02 +1.835200004e+02 -2.1860e-02 -3.9421e+00
2163 0 +1.256504447e-07 +1.256504447e-07 +1.835200001e+02 +1.835200001e+02 -2.1915e-02 -3.9418e+00
2203 0 +4.154696853e-08 +4.154696853e-08 +1.835200000e+02 +1.835200000e+02 -2.1794e-02 -3.9417e+00
2231 0 +3.785442004e-08 +3.785442004e-08 +1.835200000e+02 +1.835200000e+02 -2.1753e-02 -3.9415e+00
2523 0 +1.873874567e-08 +1.873874567e-08 +1.835200000e+02 +1.835200000e+02 -2.1672e-02 -3.9415e+00
2567 0 +1.781452852e-08 +1.781452852e-08 +1.835200000e+02 +1.835200000e+02 -2.1728e-02 -3.9416e+00
2591 0 +1.241110681e-08 +1.241110681e-08 +1.835200000e+02 +1.835200000e+02 -2.1673e-02 -3.9417e+00
2869 0 +6.815412235e-09 +6.815412235e-09 +1.835200000e+02 +1.835200000e+02 -2.1679e-02 -3.9416e+00
4299 0 +0.000000000e+00 +0.000000000e+00 +1.835200000e+02 +1.835200000e+02 -2.1600e-02 -3.9416e+00
% f evaluations | g evaluations | best noise-free fitness - Fopt | noise-free fitness - Fopt (-5.938400000000e+02) | measured fitness | best measured fitness | x1 | x2...
1 0 +2.602186209e+01 +2.602186209e+01 -5.678181379e+02 -5.678181379e+02 +2.5055e+00 -4.2038e-01
2 0 +2.243133003e+01 +2.243133003e+01 -5.714086700e+02 -5.714086700e+02 -1.9016e-01 -4.0007e+00
3 0 +1.372720181e+01 +1.372720181e+01 -5.801127982e+02 -5.801127982e+02 +7.6258e-01 +1.7142e+00
5 0 +2.038946871e+00 +2.038946871e+00 -5.918010531e+02 -5.918010531e+02 -1.4373e+00 -7.7555e-01
9 0 +1.981593682e+00 +1.981593682e+00 -5.918584063e+02 -5.918584063e+02 -3.9676e+00 +2.5961e-01
13 0 +7.470089322e-01 +7.470089322e-01 -5.930929911e+02 -5.930929911e+02 -2.2789e+00 +9.0834e-01
21 0 +4.538836343e-01 +4.538836343e-01 -5.933861164e+02 -5.933861164e+02 -3.2431e+00 +7.7722e-02
50 0 +2.077437136e-01 +2.077437136e-01 -5.936322563e+02 -5.936322563e+02 -2.1427e+00 +2.5401e-01
59 0 +1.515662034e-01 +1.515662034e-01 -5.936884338e+02 -5.936884338e+02 -2.1964e+00 -1.6344e-02
61 0 +1.185336989e-01 +1.185336989e-01 -5.937214663e+02 -5.937214663e+02 -2.7033e+00 +4.1165e-01
63 0 +1.130909086e-01 +1.130909086e-01 -5.937269091e+02 -5.937269091e+02 -2.2747e+00 +2.5609e-01
65 0 +2.763613972e-02 +2.763613972e-02 -5.938123639e+02 -5.938123639e+02 -2.4141e+00 +1.5329e-01
101 0 +2.285563109e-02 +2.285563109e-02 -5.938171444e+02 -5.938171444e+02 -2.4892e+00 -3.3639e-02
417 0 +1.704383326e-02 +1.704383326e-02 -5.938229562e+02 -5.938229562e+02 -2.4711e+00 +8.7409e-03
421 0 +6.231827136e-03 +6.231827136e-03 -5.938337682e+02 -5.938337682e+02 -2.6463e+00 +1.1300e-01
477 0 +6.605214938e-04 +6.605214938e-04 -5.938393395e+02 -5.938393395e+02 -2.5729e+00 +6.8915e-02
771 0 +1.885595171e-04 +1.885595171e-04 -5.938398114e+02 -5.938398114e+02 -2.5822e+00 +8.8998e-02
819 0 +9.257156773e-05 +9.257156773e-05 -5.938399074e+02 -5.938399074e+02 -2.5757e+00 +1.0183e-01
1109 0 +6.058054066e-05 +6.058054066e-05 -5.938399394e+02 -5.938399394e+02 -2.5760e+00 +9.8779e-02
1123 0 +3.877928054e-05 +3.877928054e-05 -5.938399612e+02 -5.938399612e+02 -2.5757e+00 +9.3372e-02
1125 0 +5.804060038e-06 +5.804060038e-06 -5.938399942e+02 -5.938399942e+02 -2.5708e+00 +9.6509e-02
1465 0 +2.046437885e-06 +2.046437885e-06 -5.938399980e+02 -5.938399980e+02 -2.5693e+00 +9.2996e-02
1493 0 +1.299005703e-06 +1.299005703e-06 -5.938399987e+02 -5.938399987e+02 -2.5697e+00 +9.5536e-02
1811 0 +1.135204457e-06 +1.135204457e-06 -5.938399989e+02 -5.938399989e+02 -2.5700e+00 +9.5383e-02
1817 0 +1.531199132e-07 +1.531199132e-07 -5.938399998e+02 -5.938399998e+02 -2.5697e+00 +9.4781e-02
1869 0 +1.453917093e-07 +1.453917093e-07 -5.938399999e+02 -5.938399999e+02 -2.5698e+00 +9.4750e-02
2165 0 +5.026072358e-08 +5.026072358e-08 -5.938399999e+02 -5.938399999e+02 -2.5698e+00 +9.4533e-02
2171 0 +4.305798029e-08 +4.305798029e-08 -5.938400000e+02 -5.938400000e+02 -2.5698e+00 +9.4259e-02
2211 0 +3.767001999e-08 +3.767001999e-08 -5.938400000e+02 -5.938400000e+02 -2.5698e+00 +9.4311e-02
2225 0 +3.313698471e-08 +3.313698471e-08 -5.938400000e+02 -5.938400000e+02 -2.5698e+00 +9.4464e-02
2233 0 +2.258195764e-08 +2.258195764e-08 -5.938400000e+02 -5.938400000e+02 -2.5697e+00 +9.4459e-02
2253 0 +1.333194177e-08 +1.333194177e-08 -5.938400000e+02 -5.938400000e+02 -2.5695e+00 +9.4304e-02
2517 0 +1.181831522e-08 +1.181831522e-08 -5.938400000e+02 -5.938400000e+02 -2.5695e+00 +9.4375e-02
2533 0 +8.752181202e-09 +8.752181202e-09 -5.938400000e+02 -5.938400000e+02 -2.5695e+00 +9.4354e-02
4299 0 +0.000000000e+00 +0.000000000e+00 -5.938400000e+02 -5.938400000e+02 -2.5696e+00 +9.4400e-02
% f evaluations | g evaluations | best noise-free fitness - Fopt | noise-free fitness - Fopt (-1.000000000000e+03) | measured fitness | best measured fitness | x1 | x2...
1 0 +5.615669906e+00 +5.615669906e+00 -9.943843301e+02 -9.943843301e+02 -1.6246e+00 +3.0202e+00
25 0 +1.923978791e+00 +1.923978791e+00 -9.980760212e+02 -9.980760212e+02 -3.5531e+00 +2.4964e+00
33 0 +1.636649529e+00 +1.636649529e+00 -9.983633505e+02 -9.983633505e+02 -2.9747e+00 +2.9135e+00
46 0 +1.377609491e+00 +1.377609491e+00 -9.986223905e+02 -9.986223905e+02 -2.6741e+00 +3.7483e+00
51 0 +8.781529075e-02 +8.781529075e-02 -9.999121847e+02 -9.999121847e+02 -3.5894e+00 +4.0057e+00
409 0 +5.555801060e-02 +5.555801060e-02 -9.999444420e+02 -9.999444420e+02 -3.8634e+00 +4.0876e+00
415 0 +3.052679258e-02 +3.052679258e-02 -9.999694732e+02 -9.999694732e+02 -3.7624e+00 +4.0077e+00
419 0 +1.172625090e-02 +1.172625090e-02 -9.999882737e+02 -9.999882737e+02 -3.8453e+00 +3.9611e+00
763 0 +2.484467377e-03 +2.484467377e-03 -9.999975155e+02 -9.999975155e+02 -3.7935e+00 +3.8489e+00
791 0 +8.860190050e-04 +8.860190050e-04 -9.999991140e+02 -9.999991140e+02 -3.8669e+00 +3.8347e+00
1129 0 +4.736375625e-04 +4.736375625e-04 -9.999995264e+02 -9.999995264e+02 -3.8543e+00 +3.8341e+00
1163 0 +2.752935075e-04 +2.752935075e-04 -9.999997247e+02 -9.999997247e+02 -3.8590e+00 +3.8478e+00
1459 0 +2.671559225e-04 +2.671559225e-04 -9.999997328e+02 -9.999997328e+02 -3.8587e+00 +3.8475e+00
1471 0 +1.183472936e-04 +1.183472936e-04 -9.999998817e+02 -9.999998817e+02 -3.8495e+00 +3.8439e+00
1505 0 +8.107301937e-06 +8.107301937e-06 -9.999999919e+02 -9.999999919e+02 -3.8457e+00 +3.8515e+00
1813 0 +5.284103395e-06 +5.284103395e-06 -9.999999947e+02 -9.999999947e+02 -3.8425e+00 +3.8506e+00
1825 0 +3.559964625e-06 +3.559964625e-06 -9.999999964e+02 -9.999999964e+02 -3.8427e+00 +3.8510e+00
1865 0 +1.601410645e-06 +1.601410645e-06 -9.999999984e+02 -9.999999984e+02 -3.8422e+00 +3.8520e+00
1885 0 +1.222237870e-06 +1.222237870e-06 -9.999999988e+02 -9.999999988e+02 -3.8427e+00 +3.8538e+00
2179 0 +3.178392944e-07 +3.178392944e-07 -9.999999997e+02 -9.999999997e+02 -3.8430e+00 +3.8523e+00
2181 0 +1.299301857e-07 +1.299301857e-07 -9.999999999e+02 -9.999999999e+02 -3.8429e+00 +3.8530e+00
2527 0 +7.461187579e-08 +7.461187579e-08 -9.999999999e+02 -9.999999999e+02 -3.8431e+00 +3.8530e+00
2547 0 +5.873869213e-08 +5.873869213e-08 -9.999999999e+02 -9.999999999e+02 -3.8430e+00 +3.8530e+00
2579 0 +3.660522907e-08 +3.660522907e-08 -1.000000000e+03 -1.000000000e+03 -3.8430e+00 +3.8527e+00
2867 0 +3.506363555e-08 +3.506363555e-08 -1.000000000e+03 -1.000000000e+03 -3.8430e+00 +3.8528e+00
2871 0 +2.804620181e-08 +2.804620181e-08 -1.000000000e+03 -1.000000000e+03 -3.8431e+00 +3.8529e+00
2873 0 +1.045236786e-08 +1.045236786e-08 -1.000000000e+03 -1.000000000e+03 -3.8431e+00 +3.8529e+00
2877 0 +9.002746992e-09 +9.002746992e-09 -1.000000000e+03 -1.000000000e+03 -3.8431e+00 +3.8528e+00
4283 0 +0.000000000e+00 +0.000000000e+00 -1.000000000e+03 -1.000000000e+03 -3.8432e+00 +3.8528e+00
% f evaluations | g evaluations | best noise-free fitness - Fopt | noise-free fitness - Fopt (-2.531000000000e+01) | measured fitness | best measured fitness | x1 | x2...
1 0 +2.863814135e+01 +2.863814135e+01 +3.328141354e+00 +3.328141354e+00 +8.0211e-01 -1.1069e+00
6 0 +2.089993194e+01 +2.089993194e+01 -4.410068059e+00 -4.410068059e+00 +3.0397e+00 -1.0187e+00
8 0 +4.021785167e+00 +4.021785167e+00 -2.128821483e+01 -2.128821483e+01 +2.1542e+00 +2.0184e+00
12 0 +1.040834128e+00 +1.040834128e+00 -2.426916587e+01 -2.426916587e+01 +4.4721e+00 +3.7176e+00
57 0 +1.695917033e-01 +1.695917033e-01 -2.514040830e+01 -2.514040830e+01 +3.8068e+00 +3.7680e+00
65 0 +4.891801080e-02 +4.891801080e-02 -2.526108199e+01 -2.526108199e+01 +3.6599e+00 +3.6442e+00
81 0 +2.492361209e-02 +2.492361209e-02 -2.528507639e+01 -2.528507639e+01 +3.6212e+00 +3.4917e+00
409 0 +1.161339132e-02 +1.161339132e-02 -2.529838661e+01 -2.529838661e+01 +3.5159e+00 +3.6297e+00
411 0 +8.215981057e-03 +8.215981057e-03 -2.530178402e+01 -2.530178402e+01 +3.5573e+00 +3.5522e+00
421 0 +2.989585758e-03 +2.989585758e-03 -2.530701041e+01 -2.530701041e+01 +3.4731e+00 +3.4783e+00
453 0 +2.595215425e-03 +2.595215425e-03 -2.530740478e+01 -2.530740478e+01 +3.4190e+00 +3.5437e+00
463 0 +1.038595694e-03 +1.038595694e-03 -2.530896140e+01 -2.530896140e+01 +3.4592e+00 +3.5020e+00
757 0 +3.770889263e-04 +3.770889263e-04 -2.530962291e+01 -2.530962291e+01 +3.4500e+00 +3.5376e+00
805 0 +1.765857083e-04 +1.765857083e-04 -2.530982341e+01 -2.530982341e+01 +3.4619e+00 +3.5215e+00
843 0 +7.169776227e-05 +7.169776227e-05 -2.530992830e+01 -2.530992830e+01 +3.4721e+00 +3.5406e+00
1115 0 +6.755638303e-06 +6.755638303e-06 -2.530999324e+01 -2.530999324e+01 +3.4706e+00 +3.5309e+00
1461 0 +5.709788962e-06 +5.709788962e-06 -2.530999429e+01 -2.530999429e+01 +3.4712e+00 +3.5331e+00
1469 0 +3.621139054e-06 +3.621139054e-06 -2.530999638e+01 -2.530999638e+01 +3.4692e+00 +3.5310e+00
1475 0 +3.271366236e-06 +3.271366236e-06 -2.530999673e+01 -2.530999673e+01 +3.4701e+00 +3.5315e+00
1501 0 +2.145394696e-06 +2.145394696e-06 -2.530999785e+01 -2.530999785e+01 +3.4703e+00 +3.5329e+00
1543 0 +5.942429198e-07 +5.942429198e-07 -2.530999941e+01 -2.530999941e+01 +3.4688e+00 +3.5320e+00
1817 0 +2.907159882e-07 +2.907159882e-07 -2.530999971e+01 -2.530999971e+01 +3.4693e+00 +3.5328e+00
1819 0 +2.736965925e-07 +2.736965925e-07 -2.530999973e+01 -2.530999973e+01 +3.4692e+00 +3.5331e+00
1829 0 +1.898732194e-07 +1.898732194e-07 -2.530999981e+01 -2.530999981e+01 +3.4687e+00 +3.5324e+00
1841 0 +5.911491030e-08 +5.911491030e-08 -2.530999994e+01 -2.530999994e+01 +3.4690e+00 +3.5326e+00
2163 0 +4.873524873e-08 +4.873524873e-08 -2.530999995e+01 -2.530999995e+01 +3.4689e+00 +3.5326e+00
2165 0 +2.366020624e-08 +2.366020624e-08 -2.530999998e+01 -2.530999998e+01 +3.4689e+00 +3.5327e+00
2171 0 +9.614026908e-09 +9.614026908e-09 -2.530999999e+01 -2.530999999e+01 +3.4689e+00 +3.5328e+00
4291 0 +0.000000000e+00 +0.000000000e+00 -2.531000000e+01 -2.531000000e+01 +3.4688e+00 +3.5328e+00
% f evaluations | g evaluations | best noise-free fitness - Fopt | noise-free fitness - Fopt (2.228000000000e+01) | measured fitness | best measured fitness | x1 | x2...
1 0 +2.456985855e+01 +2.456985855e+01 +4.684985855e+01 +4.684985855e+01 -2.6571e+00 -4.6062e+00
3 0 +1.358954220e+01 +1.358954220e+01 +3.586954220e+01 +3.586954220e+01 -2.0883e+00 -6.2273e-01
5 0 +1.495603808e+00 +1.495603808e+00 +2.377560381e+01 +2.377560381e+01 +2.6337e+00 -1.7054e+00
6 0 +1.051504010e-01 +1.051504010e-01 +2.238515040e+01 +2.238515040e+01 +1.2231e+00 -2.0398e+00
115 0 +6.561929971e-02 +6.561929971e-02 +2.234561930e+01 +2.234561930e+01 +1.2384e+00 -1.5891e+00
133 0 +3.452056058e-02 +3.452056058e-02 +2.231452056e+01 +2.231452056e+01 +1.5128e+00 -1.9334e+00
419 0 +3.312737310e-02 +3.312737310e-02 +2.231312737e+01 +2.231312737e+01 +1.5822e+00 -1.8434e+00
421 0 +2.104314855e-03 +2.104314855e-03 +2.228210431e+01 +2.228210431e+01 +1.3671e+00 -1.7726e+00
757 0 +8.114009720e-04 +8.114009720e-04 +2.228081140e+01 +2.228081140e+01 +1.4412e+00 -1.7783e+00
759 0 +3.837648732e-04 +3.837648732e-04 +2.228038376e+01 +2.228038376e+01 +1.4255e+00 -1.7917e+00
811 0 +1.627683145e-04 +1.627683145e-04 +2.228016277e+01 +2.228016277e+01 +1.4026e+00 -1.7692e+00
1121 0 +7.648187966e-05 +7.648187966e-05 +2.228007648e+01 +2.228007648e+01 +1.4052e+00 -1.7725e+00
1125 0 +7.130507150e-05 +7.130507150e-05 +2.228007131e+01 +2.228007131e+01 +1.4088e+00 -1.7694e+00
1153 0 +3.670911314e-05 +3.670911314e-05 +2.228003671e+01 +2.228003671e+01 +1.4115e+00 -1.7709e+00
1195 0 +2.137250282e-05 +2.137250282e-05 +2.228002137e+01 +2.228002137e+01 +1.4142e+00 -1.7724e+00
1463 0 +1.921735670e-05 +1.921735670e-05 +2.228001922e+01 +2.228001922e+01 +1.4085e+00 -1.7775e+00
1465 0 +5.341864195e-06 +5.341864195e-06 +2.228000534e+01 +2.228000534e+01 +1.4135e+00 -1.7790e+00
1495 0 +1.899075745e-06 +1.899075745e-06 +2.228000190e+01 +2.228000190e+01 +1.4139e+00 -1.7760e+00
1819 0 +1.582017617e-06 +1.582017617e-06 +2.228000158e+01 +2.228000158e+01 +1.4140e+00 -1.7763e+00
1825 0 +1.405341933e-06 +1.405341933e-06 +2.228000141e+01 +2.228000141e+01 +1.4140e+00 -1.7766e+00
1857 0 +1.168719269e-06 +1.168719269e-06 +2.228000117e+01 +2.228000117e+01 +1.4139e+00 -1.7766e+00
1863 0 +3.788827243e-07 +3.788827243e-07 +2.228000038e+01 +2.228000038e+01 +1.4128e+00 -1.7762e+00
2165 0 +3.528680210e-07 +3.528680210e-07 +2.228000035e+01 +2.228000035e+01 +1.4128e+00 -1.7762e+00
2175 0 +1.866854973e-07 +1.866854973e-07 +2.228000019e+01 +2.228000019e+01 +1.4126e+00 -1.7764e+00
2187 0 +1.387303605e-07 +1.387303605e-07 +2.228000014e+01 +2.228000014e+01 +1.4126e+00 -1.7765e+00
2231 0 +7.136462088e-08 +7.136462088e-08 +2.228000007e+01 +2.228000007e+01 +1.4129e+00 -1.7771e+00
2233 0 +2.411498556e-08 +2.411498556e-08 +2.228000002e+01 +2.228000002e+01 +1.4127e+00 -1.7769e+00
2261 0 +4.310258817e-10 +4.310258817e-10 +2.228000000e+01 +2.228000000e+01 +1.4128e+00 -1.7768e+00
4635 0 +0.000000000e+00 +0.000000000e+00 +2.228000000e+01 +2.228000000e+01 +1.4128e+00 -1.7768e+00
% f evaluations | g evaluations | best noise-free fitness - Fopt | noise-free fitness - Fopt (3.561400000000e+02) | measured fitness | best measured fitness | x1 | x2...
1 0 +1.107723424e+01 +1.107723424e+01 +3.672172342e+02 +3.672172342e+02 +3.4082e+00 -3.2221e+00
11 0 +9.993050945e+00 +9.993050945e+00 +3.661330509e+02 +3.661330509e+02 +3.0428e+00 +2.2107e+00
13 0 +2.141426784e+00 +2.141426784e+00 +3.582814268e+02 +3.582814268e+02 +2.7642e+00 +1.3582e-01
17 0 +1.633700860e+00 +1.633700860e+00 +3.577737009e+02 +3.577737009e+02 +2.3569e+00 +3.8429e-01
51 0 +7.262809535e-01 +7.262809535e-01 +3.568662810e+02 +3.568662810e+02 +2.0499e+00 +8.8686e-02
71 0 +6.820961007e-01 +6.820961007e-01 +3.568220961e+02 +3.568220961e+02 +2.2580e+00 -3.1804e-01
92 0 +6.455589383e-01 +6.455589383e-01 +3.567855589e+02 +3.567855589e+02 +1.4219e+00 -1.3274e+00
107 0 +3.331495191e-01 +3.331495191e-01 +3.564731495e+02 +3.564731495e+02 +1.1859e+00 -1.0336e+00
403 0 +1.752155227e-01 +1.752155227e-01 +3.563152155e+02 +3.563152155e+02 +1.0454e+00 -4.5650e-01
409 0 +1.603285546e-01 +1.603285546e-01 +3.563003286e+02 +3.563003286e+02 +1.5153e+00 -9.2114e-01
441 0 +4.719926925e-02 +4.719926925e-02 +3.561871993e+02 +3.561871993e+02 +1.2550e+00 -4.4843e-01
451 0 +9.666306039e-03 +9.666306039e-03 +3.561496663e+02 +3.561496663e+02 +1.3631e+00 -5.4880e-01
779 0 +3.715411921e-03 +3.715411921e-03 +3.561437154e+02 +3.561437154e+02 +1.5032e+00 -5.6610e-01
787 0 +1.302644998e-03 +1.302644998e-03 +3.561413026e+02 +3.561413026e+02 +1.4855e+00 -5.4865e-01
1107 0 +6.322589439e-04 +6.322589439e-04 +3.561406323e+02 +3.561406323e+02 +1.4544e+00 -5.4963e-01
1119 0 +3.710700531e-04 +3.710700531e-04 +3.561403711e+02 +3.561403711e+02 +1.4773e+00 -5.2111e-01
1141 0 +6.932937725e-05 +6.932937725e-05 +3.561400693e+02 +3.561400693e+02 +1.4666e+00 -5.2610e-01
1463 0 +6.732480387e-05 +6.732480387e-05 +3.561400673e+02 +3.561400673e+02 +1.4666e+00 -5.2558e-01
1477 0 +2.423951321e-05 +2.423951321e-05 +3.561400242e+02 +3.561400242e+02 +1.4633e+00 -5.2510e-01
1479 0 +2.781593082e-06 +2.781593082e-06 +3.561400028e+02 +3.561400028e+02 +1.4600e+00 -5.2447e-01
1811 0 +2.520814348e-06 +2.520814348e-06 +3.561400025e+02 +3.561400025e+02 +1.4585e+00 -5.2322e-01
1819 0 +1.263303204e-06 +1.263303204e-06 +3.561400013e+02 +3.561400013e+02 +1.4573e+00 -5.2448e-01
1845 0 +1.019818967e-06 +1.019818967e-06 +3.561400010e+02 +3.561400010e+02 +1.4594e+00 -5.2506e-01
1847 0 +9.601289435e-07 +9.601289435e-07 +3.561400010e+02 +3.561400010e+02 +1.4574e+00 -5.2489e-01
1859 0 +3.101661150e-08 +3.101661150e-08 +3.561400000e+02 +3.561400000e+02 +1.4582e+00 -5.2471e-01
2167 0 +3.837953955e-09 +3.837953955e-09 +3.561400000e+02 +3.561400000e+02 +1.4584e+00 -5.2476e-01
3925 0 +0.000000000e+00 +0.000000000e+00 +3.561400000e+02 +3.561400000e+02 +1.4584e+00 -5.2480e-01
% f evaluations | g evaluations | best noise-free fitness - Fopt | noise-free fitness - Fopt (-4.757000000000e+02) | measured fitness | best measured fitness | x1 | x2...
1 0 +2.069661964e+01 +2.069661964e+01 -4.550033804e+02 -4.550033804e+02 -4.6996e+00 -2.8356e+00
2 0 +4.716457684e+00 +4.716457684e+00 -4.709835423e+02 -4.709835423e+02 +5.5401e-01 +1.2299e+00
12 0 +5.421707145e-01 +5.421707145e-01 -4.751578293e+02 -4.751578293e+02 -5.2734e-01 -1.1154e+00
59 0 +6.457954662e-02 +6.457954662e-02 -4.756354205e+02 -4.756354205e+02 -6.3948e-01 -2.7538e-01
83 0 +5.865282221e-02 +5.865282221e-02 -4.756413472e+02 -4.756413472e+02 -5.8750e-01 -4.5019e-01
429 0 +5.241657410e-02 +5.241657410e-02 -4.756475834e+02 -4.756475834e+02 -6.0105e-01 -4.5741e-01
437 0 +8.075094058e-03 +8.075094058e-03 -4.756919249e+02 -4.756919249e+02 -7.3975e-01 -4.4229e-01
445 0 +7.026018966e-03 +7.026018966e-03 -4.756929740e+02 -4.756929740e+02 -7.4826e-01 -4.6424e-01
481 0 +5.323482416e-03 +5.323482416e-03 -4.756946765e+02 -4.756946765e+02 -8.9251e-01 -4.8095e-01
755 0 +2.568977725e-03 +2.568977725e-03 -4.756974310e+02 -4.756974310e+02 -8.0746e-01 -4.8959e-01
759 0 +2.123039330e-03 +2.123039330e-03 -4.756978770e+02 -4.756978770e+02 -8.4925e-01 -4.8568e-01
761 0 +1.849958890e-03 +1.849958890e-03 -4.756981500e+02 -4.756981500e+02 -8.5074e-01 -4.8146e-01
769 0 +1.309276449e-03 +1.309276449e-03 -4.756986907e+02 -4.756986907e+02 -7.9640e-01 -4.5839e-01
803 0 +1.338527336e-04 +1.338527336e-04 -4.756998661e+02 -4.756998661e+02 -8.3787e-01 -4.3591e-01
829 0 +1.171665813e-04 +1.171665813e-04 -4.756998828e+02 -4.756998828e+02 -8.3603e-01 -4.5271e-01
1149 0 +7.285348761e-05 +7.285348761e-05 -4.756999271e+02 -4.756999271e+02 -8.2356e-01 -4.5003e-01
1159 0 +4.619944639e-05 +4.619944639e-05 -4.756999538e+02 -4.756999538e+02 -8.2291e-01 -4.4520e-01
1461 0 +3.913476201e-05 +3.913476201e-05 -4.756999609e+02 -4.756999609e+02 -8.3328e-01 -4.4906e-01
1483 0 +5.505232480e-06 +5.505232480e-06 -4.756999945e+02 -4.756999945e+02 -8.2958e-01 -4.4635e-01
1541 0 +5.198694396e-06 +5.198694396e-06 -4.756999948e+02 -4.756999948e+02 -8.2969e-01 -4.4628e-01
1815 0 +7.451939723e-07 +7.451939723e-07 -4.756999993e+02 -4.756999993e+02 -8.2991e-01 -4.4319e-01
2185 0 +2.766807370e-07 +2.766807370e-07 -4.756999997e+02 -4.756999997e+02 -8.3005e-01 -4.4373e-01
2207 0 +1.699925747e-07 +1.699925747e-07 -4.756999998e+02 -4.756999998e+02 -8.3000e-01 -4.4389e-01
2221 0 +1.232872364e-07 +1.232872364e-07 -4.756999999e+02 -4.756999999e+02 -8.2968e-01 -4.4434e-01
2237 0 +1.159903036e-07 +1.159903036e-07 -4.756999999e+02 -4.756999999e+02 -8.2978e-01 -4.4429e-01
2245 0 +7.396795354e-08 +7.396795354e-08 -4.756999999e+02 -4.756999999e+02 -8.2984e-01 -4.4388e-01
2515 0 +4.870946668e-08 +4.870946668e-08 -4.757000000e+02 -4.757000000e+02 -8.2980e-01 -4.4391e-01
2569 0 +2.351623607e-08 +2.351623607e-08 -4.757000000e+02 -4.757000000e+02 -8.2949e-01 -4.4389e-01
2595 0 +2.400554422e-09 +2.400554422e-09 -4.757000000e+02 -4.757000000e+02 -8.2955e-01 -4.4402e-01
3957 0 +0.000000000e+00 +0.000000000e+00 -4.757000000e+02 -4.757000000e+02 -8.2960e-01 -4.4400e-01
% f evaluations | g evaluations | best noise-free fitness - Fopt | noise-free fitness - Fopt (-1.000000000000e+03) | measured fitness | best measured fitness | x1 | x2...
1 0 +3.931092072e+01 +3.931092072e+01 -9.606890793e+02 -9.606890793e+02 +2.3012e-01 -1.4794e+00
4 0 +2.073293514e+01 +2.073293514e+01 -9.792670649e+02 -9.792670649e+02 -2.2609e-01 +5.0327e-01
6 0 +3.595810651e-01 +3.595810651e-01 -9.996404189e+02 -9.996404189e+02 -3.4901e+00 +2.8097e+00
76 0 +3.303025179e-01 +3.303025179e-01 -9.996696975e+02 -9.996696975e+02 -3.2746e+00 +3.0941e+00
77 0 +9.513041244e-02 +9.513041244e-02 -9.999048696e+02 -9.999048696e+02 -4.1010e+00 +3.3989e+00
427 0 +4.603175225e-02 +4.603175225e-02 -9.999539682e+02 -9.999539682e+02 -3.9159e+00 +3.1396e+00
437 0 +4.249507649e-02 +4.249507649e-02 -9.999575049e+02 -9.999575049e+02 -3.5967e+00 +3.3352e+00
453 0 +2.478008454e-02 +2.478008454e-02 -9.999752199e+02 -9.999752199e+02 -3.6453e+00 +3.3317e+00
463 0 +1.008494772e-02 +1.008494772e-02 -9.999899151e+02 -9.999899151e+02 -3.7894e+00 +3.4212e+00
765 0 +6.442781535e-03 +6.442781535e-03 -9.999935572e+02 -9.999935572e+02 -3.7851e+00 +3.4000e+00
811 0 +5.417188621e-03 +5.417188621e-03 -9.999945828e+02 -9.999945828e+02 -3.7570e+00 +3.3796e+00
839 0 +1.115265668e-03 +1.115265668e-03 -9.999988847e+02 -9.999988847e+02 -3.7718e+00 +3.3349e+00
1107 0 +1.051751860e-03 +1.051751860e-03 -9.999989482e+02 -9.999989482e+02 -3.7706e+00 +3.3154e+00
1109 0 +8.653125573e-04 +8.653125573e-04 -9.999991347e+02 -9.999991347e+02 -3.7778e+00 +3.3378e+00
1125 0 +6.994438525e-05 +6.994438525e-05 -9.999999301e+02 -9.999999301e+02 -3.8083e+00 +3.3275e+00
1171 0 +4.238048530e-05 +4.238048530e-05 -9.999999576e+02 -9.999999576e+02 -3.7960e+00 +3.3229e+00
1471 0 +2.537676437e-05 +2.537676437e-05 -9.999999746e+02 -9.999999746e+02 -3.7977e+00 +3.3198e+00
1473 0 +2.469392928e-05 +2.469392928e-05 -9.999999753e+02 -9.999999753e+02 -3.7974e+00 +3.3214e+00
1477 0 +1.592854903e-05 +1.592854903e-05 -9.999999841e+02 -9.999999841e+02 -3.7984e+00 +3.3219e+00
1485 0 +6.802450457e-06 +6.802450457e-06 -9.999999932e+02 -9.999999932e+02 -3.8002e+00 +3.3230e+00
1813 0 +6.317148404e-06 +6.317148404e-06 -9.999999937e+02 -9.999999937e+02 -3.7999e+00 +3.3218e+00
1815 0 +4.331301739e-06 +4.331301739e-06 -9.999999957e+02 -9.999999957e+02 -3.8025e+00 +3.3195e+00
1817 0 +3.247115615e-06 +3.247115615e-06 -9.999999968e+02 -9.999999968e+02 -3.8012e+00 +3.3230e+00
1831 0 +1.551855235e-06 +1.551855235e-06 -9.999999984e+02 -9.999999984e+02 -3.8012e+00 +3.3221e+00
1839 0 +6.245106761e-07 +6.245106761e-07 -9.999999994e+02 -9.999999994e+02 -3.8020e+00 +3.3223e+00
1861 0 +5.677214858e-07 +5.677214858e-07 -9.999999994e+02 -9.999999994e+02 -3.8029e+00 +3.3222e+00
2163 0 +6.537243280e-08 +6.537243280e-08 -9.999999999e+02 -9.999999999e+02 -3.8022e+00 +3.3218e+00
2241 0 +5.893537036e-08 +5.893537036e-08 -9.999999999e+02 -9.999999999e+02 -3.8026e+00 +3.3218e+00
2523 0 +1.765761226e-08 +1.765761226e-08 -1.000000000e+03 -1.000000000e+03 -3.8023e+00 +3.3217e+00
2537 0 +7.775724953e-09 +7.775724953e-09 -1.000000000e+03 -1.000000000e+03 -3.8024e+00 +3.3217e+00
3643 0 +0.000000000e+00 +0.000000000e+00 -1.000000000e+03 -1.000000000e+03 -3.8024e+00 +3.3216e+00
% f evaluations | g evaluations | best noise-free fitness - Fopt | noise-free fitness - Fopt (-4.158000000000e+01) | measured fitness | best measured fitness | x1 | x2...
1 0 +4.571019897e+00 +4.571019897e+00 -3.700898010e+01 -3.700898010e+01 -1.4944e+00 +2.4116e+00
4 0 +3.834792606e+00 +3.834792606e+00 -3.774520739e+01 -3.774520739e+01 -1.2346e+00 +3.5440e+00
6 0 +2.534848987e+00 +2.534848987e+00 -3.904515101e+01 -3.904515101e+01 +2.4236e-01 +4.4048e+00
42 0 +1.015984892e+00 +1.015984892e+00 -4.056401511e+01 -4.056401511e+01 +1.3658e-01 +3.7491e+00
51 0 +9.997980806e-01 +9.997980806e-01 -4.058020192e+01 -4.058020192e+01 +1.1956e+00 +3.6542e+00
53 0 +6.366772275e-01 +6.366772275e-01 -4.094332277e+01 -4.094332277e+01 +6.9197e-01 +2.0605e+00
75 0 +1.572316727e-01 +1.572316727e-01 -4.142276833e+01 -4.142276833e+01 +7.0670e-01 +3.2340e+00
121 0 +1.439177919e-01 +1.439177919e-01 -4.143608221e+01 -4.143608221e+01 +2.3038e-01 +2.7576e+00
125 0 +9.764083446e-03 +9.764083446e-03 -4.157023592e+01 -4.157023592e+01 +6.0572e-01 +2.7543e+00
423 0 +8.347668455e-03 +8.347668455e-03 -4.157165233e+01 -4.157165233e+01 +6.1455e-01 +2.7630e+00
425 0 +1.960927033e-03 +1.960927033e-03 -4.157803907e+01 -4.157803907e+01 +5.6853e-01 +2.8862e+00
427 0 +1.673440676e-03 +1.673440676e-03 -4.157832656e+01 -4.157832656e+01 +5.7346e-01 +2.8198e+00
765 0 +1.059060110e-03 +1.059060110e-03 -4.157894094e+01 -4.157894094e+01 +5.7652e-01 +2.8280e+00
769 0 +2.547442091e-04 +2.547442091e-04 -4.157974526e+01 -4.157974526e+01 +5.8580e-01 +2.8421e+00
785 0 +7.722950235e-05 +7.722950235e-05 -4.157992277e+01 -4.157992277e+01 +5.9413e-01 +2.8447e+00
1109 0 +6.793736539e-05 +6.793736539e-05 -4.157993206e+01 -4.157993206e+01 +5.9755e-01 +2.8446e+00
1113 0 +5.249995249e-05 +5.249995249e-05 -4.157994750e+01 -4.157994750e+01 +5.9040e-01 +2.8520e+00
1123 0 +4.663657590e-05 +4.663657590e-05 -4.157995336e+01 -4.157995336e+01 +5.9585e-01 +2.8462e+00
1139 0 +4.501055423e-05 +4.501055423e-05 -4.157995499e+01 -4.157995499e+01 +6.0108e-01 +2.8471e+00
1149 0 +2.706538449e-05 +2.706538449e-05 -4.157997293e+01 -4.157997293e+01 +5.9515e-01 +2.8482e+00
1179 0 +2.541357303e-05 +2.541357303e-05 -4.157997459e+01 -4.157997459e+01 +5.9359e-01 +2.8497e+00
1187 0 +1.820722859e-05 +1.820722859e-05 -4.157998179e+01 -4.157998179e+01 +5.9373e-01 +2.8510e+00
1461 0 +1.791129398e-05 +1.791129398e-05 -4.157998209e+01 -4.157998209e+01 +5.9338e-01 +2.8525e+00
1465 0 +6.284686236e-06 +6.284686236e-06 -4.157999372e+01 -4.157999372e+01 +5.9573e-01 +2.8511e+00
1483 0 +3.989322785e-06 +3.989322785e-06 -4.157999601e+01 -4.157999601e+01 +5.9566e-01 +2.8523e+00
1499 0 +1.880104335e-06 +1.880104335e-06 -4.157999812e+01 -4.157999812e+01 +5.9863e-01 +2.8537e+00
1815 0 +1.286952624e-06 +1.286952624e-06 -4.157999871e+01 -4.157999871e+01 +5.9812e-01 +2.8518e+00
1821 0 +7.765492640e-07 +7.765492640e-07 -4.157999922e+01 -4.157999922e+01 +5.9818e-01 +2.8535e+00
1835 0 +5.785425117e-08 +5.785425117e-08 -4.157999994e+01 -4.157999994e+01 +5.9758e-01 +2.8530e+00
2193 0 +5.246788959e-08 +5.246788959e-08 -4.157999995e+01 -4.157999995e+01 +5.9774e-01 +2.8526e+00
2205 0 +1.084614354e-08 +1.084614354e-08 -4.157999999e+01 -4.157999999e+01 +5.9770e-01 +2.8528e+00
2215 0 +2.688338441e-10 +2.688338441e-10 -4.158000000e+01 -4.158000000e+01 +5.9759e-01 +2.8528e+00
