% f evaluations | g evaluations | best noise-free fitness - Fopt | noise-free fitness - Fopt (-1.694000000000e+01) | measured fitness | best measured fitness | x1 | x2...
1 0 +3.857516755e-01 +3.857516755e-01 -1.655424832e+01 -1.655424832e+01 +3.6279e+00 +2.8668e+00
81 0 +2.703901722e-01 +2.703901722e-01 -1.666960983e+01 -1.666960983e+01 +3.5746e+00 +2.4688e+00
143 0 +2.431596740e-01 +2.431596740e-01 -1.669684033e+01 -1.669684033e+01 +3.5229e+00 +2.7214e+00
427 0 +1.800299259e-01 +1.800299259e-01 -1.675997007e+01 -1.675997007e+01 +3.6551e+00 +2.6398e+00
759 0 +1.181305524e-01 +1.181305524e-01 -1.682186945e+01 -1.682186945e+01 +3.6634e+00 +2.6173e+00
763 0 +7.419868750e-02 +7.419868750e-02 -1.686580131e+01 -1.686580131e+01 +3.6390e+00 +2.5344e+00
783 0 +1.719624867e-02 +1.719624867e-02 -1.692280375e+01 -1.692280375e+01 +3.6481e+00 +2.5610e+00
1115 0 +1.572136634e-02 +1.572136634e-02 -1.692427863e+01 -1.692427863e+01 +3.6525e+00 +2.5574e+00
1459 0 +1.235856924e-02 +1.235856924e-02 -1.692764143e+01 -1.692764143e+01 +3.6533e+00 +2.5579e+00
1481 0 +7.679555214e-03 +7.679555214e-03 -1.693232044e+01 -1.693232044e+01 +3.6537e+00 +2.5570e+00
1547 0 +7.556242935e-03 +7.556242935e-03 -1.693244376e+01 -1.693244376e+01 +3.6533e+00 +2.5564e+00
% f evaluations | g evaluations | best noise-free fitness - Fopt | noise-free fitness - Fopt (1.881000000000e+01) | measured fitness | best measured fitness | x1 | x2...
1 0 +3.190503213e+00 +3.190503213e+00 +2.200050321e+01 +2.200050321e+01 +1.3713e+00 +1.6879e+00
14 0 +1.867582804e+00 +1.867582804e+00 +2.067758280e+01 +2.067758280e+01 -1.5120e+00 +1.7794e+00
48 0 +1.391814518e+00 +1.391814518e+00 +2.020181452e+01 +2.020181452e+01 +3.6564e-02 +2.2027e+00
51 0 +1.306226857e+00 +1.306226857e+00 +2.011622686e+01 +2.011622686e+01 +1.3782e-01 +2.0443e+00
55 0 +1.897692827e-01 +1.897692827e-01 +1.899976928e+01 +1.899976928e+01 -7.1104e-03 +1.7692e+00
443 0 +9.865802541e-02 +9.865802541e-02 +1.890865803e+01 +1.890865803e+01 -6.0739e-02 +1.7583e+00
845 0 +9.764967932e-02 +9.764967932e-02 +1.890764968e+01 +1.890764968e+01 -5.9508e-02 +1.7585e+00
847 0 +5.969927918e-02 +5.969927918e-02 +1.886969928e+01 +1.886969928e+01 -1.1239e-01 +1.7678e+00
1113 0 +4.070116379e-02 +4.070116379e-02 +1.885070116e+01 +1.885070116e+01 -1.4655e-01 +1.7730e+00
1463 0 +3.216448659e-02 +3.216448659e-02 +1.884216449e+01 +1.884216449e+01 -1.4943e-01 +1.7729e+00
1555 0 +1.672642194e-02 +1.672642194e-02 +1.882672642e+01 +1.882672642e+01 -1.7193e-01 +1.7767e+00
1811 0 +1.138912674e-02 +1.138912674e-02 +1.882138913e+01 +1.882138913e+01 -1.8670e-01 +1.7778e+00
2167 0 +8.873687902e-03 +8.873687902e-03 +1.881887369e+01 +1.881887369e+01 -1.8709e-01 +1.7779e+00
2173 0 +7.970162154e-03 +7.970162154e-03 +1.881797016e+01 +1.881797016e+01 -1.8386e-01 +1.7787e+00
2183 0 +7.586410917e-03 +7.586410917e-03 +1.881758641e+01 +1.881758641e+01 -1.8853e-01 +1.7782e+00
2529 0 +7.554297739e-03 +7.554297739e-03 +1.881755430e+01 +1.881755430e+01 -1.8847e-01 +1.7782e+00
% f evaluations | g evaluations | best noise-free fitness - Fopt | noise-free fitness - Fopt (2.731500000000e+02) | measured fitness | best measured fitness | x1 | x2...
1 0 +5.664897665e+01 +5.664897665e+01 +3.297989766e+02 +3.297989766e+02 +4.0791e+00 +3.2917e+00
2 0 +8.121407265e+00 +8.121407265e+00 +2.812714073e+02 +2.812714073e+02 -3.8224e+00 -1.3752e+00
12 0 +5.253838997e+00 +5.253838997e+00 +2.784038390e+02 +2.784038390e+02 -1.9012e+00 +3.5787e+00
17 0 +2.348540240e+00 +2.348540240e+00 +2.754985402e+02 +2.754985402e+02 -4.2663e+00 +2.4983e+00
70 0 +1.870944211e+00 +1.870944211e+00 +2.750209442e+02 +2.750209442e+02 -4.0615e+00 +3.1856e+00
72 0 +4.461227089e-01 +4.461227089e-01 +2.735961227e+02 +2.735961227e+02 -3.7340e+00 +3.6859e+00
409 0 +7.963514746e-02 +7.963514746e-02 +2.732296351e+02 +2.732296351e+02 -3.5739e+00 +3.7458e+00
839 0 +6.680605709e-02 +6.680605709e-02 +2.732168061e+02 +2.732168061e+02 -3.5617e+00 +3.7461e+00
1107 0 +5.760367974e-02 +5.760367974e-02 +2.732076037e+02 +2.732076037e+02 -3.5575e+00 +3.7586e+00
1121 0 +3.248027427e-02 +3.248027427e-02 +2.731824803e+02 +2.731824803e+02 -3.5829e+00 +3.7298e+00
1127 0 +3.199314677e-02 +3.199314677e-02 +2.731819931e+02 +2.731819931e+02 -3.5720e+00 +3.7452e+00
1171 0 +1.645165332e-02 +1.645165332e-02 +2.731664517e+02 +2.731664517e+02 -3.5830e+00 +3.7574e+00
1471 0 +1.438440652e-02 +1.438440652e-02 +2.731643844e+02 +2.731643844e+02 -3.5789e+00 +3.7600e+00
1481 0 +7.965146564e-03 +7.965146564e-03 +2.731579651e+02 +2.731579651e+02 -3.5822e+00 +3.7529e+00
1507 0 +7.150797256e-03 +7.150797256e-03 +2.731571508e+02 +2.731571508e+02 -3.5801e+00 +3.7518e+00
1811 0 +3.868511618e-03 +3.868511618e-03 +2.731538685e+02 +2.731538685e+02 -3.5805e+00 +3.7522e+00
1817 0 +3.686746706e-03 +3.686746706e-03 +2.731536867e+02 +2.731536867e+02 -3.5804e+00 +3.7535e+00
1845 0 +2.109617862e-03 +2.109617862e-03 +2.731521096e+02 +2.731521096e+02 -3.5791e+00 +3.7534e+00
1871 0 +1.047920882e-03 +1.047920882e-03 +2.731510479e+02 +2.731510479e+02 -3.5795e+00 +3.7536e+00
2167 0 +9.849392929e-04 +9.849392929e-04 +2.731509849e+02 +2.731509849e+02 -3.5793e+00 +3.7540e+00
2177 0 +6.096120180e-04 +6.096120180e-04 +2.731506096e+02 +2.731506096e+02 -3.5793e+00 +3.7533e+00
2229 0 +4.161951799e-04 +4.161951799e-04 +2.731504162e+02 +2.731504162e+02 -3.5792e+00 +3.7535e+00
2517 0 +2.340566614e-04 +2.340566614e-04 +2.731502341e+02 +2.731502341e+02 -3.5793e+00 +3.7534e+00
2585 0 +1.150445776e-04 +1.150445776e-04 +2.731501150e+02 +2.731501150e+02 -3.5792e+00 +3.7536e+00
2887 0 +4.420862882e-05 +4.420862882e-05 +2.731500442e+02 +2.731500442e+02 -3.5792e+00 +3.7536e+00
2935 0 +2.915795022e-05 +2.915795022e-05 +2.731500292e+02 +2.731500292e+02 -3.5792e+00 +3.7536e+00
3251 0 +2.878037003e-05 +2.878037003e-05 +2.731500288e+02 +2.731500288e+02 -3.5792e+00 +3.7536e+00
3571 0 +2.554570392e-05 +2.554570392e-05 +2.731500255e+02 +2.731500255e+02 -3.5792e+00 +3.7536e+00
3643 0 +1.010185912e-05 +1.010185912e-05 +2.731500101e+02 +2.731500101e+02 -3.5792e+00 +3.7536e+00
3943 0 +5.488642500e-06 +5.488642500e-06 +2.731500055e+02 +2.731500055e+02 -3.5792e+00 +3.7536e+00
4277 0 +5.140373105e-06 +5.140373105e-06 +2.731500051e+02 +2.731500051e+02 -3.5792e+00 +3.7536e+00
4281 0 +4.225345151e-06 +4.225345151e-06 +2.731500042e+02 +2.731500042e+02 -3.5792e+00 +3.7536e+00
4285 0 +3.936382086e-06 +3.936382086e-06 +2.731500039e+02 +2.731500039e+02 -3.5792e+00 +3.7536e+00
4335 0 +2.371791538e-06 +2.371791538e-06 +2.731500024e+02 +2.731500024e+02 -3.5792e+00 +3.7536e+00
4633 0 +2.332040992e-06 +2.332040992e-06 +2.731500023e+02 +2.731500023e+02 -3.5792e+00 +3.7536e+00
4655 0 +1.853149456e-06 +1.853149456e-06 +2.731500019e+02 +2.731500019e+02 -3.5792e+00 +3.7536e+00
4659 0 +1.502227235e-06 +1.502227235e-06 +2.731500015e+02 +2.731500015e+02 -3.5792e+00 +3.7536e+00
4689 0 +1.166148650e-06 +1.166148650e-06 +2.731500012e+02 +2.731500012e+02 -3.5792e+00 +3.7536e+00
4721 0 +7.516746905e-07 +7.516746905e-07 +2.731500008e+02 +2.731500008e+02 -3.5792e+00 +3.7536e+00
4989 0 +5.874039744e-07 +5.874039744e-07 +2.731500006e+02 +2.731500006e+02 -3.5792e+00 +3.7536e+00
5037 0 +5.103505600e-07 +5.103505600e-07 +2.731500005e+02 +2.731500005e+02 -3.5792e+00 +3.7536e+00
5341 0 +4.137224323e-07 +4.137224323e-07 +2.731500004e+02 +2.731500004e+02 -3.5792e+00 +3.7536e+00
5351 0 +3.135378961e-07 +3.135378961e-07 +2.731500003e+02 +2.731500003e+02 -3.5792e+00 +3.7536e+00
5379 0 +2.288357450e-07 +2.288357450e-07 +2.731500002e+02 +2.731500002e+02 -3.5792e+00 +3.7536e+00
5395 0 +2.107441333e-07 +2.107441333e-07 +2.731500002e+02 +2.731500002e+02 -3.5792e+00 +3.7536e+00
5683 0 +1.034430852e-07 +1.034430852e-07 +2.731500001e+02 +2.731500001e+02 -3.5792e+00 +3.7536e+00
5703 0 +6.401785413e-08 +6.401785413e-08 +2.731500001e+02 +2.731500001e+02 -3.5792e+00 +3.7536e+00
6039 0 +4.787978014e-08 +4.787978014e-08 +2.731500000e+02 +2.731500000e+02 -3.5792e+00 +3.7536e+00
6083 0 +2.115689313e-08 +2.115689313e-08 +2.731500000e+02 +2.731500000e+02 -3.5792e+00 +3.7536e+00
6387 0 +1.223031632e-08 +1.223031632e-08 +2.731500000e+02 +2.731500000e+02 -3.5792e+00 +3.7536e+00
6753 0 +1.198009159e-08 +1.198009159e-08 +2.731500000e+02 +2.731500000e+02 -3.5792e+00 +3.7536e+00
6771 0 +1.089063062e-08 +1.089063062e-08 +2.731500000e+02 +2.731500000e+02 -3.5792e+00 +3.7536e+00
6773 0 +9.277016488e-09 +9.277016488e-09 +2.731500000e+02 +2.731500000e+02 -3.5792e+00 +3.7536e+00
% f evaluations | g evaluations | best noise-free fitness - Fopt | noise-free fitness - Fopt (3.718000000000e+01) | measured fitness | best measured fitness | x1 | x2...
1 0 +1.517397299e+01 +1.517397299e+01 +5.235397299e+01 +5.235397299e+01 +3.2102e+00 +8.6450e-01
3 0 +1.368019216e+01 +1.368019216e+01 +5.086019216e+01 +5.086019216e+01 -2.5241e+00 -1.1504e+00
5 0 +1.185030667e+01 +1.185030667e+01 +4.903030667e+01 +4.903030667e+01 -1.9510e+00 +3.1843e+00
9 0 +9.151211207e+00 +9.151211207e+00 +4.633121121e+01 +4.633121121e+01 +4.7212e-01 +7.5586e-01
12 0 +5.015417512e+00 +5.015417512e+00 +4.219541751e+01 +4.219541751e+01 -4.1577e+00 +8.5110e-01
14 0 +2.432821620e+00 +2.432821620e+00 +3.961282162e+01 +3.961282162e+01 -2.4300e+00 +2.5946e+00
51 0 +1.050117807e+00 +1.050117807e+00 +3.823011781e+01 +3.823011781e+01 -3.6546e+00 +2.2818e+00
53 0 +7.610572394e-01 +7.610572394e-01 +3.794105724e+01 +3.794105724e+01 -4.1501e+00 +2.2552e+00
403 0 +5.554339189e-01 +5.554339189e-01 +3.773543392e+01 +3.773543392e+01 -4.1883e+00 +2.2543e+00
409 0 +3.750942728e-01 +3.750942728e-01 +3.755509427e+01 +3.755509427e+01 -3.8330e+00 +1.9393e+00
765 0 +3.642873767e-01 +3.642873767e-01 +3.754428738e+01 +3.754428738e+01 -3.8852e+00 +1.9445e+00
767 0 +1.856853155e-01 +1.856853155e-01 +3.736568532e+01 +3.736568532e+01 -3.9324e+00 +2.0164e+00
793 0 +1.661169004e-01 +1.661169004e-01 +3.734611690e+01 +3.734611690e+01 -3.8287e+00 +2.0373e+00
837 0 +1.076058436e-01 +1.076058436e-01 +3.728760584e+01 +3.728760584e+01 -3.8798e+00 +2.0292e+00
1107 0 +1.024545898e-01 +1.024545898e-01 +3.728245459e+01 +3.728245459e+01 -3.8807e+00 +2.0289e+00
1115 0 +3.657560446e-02 +3.657560446e-02 +3.721657560e+01 +3.721657560e+01 -3.8978e+00 +2.0503e+00
1459 0 +3.328776050e-02 +3.328776050e-02 +3.721328776e+01 +3.721328776e+01 -3.8987e+00 +2.0638e+00
1463 0 +1.776089404e-02 +1.776089404e-02 +3.719776089e+01 +3.719776089e+01 -3.8935e+00 +2.0549e+00
1465 0 +5.228109496e-03 +5.228109496e-03 +3.718522811e+01 +3.718522811e+01 -3.8996e+00 +2.0613e+00
1483 0 +3.050552293e-03 +3.050552293e-03 +3.718305055e+01 +3.718305055e+01 -3.8987e+00 +2.0590e+00
1871 0 +9.930669879e-04 +9.930669879e-04 +3.718099307e+01 +3.718099307e+01 -3.8986e+00 +2.0602e+00
2181 0 +2.735820424e-04 +2.735820424e-04 +3.718027358e+01 +3.718027358e+01 -3.8994e+00 +2.0600e+00
2515 0 +2.346354187e-04 +2.346354187e-04 +3.718023464e+01 +3.718023464e+01 -3.8994e+00 +2.0600e+00
2579 0 +2.298355697e-04 +2.298355697e-04 +3.718022984e+01 +3.718022984e+01 -3.8994e+00 +2.0600e+00
% f evaluations | g evaluations | best noise-free fitness - Fopt | noise-free fitness - Fopt (-1.479000000000e+02) | measured fitness | best measured fitness | x1 | x2...
1 0 +1.189538065e+01 +1.189538065e+01 -1.360046194e+02 -1.360046194e+02 +2.7747e+00 -4.2489e+00
2 0 +4.153472207e+00 +4.153472207e+00 -1.437465278e+02 -1.437465278e+02 -1.6068e+00 +1.9149e+00
63 0 +3.021545707e+00 +3.021545707e+00 -1.448784543e+02 -1.448784543e+02 -1.9828e+00 +7.4353e-01
65 0 +1.886010288e+00 +1.886010288e+00 -1.460139897e+02 -1.460139897e+02 -2.9099e+00 +8.2090e-01
107 0 +1.379720454e+00 +1.379720454e+00 -1.465202795e+02 -1.465202795e+02 -2.3661e+00 +9.2478e-01
121 0 +5.753890154e-01 +5.753890154e-01 -1.473246110e+02 -1.473246110e+02 -1.8089e+00 +1.0542e-01
131 0 +2.869569242e-01 +2.869569242e-01 -1.476130431e+02 -1.476130431e+02 -1.8134e+00 +1.8478e-01
415 0 +2.512755355e-01 +2.512755355e-01 -1.476487245e+02 -1.476487245e+02 -1.7468e+00 +1.0245e-01
437 0 +2.110641110e-01 +2.110641110e-01 -1.476889359e+02 -1.476889359e+02 -1.5653e+00 +1.2354e-01
759 0 +1.679920322e-01 +1.679920322e-01 -1.477320080e+02 -1.477320080e+02 -1.5716e+00 +1.4044e-01
771 0 +1.583160417e-01 +1.583160417e-01 -1.477416840e+02 -1.477416840e+02 -1.6625e+00 +1.8157e-01
775 0 +1.010297306e-01 +1.010297306e-01 -1.477989703e+02 -1.477989703e+02 -1.5844e+00 +8.5360e-02
815 0 +8.091468319e-02 +8.091468319e-02 -1.478190853e+02 -1.478190853e+02 -1.6636e+00 +1.1922e-01
1107 0 +6.062470261e-02 +6.062470261e-02 -1.478393753e+02 -1.478393753e+02 -1.6819e+00 +1.2181e-01
1115 0 +5.221691801e-02 +5.221691801e-02 -1.478477831e+02 -1.478477831e+02 -1.6608e+00 +1.1317e-01
1117 0 +3.498724231e-02 +3.498724231e-02 -1.478650128e+02 -1.478650128e+02 -1.6567e+00 +1.1404e-01
1145 0 +3.197025717e-02 +3.197025717e-02 -1.478680297e+02 -1.478680297e+02 -1.6635e+00 +1.1649e-01
1151 0 +1.823005736e-02 +1.823005736e-02 -1.478817699e+02 -1.478817699e+02 -1.6585e+00 +1.2471e-01
1153 0 +7.920128508e-03 +7.920128508e-03 -1.478920799e+02 -1.478920799e+02 -1.6757e+00 +1.3941e-01
1471 0 +5.452063112e-03 +5.452063112e-03 -1.478945479e+02 -1.478945479e+02 -1.6696e+00 +1.3557e-01
1485 0 +5.105958430e-03 +5.105958430e-03 -1.478948940e+02 -1.478948940e+02 -1.6726e+00 +1.3622e-01
1817 0 +3.075645689e-03 +3.075645689e-03 -1.478969244e+02 -1.478969244e+02 -1.6691e+00 +1.3536e-01
1821 0 +1.788634330e-03 +1.788634330e-03 -1.478982114e+02 -1.478982114e+02 -1.6710e+00 +1.3607e-01
2169 0 +1.148811709e-03 +1.148811709e-03 -1.478988512e+02 -1.478988512e+02 -1.6708e+00 +1.3595e-01
2193 0 +9.847829522e-04 +9.847829522e-04 -1.478990152e+02 -1.478990152e+02 -1.6709e+00 +1.3591e-01
2537 0 +4.220153178e-04 +4.220153178e-04 -1.478995780e+02 -1.478995780e+02 -1.6704e+00 +1.3521e-01
2871 0 +2.296128377e-04 +2.296128377e-04 -1.478997704e+02 -1.478997704e+02 -1.6706e+00 +1.3534e-01
2939 0 +1.710233002e-04 +1.710233002e-04 -1.478998290e+02 -1.478998290e+02 -1.6704e+00 +1.3516e-01
3239 0 +8.988378576e-05 +8.988378576e-05 -1.478999101e+02 -1.478999101e+02 -1.6704e+00 +1.3517e-01
3251 0 +7.916308317e-05 +7.916308317e-05 -1.478999208e+02 -1.478999208e+02 -1.6704e+00 +1.3518e-01
3279 0 +4.381516680e-05 +4.381516680e-05 -1.478999562e+02 -1.478999562e+02 -1.6704e+00 +1.3517e-01
3573 0 +4.243516111e-05 +4.243516111e-05 -1.478999576e+02 -1.478999576e+02 -1.6704e+00 +1.3517e-01
3579 0 +2.992545402e-05 +2.992545402e-05 -1.478999701e+02 -1.478999701e+02 -1.6704e+00 +1.3519e-01
3619 0 +2.924446039e-05 +2.924446039e-05 -1.478999708e+02 -1.478999708e+02 -1.6704e+00 +1.3519e-01
3931 0 +2.882599753e-05 +2.882599753e-05 -1.478999712e+02 -1.478999712e+02 -1.6704e+00 +1.3518e-01
% f evaluations | g evaluations | best noise-free fitness - Fopt | noise-free fitness - Fopt (4.817100000000e+02) | measured fitness | best measured fitness | x1 | x2...
1 0 +1.176012176e+01 +1.176012176e+01 +4.934701218e+02 +4.934701218e+02 -2.1824e+00 -2.4280e+00
5 0 +7.663997110e+00 +7.663997110e+00 +4.893739971e+02 +4.893739971e+02 -6.4165e-01 -2.8333e+00
14 0 +1.598923584e+00 +1.598923584e+00 +4.833089236e+02 +4.833089236e+02 +1.1766e+00 -1.9967e+00
95 0 +6.057784386e-01 +6.057784386e-01 +4.823157784e+02 +4.823157784e+02 +1.1883e+00 -3.1497e+00
409 0 +4.064394966e-01 +4.064394966e-01 +4.821164395e+02 +4.821164395e+02 +1.1457e+00 -2.7647e+00
459 0 +3.700672468e-01 +3.700672468e-01 +4.820800672e+02 +4.820800672e+02 +1.0585e+00 -3.1864e+00
473 0 +2.499459097e-01 +2.499459097e-01 +4.819599459e+02 +4.819599459e+02 +1.0425e+00 -3.2272e+00
763 0 +9.020454012e-02 +9.020454012e-02 +4.818002045e+02 +4.818002045e+02 +1.0236e+00 -3.0022e+00
1111 0 +1.979053670e-02 +1.979053670e-02 +4.817297905e+02 +4.817297905e+02 +1.0435e+00 -2.9815e+00
1531 0 +5.764379730e-03 +5.764379730e-03 +4.817157644e+02 +4.817157644e+02 +1.0413e+00 -3.0033e+00
1851 0 +3.197826112e-03 +3.197826112e-03 +4.817131978e+02 +4.817131978e+02 +1.0415e+00 -2.9984e+00
1879 0 +3.024477392e-03 +3.024477392e-03 +4.817130245e+02 +4.817130245e+02 +1.0412e+00 -3.0029e+00
2219 0 +7.745325730e-04 +7.745325730e-04 +4.817107745e+02 +4.817107745e+02 +1.0408e+00 -3.0011e+00
2521 0 +2.730651071e-04 +2.730651071e-04 +4.817102731e+02 +4.817102731e+02 +1.0408e+00 -3.0009e+00
2557 0 +2.351993143e-04 +2.351993143e-04 +4.817102352e+02 +4.817102352e+02 +1.0407e+00 -3.0010e+00
2887 0 +2.298819863e-04 +2.298819863e-04 +4.817102299e+02 +4.817102299e+02 +1.0408e+00 -3.0010e+00
3587 0 +2.182483324e-04 +2.182483324e-04 +4.817102182e+02 +4.817102182e+02 +1.0408e+00 -3.0008e+00
3963 0 +2.009910656e-04 +2.009910656e-04 +4.817102010e+02 +4.817102010e+02 +1.0408e+00 -3.0008e+00
4003 0 +1.934586111e-04 +1.934586111e-04 +4.817101935e+02 +4.817101935e+02 +1.0408e+00 -3.0008e+00
4291 0 +1.799356630e-04 +1.799356630e-04 +4.817101799e+02 +4.817101799e+02 +1.0408e+00 -3.0008e+00
4337 0 +1.160144454e-04 +1.160144454e-04 +4.817101160e+02 +4.817101160e+02 +1.0408e+00 -3.0008e+00
4631 0 +7.953559839e-05 +7.953559839e-05 +4.817100795e+02 +4.817100795e+02 +1.0408e+00 -3.0008e+00
4639 0 +7.710651477e-05 +7.710651477e-05 +4.817100771e+02 +4.817100771e+02 +1.0408e+00 -3.0008e+00
4715 0 +6.211938017e-05 +6.211938017e-05 +4.817100621e+02 +4.817100621e+02 +1.0408e+00 -3.0008e+00
4985 0 +5.107222677e-05 +5.107222677e-05 +4.817100511e+02 +4.817100511e+02 +1.0408e+00 -3.0008e+00
5017 0 +4.918576769e-05 +4.918576769e-05 +4.817100492e+02 +4.817100492e+02 +1.0408e+00 -3.0008e+00
5031 0 +3.950824180e-05 +3.950824180e-05 +4.817100395e+02 +4.817100395e+02 +1.0408e+00 -3.0008e+00
5077 0 +3.668212810e-05 +3.668212810e-05 +4.817100367e+02 +4.817100367e+02 +1.0408e+00 -3.0008e+00
5341 0 +3.284699073e-05 +3.284699073e-05 +4.817100328e+02 +4.817100328e+02 +1.0408e+00 -3.0008e+00
5357 0 +3.223122241e-05 +3.223122241e-05 +4.817100322e+02 +4.817100322e+02 +1.0408e+00 -3.0008e+00
5363 0 +3.071910476e-05 +3.071910476e-05 +4.817100307e+02 +4.817100307e+02 +1.0408e+00 -3.0008e+00
5687 0 +2.960768813e-05 +2.960768813e-05 +4.817100296e+02 +4.817100296e+02 +1.0408e+00 -3.0008e+00
5689 0 +2.934401687e-05 +2.934401687e-05 +4.817100293e+02 +4.817100293e+02 +1.0408e+00 -3.0008e+00
6103 0 +2.878310204e-05 +2.878310204e-05 +4.817100288e+02 +4.817100288e+02 +1.0408e+00 -3.0008e+00
% f evaluations | g evaluations | best noise-free fitness - Fopt | noise-free fitness - Fopt (-3.646000000000e+01) | measured fitness | best measured fitness | x1 | x2...
1 0 +1.066064763e+01 +1.066064763e+01 -2.579935237e+01 -2.579935237e+01 -1.4347e+00 -4.2357e-01
10 0 +3.366571499e+00 +3.366571499e+00 -3.309342850e+01 -3.309342850e+01 +2.1506e+00 -3.3308e+00
51 0 +3.123689559e+00 +3.123689559e+00 -3.333631044e+01 -3.333631044e+01 +1.9615e+00 -3.0842e+00
53 0 +5.269510914e-01 +5.269510914e-01 -3.593304891e+01 -3.593304891e+01 +2.1375e+00 -2.5436e+00
110 0 +4.505966266e-01 +4.505966266e-01 -3.600940337e+01 -3.600940337e+01 +2.1056e+00 -2.9410e+00
405 0 +3.101771148e-01 +3.101771148e-01 -3.614982289e+01 -3.614982289e+01 +2.0907e+00 -2.9277e+00
407 0 +2.146222933e-01 +2.146222933e-01 -3.624537771e+01 -3.624537771e+01 +2.0823e+00 -2.7013e+00
419 0 +1.365971569e-01 +1.365971569e-01 -3.632340284e+01 -3.632340284e+01 +2.0645e+00 -2.7349e+00
421 0 +1.080810823e-01 +1.080810823e-01 -3.635191892e+01 -3.635191892e+01 +2.1078e+00 -2.7638e+00
789 0 +1.004329057e-01 +1.004329057e-01 -3.635956709e+01 -3.635956709e+01 +2.1170e+00 -2.7779e+00
791 0 +9.952742567e-02 +9.952742567e-02 -3.636047257e+01 -3.636047257e+01 +2.1234e+00 -2.8266e+00
793 0 +6.421543011e-02 +6.421543011e-02 -3.639578457e+01 -3.639578457e+01 +2.1057e+00 -2.8066e+00
809 0 +1.815879658e-02 +1.815879658e-02 -3.644184120e+01 -3.644184120e+01 +2.1111e+00 -2.8333e+00
1183 0 +1.718693686e-02 +1.718693686e-02 -3.644281306e+01 -3.644281306e+01 +2.1180e+00 -2.8335e+00
1461 0 +1.635438670e-02 +1.635438670e-02 -3.644364561e+01 -3.644364561e+01 +2.1105e+00 -2.8335e+00
% f evaluations | g evaluations | best noise-free fitness - Fopt | noise-free fitness - Fopt (3.920000000000e+01) | measured fitness | best measured fitness | x1 | x2...
1 0 +2.348352808e+02 +2.348352808e+02 +2.740352808e+02 +2.740352808e+02 -1.2367e+00 -2.3177e+00
2 0 +1.939806316e+01 +1.939806316e+01 +5.859806316e+01 +5.859806316e+01 +4.3430e+00 -1.6233e+00
4 0 +1.141566481e+01 +1.141566481e+01 +5.061566481e+01 +5.061566481e+01 +3.4708e+00 -1.3221e+00
11 0 +6.804431148e+00 +6.804431148e+00 +4.600443115e+01 +4.600443115e+01 +3.8738e+00 +1.6099e-01
14 0 +2.612904936e+00 +2.612904936e+00 +4.181290494e+01 +4.181290494e+01 +3.0724e+00 +2.0618e+00
28 0 +8.918594526e-01 +8.918594526e-01 +4.009185945e+01 +4.009185945e+01 +3.3060e+00 +9.7337e-01
57 0 +7.745369053e-01 +7.745369053e-01 +3.997453691e+01 +3.997453691e+01 +3.2072e+00 +1.0369e+00
206 0 +7.573720527e-01 +7.573720527e-01 +3.995737205e+01 +3.995737205e+01 +3.2656e+00 +1.3647e+00
435 0 +3.796223379e-01 +3.796223379e-01 +3.957962234e+01 +3.957962234e+01 +3.5710e+00 +1.3037e+00
825 0 +1.181986305e-01 +1.181986305e-01 +3.931819863e+01 +3.931819863e+01 +3.6832e+00 +1.5956e+00
1115 0 +4.503769642e-02 +4.503769642e-02 +3.924503770e+01 +3.924503770e+01 +3.7267e+00 +1.6389e+00
1135 0 +3.336751179e-02 +3.336751179e-02 +3.923336751e+01 +3.923336751e+01 +3.7004e+00 +1.5946e+00
1459 0 +3.281263404e-02 +3.281263404e-02 +3.923281263e+01 +3.923281263e+01 +3.6972e+00 +1.5941e+00
1509 0 +3.197721870e-02 +3.197721870e-02 +3.923197722e+01 +3.923197722e+01 +3.6965e+00 +1.5957e+00
% f evaluations | g evaluations | best noise-free fitness - Fopt | noise-free fitness - Fopt (-3.225000000000e+01) | measured fitness | best measured fitness | x1 | x2...
1 0 +2.378929372e+01 +2.378929372e+01 -8.460706284e+00 -8.460706284e+00 -6.8561e-03 -1.0005e+00
2 0 +1.975686276e+01 +1.975686276e+01 -1.249313724e+01 -1.249313724e+01 +2.2773e+00 -1.9738e+00
10 0 +1.257959342e+01 +1.257959342e+01 -1.967040658e+01 -1.967040658e+01 +9.0353e-01 +3.5926e+00
23 0 +8.470742481e+00 +8.470742481e+00 -2.377925752e+01 -2.377925752e+01 +3.4070e+00 +2.9889e+00
37 0 +2.487125153e+00 +2.487125153e+00 -2.976287485e+01 -2.976287485e+01 +3.6172e+00 +2.7248e-01
44 0 +5.743791766e-01 +5.743791766e-01 -3.167562082e+01 -3.167562082e+01 +3.9230e+00 +1.0831e+00
71 0 +1.465892713e-01 +1.465892713e-01 -3.210341073e+01 -3.210341073e+01 +3.6335e+00 +1.0761e+00
403 0 +4.667249584e-02 +4.667249584e-02 -3.220332750e+01 -3.220332750e+01 +3.6139e+00 +1.0615e+00
771 0 +2.095078188e-02 +2.095078188e-02 -3.222904922e+01 -3.222904922e+01 +3.6122e+00 +1.0617e+00
809 0 +5.310621434e-03 +5.310621434e-03 -3.224468938e+01 -3.224468938e+01 +3.5975e+00 +1.0618e+00
1129 0 +4.095980966e-04 +4.095980966e-04 -3.224959040e+01 -3.224959040e+01 +3.5959e+00 +1.0616e+00
1465 0 +2.314203786e-04 +2.314203786e-04 -3.224976858e+01 -3.224976858e+01 +3.5959e+00 +1.0617e+00
1851 0 +5.774384286e-05 +5.774384286e-05 -3.224994226e+01 -3.224994226e+01 +3.5960e+00 +1.0616e+00
2163 0 +3.549418862e-05 +3.549418862e-05 -3.224996451e+01 -3.224996451e+01 +3.5960e+00 +1.0616e+00
2189 0 +3.305078298e-05 +3.305078298e-05 -3.224996695e+01 -3.224996695e+01 +3.5960e+00 +1.0616e+00
2195 0 +2.409964416e-05 +2.409964416e-05 -3.224997590e+01 -3.224997590e+01 +3.5960e+00 +1.0616e+00
2539 0 +1.930126078e-05 +1.930126078e-05 -3.224998070e+01 -3.224998070e+01 +3.5960e+00 +1.0616e+00
2549 0 +1.365540283e-05 +1.365540283e-05 -3.224998634e+01 -3.224998634e+01 +3.5960e+00 +1.0616e+00
2567 0 +8.916560432e-06 +8.916560432e-06 -3.224999108e+01 -3.224999108e+01 +3.5960e+00 +1.0616e+00
2879 0 +8.064222001e-07 +8.064222001e-07 -3.224999919e+01 -3.224999919e+01 +3.5960e+00 +1.0616e+00
2905 0 +3.707076104e-07 +3.707076104e-07 -3.224999963e+01 -3.224999963e+01 +3.5960e+00 +1.0616e+00
3571 0 +3.100513197e-07 +3.100513197e-07 -3.224999969e+01 -3.224999969e+01 +3.5960e+00 +1.0616e+00
3597 0 +1.313689708e-07 +1.313689708e-07 -3.224999987e+01 -3.224999987e+01 +3.5960e+00 +1.0616e+00
3611 0 +9.311129645e-08 +9.311129645e-08 -3.224999991e+01 -3.224999991e+01 +3.5960e+00 +1.0616e+00
3941 0 +4.740016379e-08 +4.740016379e-08 -3.224999995e+01 -3.224999995e+01 +3.5960e+00 +1.0616e+00
4021 0 +4.543683474e-08 +4.543683474e-08 -3.224999995e+01 -3.224999995e+01 +3.5960e+00 +1.0616e+00
4275 0 +3.237766322e-08 +3.237766322e-08 -3.224999997e+01 -3.224999997e+01 +3.5960e+00 +1.0616e+00
4283 0 +2.309521108e-08 +2.309521108e-08 -3.224999998e+01 -3.224999998e+01 +3.5960e+00 +1.0616e+00
4289 0 +1.356097812e-08 +1.356097812e-08 -3.224999999e+01 -3.224999999e+01 +3.5960e+00 +1.0616e+00
4337 0 +7.914344735e-09 +7.914344735e-09 -3.224999999e+01 -3.224999999e+01 +3.5960e+00 +1.0616e+00
% f evaluations | g evaluations | best noise-free fitness - Fopt | noise-free fitness - Fopt (3.681200000000e+02) | measured fitness | best measured fitness | x1 | x2...
1 0 +1.347566184e+01 +1.347566184e+01 +3.815956618e+02 +3.815956618e+02 -4.6002e+00 +2.3682e+00
5 0 +1.040089909e+01 +1.040089909e+01 +3.785208991e+02 +3.785208991e+02 -3.5976e+00 -2.8109e+00
7 0 +5.741028959e+00 +5.741028959e+00 +3.738610290e+02 +3.738610290e+02 +2.5750e+00 -5.5964e-01
30 0 +1.390371000e+00 +1.390371000e+00 +3.695103710e+02 +3.695103710e+02 -3.2692e+00 -9.0445e-01
55 0 +7.744752288e-01 +7.744752288e-01 +3.688944752e+02 +3.688944752e+02 -3.2092e+00 -1.2079e+00
91 0 +7.114725576e-01 +7.114725576e-01 +3.688314726e+02 +3.688314726e+02 -3.0095e+00 -1.1073e+00
115 0 +1.114436111e-01 +1.114436111e-01 +3.682314436e+02 +3.682314436e+02 -2.5092e+00 -1.0852e+00
767 0 +7.790286487e-02 +7.790286487e-02 +3.681979029e+02 +3.681979029e+02 -2.5002e+00 -1.0915e+00
775 0 +6.033580438e-02 +6.033580438e-02 +3.681803358e+02 +3.681803358e+02 -2.4046e+00 -1.0852e+00
795 0 +2.981245084e-02 +2.981245084e-02 +3.681498125e+02 +3.681498125e+02 -2.4689e+00 -1.0843e+00
845 0 +7.128220033e-03 +7.128220033e-03 +3.681271282e+02 +3.681271282e+02 -2.4617e+00 -1.0899e+00
1117 0 +5.610946033e-03 +5.610946033e-03 +3.681256109e+02 +3.681256109e+02 -2.4612e+00 -1.0899e+00
1131 0 +3.216730644e-03 +3.216730644e-03 +3.681232167e+02 +3.681232167e+02 -2.4640e+00 -1.0906e+00
1503 0 +3.129584902e-03 +3.129584902e-03 +3.681231296e+02 +3.681231296e+02 -2.4630e+00 -1.0906e+00
1517 0 +1.932237493e-03 +1.932237493e-03 +3.681219322e+02 +3.681219322e+02 -2.4644e+00 -1.0897e+00
1815 0 +1.669519697e-03 +1.669519697e-03 +3.681216695e+02 +3.681216695e+02 -2.4644e+00 -1.0897e+00
1829 0 +2.303773629e-04 +2.303773629e-04 +3.681202304e+02 +3.681202304e+02 -2.4630e+00 -1.0896e+00
2245 0 +8.243350425e-05 +8.243350425e-05 +3.681200824e+02 +3.681200824e+02 -2.4632e+00 -1.0896e+00
2519 0 +2.906873857e-05 +2.906873857e-05 +3.681200291e+02 +3.681200291e+02 -2.4632e+00 -1.0896e+00
2589 0 +2.882311276e-05 +2.882311276e-05 +3.681200288e+02 +3.681200288e+02 -2.4632e+00 -1.0896e+00
2887 0 +2.004934936e-05 +2.004934936e-05 +3.681200200e+02 +3.681200200e+02 -2.4632e+00 -1.0896e+00
3233 0 +1.582103295e-05 +1.582103295e-05 +3.681200158e+02 +3.681200158e+02 -2.4632e+00 -1.0896e+00
3251 0 +2.874717779e-06 +2.874717779e-06 +3.681200029e+02 +3.681200029e+02 -2.4632e+00 -1.0896e+00
3577 0 +1.669583753e-06 +1.669583753e-06 +3.681200017e+02 +3.681200017e+02 -2.4632e+00 -1.0896e+00
3609 0 +6.249909461e-07 +6.249909461e-07 +3.681200006e+02 +3.681200006e+02 -2.4632e+00 -1.0896e+00
3927 0 +5.602367992e-07 +5.602367992e-07 +3.681200006e+02 +3.681200006e+02 -2.4632e+00 -1.0896e+00
4013 0 +5.383854500e-07 +5.383854500e-07 +3.681200005e+02 +3.681200005e+02 -2.4632e+00 -1.0896e+00
4277 0 +3.955424290e-07 +3.955424290e-07 +3.681200004e+02 +3.681200004e+02 -2.4632e+00 -1.0896e+00
4315 0 +3.595397402e-07 +3.595397402e-07 +3.681200004e+02 +3.681200004e+02 -2.4632e+00 -1.0896e+00
4327 0 +2.711760771e-07 +2.711760771e-07 +3.681200003e+02 +3.681200003e+02 -2.4632e+00 -1.0896e+00
4627 0 +5.835738648e-08 +5.835738648e-08 +3.681200001e+02 +3.681200001e+02 -2.4632e+00 -1.0896e+00
4701 0 +4.580834911e-08 +4.580834911e-08 +3.681200000e+02 +3.681200000e+02 -2.4632e+00 -1.0896e+00
4979 0 +3.517976666e-08 +3.517976666e-08 +3.681200000e+02 +3.681200000e+02 -2.4632e+00 -1.0896e+00
4981 0 +2.859729875e-08 +2.859729875e-08 +3.681200000e+02 +3.681200000e+02 -2.4632e+00 -1.0896e+00
5005 0 +1.873104338e-08 +1.873104338e-08 +3.681200000e+02 +3.681200000e+02 -2.4632e+00 -1.0896e+00
5073 0 +1.067633093e-08 +1.067633093e-08 +3.681200000e+02 +3.681200000e+02 -2.4632e+00 -1.0896e+00
5337 0 +7.819608072e-09 +7.819608072e-09 +3.681200000e+02 +3.681200000e+02 -2.4632e+00 -1.0896e+00
8177 0 +0.000000000e+00 +0.000000000e+00 +3.681200000e+02 +3.681200000e+02 -2.4632e+00 -1.0896e+00
% f evaluations | g evaluations | best noise-free fitness - Fopt | noise-free fitness - Fopt (4.739000000000e+01) | measured fitness | best measured fitness | x1 | x2...
1 0 +7.064867274e+00 +7.064867274e+00 +5.445486727e+01 +5.445486727e+01 -1.3253e+00 +2.7102e+00
6 0 +5.049643363e+00 +5.049643363e+00 +5.243964336e+01 +5.243964336e+01 -1.0411e+00 -1.0215e+00
8 0 +3.974894339e+00 +3.974894339e+00 +5.136489434e+01 +5.136489434e+01 -2.1958e+00 +2.8883e-02
23 0 +2.890733096e+00 +2.890733096e+00 +5.028073310e+01 +5.028073310e+01 -2.9556e-02 +3.3837e+00
37 0 +1.071520335e+00 +1.071520335e+00 +4.846152033e+01 +4.846152033e+01 -2.3182e-01 +3.5553e+00
87 0 +6.077526471e-01 +6.077526471e-01 +4.799775265e+01 +4.799775265e+01 -4.0198e-01 +3.0840e+00
403 0 +3.679543136e-01 +3.679543136e-01 +4.775795431e+01 +4.775795431e+01 -3.5506e-01 +2.6653e+00
761 0 +3.527305358e-01 +3.527305358e-01 +4.774273054e+01 +4.774273054e+01 -3.6263e-01 +2.7844e+00
813 0 +3.155848901e-01 +3.155848901e-01 +4.770558489e+01 +4.770558489e+01 -3.6384e-01 +2.8184e+00
845 0 +2.640938077e-01 +2.640938077e-01 +4.765409381e+01 +4.765409381e+01 -4.2570e-01 +2.6614e+00
1109 0 +7.753353269e-02 +7.753353269e-02 +4.746753353e+01 +4.746753353e+01 -4.7053e-01 +2.6561e+00
1471 0 +5.912268401e-02 +5.912268401e-02 +4.744912268e+01 +4.744912268e+01 -4.8763e-01 +2.6798e+00
1487 0 +4.036198169e-02 +4.036198169e-02 +4.743036198e+01 +4.743036198e+01 -4.8667e-01 +2.6565e+00
1491 0 +3.316410477e-02 +3.316410477e-02 +4.742316410e+01 +4.742316410e+01 -4.8321e-01 +2.6589e+00
1519 0 +3.295673175e-02 +3.295673175e-02 +4.742295673e+01 +4.742295673e+01 -4.8103e-01 +2.6562e+00
1523 0 +2.559503889e-02 +2.559503889e-02 +4.741559504e+01 +4.741559504e+01 -4.8857e-01 +2.6450e+00
1839 0 +1.715267515e-02 +1.715267515e-02 +4.740715268e+01 +4.740715268e+01 -4.9018e-01 +2.6433e+00
2165 0 +1.679751024e-02 +1.679751024e-02 +4.740679751e+01 +4.740679751e+01 -4.9829e-01 +2.6403e+00
2177 0 +8.803810807e-03 +8.803810807e-03 +4.739880381e+01 +4.739880381e+01 -4.9704e-01 +2.6356e+00
2261 0 +8.394068505e-03 +8.394068505e-03 +4.739839407e+01 +4.739839407e+01 -4.9772e-01 +2.6348e+00
2521 0 +3.288474859e-03 +3.288474859e-03 +4.739328847e+01 +4.739328847e+01 -4.9771e-01 +2.6303e+00
2559 0 +3.086207317e-03 +3.086207317e-03 +4.739308621e+01 +4.739308621e+01 -4.9672e-01 +2.6322e+00
2897 0 +1.145648015e-03 +1.145648015e-03 +4.739114565e+01 +4.739114565e+01 -4.9716e-01 +2.6306e+00
3243 0 +1.107068283e-03 +1.107068283e-03 +4.739110707e+01 +4.739110707e+01 -4.9708e-01 +2.6305e+00
3247 0 +9.940725551e-04 +9.940725551e-04 +4.739099407e+01 +4.739099407e+01 -4.9717e-01 +2.6304e+00
% f evaluations | g evaluations | best noise-free fitness - Fopt | noise-free fitness - Fopt (-3.428900000000e+02) | measured fitness | best measured fitness | x1 | x2...
1 0 +6.973756905e+01 +6.973756905e+01 -2.731524310e+02 -2.731524310e+02 +4.5983e+00 +1.8826e+00
3 0 +4.166827465e+01 +4.166827465e+01 -3.012217254e+02 -3.012217254e+02 +1.7867e+00 +3.4086e+00
4 0 +2.207822021e+01 +2.207822021e+01 -3.208117798e+02 -3.208117798e+02 -1.9814e+00 +2.2764e+00
5 0 +2.026592595e+01 +2.026592595e+01 -3.226240740e+02 -3.226240740e+02 -2.1790e+00 +2.0725e+00
9 0 +1.003840105e+01 +1.003840105e+01 -3.328515990e+02 -3.328515990e+02 -6.2681e-01 -1.6261e+00
10 0 +8.365123413e+00 +8.365123413e+00 -3.345248766e+02 -3.345248766e+02 -4.2901e-01 -2.4097e+00
16 0 +4.971560729e+00 +4.971560729e+00 -3.379184393e+02 -3.379184393e+02 +1.2326e+00 -4.4890e+00
40 0 +2.724086188e+00 +2.724086188e+00 -3.401659138e+02 -3.401659138e+02 +2.5750e+00 -1.3881e+00
42 0 +6.361426481e-01 +6.361426481e-01 -3.422538574e+02 -3.422538574e+02 +2.5731e+00 -2.2702e+00
51 0 +2.951374406e-01 +2.951374406e-01 -3.425948626e+02 -3.425948626e+02 +2.2034e+00 -2.8324e+00
417 0 +2.868783261e-01 +2.868783261e-01 -3.426031217e+02 -3.426031217e+02 +2.1075e+00 -2.9297e+00
423 0 +1.726321190e-01 +1.726321190e-01 -3.427173679e+02 -3.427173679e+02 +2.2276e+00 -2.8087e+00
755 0 +1.627399814e-01 +1.627399814e-01 -3.427272600e+02 -3.427272600e+02 +2.2342e+00 -2.8052e+00
763 0 +9.341231366e-02 +9.341231366e-02 -3.427965877e+02 -3.427965877e+02 +2.2074e+00 -2.8087e+00
767 0 +7.841219137e-02 +7.841219137e-02 -3.428115878e+02 -3.428115878e+02 +2.2473e+00 -2.7997e+00
801 0 +4.232685908e-02 +4.232685908e-02 -3.428476731e+02 -3.428476731e+02 +2.2529e+00 -2.7687e+00
817 0 +3.406229033e-02 +3.406229033e-02 -3.428559377e+02 -3.428559377e+02 +2.2268e+00 -2.7985e+00
849 0 +1.874847594e-02 +1.874847594e-02 -3.428712515e+02 -3.428712515e+02 +2.2554e+00 -2.7608e+00
1123 0 +1.662274202e-02 +1.662274202e-02 -3.428733773e+02 -3.428733773e+02 +2.2558e+00 -2.7607e+00
1171 0 +1.635190124e-02 +1.635190124e-02 -3.428736481e+02 -3.428736481e+02 +2.2546e+00 -2.7540e+00
% f evaluations | g evaluations | best noise-free fitness - Fopt | noise-free fitness - Fopt (9.102000000000e+01) | measured fitness | best measured fitness | x1 | x2...
1 0 +2.394006426e+01 +2.394006426e+01 +1.149600643e+02 +1.149600643e+02 -1.2955e+00 -3.5403e+00
2 0 +8.115428368e+00 +8.115428368e+00 +9.913542837e+01 +9.913542837e+01 -6.3695e-01 -3.9816e+00
3 0 +6.474044714e+00 +6.474044714e+00 +9.749404471e+01 +9.749404471e+01 +1.9038e-01 +4.0039e-01
6 0 +5.308735787e+00 +5.308735787e+00 +9.632873579e+01 +9.632873579e+01 +1.4571e+00 +8.9448e-02
10 0 +3.437324246e+00 +3.437324246e+00 +9.445732425e+01 +9.445732425e+01 +1.3594e+00 -5.5758e-01
13 0 +3.276280497e+00 +3.276280497e+00 +9.429628050e+01 +9.429628050e+01 +4.3398e-01 -1.7781e+00
20 0 +2.570515414e-01 +2.570515414e-01 +9.127705154e+01 +9.127705154e+01 +7.6119e-01 -7.6083e-01
55 0 +1.060612877e-01 +1.060612877e-01 +9.112606129e+01 +9.112606129e+01 +6.0090e-01 -8.8786e-01
403 0 +6.033330427e-02 +6.033330427e-02 +9.108033330e+01 +9.108033330e+01 +5.8996e-01 -8.5648e-01
471 0 +4.329540140e-02 +4.329540140e-02 +9.106329540e+01 +9.106329540e+01 +5.6934e-01 -8.8316e-01
763 0 +2.358312130e-02 +2.358312130e-02 +9.104358312e+01 +9.104358312e+01 +5.7224e-01 -8.7380e-01
809 0 +8.891072317e-03 +8.891072317e-03 +9.102889107e+01 +9.102889107e+01 +5.6908e-01 -8.7050e-01
1113 0 +7.984212945e-03 +7.984212945e-03 +9.102798421e+01 +9.102798421e+01 +5.6831e-01 -8.7309e-01
1119 0 +7.649509972e-03 +7.649509972e-03 +9.102764951e+01 +9.102764951e+01 +5.6905e-01 -8.7136e-01
1465 0 +7.549049086e-03 +7.549049086e-03 +9.102754905e+01 +9.102754905e+01 +5.6894e-01 -8.7253e-01
% f evaluations | g evaluations | best noise-free fitness - Fopt | noise-free fitness - Fopt (7.324200000000e+02) | measured fitness | best measured fitness | x1 | x2...
1 0 +2.776818509e+01 +2.776818509e+01 +7.601881851e+02 +7.601881851e+02 +3.1367e+00 -7.2492e-01
2 0 +1.210022247e+01 +1.210022247e+01 +7.445202225e+02 +7.445202225e+02 -3.7660e-01 -1.1945e+00
4 0 +6.664199271e+00 +6.664199271e+00 +7.390841993e+02 +7.390841993e+02 -3.0698e+00 -9.7051e-01
8 0 +4.547486652e+00 +4.547486652e+00 +7.369674867e+02 +7.369674867e+02 -2.9308e+00 -1.6901e+00
38 0 +2.187703011e+00 +2.187703011e+00 +7.346077030e+02 +7.346077030e+02 -2.5391e+00 -2.9840e+00
57 0 +7.819349283e-01 +7.819349283e-01 +7.332019349e+02 +7.332019349e+02 -2.1765e+00 -2.9594e+00
65 0 +6.390020571e-01 +6.390020571e-01 +7.330590021e+02 +7.330590021e+02 -2.5983e+00 -2.5291e+00
191 0 +5.591066135e-01 +5.591066135e-01 +7.329791066e+02 +7.329791066e+02 -2.6871e+00 -2.5662e+00
409 0 +4.331843890e-01 +4.331843890e-01 +7.328531844e+02 +7.328531844e+02 -2.8613e+00 -2.3402e+00
419 0 +2.005200564e-01 +2.005200564e-01 +7.326205201e+02 +7.326205201e+02 -2.6763e+00 -2.5445e+00
757 0 +1.842288371e-01 +1.842288371e-01 +7.326042288e+02 +7.326042288e+02 -2.6791e+00 -2.5411e+00
761 0 +1.614478008e-01 +1.614478008e-01 +7.325814478e+02 +7.325814478e+02 -2.6439e+00 -2.4452e+00
797 0 +1.574310294e-01 +1.574310294e-01 +7.325774310e+02 +7.325774310e+02 -2.6816e+00 -2.5344e+00
821 0 +1.468409097e-01 +1.468409097e-01 +7.325668409e+02 +7.325668409e+02 -2.6715e+00 -2.4526e+00
1109 0 +9.988479598e-02 +9.988479598e-02 +7.325198848e+02 +7.325198848e+02 -2.6703e+00 -2.4411e+00
1137 0 +9.761784849e-02 +9.761784849e-02 +7.325176178e+02 +7.325176178e+02 -2.6686e+00 -2.4483e+00
1165 0 +8.088072528e-02 +8.088072528e-02 +7.325008807e+02 +7.325008807e+02 -2.6941e+00 -2.4247e+00
1463 0 +5.790328500e-02 +5.790328500e-02 +7.324779033e+02 +7.324779033e+02 -2.6948e+00 -2.4304e+00
1511 0 +3.856884857e-02 +3.856884857e-02 +7.324585688e+02 +7.324585688e+02 -2.7174e+00 -2.4189e+00
1815 0 +3.775589323e-02 +3.775589323e-02 +7.324577559e+02 +7.324577559e+02 -2.7135e+00 -2.4095e+00
1825 0 +3.653123347e-02 +3.653123347e-02 +7.324565312e+02 +7.324565312e+02 -2.7195e+00 -2.4181e+00
1869 0 +3.195535261e-02 +3.195535261e-02 +7.324519554e+02 +7.324519554e+02 -2.7153e+00 -2.4145e+00
% f evaluations | g evaluations | best noise-free fitness - Fopt | noise-free fitness - Fopt (3.542000000000e+01) | measured fitness | best measured fitness | x1 | x2...
1 0 +2.665274996e+01 +2.665274996e+01 +6.207274996e+01 +6.207274996e+01 -4.5289e+00 +5.5246e-01
9 0 +2.016932477e+01 +2.016932477e+01 +5.558932477e+01 +5.558932477e+01 +3.8226e+00 +2.3716e+00
10 0 +5.178248709e+00 +5.178248709e+00 +4.059824871e+01 +4.059824871e+01 +1.8176e+00 -1.4566e+00
12 0 +4.032263517e+00 +4.032263517e+00 +3.945226352e+01 +3.945226352e+01 -7.0984e-03 -3.7457e+00
16 0 +8.592111410e-01 +8.592111410e-01 +3.627921114e+01 +3.627921114e+01 +3.4509e+00 -2.6808e+00
71 0 +5.461083054e-01 +5.461083054e-01 +3.596610831e+01 +3.596610831e+01 +3.1971e+00 -2.5595e+00
85 0 +5.331710460e-01 +5.331710460e-01 +3.595317105e+01 +3.595317105e+01 +3.8601e+00 -2.1180e+00
403 0 +3.352681685e-01 +3.352681685e-01 +3.575526817e+01 +3.575526817e+01 +3.9004e+00 -2.2515e+00
471 0 +1.865232750e-01 +1.865232750e-01 +3.560652328e+01 +3.560652328e+01 +3.8415e+00 -2.2550e+00
837 0 +1.742251915e-01 +1.742251915e-01 +3.559422519e+01 +3.559422519e+01 +3.8024e+00 -2.3543e+00
1107 0 +1.311624722e-01 +1.311624722e-01 +3.555116247e+01 +3.555116247e+01 +3.8088e+00 -2.3025e+00
1111 0 +5.070297988e-02 +5.070297988e-02 +3.547070298e+01 +3.547070298e+01 +3.7131e+00 -2.3481e+00
1465 0 +4.921380049e-02 +4.921380049e-02 +3.546921380e+01 +3.546921380e+01 +3.7223e+00 -2.3335e+00
1467 0 +1.784487621e-02 +1.784487621e-02 +3.543784488e+01 +3.543784488e+01 +3.6841e+00 -2.3540e+00
1489 0 +1.639207658e-02 +1.639207658e-02 +3.543639208e+01 +3.543639208e+01 +3.7052e+00 -2.3396e+00
1541 0 +9.298474325e-03 +9.298474325e-03 +3.542929847e+01 +3.542929847e+01 +3.6817e+00 -2.3482e+00
1829 0 +3.475389949e-03 +3.475389949e-03 +3.542347539e+01 +3.542347539e+01 +3.6862e+00 -2.3476e+00
1877 0 +3.423514757e-03 +3.423514757e-03 +3.542342351e+01 +3.542342351e+01 +3.6847e+00 -2.3477e+00
2169 0 +3.046103788e-03 +3.046103788e-03 +3.542304610e+01 +3.542304610e+01 +3.6842e+00 -2.3482e+00
2175 0 +1.733983235e-03 +1.733983235e-03 +3.542173398e+01 +3.542173398e+01 +3.6857e+00 -2.3479e+00
2223 0 +1.453252578e-03 +1.453252578e-03 +3.542145325e+01 +3.542145325e+01 +3.6859e+00 -2.3478e+00
2515 0 +5.599740006e-04 +5.599740006e-04 +3.542055997e+01 +3.542055997e+01 +3.6863e+00 -2.3479e+00
2541 0 +5.256279303e-04 +5.256279303e-04 +3.542052563e+01 +3.542052563e+01 +3.6862e+00 -2.3480e+00
2875 0 +3.795387873e-04 +3.795387873e-04 +3.542037954e+01 +3.542037954e+01 +3.6863e+00 -2.3480e+00
2877 0 +2.341775547e-04 +2.341775547e-04 +3.542023418e+01 +3.542023418e+01 +3.6863e+00 -2.3479e+00
2883 0 +1.836765838e-04 +1.836765838e-04 +3.542018368e+01 +3.542018368e+01 +3.6863e+00 -2.3480e+00
2931 0 +6.680224861e-05 +6.680224861e-05 +3.542006680e+01 +3.542006680e+01 +3.6864e+00 -2.3480e+00
3227 0 +6.363419472e-05 +6.363419472e-05 +3.542006363e+01 +3.542006363e+01 +3.6864e+00 -2.3480e+00
3235 0 +2.891296034e-05 +2.891296034e-05 +3.542002891e+01 +3.542002891e+01 +3.6864e+00 -2.3480e+00
3243 0 +2.880194555e-05 +2.880194555e-05 +3.542002880e+01 +3.542002880e+01 +3.6864e+00 -2.3480e+00
