% f evaluations | g evaluations | best noise-free fitness - Fopt | noise-free fitness - Fopt (1.026100000000e+02) | measured fitness | best measured fitness | x1 | x2...
1 0 +3.945617198e+01 +3.945617198e+01 +1.420661720e+02 +1.420661720e+02 +0.0000e+00 +0.0000e+00
2 0 +3.600173327e+01 +3.600173327e+01 +1.386117333e+02 +1.386117333e+02 -2.2126e+00 -3.4952e+00
3 0 +2.570455773e+01 +2.570455773e+01 +1.283145577e+02 +1.283145577e+02 -1.3574e+00 -4.1548e+00
6 0 +2.034768937e+01 +2.034768937e+01 +1.229576894e+02 +1.229576894e+02 +3.4584e+00 +5.2199e-01
19 0 +1.546557277e+01 +1.546557277e+01 +1.180755728e+02 +1.180755728e+02 +8.0627e-01 -3.6239e+00
20 0 +1.276304742e+01 +1.276304742e+01 +1.153730474e+02 +1.153730474e+02 +4.1891e+00 -4.4977e+00
39 0 +7.683335578e+00 +7.683335578e+00 +1.102933356e+02 +1.102933356e+02 +2.1233e+00 -4.9893e+00
108 0 +6.924425238e+00 +6.924425238e+00 +1.095344252e+02 +1.095344252e+02 +8.5231e-01 -1.6322e+00
142 0 +5.499819068e+00 +5.499819068e+00 +1.081098191e+02 +1.081098191e+02 +1.8542e+00 -1.9029e+00
148 0 +4.087326102e+00 +4.087326102e+00 +1.066973261e+02 +1.066973261e+02 +1.6512e+00 -2.5146e+00
1120 0 +3.911117898e+00 +3.911117898e+00 +1.065211179e+02 +1.065211179e+02 +1.6515e+00 -2.5153e+00
1194 0 +3.864973669e+00 +3.864973669e+00 +1.064749737e+02 +1.064749737e+02 +1.6548e+00 -2.5163e+00
% f evaluations | g evaluations | best noise-free fitness - Fopt | noise-free fitness - Fopt (9.330000000000e+01) | measured fitness | best measured fitness | x1 | x2...
1 0 +3.408058182e+01 +3.408058182e+01 +1.273805818e+02 +1.273805818e+02 +0.0000e+00 +0.0000e+00
2 0 +8.678665015e+00 +8.678665015e+00 +1.019786650e+02 +1.019786650e+02 -3.9729e+00 +1.0846e+00
18 0 +7.133319113e+00 +7.133319113e+00 +1.004333191e+02 +1.004333191e+02 -1.7574e+00 +4.4083e+00
36 0 +3.880026728e+00 +3.880026728e+00 +9.718002673e+01 +9.718002673e+01 +6.7624e-01 -8.3203e-01
1108 0 +3.183493252e+00 +3.183493252e+00 +9.648349325e+01 +9.648349325e+01 +9.3968e-01 -1.1176e+00
1172 0 +2.805772516e+00 +2.805772516e+00 +9.610577252e+01 +9.610577252e+01 +6.8153e-01 -8.3243e-01
% f evaluations | g evaluations | best noise-free fitness - Fopt | noise-free fitness - Fopt (1.364000000000e+01) | measured fitness | best measured fitness | x1 | x2...
1 0 +4.461797449e+01 +4.461797449e+01 +5.825797449e+01 +5.825797449e+01 +0.0000e+00 +0.0000e+00
4 0 +1.370907376e+01 +1.370907376e+01 +2.734907376e+01 +2.734907376e+01 -1.1980e+00 +9.8349e-01
30 0 +1.136697321e+01 +1.136697321e+01 +2.500697321e+01 +2.500697321e+01 -2.5797e-01 -3.7456e+00
46 0 +5.195149740e+00 +5.195149740e+00 +1.883514974e+01 +1.883514974e+01 -4.3380e+00 -4.0804e+00
1110 0 +4.554748054e+00 +4.554748054e+00 +1.819474805e+01 +1.819474805e+01 -4.3389e+00 -4.0681e+00
% f evaluations | g evaluations | best noise-free fitness - Fopt | noise-free fitness - Fopt (1.948000000000e+02) | measured fitness | best measured fitness | x1 | x2...
1 0 +2.260620261e+01 +2.260620261e+01 +2.174062026e+02 +2.174062026e+02 +0.0000e+00 +0.0000e+00
9 0 +1.038494883e+01 +1.038494883e+01 +2.051849488e+02 +2.051849488e+02 -3.8491e-01 -3.4103e+00
15 0 +9.265639717e+00 +9.265639717e+00 +2.040656397e+02 +2.040656397e+02 -1.0774e+00 +1.7407e+00
94 0 +3.708361877e+00 +3.708361877e+00 +1.985083619e+02 +1.985083619e+02 -1.1989e+00 +1.7335e+00
412 0 +1.562196818e+00 +1.562196818e+00 +1.963621968e+02 +1.963621968e+02 -1.1957e+00 +1.7314e+00
802 0 +1.360085401e+00 +1.360085401e+00 +1.961600854e+02 +1.961600854e+02 -1.1947e+00 +1.7313e+00
1108 0 +1.321715198e+00 +1.321715198e+00 +1.961217152e+02 +1.961217152e+02 -1.1946e+00 +1.7312e+00
1110 0 +1.158572496e+00 +1.158572496e+00 +1.959585725e+02 +1.959585725e+02 -1.1928e+00 +1.7315e+00
1146 0 +1.105432307e+00 +1.105432307e+00 +1.959054323e+02 +1.959054323e+02 -1.1933e+00 +1.7310e+00
1156 0 +9.772306582e-01 +9.772306582e-01 +1.957772307e+02 +1.957772307e+02 -1.1903e+00 +1.7316e+00
% f evaluations | g evaluations | best noise-free fitness - Fopt | noise-free fitness - Fopt (-1.335900000000e+02) | measured fitness | best measured fitness | x1 | x2...
1 0 +4.434612093e+01 +4.434612093e+01 -8.924387907e+01 -8.924387907e+01 +0.0000e+00 +0.0000e+00
2 0 +2.463754705e+01 +2.463754705e+01 -1.089524530e+02 -1.089524530e+02 +9.3097e-01 -1.8330e+00
3 0 +1.907442519e+01 +1.907442519e+01 -1.145155748e+02 -1.145155748e+02 -2.0490e+00 +3.6885e-01
5 0 +1.848256564e+01 +1.848256564e+01 -1.151074344e+02 -1.151074344e+02 +1.5205e+00 -2.4837e-01
16 0 +9.623762548e+00 +9.623762548e+00 -1.239662375e+02 -1.239662375e+02 -3.9562e+00 +3.4855e+00
52 0 +7.769225686e+00 +7.769225686e+00 -1.258207743e+02 -1.258207743e+02 -2.5181e+00 +4.3576e+00
108 0 +6.570220261e+00 +6.570220261e+00 -1.270197797e+02 -1.270197797e+02 -1.7306e+00 +3.6450e+00
246 0 +5.380268952e+00 +5.380268952e+00 -1.282097310e+02 -1.282097310e+02 -1.1628e+00 +2.5264e+00
422 0 +4.359629825e+00 +4.359629825e+00 -1.292303702e+02 -1.292303702e+02 -1.5215e+00 +1.8312e+00
470 0 +3.121288422e+00 +3.121288422e+00 -1.304687116e+02 -1.304687116e+02 -2.8563e+00 +3.3053e+00
1156 0 +2.838319902e+00 +2.838319902e+00 -1.307516801e+02 -1.307516801e+02 -2.8603e+00 +3.3079e+00
% f evaluations | g evaluations | best noise-free fitness - Fopt | noise-free fitness - Fopt (-3.085000000000e+01) | measured fitness | best measured fitness | x1 | x2...
1 0 +3.722890381e+01 +3.722890381e+01 +6.378903809e+00 +6.378903809e+00 +0.0000e+00 +0.0000e+00
4 0 +2.304696378e+01 +2.304696378e+01 -7.803036221e+00 -7.803036221e+00 +1.3353e+00 -2.7907e-01
6 0 +1.990696570e+01 +1.990696570e+01 -1.094303430e+01 -1.094303430e+01 +4.6573e+00 -1.1143e+00
15 0 +9.466340091e+00 +9.466340091e+00 -2.138365991e+01 -2.138365991e+01 +4.6427e+00 -4.9473e+00
27 0 +6.287033012e+00 +6.287033012e+00 -2.456296699e+01 -2.456296699e+01 +2.0801e+00 -1.6018e+00
122 0 +2.884122891e+00 +2.884122891e+00 -2.796587711e+01 -2.796587711e+01 +2.0079e+00 -2.1933e+00
1180 0 +2.872886696e+00 +2.872886696e+00 -2.797711330e+01 -2.797711330e+01 +2.0068e+00 -2.1930e+00
% f evaluations | g evaluations | best noise-free fitness - Fopt | noise-free fitness - Fopt (-9.200000000000e+00) | measured fitness | best measured fitness | x1 | x2...
1 0 +2.692463958e+01 +2.692463958e+01 +1.772463958e+01 +1.772463958e+01 +0.0000e+00 +0.0000e+00
5 0 +7.071395734e+00 +7.071395734e+00 -2.128604266e+00 -2.128604266e+00 -4.3228e+00 +2.4800e+00
102 0 +2.408745666e+00 +2.408745666e+00 -6.791254334e+00 -6.791254334e+00 -3.0437e+00 +2.1684e+00
1124 0 +2.398737379e+00 +2.398737379e+00 -6.801262621e+00 -6.801262621e+00 -3.0440e+00 +2.1687e+00
% f evaluations | g evaluations | best noise-free fitness - Fopt | noise-free fitness - Fopt (-2.037600000000e+02) | measured fitness | best measured fitness | x1 | x2...
1 0 +4.955880575e+01 +4.955880575e+01 -1.542011942e+02 -1.542011942e+02 +0.0000e+00 +0.0000e+00
2 0 +3.761643854e+01 +3.761643854e+01 -1.661435615e+02 -1.661435615e+02 -3.3280e+00 -2.1485e+00
9 0 +2.354282008e+01 +2.354282008e+01 -1.802171799e+02 -1.802171799e+02 -2.5841e+00 -1.6448e+00
10 0 +2.095274420e+01 +2.095274420e+01 -1.828072558e+02 -1.828072558e+02 +4.3961e+00 +1.2617e+00
11 0 +8.439904661e+00 +8.439904661e+00 -1.953200953e+02 -1.953200953e+02 +2.8299e+00 +3.5345e-01
20 0 +2.935877678e+00 +2.935877678e+00 -2.008241223e+02 -2.008241223e+02 +2.5370e+00 +1.8043e+00
% f evaluations | g evaluations | best noise-free fitness - Fopt | noise-free fitness - Fopt (3.399000000000e+01) | measured fitness | best measured fitness | x1 | x2...
1 0 +2.986143403e+01 +2.986143403e+01 +6.385143403e+01 +6.385143403e+01 +0.0000e+00 +0.0000e+00
4 0 +2.396697278e+01 +2.396697278e+01 +5.795697278e+01 +5.795697278e+01 -8.6451e-01 -1.0101e+00
6 0 +2.215455025e+01 +2.215455025e+01 +5.614455025e+01 +5.614455025e+01 -4.5456e+00 +4.6151e+00
9 0 +2.176749694e+01 +2.176749694e+01 +5.575749694e+01 +5.575749694e+01 +7.0570e-01 +2.8119e+00
12 0 +4.700570589e+00 +4.700570589e+00 +3.869057059e+01 +3.869057059e+01 -2.3785e+00 +1.4301e+00
80 0 +3.970400899e+00 +3.970400899e+00 +3.796040090e+01 +3.796040090e+01 -2.3200e+00 +1.9919e+00
486 0 +3.877402007e+00 +3.877402007e+00 +3.786740201e+01 +3.786740201e+01 -2.3206e+00 +1.9885e+00
774 0 +3.730646084e+00 +3.730646084e+00 +3.772064608e+01 +3.772064608e+01 -2.3208e+00 +1.9860e+00
852 0 +3.590171963e+00 +3.590171963e+00 +3.758017196e+01 +3.758017196e+01 -2.3202e+00 +1.9865e+00
1116 0 +3.476826576e+00 +3.476826576e+00 +3.746682658e+01 +3.746682658e+01 -2.3202e+00 +1.9850e+00
1120 0 +3.019955033e+00 +3.019955033e+00 +3.700995503e+01 +3.700995503e+01 -2.3200e+00 +1.9590e+00
1188 0 +2.963599363e+00 +2.963599363e+00 +3.695359936e+01 +3.695359936e+01 -2.3202e+00 +1.9745e+00
1202 0 +2.942684238e+00 +2.942684238e+00 +3.693268424e+01 +3.693268424e+01 -2.3195e+00 +1.9735e+00
% f evaluations | g evaluations | best noise-free fitness - Fopt | noise-free fitness - Fopt (-1.000000000000e+03) | measured fitness | best measured fitness | x1 | x2...
1 0 +3.178377554e+01 +3.178377554e+01 -9.682162245e+02 -9.682162245e+02 +0.0000e+00 +0.0000e+00
2 0 +1.336631780e+01 +1.336631780e+01 -9.866336822e+02 -9.866336822e+02 +2.4162e-01 -6.8001e-01
82 0 +1.230244006e+01 +1.230244006e+01 -9.876975599e+02 -9.876975599e+02 +1.0386e-01 +2.8871e-01
95 0 +3.396721260e+00 +3.396721260e+00 -9.966032787e+02 -9.966032787e+02 -2.8132e+00 -4.2504e+00
1160 0 +3.076845712e+00 +3.076845712e+00 -9.969231543e+02 -9.969231543e+02 -2.8319e+00 -4.2435e+00
% f evaluations | g evaluations | best noise-free fitness - Fopt | noise-free fitness - Fopt (-1.000000000000e+03) | measured fitness | best measured fitness | x1 | x2...
1 0 +1.667179056e+01 +1.667179056e+01 -9.833282094e+02 -9.833282094e+02 +0.0000e+00 +0.0000e+00
25 0 +7.907588980e+00 +7.907588980e+00 -9.920924110e+02 -9.920924110e+02 -4.4590e-01 -4.1371e+00
78 0 +7.644652603e+00 +7.644652603e+00 -9.923553474e+02 -9.923553474e+02 -1.5048e+00 -2.7903e+00
167 0 +4.471321449e+00 +4.471321449e+00 -9.955286786e+02 -9.955286786e+02 +1.9767e+00 +8.6244e-01
185 0 +1.415219316e+00 +1.415219316e+00 -9.985847807e+02 -9.985847807e+02 +1.4002e+00 +1.7907e+00
1120 0 +3.761714835e-01 +3.761714835e-01 -9.996238285e+02 -9.996238285e+02 +1.4303e+00 +1.2879e+00
% f evaluations | g evaluations | best noise-free fitness - Fopt | noise-free fitness - Fopt (-1.272000000000e+01) | measured fitness | best measured fitness | x1 | x2...
1 0 +4.683673216e+01 +4.683673216e+01 +3.411673216e+01 +3.411673216e+01 +0.0000e+00 +0.0000e+00
2 0 +2.144373660e+01 +2.144373660e+01 +8.723736597e+00 +8.723736597e+00 +2.4249e+00 +1.3656e+00
3 0 +1.537887990e+01 +1.537887990e+01 +2.658879901e+00 +2.658879901e+00 -1.0794e+00 -3.4541e+00
13 0 +9.049274870e+00 +9.049274870e+00 -3.670725130e+00 -3.670725130e+00 -7.1637e-01 -3.2713e+00
63 0 +7.893291312e+00 +7.893291312e+00 -4.826708688e+00 -4.826708688e+00 -3.6564e+00 -1.5038e+00
106 0 +4.021609580e+00 +4.021609580e+00 -8.698390420e+00 -8.698390420e+00 -3.9058e+00 -3.3017e+00
416 0 +3.013965794e+00 +3.013965794e+00 -9.706034206e+00 -9.706034206e+00 -3.8254e+00 -3.3925e+00
758 0 +2.677050863e+00 +2.677050863e+00 -1.004294914e+01 -1.004294914e+01 -3.8500e+00 -3.3436e+00
% f evaluations | g evaluations | best noise-free fitness - Fopt | noise-free fitness - Fopt (-5.954000000000e+01) | measured fitness | best measured fitness | x1 | x2...
1 0 +4.065867381e+01 +4.065867381e+01 -1.888132619e+01 -1.888132619e+01 +0.0000e+00 +0.0000e+00
2 0 +3.052457795e+01 +3.052457795e+01 -2.901542205e+01 -2.901542205e+01 -1.1195e+00 -2.7389e-01
5 0 +2.521354204e+01 +2.521354204e+01 -3.432645796e+01 -3.432645796e+01 -1.5796e+00 -2.7778e+00
10 0 +2.206982929e+01 +2.206982929e+01 -3.747017071e+01 -3.747017071e+01 -1.5666e-01 +2.5173e+00
33 0 +1.808713876e+01 +1.808713876e+01 -4.145286124e+01 -4.145286124e+01 -1.5591e+00 +1.3479e+00
34 0 +1.262369951e+01 +1.262369951e+01 -4.691630049e+01 -4.691630049e+01 +1.3636e-01 +4.5676e+00
44 0 +1.207936777e+01 +1.207936777e+01 -4.746063223e+01 -4.746063223e+01 +4.1693e+00 +3.3162e+00
96 0 +1.157752189e+01 +1.157752189e+01 -4.796247811e+01 -4.796247811e+01 +4.5045e+00 +3.7602e+00
103 0 +1.042222910e+01 +1.042222910e+01 -4.911777090e+01 -4.911777090e+01 +3.7879e+00 +3.1220e+00
118 0 +4.241506733e+00 +4.241506733e+00 -5.529849327e+01 -5.529849327e+01 +3.1354e+00 +3.6917e+00
442 0 +2.662057603e+00 +2.662057603e+00 -5.687794240e+01 -5.687794240e+01 +3.1664e+00 +2.7150e+00
1140 0 +2.303003092e+00 +2.303003092e+00 -5.723699691e+01 -5.723699691e+01 +3.1625e+00 +2.7056e+00
% f evaluations | g evaluations | best noise-free fitness - Fopt | noise-free fitness - Fopt (-1.000000000000e+03) | measured fitness | best measured fitness | x1 | x2...
1 0 +4.865169444e+01 +4.865169444e+01 -9.513483056e+02 -9.513483056e+02 +0.0000e+00 +0.0000e+00
3 0 +1.380316117e+01 +1.380316117e+01 -9.861968388e+02 -9.861968388e+02 +3.5631e+00 -3.0819e+00
9 0 +1.046727493e+01 +1.046727493e+01 -9.895327251e+02 -9.895327251e+02 +2.6564e+00 -2.4773e-01
19 0 +8.315661718e+00 +8.315661718e+00 -9.916843383e+02 -9.916843383e+02 +3.5467e+00 +6.0985e-02
60 0 +3.463735149e+00 +3.463735149e+00 -9.965362649e+02 -9.965362649e+02 +3.6193e+00 -1.7272e+00
235 0 +2.603751529e+00 +2.603751529e+00 -9.973962485e+02 -9.973962485e+02 -6.5288e-01 +8.9928e-01
818 0 +2.436418394e+00 +2.436418394e+00 -9.975635816e+02 -9.975635816e+02 -1.1395e+00 +1.9449e+00
% f evaluations | g evaluations | best noise-free fitness - Fopt | noise-free fitness - Fopt (4.303000000000e+01) | measured fitness | best measured fitness | x1 | x2...
1 0 +3.140636043e+01 +3.140636043e+01 +7.443636043e+01 +7.443636043e+01 +0.0000e+00 +0.0000e+00
5 0 +2.429497880e+01 +2.429497880e+01 +6.732497880e+01 +6.732497880e+01 -3.8549e+00 +2.5426e+00
8 0 +1.477538184e+01 +1.477538184e+01 +5.780538184e+01 +5.780538184e+01 -3.6403e+00 +4.6824e+00
10 0 +1.013604758e+01 +1.013604758e+01 +5.316604758e+01 +5.316604758e+01 -1.6052e-01 +6.1209e-01
18 0 +6.852258402e+00 +6.852258402e+00 +4.988225840e+01 +4.988225840e+01 -4.1699e+00 +3.8536e+00
20 0 +2.856414055e+00 +2.856414055e+00 +4.588641406e+01 +4.588641406e+01 +1.5846e+00 -1.3049e+00
446 0 +2.201007485e+00 +2.201007485e+00 +4.523100748e+01 +4.523100748e+01 +1.6032e+00 -1.2872e+00
478 0 +1.206559391e+00 +1.206559391e+00 +4.423655939e+01 +4.423655939e+01 +1.5847e+00 -1.1689e+00
790 0 +9.133599712e-01 +9.133599712e-01 +4.394335997e+01 +4.394335997e+01 +1.5786e+00 -1.1780e+00
1122 0 +6.212528667e-01 +6.212528667e-01 +4.365125287e+01 +4.365125287e+01 +1.5778e+00 -1.1820e+00
