% f evaluations | g evaluations | best noise-free fitness - Fopt | noise-free fitness - Fopt (2.997000000000e+01) | measured fitness | best measured fitness | x1 | x2...
1 0 +1.539145428e+02 +1.539145428e+02 +1.838845428e+02 +1.838845428e+02 +3.1744e+00 +4.4752e+00
6 0 +1.480744272e+02 +1.480744272e+02 +1.780444272e+02 +1.780444272e+02 +1.6043e+00 -1.2122e+00
9 0 +9.749679816e+01 +9.749679816e+01 +1.274667982e+02 +1.274667982e+02 +1.3250e+00 -1.4773e+00
36 0 +1.475800572e+01 +1.475800572e+01 +4.472800572e+01 +4.472800572e+01 +1.1978e+00 -8.2631e-01
67 0 +1.017743684e+01 +1.017743684e+01 +4.014743684e+01 +4.014743684e+01 +1.1947e+00 -5.5976e-01
105 0 +5.187970105e+00 +5.187970105e+00 +3.515797010e+01 +3.515797010e+01 +1.2493e+00 -4.4961e-01
427 0 +4.171539055e+00 +4.171539055e+00 +3.414153906e+01 +3.414153906e+01 +1.2301e+00 -5.2144e-01
475 0 +2.046110378e+00 +2.046110378e+00 +3.201611038e+01 +3.201611038e+01 +1.1542e+00 -8.0423e-01
823 0 +2.011277051e+00 +2.011277051e+00 +3.198127705e+01 +3.198127705e+01 +1.1998e+00 -6.4959e-01
1483 0 +1.960639854e+00 +1.960639854e+00 +3.193063985e+01 +3.193063985e+01 +1.1992e+00 -6.5107e-01
1489 0 +1.818488415e+00 +1.818488415e+00 +3.178848842e+01 +3.178848842e+01 +1.1998e+00 -6.4718e-01
1491 0 +1.770409246e+00 +1.770409246e+00 +3.174040925e+01 +3.174040925e+01 +1.1986e+00 -6.5058e-01
1811 0 +1.659424519e+00 +1.659424519e+00 +3.162942452e+01 +3.162942452e+01 +1.1942e+00 -6.6399e-01
% f evaluations | g evaluations | best noise-free fitness - Fopt | noise-free fitness - Fopt (-5.171000000000e+01) | measured fitness | best measured fitness | x1 | x2...
1 0 +1.025508757e+03 +1.025508757e+03 +9.737987569e+02 +9.737987569e+02 -4.8555e+00 +4.0467e+00
2 0 +6.204642536e+02 +6.204642536e+02 +5.687542536e+02 +5.687542536e+02 -2.1098e+00 +3.5323e+00
4 0 +5.024123323e+01 +5.024123323e+01 -1.468766767e+00 -1.468766767e+00 +2.6416e+00 +2.7198e+00
60 0 +2.058775382e+01 +2.058775382e+01 -3.112224618e+01 -3.112224618e+01 +3.5897e+00 +4.3446e+00
139 0 +1.854692411e+01 +1.854692411e+01 -3.316307589e+01 -3.316307589e+01 +1.8580e+00 +2.4325e+00
221 0 +1.358247190e+01 +1.358247190e+01 -3.812752810e+01 -3.812752810e+01 +3.4173e+00 +3.9693e+00
431 0 +6.339117709e+00 +6.339117709e+00 -4.537088229e+01 -4.537088229e+01 +3.3259e+00 +3.9642e+00
465 0 +5.928109147e+00 +5.928109147e+00 -4.578189085e+01 -4.578189085e+01 +3.3550e+00 +3.9712e+00
477 0 +4.944734237e+00 +4.944734237e+00 -4.676526576e+01 -4.676526576e+01 +3.1709e+00 +3.7519e+00
757 0 +4.746425165e+00 +4.746425165e+00 -4.696357484e+01 -4.696357484e+01 +3.1311e+00 +3.7052e+00
761 0 +4.282970876e+00 +4.282970876e+00 -4.742702912e+01 -4.742702912e+01 +3.1610e+00 +3.7465e+00
779 0 +3.372234104e+00 +3.372234104e+00 -4.833776590e+01 -4.833776590e+01 +3.1524e+00 +3.7594e+00
813 0 +2.894265154e+00 +2.894265154e+00 -4.881573485e+01 -4.881573485e+01 +3.0751e+00 +3.6559e+00
1145 0 +2.287940063e+00 +2.287940063e+00 -4.942205994e+01 -4.942205994e+01 +3.0675e+00 +3.6606e+00
1179 0 +1.970886876e+00 +1.970886876e+00 -4.973911312e+01 -4.973911312e+01 +3.0716e+00 +3.6610e+00
1479 0 +1.912417847e+00 +1.912417847e+00 -4.979758215e+01 -4.979758215e+01 +3.0691e+00 +3.6590e+00
1819 0 +1.896559078e+00 +1.896559078e+00 -4.981344092e+01 -4.981344092e+01 +3.0693e+00 +3.6589e+00
% f evaluations | g evaluations | best noise-free fitness - Fopt | noise-free fitness - Fopt (-2.799500000000e+02) | measured fitness | best measured fitness | x1 | x2...
1 0 +1.094180969e+03 +1.094180969e+03 +8.142309690e+02 +8.142309690e+02 +2.8672e+00 +3.7751e+00
2 0 +8.564644892e+01 +8.564644892e+01 -1.943035511e+02 -1.943035511e+02 -3.4696e+00 -3.4806e+00
28 0 +4.318776563e+01 +4.318776563e+01 -2.367622344e+02 -2.367622344e+02 +2.0984e-01 -2.5672e+00
135 0 +4.173849755e+01 +4.173849755e+01 -2.382115025e+02 -2.382115025e+02 +3.0972e-01 -2.5502e+00
147 0 +2.744721051e+01 +2.744721051e+01 -2.525027895e+02 -2.525027895e+02 -9.4518e-01 -2.9617e+00
228 0 +3.356430242e+00 +3.356430242e+00 -2.765935698e+02 -2.765935698e+02 -2.6347e+00 -3.6163e+00
765 0 +2.956641904e+00 +2.956641904e+00 -2.769933581e+02 -2.769933581e+02 -2.6404e+00 -3.6165e+00
1127 0 +2.929469049e+00 +2.929469049e+00 -2.770205310e+02 -2.770205310e+02 -2.6410e+00 -3.6166e+00
1133 0 +2.533077445e+00 +2.533077445e+00 -2.774169226e+02 -2.774169226e+02 -2.6348e+00 -3.6111e+00
1205 0 +2.435313827e+00 +2.435313827e+00 -2.775146862e+02 -2.775146862e+02 -2.6409e+00 -3.6136e+00
1519 0 +2.382231247e+00 +2.382231247e+00 -2.775677688e+02 -2.775677688e+02 -2.6410e+00 -3.6139e+00
% f evaluations | g evaluations | best noise-free fitness - Fopt | noise-free fitness - Fopt (9.319900000000e+02) | measured fitness | best measured fitness | x1 | x2...
1 0 +6.074144384e+02 +6.074144384e+02 +1.539404438e+03 +1.539404438e+03 -4.3625e+00 +6.7939e-01
2 0 +2.395617315e+02 +2.395617315e+02 +1.171551732e+03 +1.171551732e+03 -2.7302e+00 +1.6716e+00
5 0 +6.876861253e+01 +6.876861253e+01 +1.000758613e+03 +1.000758613e+03 +2.3075e+00 -3.9893e-02
57 0 +6.484980229e+01 +6.484980229e+01 +9.968398023e+02 +9.968398023e+02 +3.6970e+00 +1.0336e-01
67 0 +2.683896870e+01 +2.683896870e+01 +9.588289687e+02 +9.588289687e+02 +2.0529e+00 +3.8912e-01
75 0 +2.600349168e+01 +2.600349168e+01 +9.579934917e+02 +9.579934917e+02 +2.4327e+00 +2.6735e-01
105 0 +2.500503994e+01 +2.500503994e+01 +9.569950399e+02 +9.569950399e+02 +2.5728e+00 +4.7730e-01
119 0 +1.528615871e+01 +1.528615871e+01 +9.472761587e+02 +9.472761587e+02 +2.8192e+00 +2.6795e-01
217 0 +1.271325025e+01 +1.271325025e+01 +9.447032503e+02 +9.447032503e+02 +2.5750e+00 +3.3279e-01
403 0 +1.223089496e+01 +1.223089496e+01 +9.442208950e+02 +9.442208950e+02 +2.6104e+00 +3.2631e-01
427 0 +1.177618691e+01 +1.177618691e+01 +9.437661869e+02 +9.437661869e+02 +2.5609e+00 +3.4473e-01
497 0 +9.492536510e+00 +9.492536510e+00 +9.414825365e+02 +9.414825365e+02 +2.4614e+00 +3.9382e-01
763 0 +7.609552186e+00 +7.609552186e+00 +9.395995522e+02 +9.395995522e+02 +2.3574e+00 +4.4198e-01
1109 0 +6.879711693e+00 +6.879711693e+00 +9.388697117e+02 +9.388697117e+02 +2.3678e+00 +4.4915e-01
1121 0 +6.686627773e+00 +6.686627773e+00 +9.386766278e+02 +9.386766278e+02 +2.3087e+00 +4.6525e-01
1151 0 +6.426405270e+00 +6.426405270e+00 +9.384164053e+02 +9.384164053e+02 +2.3545e+00 +4.5261e-01
1473 0 +6.268670031e+00 +6.268670031e+00 +9.382586700e+02 +9.382586700e+02 +2.3117e+00 +4.7356e-01
1475 0 +6.018415318e+00 +6.018415318e+00 +9.380084153e+02 +9.380084153e+02 +2.2858e+00 +4.7820e-01
1823 0 +5.858881799e+00 +5.858881799e+00 +9.378488818e+02 +9.378488818e+02 +2.2938e+00 +4.7688e-01
1829 0 +5.696939794e+00 +5.696939794e+00 +9.376869398e+02 +9.376869398e+02 +2.2938e+00 +4.7843e-01
2215 0 +5.606301009e+00 +5.606301009e+00 +9.375963010e+02 +9.375963010e+02 +2.2853e+00 +4.8214e-01
% f evaluations | g evaluations | best noise-free fitness - Fopt | noise-free fitness - Fopt (1.133100000000e+02) | measured fitness | best measured fitness | x1 | x2...
1 0 +8.974842563e+01 +8.974842563e+01 +2.030584256e+02 +2.030584256e+02 +4.5562e+00 +4.2736e+00
25 0 +8.649033248e+01 +8.649033248e+01 +1.998003325e+02 +1.998003325e+02 +4.9613e+00 +4.3771e+00
40 0 +2.726498688e+01 +2.726498688e+01 +1.405749869e+02 +1.405749869e+02 +1.9472e+00 +2.9955e+00
51 0 +1.691927172e+00 +1.691927172e+00 +1.150019272e+02 +1.150019272e+02 +2.1831e+00 +3.1741e+00
214 0 +1.105282939e+00 +1.105282939e+00 +1.144152829e+02 +1.144152829e+02 +1.4097e+00 +2.9343e+00
775 0 +9.972870830e-01 +9.972870830e-01 +1.143072871e+02 +1.143072871e+02 +1.4123e+00 +2.9347e+00
807 0 +9.729524949e-01 +9.729524949e-01 +1.142829525e+02 +1.142829525e+02 +1.4112e+00 +2.9343e+00
1119 0 +9.101791780e-01 +9.101791780e-01 +1.142201792e+02 +1.142201792e+02 +1.4133e+00 +2.9342e+00
1161 0 +8.803807638e-01 +8.803807638e-01 +1.141903808e+02 +1.141903808e+02 +1.4106e+00 +2.9337e+00
1465 0 +8.708807562e-01 +8.708807562e-01 +1.141808808e+02 +1.141808808e+02 +1.4108e+00 +2.9337e+00
% f evaluations | g evaluations | best noise-free fitness - Fopt | noise-free fitness - Fopt (2.849000000000e+01) | measured fitness | best measured fitness | x1 | x2...
1 0 +1.509621127e+03 +1.509621127e+03 +1.538111127e+03 +1.538111127e+03 +4.9938e+00 -2.0805e+00
2 0 +4.120596682e+02 +4.120596682e+02 +4.405496682e+02 +4.405496682e+02 -2.9390e+00 +6.0962e-01
11 0 +2.794321710e+02 +2.794321710e+02 +3.079221710e+02 +3.079221710e+02 -1.6174e+00 +3.9023e+00
15 0 +2.505786738e+02 +2.505786738e+02 +2.790686738e+02 +2.790686738e+02 +1.2014e+00 -4.7523e+00
23 0 +7.492849042e+00 +7.492849042e+00 +3.598284904e+01 +3.598284904e+01 -8.9713e-01 -1.0791e+00
421 0 +4.774475308e+00 +4.774475308e+00 +3.326447531e+01 +3.326447531e+01 -8.4443e-01 -1.2167e+00
461 0 +2.404285845e+00 +2.404285845e+00 +3.089428585e+01 +3.089428585e+01 -8.9819e-01 -1.0133e+00
481 0 +2.010551703e+00 +2.010551703e+00 +3.050055170e+01 +3.050055170e+01 -9.3031e-01 -9.0373e-01
493 0 +1.833708936e+00 +1.833708936e+00 +3.032370894e+01 +3.032370894e+01 -8.1759e-01 -1.2364e+00
777 0 +1.703252236e+00 +1.703252236e+00 +3.019325224e+01 +3.019325224e+01 -8.3896e-01 -1.1970e+00
795 0 +1.524353383e+00 +1.524353383e+00 +3.001435338e+01 +3.001435338e+01 -8.1767e-01 -1.2637e+00
1109 0 +7.559358890e-01 +7.559358890e-01 +2.924593589e+01 +2.924593589e+01 -8.1784e-01 -1.2538e+00
1119 0 +6.535296267e-01 +6.535296267e-01 +2.914352963e+01 +2.914352963e+01 -8.1525e-01 -1.2609e+00
1193 0 +5.108963826e-01 +5.108963826e-01 +2.900089638e+01 +2.900089638e+01 -8.0701e-01 -1.2858e+00
1521 0 +4.156175489e-01 +4.156175489e-01 +2.890561755e+01 +2.890561755e+01 -7.9798e-01 -1.3137e+00
% f evaluations | g evaluations | best noise-free fitness - Fopt | noise-free fitness - Fopt (-7.405800000000e+02) | measured fitness | best measured fitness | x1 | x2...
1 0 +1.640402042e+03 +1.640402042e+03 +8.998220419e+02 +8.998220419e+02 +4.0673e+00 +2.2386e+00
2 0 +2.359720598e+02 +2.359720598e+02 -5.046079402e+02 -5.046079402e+02 +9.4671e-01 -1.1112e+00
4 0 +2.290438938e+02 +2.290438938e+02 -5.115361062e+02 -5.115361062e+02 -4.9531e+00 +3.3056e+00
10 0 +1.004733815e+02 +1.004733815e+02 -6.401066185e+02 -6.401066185e+02 -3.7124e+00 +1.0563e+00
20 0 +8.027209555e+01 +8.027209555e+01 -6.603079045e+02 -6.603079045e+02 +3.1461e+00 -3.8769e+00
67 0 +6.788085013e+01 +6.788085013e+01 -6.726991499e+02 -6.726991499e+02 +2.2692e+00 -2.8976e+00
98 0 +2.137916518e+01 +2.137916518e+01 -7.192008348e+02 -7.192008348e+02 +4.2077e-01 -1.7183e+00
421 0 +1.885637053e+01 +1.885637053e+01 -7.217236295e+02 -7.217236295e+02 +3.9120e-01 -1.5971e+00
425 0 +1.750431233e+01 +1.750431233e+01 -7.230756877e+02 -7.230756877e+02 +2.5675e-01 -1.4970e+00
501 0 +1.288307954e+01 +1.288307954e+01 -7.276969205e+02 -7.276969205e+02 +5.3659e-01 -1.7375e+00
759 0 +1.252625201e+01 +1.252625201e+01 -7.280537480e+02 -7.280537480e+02 +5.1598e-01 -1.7227e+00
773 0 +1.101718026e+01 +1.101718026e+01 -7.295628197e+02 -7.295628197e+02 +4.7474e-01 -1.7122e+00
801 0 +9.670333425e+00 +9.670333425e+00 -7.309096666e+02 -7.309096666e+02 +5.0499e-01 -1.7262e+00
1501 0 +9.538748250e+00 +9.538748250e+00 -7.310412517e+02 -7.310412517e+02 +5.0873e-01 -1.7298e+00
2213 0 +9.283852771e+00 +9.283852771e+00 -7.312961472e+02 -7.312961472e+02 +4.8168e-01 -1.7097e+00
% f evaluations | g evaluations | best noise-free fitness - Fopt | noise-free fitness - Fopt (-5.177000000000e+01) | measured fitness | best measured fitness | x1 | x2...
1 0 +3.352519217e+02 +3.352519217e+02 +2.834819217e+02 +2.834819217e+02 +1.4304e+00 +3.5390e+00
2 0 +5.535269634e+01 +5.535269634e+01 +3.582696338e+00 +3.582696338e+00 +1.7501e+00 +2.2637e+00
15 0 +2.843470853e+01 +2.843470853e+01 -2.333529147e+01 -2.333529147e+01 -4.2042e+00 +1.5518e+00
28 0 +2.150942328e+01 +2.150942328e+01 -3.026057672e+01 -3.026057672e+01 -1.4341e+00 +1.7088e+00
57 0 +1.478418688e+01 +1.478418688e+01 -3.698581312e+01 -3.698581312e+01 -2.0779e+00 +1.6497e+00
101 0 +3.470927253e+00 +3.470927253e+00 -4.829907275e+01 -4.829907275e+01 -2.1108e+00 +1.7457e+00
423 0 +1.856414575e+00 +1.856414575e+00 -4.991358542e+01 -4.991358542e+01 -1.6345e+00 +1.7934e+00
443 0 +6.665480946e-01 +6.665480946e-01 -5.110345191e+01 -5.110345191e+01 -2.0684e+00 +1.7355e+00
757 0 +4.637247932e-01 +4.637247932e-01 -5.130627521e+01 -5.130627521e+01 -2.0839e+00 +1.7325e+00
765 0 +4.130481188e-01 +4.130481188e-01 -5.135695188e+01 -5.135695188e+01 -2.0574e+00 +1.7355e+00
767 0 +3.123379572e-01 +3.123379572e-01 -5.145766204e+01 -5.145766204e+01 -2.0849e+00 +1.7303e+00
1111 0 +2.512835681e-01 +2.512835681e-01 -5.151871643e+01 -5.151871643e+01 -2.0922e+00 +1.7296e+00
1121 0 +2.358245981e-01 +2.358245981e-01 -5.153417540e+01 -5.153417540e+01 -2.0853e+00 +1.7307e+00
1123 0 +2.128672258e-01 +2.128672258e-01 -5.155713277e+01 -5.155713277e+01 -2.0830e+00 +1.7312e+00
% f evaluations | g evaluations | best noise-free fitness - Fopt | noise-free fitness - Fopt (-2.229800000000e+02) | measured fitness | best measured fitness | x1 | x2...
1 0 +1.376924391e+03 +1.376924391e+03 +1.153944391e+03 +1.153944391e+03 -4.7945e+00 +3.5002e+00
2 0 +2.216230723e+02 +2.216230723e+02 -1.356927741e+00 -1.356927741e+00 +3.8272e+00 +2.0854e+00
12 0 +8.245947914e+01 +8.245947914e+01 -1.405205209e+02 -1.405205209e+02 +4.6568e-01 -7.0450e-01
14 0 +2.350208319e+01 +2.350208319e+01 -1.994779168e+02 -1.994779168e+02 +2.9569e+00 +2.4441e-01
57 0 +1.988233465e+01 +1.988233465e+01 -2.030976654e+02 -2.030976654e+02 +2.6302e+00 -1.3589e-01
109 0 +6.753505112e+00 +6.753505112e+00 -2.162264949e+02 -2.162264949e+02 +2.6862e+00 +2.9234e-02
429 0 +4.118265030e+00 +4.118265030e+00 -2.188617350e+02 -2.188617350e+02 +2.7527e+00 +2.8701e-02
759 0 +3.994590127e+00 +3.994590127e+00 -2.189854099e+02 -2.189854099e+02 +2.7553e+00 +2.8480e-02
765 0 +3.650180893e+00 +3.650180893e+00 -2.193298191e+02 -2.193298191e+02 +2.7394e+00 +1.8338e-02
775 0 +2.501770122e+00 +2.501770122e+00 -2.204782299e+02 -2.204782299e+02 +3.1569e+00 +9.8632e-02
1115 0 +2.172498442e+00 +2.172498442e+00 -2.208075016e+02 -2.208075016e+02 +3.0767e+00 +8.6244e-02
1133 0 +2.089974633e+00 +2.089974633e+00 -2.208900254e+02 -2.208900254e+02 +3.0666e+00 +1.0254e-01
1145 0 +9.924081126e-01 +9.924081126e-01 -2.219875919e+02 -2.219875919e+02 +3.1340e+00 +1.0688e-01
1463 0 +8.536115957e-01 +8.536115957e-01 -2.221263884e+02 -2.221263884e+02 +3.1219e+00 +1.0574e-01
1471 0 +8.354974660e-01 +8.354974660e-01 -2.221445025e+02 -2.221445025e+02 +3.1206e+00 +1.0680e-01
1481 0 +7.579700671e-01 +7.579700671e-01 -2.222220299e+02 -2.222220299e+02 +3.1400e+00 +1.0997e-01
1483 0 +7.198783167e-01 +7.198783167e-01 -2.222601217e+02 -2.222601217e+02 +3.1419e+00 +1.1067e-01
1831 0 +6.830135265e-01 +6.830135265e-01 -2.222969865e+02 -2.222969865e+02 +3.1393e+00 +1.1047e-01
1883 0 +6.733604958e-01 +6.733604958e-01 -2.223066395e+02 -2.223066395e+02 +3.1416e+00 +1.1099e-01
% f evaluations | g evaluations | best noise-free fitness - Fopt | noise-free fitness - Fopt (5.860000000000e+00) | measured fitness | best measured fitness | x1 | x2...
1 0 +1.014957590e+03 +1.014957590e+03 +1.020817590e+03 +1.020817590e+03 +3.1704e+00 -3.8028e+00
2 0 +2.926621233e+02 +2.926621233e+02 +2.985221233e+02 +2.985221233e+02 -1.4974e+00 -4.1931e+00
4 0 +8.081250142e+01 +8.081250142e+01 +8.667250142e+01 +8.667250142e+01 -3.5320e+00 -8.8983e-01
22 0 +2.729474450e+01 +2.729474450e+01 +3.315474450e+01 +3.315474450e+01 -3.3454e+00 +2.1066e-01
63 0 +2.435612982e+01 +2.435612982e+01 +3.021612982e+01 +3.021612982e+01 -3.6203e+00 +6.5120e-01
403 0 +1.823082107e+01 +1.823082107e+01 +2.409082107e+01 +2.409082107e+01 -3.5846e+00 +6.4351e-01
413 0 +1.368060343e+01 +1.368060343e+01 +1.954060343e+01 +1.954060343e+01 -3.5713e+00 +6.9727e-01
465 0 +7.925541418e+00 +7.925541418e+00 +1.378554142e+01 +1.378554142e+01 -3.5217e+00 +6.1714e-01
755 0 +7.300480686e+00 +7.300480686e+00 +1.316048069e+01 +1.316048069e+01 -3.5110e+00 +6.1176e-01
767 0 +7.082109467e+00 +7.082109467e+00 +1.294210947e+01 +1.294210947e+01 -3.5173e+00 +6.1862e-01
797 0 +7.052340340e+00 +7.052340340e+00 +1.291234034e+01 +1.291234034e+01 -3.5131e+00 +6.1706e-01
843 0 +6.854395553e+00 +6.854395553e+00 +1.271439555e+01 +1.271439555e+01 -3.5147e+00 +6.2041e-01
1107 0 +6.405555968e+00 +6.405555968e+00 +1.226555597e+01 +1.226555597e+01 -3.5257e+00 +6.7338e-01
1133 0 +6.149235794e+00 +6.149235794e+00 +1.200923579e+01 +1.200923579e+01 -3.5261e+00 +6.8440e-01
% f evaluations | g evaluations | best noise-free fitness - Fopt | noise-free fitness - Fopt (2.048600000000e+02) | measured fitness | best measured fitness | x1 | x2...
1 0 +1.356815226e+03 +1.356815226e+03 +1.561675226e+03 +1.561675226e+03 +2.8598e+00 -3.5167e-01
2 0 +5.074447377e+02 +5.074447377e+02 +7.123047377e+02 +7.123047377e+02 +3.7143e-01 +3.6447e+00
10 0 +3.090779426e+02 +3.090779426e+02 +5.139379426e+02 +5.139379426e+02 -2.8966e+00 -1.1507e+00
12 0 +1.595034589e+02 +1.595034589e+02 +3.643634589e+02 +3.643634589e+02 -1.6224e+00 +4.3382e+00
23 0 +6.081320017e+01 +6.081320017e+01 +2.656732002e+02 +2.656732002e+02 -2.1208e+00 -4.6806e+00
47 0 +3.321211622e+01 +3.321211622e+01 +2.380721162e+02 +2.380721162e+02 -1.4406e+00 +1.1870e+00
77 0 +2.520882493e+01 +2.520882493e+01 +2.300688249e+02 +2.300688249e+02 -1.3943e+00 +1.8861e+00
133 0 +8.145220313e+00 +8.145220313e+00 +2.130052203e+02 +2.130052203e+02 -1.5340e+00 +1.3338e+00
427 0 +6.587718607e+00 +6.587718607e+00 +2.114477186e+02 +2.114477186e+02 -1.5237e+00 +1.2618e+00
481 0 +5.343107533e+00 +5.343107533e+00 +2.102031075e+02 +2.102031075e+02 -1.5343e+00 +1.2609e+00
495 0 +4.431173320e+00 +4.431173320e+00 +2.092911733e+02 +2.092911733e+02 -1.5359e+00 +1.2260e+00
827 0 +3.979221146e+00 +3.979221146e+00 +2.088392211e+02 +2.088392211e+02 -1.5558e+00 +1.0723e+00
1107 0 +3.810433985e+00 +3.810433985e+00 +2.086704340e+02 +2.086704340e+02 -1.5689e+00 +9.7401e-01
1137 0 +3.680918668e+00 +3.680918668e+00 +2.085409187e+02 +2.085409187e+02 -1.5533e+00 +1.0813e+00
1145 0 +3.621901790e+00 +3.621901790e+00 +2.084819018e+02 +2.084819018e+02 -1.5581e+00 +1.0402e+00
1495 0 +3.500991200e+00 +3.500991200e+00 +2.083609912e+02 +2.083609912e+02 -1.5582e+00 +1.0432e+00
% f evaluations | g evaluations | best noise-free fitness - Fopt | noise-free fitness - Fopt (1.154900000000e+02) | measured fitness | best measured fitness | x1 | x2...
1 0 +7.973616991e+02 +7.973616991e+02 +9.128516991e+02 +9.128516991e+02 +3.8715e+00 +2.7737e+00
2 0 +2.794656025e+02 +2.794656025e+02 +3.949556025e+02 +3.949556025e+02 -4.6421e+00 -2.4487e+00
8 0 +2.654767085e+02 +2.654767085e+02 +3.809667085e+02 +3.809667085e+02 -1.9822e+00 +3.9537e+00
9 0 +2.363044827e+02 +2.363044827e+02 +3.517944827e+02 +3.517944827e+02 -4.2508e+00 -1.3988e+00
13 0 +1.870137552e+02 +1.870137552e+02 +3.025037552e+02 +3.025037552e+02 -3.4517e+00 +1.2001e+00
21 0 +1.740702922e+02 +1.740702922e+02 +2.895602922e+02 +2.895602922e+02 -3.3637e+00 +1.2167e+00
32 0 +6.781562962e+01 +6.781562962e+01 +1.833056296e+02 +1.833056296e+02 -2.0680e+00 -3.8911e+00
51 0 +3.207866617e+01 +3.207866617e+01 +1.475686662e+02 +1.475686662e+02 -2.5860e+00 -2.7300e+00
57 0 +1.483380729e+01 +1.483380729e+01 +1.303238073e+02 +1.303238073e+02 -2.4562e+00 -2.5925e+00
239 0 +1.168599268e+01 +1.168599268e+01 +1.271759927e+02 +1.271759927e+02 -2.4967e+00 -2.0439e+00
405 0 +6.318354710e+00 +6.318354710e+00 +1.218083547e+02 +1.218083547e+02 -2.4266e+00 -2.2741e+00
413 0 +4.530857445e+00 +4.530857445e+00 +1.200208574e+02 +1.200208574e+02 -2.3787e+00 -2.0126e+00
485 0 +3.950892566e+00 +3.950892566e+00 +1.194408926e+02 +1.194408926e+02 -2.4441e+00 -1.8991e+00
757 0 +2.712111591e+00 +2.712111591e+00 +1.182021116e+02 +1.182021116e+02 -2.4372e+00 -1.8542e+00
767 0 +2.345817363e+00 +2.345817363e+00 +1.178358174e+02 +1.178358174e+02 -2.4340e+00 -1.8556e+00
769 0 +1.974258520e-01 +1.974258520e-01 +1.156874259e+02 +1.156874259e+02 -2.4218e+00 -1.7765e+00
1115 0 +1.594248131e-01 +1.594248131e-01 +1.156494248e+02 +1.156494248e+02 -2.4193e+00 -1.8032e+00
1155 0 +1.550434593e-01 +1.550434593e-01 +1.156450435e+02 +1.156450435e+02 -2.4219e+00 -1.7694e+00
1157 0 +1.158576263e-01 +1.158576263e-01 +1.156058576e+02 +1.156058576e+02 -2.4201e+00 -1.7911e+00
1189 0 +8.767851325e-02 +8.767851325e-02 +1.155776785e+02 +1.155776785e+02 -2.4217e+00 -1.7580e+00
1459 0 +7.734293970e-02 +7.734293970e-02 +1.155673429e+02 +1.155673429e+02 -2.4214e+00 -1.7667e+00
1497 0 +6.888926951e-02 +6.888926951e-02 +1.155588893e+02 +1.155588893e+02 -2.4220e+00 -1.7545e+00
1815 0 +6.102995621e-02 +6.102995621e-02 +1.155510300e+02 +1.155510300e+02 -2.4221e+00 -1.7541e+00
2171 0 +5.914535391e-02 +5.914535391e-02 +1.155491454e+02 +1.155491454e+02 -2.4222e+00 -1.7537e+00
2255 0 +5.879070670e-02 +5.879070670e-02 +1.155487907e+02 +1.155487907e+02 -2.4222e+00 -1.7533e+00
% f evaluations | g evaluations | best noise-free fitness - Fopt | noise-free fitness - Fopt (1.950500000000e+02) | measured fitness | best measured fitness | x1 | x2...
1 0 +1.224483907e+03 +1.224483907e+03 +1.419533907e+03 +1.419533907e+03 -4.0117e+00 -4.9631e+00
2 0 +1.998322369e+02 +1.998322369e+02 +3.948822369e+02 +3.948822369e+02 +1.5988e+00 -1.9516e+00
5 0 +5.193033420e+01 +5.193033420e+01 +2.469803342e+02 +2.469803342e+02 +1.2572e+00 +4.5237e+00
14 0 +5.106724758e+01 +5.106724758e+01 +2.461172476e+02 +2.461172476e+02 +6.8185e-01 -3.3568e+00
45 0 +3.687685177e+01 +3.687685177e+01 +2.319268518e+02 +2.319268518e+02 +5.0645e-01 -2.6451e+00
53 0 +2.707371512e+01 +2.707371512e+01 +2.221237151e+02 +2.221237151e+02 +6.8658e-01 -2.5380e+00
77 0 +1.858001412e+01 +1.858001412e+01 +2.136300141e+02 +2.136300141e+02 +5.8371e-01 -2.6814e+00
98 0 +8.569785609e+00 +8.569785609e+00 +2.036197856e+02 +2.036197856e+02 +1.0301e+00 +1.8413e+00
223 0 +4.916796225e+00 +4.916796225e+00 +1.999667962e+02 +1.999667962e+02 +7.5662e-01 -1.1756e+00
234 0 +4.130290625e+00 +4.130290625e+00 +1.991802906e+02 +1.991802906e+02 +8.2710e-01 -5.0012e-01
425 0 +1.964847527e+00 +1.964847527e+00 +1.970148475e+02 +1.970148475e+02 +8.0907e-01 -4.1761e-01
465 0 +1.288848386e+00 +1.288848386e+00 +1.963388484e+02 +1.963388484e+02 +8.3301e-01 -1.8871e-01
483 0 +3.598041340e-01 +3.598041340e-01 +1.954098041e+02 +1.954098041e+02 +8.2547e-01 -3.4151e-01
775 0 +3.006380127e-01 +3.006380127e-01 +1.953506380e+02 +1.953506380e+02 +8.4152e-01 -1.4680e-01
825 0 +1.728329164e-01 +1.728329164e-01 +1.952228329e+02 +1.952228329e+02 +8.2848e-01 -3.0250e-01
1115 0 +1.080537010e-01 +1.080537010e-01 +1.951580537e+02 +1.951580537e+02 +8.2852e-01 -2.9665e-01
1465 0 +8.658873873e-02 +8.658873873e-02 +1.951365887e+02 +1.951365887e+02 +8.2866e-01 -2.9662e-01
1823 0 +8.459196752e-02 +8.459196752e-02 +1.951345920e+02 +1.951345920e+02 +8.2855e-01 -2.9756e-01
2173 0 +8.225933122e-02 +8.225933122e-02 +1.951322593e+02 +1.951322593e+02 +8.2866e-01 -2.9643e-01
% f evaluations | g evaluations | best noise-free fitness - Fopt | noise-free fitness - Fopt (-2.144800000000e+02) | measured fitness | best measured fitness | x1 | x2...
1 0 +1.686618222e+02 +1.686618222e+02 -4.581817779e+01 -4.581817779e+01 +4.0391e+00 -2.1736e+00
7 0 +6.937400898e+01 +6.937400898e+01 -1.451059910e+02 -1.451059910e+02 -5.0931e-01 +1.8884e+00
29 0 +2.996303153e+01 +2.996303153e+01 -1.845169685e+02 -1.845169685e+02 -1.6195e+00 +3.2433e+00
55 0 +1.150504275e+01 +1.150504275e+01 -2.029749572e+02 -2.029749572e+02 -1.4158e+00 +3.2220e+00
75 0 +1.075194111e+01 +1.075194111e+01 -2.037280589e+02 -2.037280589e+02 -1.6782e+00 +3.3974e+00
149 0 +7.196350157e-01 +7.196350157e-01 -2.137603650e+02 -2.137603650e+02 -1.6788e+00 +3.4527e+00
755 0 +2.002428622e-01 +2.002428622e-01 -2.142797571e+02 -2.142797571e+02 -1.6785e+00 +3.4480e+00
825 0 +1.005044861e-01 +1.005044861e-01 -2.143794955e+02 -2.143794955e+02 -1.6789e+00 +3.4498e+00
1107 0 +5.702005555e-02 +5.702005555e-02 -2.144229799e+02 -2.144229799e+02 -1.6787e+00 +3.4494e+00
1137 0 +5.210576759e-02 +5.210576759e-02 -2.144278942e+02 -2.144278942e+02 -1.6788e+00 +3.4494e+00
1143 0 +1.398779592e-02 +1.398779592e-02 -2.144660122e+02 -2.144660122e+02 -1.6786e+00 +3.4490e+00
1169 0 +7.756904691e-05 +7.756904691e-05 -2.144799224e+02 -2.144799224e+02 -1.6789e+00 +3.4493e+00
2191 0 +4.539397412e-05 +4.539397412e-05 -2.144799546e+02 -2.144799546e+02 -1.6789e+00 +3.4493e+00
2517 0 +4.019490953e-05 +4.019490953e-05 -2.144799598e+02 -2.144799598e+02 -1.6789e+00 +3.4493e+00
2523 0 +2.308880258e-05 +2.308880258e-05 -2.144799769e+02 -2.144799769e+02 -1.6789e+00 +3.4493e+00
2539 0 +2.191092196e-05 +2.191092196e-05 -2.144799781e+02 -2.144799781e+02 -1.6789e+00 +3.4493e+00
2559 0 +4.066009438e-06 +4.066009438e-06 -2.144799959e+02 -2.144799959e+02 -1.6789e+00 +3.4493e+00
2575 0 +1.458421906e-06 +1.458421906e-06 -2.144799985e+02 -2.144799985e+02 -1.6789e+00 +3.4493e+00
2883 0 +1.033464457e-06 +1.033464457e-06 -2.144799990e+02 -2.144799990e+02 -1.6789e+00 +3.4493e+00
2921 0 +8.454953218e-07 +8.454953218e-07 -2.144799992e+02 -2.144799992e+02 -1.6789e+00 +3.4493e+00
3275 0 +6.265636046e-07 +6.265636046e-07 -2.144799994e+02 -2.144799994e+02 -1.6789e+00 +3.4493e+00
3929 0 +5.743156635e-07 +5.743156635e-07 -2.144799994e+02 -2.144799994e+02 -1.6789e+00 +3.4493e+00
3943 0 +5.033728314e-07 +5.033728314e-07 -2.144799995e+02 -2.144799995e+02 -1.6789e+00 +3.4493e+00
4997 0 +5.008791675e-07 +5.008791675e-07 -2.144799995e+02 -2.144799995e+02 -1.6789e+00 +3.4493e+00
% f evaluations | g evaluations | best noise-free fitness - Fopt | noise-free fitness - Fopt (-4.590000000000e+01) | measured fitness | best measured fitness | x1 | x2...
1 0 +3.250578449e+02 +3.250578449e+02 +2.791578449e+02 +2.791578449e+02 +4.4134e+00 -3.4521e+00
2 0 +2.872172359e+02 +2.872172359e+02 +2.413172359e+02 +2.413172359e+02 +1.0468e+00 -3.1802e+00
4 0 +3.456434224e+01 +3.456434224e+01 -1.133565776e+01 -1.133565776e+01 -1.2258e+00 -1.4528e+00
83 0 +2.764564297e+01 +2.764564297e+01 -1.825435703e+01 -1.825435703e+01 -1.2721e+00 -1.4893e+00
91 0 +1.099001015e+01 +1.099001015e+01 -3.490998985e+01 -3.490998985e+01 -1.4608e+00 -1.6301e+00
115 0 +8.823938320e+00 +8.823938320e+00 -3.707606168e+01 -3.707606168e+01 -8.6807e-01 -1.5953e+00
415 0 +8.578047175e+00 +8.578047175e+00 -3.732195283e+01 -3.732195283e+01 +3.7091e-01 -1.6406e+00
419 0 +3.224172666e+00 +3.224172666e+00 -4.267582733e+01 -4.267582733e+01 -4.4154e-01 -1.6617e+00
755 0 +2.388060191e+00 +2.388060191e+00 -4.351193981e+01 -4.351193981e+01 -1.2863e-01 -1.6497e+00
757 0 +1.550054130e+00 +1.550054130e+00 -4.434994587e+01 -4.434994587e+01 -5.7648e-01 -1.6400e+00
781 0 +5.135522826e-01 +5.135522826e-01 -4.538644772e+01 -4.538644772e+01 -3.1302e-01 -1.6549e+00
1131 0 +4.619507403e-01 +4.619507403e-01 -4.543804926e+01 -4.543804926e+01 -3.0338e-01 -1.6535e+00
1163 0 +2.447355945e-01 +2.447355945e-01 -4.565526441e+01 -4.565526441e+01 -2.5365e-01 -1.6565e+00
1485 0 +2.268579556e-01 +2.268579556e-01 -4.567314204e+01 -4.567314204e+01 -2.3955e-01 -1.6569e+00
1845 0 +2.102290688e-01 +2.102290688e-01 -4.568977093e+01 -4.568977093e+01 -2.3950e-01 -1.6570e+00
1891 0 +2.082070614e-01 +2.082070614e-01 -4.569179294e+01 -4.569179294e+01 -2.3952e-01 -1.6570e+00
