% f evaluations | g evaluations | best noise-free fitness - Fopt | noise-free fitness - Fopt (-5.235000000000e+01) | measured fitness | best measured fitness | x1 | x2...
1 0 +7.937556860e+00 +7.937556860e+00 -4.441244314e+01 -4.441244314e+01 -1.7929e-02 -4.8026e+00 +4.2243e+00
9 0 +1.768568552e+00 +1.768568552e+00 -5.058143145e+01 -5.058143145e+01 +7.1498e-01 -8.8244e-01 +2.5651e+00
25 0 +9.498129257e-01 +9.498129257e-01 -5.140018707e+01 -5.140018707e+01 -1.7462e+00 -9.9391e-01 +3.2173e+00
48 0 +8.602544795e-01 +8.602544795e-01 -5.148974552e+01 -5.148974552e+01 -7.2636e-01 -2.2025e-01 +3.0541e+00
56 0 +7.949982545e-01 +7.949982545e-01 -5.155500175e+01 -5.155500175e+01 -3.1106e-01 -1.7985e+00 +2.7920e+00
83 0 +6.773824125e-01 +6.773824125e-01 -5.167261759e+01 -5.167261759e+01 -9.7577e-01 -2.9499e-01 +2.9493e+00
88 0 +1.175495530e-01 +1.175495530e-01 -5.223245045e+01 -5.223245045e+01 -9.8165e-01 -9.3618e-01 +2.8588e+00
103 0 +1.056246877e-01 +1.056246877e-01 -5.224437531e+01 -5.224437531e+01 -9.3226e-01 -9.2468e-01 +2.9008e+00
118 0 +1.782908562e-02 +1.782908562e-02 -5.233217091e+01 -5.233217091e+01 -9.1677e-01 -1.3266e+00 +2.5726e+00
129 0 +6.327249394e-03 +6.327249394e-03 -5.234367275e+01 -5.234367275e+01 -9.1782e-01 -1.2475e+00 +2.6337e+00
217 0 +2.620715700e-03 +2.620715700e-03 -5.234737928e+01 -5.234737928e+01 -9.2060e-01 -1.2444e+00 +2.6315e+00
261 0 +2.054317684e-03 +2.054317684e-03 -5.234794568e+01 -5.234794568e+01 -9.2053e-01 -1.2424e+00 +2.6298e+00
272 0 +1.957600779e-03 +1.957600779e-03 -5.234804240e+01 -5.234804240e+01 -9.1527e-01 -1.2351e+00 +2.6311e+00
321 0 +1.932680866e-03 +1.932680866e-03 -5.234806732e+01 -5.234806732e+01 -9.1987e-01 -1.2394e+00 +2.6310e+00
337 0 +1.846955296e-03 +1.846955296e-03 -5.234815304e+01 -5.234815304e+01 -9.1939e-01 -1.2391e+00 +2.6312e+00
368 0 +1.762396883e-03 +1.762396883e-03 -5.234823760e+01 -5.234823760e+01 -9.1868e-01 -1.2372e+00 +2.6313e+00
417 0 +1.723981443e-03 +1.723981443e-03 -5.234827602e+01 -5.234827602e+01 -9.1821e-01 -1.2383e+00 +2.6298e+00
475 0 +1.668314673e-03 +1.668314673e-03 -5.234833169e+01 -5.234833169e+01 -9.1774e-01 -1.2376e+00 +2.6297e+00
523 0 +1.645262973e-03 +1.645262973e-03 -5.234835474e+01 -5.234835474e+01 -9.1757e-01 -1.2372e+00 +2.6298e+00
640 0 +1.621335813e-03 +1.621335813e-03 -5.234837866e+01 -5.234837866e+01 -9.1730e-01 -1.2372e+00 +2.6296e+00
1929 0 +1.584746307e-03 +1.584746307e-03 -5.234841525e+01 -5.234841525e+01 -9.1686e-01 -1.2372e+00 +2.6288e+00
% f evaluations | g evaluations | best noise-free fitness - Fopt | noise-free fitness - Fopt (-1.795400000000e+02) | measured fitness | best measured fitness | x1 | x2...
1 0 +2.474192123e+01 +2.474192123e+01 -1.547980788e+02 -1.547980788e+02 +7.5001e-01 +1.3480e+00 +1.5956e+00
2 0 +7.963553151e+00 +7.963553151e+00 -1.715764468e+02 -1.715764468e+02 +2.6768e+00 +3.7437e+00 -7.7942e-01
4 0 +2.297912436e+00 +2.297912436e+00 -1.772420876e+02 -1.772420876e+02 +5.6813e-01 +2.3939e+00 -4.5691e+00
22 0 +9.146288869e-01 +9.146288869e-01 -1.786253711e+02 -1.786253711e+02 -9.9637e-02 -1.6526e-01 -3.0720e+00
27 0 +6.691379161e-01 +6.691379161e-01 -1.788708621e+02 -1.788708621e+02 -5.7404e-02 +7.6974e-01 -3.3367e+00
54 0 +6.123787769e-01 +6.123787769e-01 -1.789276212e+02 -1.789276212e+02 +2.0432e-01 +1.7852e-01 -2.8162e+00
55 0 +2.003593890e-01 +2.003593890e-01 -1.793396406e+02 -1.793396406e+02 +6.8806e-01 +3.1629e-01 -3.3338e+00
58 0 +1.153052727e-01 +1.153052727e-01 -1.794246947e+02 -1.794246947e+02 +3.6136e-01 +4.8881e-01 -3.5631e+00
107 0 +8.099090376e-03 +8.099090376e-03 -1.795319009e+02 -1.795319009e+02 +6.3634e-01 +5.3895e-01 -3.5408e+00
124 0 +2.267993717e-03 +2.267993717e-03 -1.795377320e+02 -1.795377320e+02 +6.8479e-01 +5.2933e-01 -3.4975e+00
227 0 +2.167826158e-03 +2.167826158e-03 -1.795378322e+02 -1.795378322e+02 +6.8012e-01 +5.2952e-01 -3.4938e+00
231 0 +2.008520754e-03 +2.008520754e-03 -1.795379915e+02 -1.795379915e+02 +6.8668e-01 +5.2958e-01 -3.4915e+00
273 0 +1.956301848e-03 +1.956301848e-03 -1.795380437e+02 -1.795380437e+02 +6.8666e-01 +5.2842e-01 -3.4921e+00
279 0 +1.942493402e-03 +1.942493402e-03 -1.795380575e+02 -1.795380575e+02 +6.8467e-01 +5.2956e-01 -3.4900e+00
319 0 +1.895092528e-03 +1.895092528e-03 -1.795381049e+02 -1.795381049e+02 +6.8339e-01 +5.2959e-01 -3.4874e+00
327 0 +1.855573495e-03 +1.855573495e-03 -1.795381444e+02 -1.795381444e+02 +6.8467e-01 +5.2886e-01 -3.4901e+00
363 0 +1.742956562e-03 +1.742956562e-03 -1.795382570e+02 -1.795382570e+02 +6.8341e-01 +5.2893e-01 -3.4865e+00
405 0 +1.719670311e-03 +1.719670311e-03 -1.795382803e+02 -1.795382803e+02 +6.8511e-01 +5.2859e-01 -3.4871e+00
418 0 +1.658507260e-03 +1.658507260e-03 -1.795383415e+02 -1.795383415e+02 +6.8511e-01 +5.2879e-01 -3.4851e+00
432 0 +1.594487985e-03 +1.594487985e-03 -1.795384055e+02 -1.795384055e+02 +6.8533e-01 +5.2852e-01 -3.4837e+00
467 0 +1.553966726e-03 +1.553966726e-03 -1.795384460e+02 -1.795384460e+02 +6.8492e-01 +5.2846e-01 -3.4817e+00
478 0 +1.546787048e-03 +1.546787048e-03 -1.795384532e+02 -1.795384532e+02 +6.8534e-01 +5.2858e-01 -3.4803e+00
512 0 +1.512262349e-03 +1.512262349e-03 -1.795384877e+02 -1.795384877e+02 +6.8527e-01 +5.2840e-01 -3.4800e+00
574 0 +1.468647081e-03 +1.468647081e-03 -1.795385314e+02 -1.795385314e+02 +6.8530e-01 +5.2813e-01 -3.4785e+00
591 0 +1.434425025e-03 +1.434425025e-03 -1.795385656e+02 -1.795385656e+02 +6.8530e-01 +5.2804e-01 -3.4763e+00
631 0 +1.412186766e-03 +1.412186766e-03 -1.795385878e+02 -1.795385878e+02 +6.8530e-01 +5.2791e-01 -3.4748e+00
791 0 +1.372017210e-03 +1.372017210e-03 -1.795386280e+02 -1.795386280e+02 +6.8530e-01 +5.2762e-01 -3.4710e+00
8425 0 +1.348962295e-03 +1.348962295e-03 -1.795386510e+02 -1.795386510e+02 +6.8530e-01 +5.2734e-01 -3.4677e+00
% f evaluations | g evaluations | best noise-free fitness - Fopt | noise-free fitness - Fopt (7.731000000000e+01) | measured fitness | best measured fitness | x1 | x2...
1 0 +2.700838640e+00 +2.700838640e+00 +8.001083864e+01 +8.001083864e+01 +1.3601e+00 +9.6102e-01 -1.7776e+00
52 0 +6.242982797e-01 +6.242982797e-01 +7.793429828e+01 +7.793429828e+01 +1.6758e+00 -1.8164e-01 -2.5920e+00
67 0 +5.449164796e-01 +5.449164796e-01 +7.785491648e+01 +7.785491648e+01 +1.4342e+00 -9.5262e-02 -1.7606e+00
109 0 +3.541619627e-01 +3.541619627e-01 +7.766416196e+01 +7.766416196e+01 +7.1747e-01 -1.6679e-01 -1.7317e+00
115 0 +2.511425815e-01 +2.511425815e-01 +7.756114258e+01 +7.756114258e+01 +1.3479e+00 -2.1745e-01 -2.2775e+00
155 0 +2.247587350e-01 +2.247587350e-01 +7.753475873e+01 +7.753475873e+01 +1.4518e+00 -2.9536e-01 -2.1174e+00
164 0 +2.187046905e-01 +2.187046905e-01 +7.752870469e+01 +7.752870469e+01 +1.4697e+00 -4.5760e-01 -2.3492e+00
165 0 +1.441090160e-01 +1.441090160e-01 +7.745410902e+01 +7.745410902e+01 +1.3907e+00 -3.6108e-01 -2.1239e+00
208 0 +9.998405804e-02 +9.998405804e-02 +7.740998406e+01 +7.740998406e+01 +1.3478e+00 -4.3628e-01 -2.1522e+00
263 0 +9.264564456e-02 +9.264564456e-02 +7.740264564e+01 +7.740264564e+01 +1.3224e+00 -4.7349e-01 -2.1520e+00
265 0 +4.310579869e-02 +4.310579869e-02 +7.735310580e+01 +7.735310580e+01 +1.2048e+00 -4.2910e-01 -2.1231e+00
314 0 +3.846247817e-02 +3.846247817e-02 +7.734846248e+01 +7.734846248e+01 +1.1816e+00 -4.2893e-01 -2.1053e+00
332 0 +1.878174935e-02 +1.878174935e-02 +7.732878175e+01 +7.732878175e+01 +1.0984e+00 -4.8363e-01 -2.1230e+00
373 0 +1.767961618e-02 +1.767961618e-02 +7.732767962e+01 +7.732767962e+01 +1.1305e+00 -4.8494e-01 -2.1259e+00
378 0 +1.165110921e-02 +1.165110921e-02 +7.732165111e+01 +7.732165111e+01 +1.0937e+00 -4.9685e-01 -2.1180e+00
432 0 +1.131037141e-02 +1.131037141e-02 +7.732131037e+01 +7.732131037e+01 +1.0899e+00 -4.9686e-01 -2.1158e+00
441 0 +1.110994343e-02 +1.110994343e-02 +7.732110994e+01 +7.732110994e+01 +1.0935e+00 -4.9988e-01 -2.1184e+00
444 0 +1.007719685e-02 +1.007719685e-02 +7.732007720e+01 +7.732007720e+01 +1.0850e+00 -5.0765e-01 -2.1158e+00
472 0 +9.239090097e-03 +9.239090097e-03 +7.731923909e+01 +7.731923909e+01 +1.0789e+00 -5.1063e-01 -2.1158e+00
516 0 +9.027461794e-03 +9.027461794e-03 +7.731902746e+01 +7.731902746e+01 +1.0781e+00 -5.0550e-01 -2.1156e+00
521 0 +8.584280945e-03 +8.584280945e-03 +7.731858428e+01 +7.731858428e+01 +1.0731e+00 -5.0689e-01 -2.1153e+00
581 0 +8.431714285e-03 +8.431714285e-03 +7.731843171e+01 +7.731843171e+01 +1.0721e+00 -5.0736e-01 -2.1150e+00
623 0 +8.123939607e-03 +8.123939607e-03 +7.731812394e+01 +7.731812394e+01 +1.0712e+00 -5.0868e-01 -2.1148e+00
663 0 +7.919703524e-03 +7.919703524e-03 +7.731791970e+01 +7.731791970e+01 +1.0706e+00 -5.1005e-01 -2.1149e+00
696 0 +7.690256085e-03 +7.690256085e-03 +7.731769026e+01 +7.731769026e+01 +1.0691e+00 -5.1146e-01 -2.1150e+00
736 0 +7.480896195e-03 +7.480896195e-03 +7.731748090e+01 +7.731748090e+01 +1.0674e+00 -5.1267e-01 -2.1149e+00
782 0 +7.365382892e-03 +7.365382892e-03 +7.731736538e+01 +7.731736538e+01 +1.0665e+00 -5.1327e-01 -2.1149e+00
838 0 +7.199080053e-03 +7.199080053e-03 +7.731719908e+01 +7.731719908e+01 +1.0641e+00 -5.1286e-01 -2.1150e+00
886 0 +7.058761178e-03 +7.058761178e-03 +7.731705876e+01 +7.731705876e+01 +1.0638e+00 -5.1441e-01 -2.1149e+00
937 0 +6.905063175e-03 +6.905063175e-03 +7.731690506e+01 +7.731690506e+01 +1.0618e+00 -5.1425e-01 -2.1149e+00
1110 0 +6.758257233e-03 +6.758257233e-03 +7.731675826e+01 +7.731675826e+01 +1.0608e+00 -5.1509e-01 -2.1149e+00
2503 0 +6.606733829e-03 +6.606733829e-03 +7.731660673e+01 +7.731660673e+01 +1.0598e+00 -5.1611e-01 -2.1149e+00
% f evaluations | g evaluations | best noise-free fitness - Fopt | noise-free fitness - Fopt (3.992000000000e+01) | measured fitness | best measured fitness | x1 | x2...
1 0 +3.865719636e+01 +3.865719636e+01 +7.857719636e+01 +7.857719636e+01 -4.6759e+00 +4.1912e+00 +3.1817e+00
2 0 +3.339268188e+01 +3.339268188e+01 +7.331268188e+01 +7.331268188e+01 -3.7333e+00 -2.8260e+00 +2.0732e+00
3 0 +3.179976736e+01 +3.179976736e+01 +7.171976736e+01 +7.171976736e+01 +4.9289e+00 +1.6111e+00 +3.8167e+00
6 0 +1.019679128e+01 +1.019679128e+01 +5.011679128e+01 +5.011679128e+01 +3.8326e+00 +1.5680e+00 +2.1163e+00
19 0 +3.793099074e+00 +3.793099074e+00 +4.371309907e+01 +4.371309907e+01 +4.3645e+00 +5.3210e-01 +2.5662e+00
42 0 +2.499139922e+00 +2.499139922e+00 +4.241913992e+01 +4.241913992e+01 +4.2846e+00 +4.5867e-01 +1.3747e+00
49 0 +1.337458338e+00 +1.337458338e+00 +4.125745834e+01 +4.125745834e+01 +2.9109e+00 -1.8490e+00 +2.8519e+00
53 0 +1.275596172e+00 +1.275596172e+00 +4.119559617e+01 +4.119559617e+01 +2.6970e+00 -1.3584e+00 +2.7761e+00
57 0 +8.385889635e-01 +8.385889635e-01 +4.075858896e+01 +4.075858896e+01 +3.0617e+00 -8.7969e-01 +2.4887e+00
96 0 +5.651185199e-01 +5.651185199e-01 +4.048511852e+01 +4.048511852e+01 +3.7530e+00 -1.9011e+00 +2.7668e+00
109 0 +2.881888924e-01 +2.881888924e-01 +4.020818889e+01 +4.020818889e+01 +3.5450e+00 -1.2349e+00 +2.5842e+00
138 0 +5.726527912e-02 +5.726527912e-02 +3.997726528e+01 +3.997726528e+01 +3.8747e+00 -1.0084e+00 +2.6562e+00
161 0 +5.529390340e-02 +5.529390340e-02 +3.997529390e+01 +3.997529390e+01 +3.9827e+00 -8.9903e-01 +2.6430e+00
170 0 +4.099341878e-02 +4.099341878e-02 +3.996099342e+01 +3.996099342e+01 +3.9034e+00 -9.2544e-01 +2.5655e+00
211 0 +3.791225254e-02 +3.791225254e-02 +3.995791225e+01 +3.995791225e+01 +3.9282e+00 -1.0374e+00 +2.5794e+00
223 0 +1.726612350e-02 +1.726612350e-02 +3.993726612e+01 +3.993726612e+01 +3.9256e+00 -1.0223e+00 +2.4566e+00
265 0 +4.869601534e-03 +4.869601534e-03 +3.992486960e+01 +3.992486960e+01 +3.9446e+00 -1.0884e+00 +2.3648e+00
289 0 +4.080529682e-03 +4.080529682e-03 +3.992408053e+01 +3.992408053e+01 +3.9416e+00 -1.0248e+00 +2.4509e+00
314 0 +3.081616516e-03 +3.081616516e-03 +3.992308162e+01 +3.992308162e+01 +3.9420e+00 -1.0276e+00 +2.4508e+00
319 0 +2.505779634e-03 +2.505779634e-03 +3.992250578e+01 +3.992250578e+01 +3.9520e+00 -1.0037e+00 +2.4490e+00
326 0 +1.787465382e-03 +1.787465382e-03 +3.992178747e+01 +3.992178747e+01 +3.9461e+00 -1.0216e+00 +2.4519e+00
366 0 +1.680578375e-03 +1.680578375e-03 +3.992168058e+01 +3.992168058e+01 +3.9471e+00 -1.0191e+00 +2.4517e+00
402 0 +1.457374539e-03 +1.457374539e-03 +3.992145737e+01 +3.992145737e+01 +3.9473e+00 -1.0226e+00 +2.4477e+00
427 0 +1.364325229e-03 +1.364325229e-03 +3.992136433e+01 +3.992136433e+01 +3.9481e+00 -1.0222e+00 +2.4448e+00
451 0 +1.321765047e-03 +1.321765047e-03 +3.992132177e+01 +3.992132177e+01 +3.9485e+00 -1.0222e+00 +2.4463e+00
467 0 +1.283165609e-03 +1.283165609e-03 +3.992128317e+01 +3.992128317e+01 +3.9485e+00 -1.0223e+00 +2.4434e+00
468 0 +1.180441641e-03 +1.180441641e-03 +3.992118044e+01 +3.992118044e+01 +3.9493e+00 -1.0223e+00 +2.4439e+00
519 0 +1.145016889e-03 +1.145016889e-03 +3.992114502e+01 +3.992114502e+01 +3.9492e+00 -1.0223e+00 +2.4437e+00
522 0 +1.076301863e-03 +1.076301863e-03 +3.992107630e+01 +3.992107630e+01 +3.9494e+00 -1.0223e+00 +2.4423e+00
573 0 +1.043877229e-03 +1.043877229e-03 +3.992104388e+01 +3.992104388e+01 +3.9495e+00 -1.0223e+00 +2.4419e+00
584 0 +9.984469827e-04 +9.984469827e-04 +3.992099845e+01 +3.992099845e+01 +3.9503e+00 -1.0206e+00 +2.4421e+00
632 0 +9.626652812e-04 +9.626652812e-04 +3.992096267e+01 +3.992096267e+01 +3.9510e+00 -1.0192e+00 +2.4421e+00
678 0 +9.531233098e-04 +9.531233098e-04 +3.992095312e+01 +3.992095312e+01 +3.9510e+00 -1.0189e+00 +2.4421e+00
764 0 +9.324069015e-04 +9.324069015e-04 +3.992093241e+01 +3.992093241e+01 +3.9514e+00 -1.0180e+00 +2.4421e+00
780 0 +9.115943680e-04 +9.115943680e-04 +3.992091159e+01 +3.992091159e+01 +3.9521e+00 -1.0166e+00 +2.4421e+00
1303 0 +8.911660785e-04 +8.911660785e-04 +3.992089117e+01 +3.992089117e+01 +3.9521e+00 -1.0160e+00 +2.4421e+00
% f evaluations | g evaluations | best noise-free fitness - Fopt | noise-free fitness - Fopt (-5.661000000000e+01) | measured fitness | best measured fitness | x1 | x2...
1 0 +3.845688669e+01 +3.845688669e+01 -1.815311331e+01 -1.815311331e+01 +2.9487e-02 -1.9588e+00 -2.2555e-01
3 0 +3.786770591e+01 +3.786770591e+01 -1.874229409e+01 -1.874229409e+01 -1.8148e+00 -9.0711e-01 +4.8818e+00
5 0 +5.145098248e+00 +5.145098248e+00 -5.146490175e+01 -5.146490175e+01 -1.9208e+00 +4.8694e+00 +4.6101e+00
7 0 +1.122149785e+00 +1.122149785e+00 -5.548785021e+01 -5.548785021e+01 +1.6521e+00 +1.8581e+00 +2.9704e+00
55 0 +5.812926604e-01 +5.812926604e-01 -5.602870734e+01 -5.602870734e+01 +1.3462e+00 +2.5127e+00 +3.2695e+00
104 0 +5.053509553e-01 +5.053509553e-01 -5.610464904e+01 -5.610464904e+01 +1.4783e+00 +2.3520e+00 +3.1932e+00
105 0 +4.769351498e-01 +4.769351498e-01 -5.613306485e+01 -5.613306485e+01 +1.5494e+00 +2.5225e+00 +3.7030e+00
117 0 +3.503248151e-01 +3.503248151e-01 -5.625967518e+01 -5.625967518e+01 +2.2248e+00 +2.9326e+00 +3.9349e+00
122 0 +2.781561988e-01 +2.781561988e-01 -5.633184380e+01 -5.633184380e+01 +2.1869e+00 +2.5697e+00 +3.6325e+00
156 0 +2.470142880e-01 +2.470142880e-01 -5.636298571e+01 -5.636298571e+01 +1.7240e+00 +2.6040e+00 +3.5360e+00
168 0 +1.704118348e-01 +1.704118348e-01 -5.643958817e+01 -5.643958817e+01 +2.1204e+00 +2.7241e+00 +3.6373e+00
173 0 +1.269453813e-01 +1.269453813e-01 -5.648305462e+01 -5.648305462e+01 +1.9627e+00 +3.2960e+00 +3.2744e+00
179 0 +1.252794675e-01 +1.252794675e-01 -5.648472053e+01 -5.648472053e+01 +1.9173e+00 +2.5875e+00 +3.5739e+00
210 0 +9.728342101e-02 +9.728342101e-02 -5.651271658e+01 -5.651271658e+01 +1.9223e+00 +2.5938e+00 +3.5296e+00
242 0 +7.783331184e-02 +7.783331184e-02 -5.653216669e+01 -5.653216669e+01 +2.0017e+00 +2.5933e+00 +3.4001e+00
246 0 +6.758550192e-02 +6.758550192e-02 -5.654241450e+01 -5.654241450e+01 +1.9518e+00 +2.6031e+00 +3.4810e+00
262 0 +6.131910303e-02 +6.131910303e-02 -5.654868090e+01 -5.654868090e+01 +1.9732e+00 +2.6039e+00 +3.4451e+00
269 0 +5.857748786e-02 +5.857748786e-02 -5.655142251e+01 -5.655142251e+01 +1.9186e+00 +2.5955e+00 +3.4265e+00
277 0 +4.932015221e-02 +4.932015221e-02 -5.656067985e+01 -5.656067985e+01 +1.9305e+00 +2.8710e+00 +3.4527e+00
312 0 +3.436510246e-02 +3.436510246e-02 -5.657563490e+01 -5.657563490e+01 +1.9388e+00 +2.7764e+00 +3.4432e+00
351 0 +3.108768444e-02 +3.108768444e-02 -5.657891232e+01 -5.657891232e+01 +1.9465e+00 +2.7340e+00 +3.4440e+00
364 0 +3.061951717e-02 +3.061951717e-02 -5.657938048e+01 -5.657938048e+01 +1.9493e+00 +2.7277e+00 +3.4443e+00
366 0 +3.015689028e-02 +3.015689028e-02 -5.657984311e+01 -5.657984311e+01 +1.9467e+00 +2.7285e+00 +3.4391e+00
373 0 +2.196378589e-02 +2.196378589e-02 -5.658803621e+01 -5.658803621e+01 +1.9571e+00 +2.8253e+00 +3.4453e+00
382 0 +2.148990988e-02 +2.148990988e-02 -5.658851009e+01 -5.658851009e+01 +1.9754e+00 +2.7873e+00 +3.4417e+00
402 0 +2.004392541e-02 +2.004392541e-02 -5.658995607e+01 -5.658995607e+01 +1.9600e+00 +2.8407e+00 +3.4441e+00
416 0 +1.802249214e-02 +1.802249214e-02 -5.659197751e+01 -5.659197751e+01 +1.9640e+00 +2.8552e+00 +3.4441e+00
427 0 +1.740265182e-02 +1.740265182e-02 -5.659259735e+01 -5.659259735e+01 +1.9655e+00 +2.8326e+00 +3.4457e+00
431 0 +1.686567842e-02 +1.686567842e-02 -5.659313432e+01 -5.659313432e+01 +1.9659e+00 +2.8570e+00 +3.4432e+00
432 0 +1.484178190e-02 +1.484178190e-02 -5.659515822e+01 -5.659515822e+01 +1.9740e+00 +2.8763e+00 +3.4440e+00
443 0 +1.476127705e-02 +1.476127705e-02 -5.659523872e+01 -5.659523872e+01 +1.9737e+00 +2.8472e+00 +3.4444e+00
479 0 +1.438894100e-02 +1.438894100e-02 -5.659561106e+01 -5.659561106e+01 +1.9747e+00 +2.8573e+00 +3.4443e+00
497 0 +1.411062958e-02 +1.411062958e-02 -5.659588937e+01 -5.659588937e+01 +1.9738e+00 +2.8645e+00 +3.4423e+00
563 0 +1.359840056e-02 +1.359840056e-02 -5.659640160e+01 -5.659640160e+01 +1.9727e+00 +2.8564e+00 +3.4386e+00
571 0 +1.332416888e-02 +1.332416888e-02 -5.659667583e+01 -5.659667583e+01 +1.9731e+00 +2.8619e+00 +3.4374e+00
572 0 +1.308647182e-02 +1.308647182e-02 -5.659691353e+01 -5.659691353e+01 +1.9736e+00 +2.8536e+00 +3.4355e+00
625 0 +1.261880451e-02 +1.261880451e-02 -5.659738120e+01 -5.659738120e+01 +1.9724e+00 +2.8614e+00 +3.4327e+00
631 0 +1.240898660e-02 +1.240898660e-02 -5.659759101e+01 -5.659759101e+01 +1.9721e+00 +2.8623e+00 +3.4311e+00
678 0 +1.220252676e-02 +1.220252676e-02 -5.659779747e+01 -5.659779747e+01 +1.9719e+00 +2.8618e+00 +3.4298e+00
682 0 +1.161673588e-02 +1.161673588e-02 -5.659838326e+01 -5.659838326e+01 +1.9721e+00 +2.8627e+00 +3.4262e+00
729 0 +1.114855712e-02 +1.114855712e-02 -5.659885144e+01 -5.659885144e+01 +1.9721e+00 +2.8626e+00 +3.4232e+00
744 0 +1.078245696e-02 +1.078245696e-02 -5.659921754e+01 -5.659921754e+01 +1.9721e+00 +2.8623e+00 +3.4207e+00
750 0 +1.055659975e-02 +1.055659975e-02 -5.659944340e+01 -5.659944340e+01 +1.9722e+00 +2.8628e+00 +3.4192e+00
779 0 +1.028622576e-02 +1.028622576e-02 -5.659971377e+01 -5.659971377e+01 +1.9722e+00 +2.8628e+00 +3.4172e+00
782 0 +9.894945396e-03 +9.894945396e-03 -5.660010505e+01 -5.660010505e+01 +1.9721e+00 +2.8627e+00 +3.4142e+00
789 0 +9.736505799e-03 +9.736505799e-03 -5.660026349e+01 -5.660026349e+01 +1.9721e+00 +2.8628e+00 +3.4130e+00
831 0 +9.534143497e-03 +9.534143497e-03 -5.660046586e+01 -5.660046586e+01 +1.9722e+00 +2.8628e+00 +3.4113e+00
832 0 +8.991965442e-03 +8.991965442e-03 -5.660100803e+01 -5.660100803e+01 +1.9722e+00 +2.8628e+00 +3.4064e+00
863 0 +8.899952455e-03 +8.899952455e-03 -5.660110005e+01 -5.660110005e+01 +1.9721e+00 +2.8628e+00 +3.4055e+00
888 0 +8.658990876e-03 +8.658990876e-03 -5.660134101e+01 -5.660134101e+01 +1.9721e+00 +2.8627e+00 +3.4029e+00
891 0 +8.476234504e-03 +8.476234504e-03 -5.660152377e+01 -5.660152377e+01 +1.9721e+00 +2.8628e+00 +3.4009e+00
926 0 +8.202537469e-03 +8.202537469e-03 -5.660179746e+01 -5.660179746e+01 +1.9721e+00 +2.8628e+00 +3.3972e+00
932 0 +8.128066102e-03 +8.128066102e-03 -5.660187193e+01 -5.660187193e+01 +1.9721e+00 +2.8628e+00 +3.3961e+00
935 0 +7.929061545e-03 +7.929061545e-03 -5.660207094e+01 -5.660207094e+01 +1.9721e+00 +2.8628e+00 +3.3925e+00
948 0 +7.761098187e-03 +7.761098187e-03 -5.660223890e+01 -5.660223890e+01 +1.9721e+00 +2.8628e+00 +3.3882e+00
6720 0 +7.584400755e-03 +7.584400755e-03 -5.660241560e+01 -5.660241560e+01 +1.9720e+00 +2.8628e+00 +3.3816e+00
7392 0 +7.401557323e-03 +7.401557323e-03 -5.660259844e+01 -5.660259844e+01 +1.9716e+00 +2.8628e+00 +3.3816e+00
7594 0 +7.238181772e-03 +7.238181772e-03 -5.660276182e+01 -5.660276182e+01 +1.9713e+00 +2.8628e+00 +3.3816e+00
7749 0 +7.069941894e-03 +7.069941894e-03 -5.660293006e+01 -5.660293006e+01 +1.9710e+00 +2.8628e+00 +3.3816e+00
7873 0 +6.917191691e-03 +6.917191691e-03 -5.660308281e+01 -5.660308281e+01 +1.9706e+00 +2.8628e+00 +3.3816e+00
7955 0 +6.756016981e-03 +6.756016981e-03 -5.660324398e+01 -5.660324398e+01 +1.9703e+00 +2.8628e+00 +3.3816e+00
8029 0 +6.574499392e-03 +6.574499392e-03 -5.660342550e+01 -5.660342550e+01 +1.9697e+00 +2.8628e+00 +3.3816e+00
8102 0 +6.448413118e-03 +6.448413118e-03 -5.660355159e+01 -5.660355159e+01 +1.9693e+00 +2.8628e+00 +3.3816e+00
8164 0 +6.302618185e-03 +6.302618185e-03 -5.660369738e+01 -5.660369738e+01 +1.9686e+00 +2.8628e+00 +3.3816e+00
% f evaluations | g evaluations | best noise-free fitness - Fopt | noise-free fitness - Fopt (3.270000000000e+01) | measured fitness | best measured fitness | x1 | x2...
1 0 +1.538505213e+02 +1.538505213e+02 +1.865505213e+02 +1.865505213e+02 +1.4342e-01 +3.7414e+00 -1.7945e+00
2 0 +5.547910884e+00 +5.547910884e+00 +3.824791088e+01 +3.824791088e+01 -2.9571e+00 -2.9040e+00 -3.6409e+00
4 0 +3.550794332e+00 +3.550794332e+00 +3.625079433e+01 +3.625079433e+01 -1.7634e+00 -1.4694e+00 -3.2389e+00
29 0 +2.996926873e+00 +2.996926873e+00 +3.569692687e+01 +3.569692687e+01 -3.5156e+00 -1.0530e+00 -1.1512e+00
55 0 +1.580345779e+00 +1.580345779e+00 +3.428034578e+01 +3.428034578e+01 -1.6184e+00 -2.7533e+00 -8.7934e-01
78 0 +8.773524490e-01 +8.773524490e-01 +3.357735245e+01 +3.357735245e+01 -2.1107e+00 -2.2363e+00 +1.1235e+00
104 0 +7.925650383e-01 +7.925650383e-01 +3.349256504e+01 +3.349256504e+01 -2.3295e+00 -2.3805e+00 +8.5912e-01
106 0 +2.057592267e-01 +2.057592267e-01 +3.290575923e+01 +3.290575923e+01 -2.2762e+00 -1.9668e+00 +5.1099e-01
157 0 +1.712241751e-01 +1.712241751e-01 +3.287122418e+01 +3.287122418e+01 -2.4289e+00 -1.9649e+00 +3.1448e-01
161 0 +8.516987962e-02 +8.516987962e-02 +3.278516988e+01 +3.278516988e+01 -2.2844e+00 -1.7927e+00 +3.3154e-01
179 0 +5.795241173e-02 +5.795241173e-02 +3.275795241e+01 +3.275795241e+01 -2.2734e+00 -1.8527e+00 +2.7305e-01
216 0 +4.722043832e-02 +4.722043832e-02 +3.274722044e+01 +3.274722044e+01 -2.1192e+00 -1.8097e+00 +3.6152e-01
250 0 +1.706233477e-02 +1.706233477e-02 +3.271706233e+01 +3.271706233e+01 -2.1456e+00 -1.8439e+00 +3.0985e-01
275 0 +1.348826384e-02 +1.348826384e-02 +3.271348826e+01 +3.271348826e+01 -2.0771e+00 -1.8297e+00 +3.2429e-01
299 0 +1.201006445e-02 +1.201006445e-02 +3.271201006e+01 +3.271201006e+01 -2.0496e+00 -1.8085e+00 +3.3932e-01
315 0 +9.853436907e-03 +9.853436907e-03 +3.270985344e+01 +3.270985344e+01 -2.0535e+00 -1.7680e+00 +3.1256e-01
327 0 +9.485489060e-03 +9.485489060e-03 +3.270948549e+01 +3.270948549e+01 -2.0471e+00 -1.8012e+00 +3.2943e-01
332 0 +9.199912417e-03 +9.199912417e-03 +3.270919991e+01 +3.270919991e+01 -2.0472e+00 -1.7943e+00 +3.3393e-01
363 0 +7.894416011e-03 +7.894416011e-03 +3.270789442e+01 +3.270789442e+01 -2.0659e+00 -1.7876e+00 +3.2624e-01
417 0 +7.314119188e-03 +7.314119188e-03 +3.270731412e+01 +3.270731412e+01 -2.0604e+00 -1.7884e+00 +3.2428e-01
424 0 +7.155741065e-03 +7.155741065e-03 +3.270715574e+01 +3.270715574e+01 -2.0733e+00 -1.7894e+00 +3.2021e-01
425 0 +6.604976165e-03 +6.604976165e-03 +3.270660498e+01 +3.270660498e+01 -2.0533e+00 -1.7758e+00 +3.2614e-01
457 0 +5.570633909e-03 +5.570633909e-03 +3.270557063e+01 +3.270557063e+01 -2.0400e+00 -1.7595e+00 +3.2641e-01
469 0 +5.407822289e-03 +5.407822289e-03 +3.270540782e+01 +3.270540782e+01 -2.0392e+00 -1.7604e+00 +3.2628e-01
474 0 +4.795871296e-03 +4.795871296e-03 +3.270479587e+01 +3.270479587e+01 -2.0256e+00 -1.7528e+00 +3.2757e-01
482 0 +4.356329795e-03 +4.356329795e-03 +3.270435633e+01 +3.270435633e+01 -2.0251e+00 -1.7363e+00 +3.2505e-01
497 0 +4.157353360e-03 +4.157353360e-03 +3.270415735e+01 +3.270415735e+01 -2.0337e+00 -1.7326e+00 +3.2179e-01
519 0 +3.389169079e-03 +3.389169079e-03 +3.270338917e+01 +3.270338917e+01 -2.0283e+00 -1.7325e+00 +3.2169e-01
523 0 +2.699635777e-03 +2.699635777e-03 +3.270269964e+01 +3.270269964e+01 -2.0274e+00 -1.7240e+00 +3.1856e-01
573 0 +2.387479779e-03 +2.387479779e-03 +3.270238748e+01 +3.270238748e+01 -2.0291e+00 -1.7171e+00 +3.1554e-01
623 0 +2.309497104e-03 +2.309497104e-03 +3.270230950e+01 +3.270230950e+01 -2.0292e+00 -1.7168e+00 +3.1595e-01
631 0 +2.188655232e-03 +2.188655232e-03 +3.270218866e+01 +3.270218866e+01 -2.0292e+00 -1.7138e+00 +3.1546e-01
633 0 +2.173617880e-03 +2.173617880e-03 +3.270217362e+01 +3.270217362e+01 -2.0312e+00 -1.7133e+00 +3.1522e-01
651 0 +2.073786487e-03 +2.073786487e-03 +3.270207379e+01 +3.270207379e+01 -2.0310e+00 -1.7117e+00 +3.1465e-01
688 0 +1.960575352e-03 +1.960575352e-03 +3.270196058e+01 +3.270196058e+01 -2.0301e+00 -1.7076e+00 +3.1386e-01
716 0 +1.949429015e-03 +1.949429015e-03 +3.270194943e+01 +3.270194943e+01 -2.0306e+00 -1.7084e+00 +3.1377e-01
758 0 +1.887672433e-03 +1.887672433e-03 +3.270188767e+01 +3.270188767e+01 -2.0305e+00 -1.7063e+00 +3.1278e-01
786 0 +1.840665819e-03 +1.840665819e-03 +3.270184067e+01 +3.270184067e+01 -2.0331e+00 -1.7081e+00 +3.1261e-01
801 0 +1.817978436e-03 +1.817978436e-03 +3.270181798e+01 +3.270181798e+01 -2.0332e+00 -1.7063e+00 +3.1265e-01
816 0 +1.768854209e-03 +1.768854209e-03 +3.270176885e+01 +3.270176885e+01 -2.0334e+00 -1.7063e+00 +3.1230e-01
901 0 +1.737570734e-03 +1.737570734e-03 +3.270173757e+01 +3.270173757e+01 -2.0337e+00 -1.7058e+00 +3.1197e-01
1314 0 +1.698169269e-03 +1.698169269e-03 +3.270169817e+01 +3.270169817e+01 -2.0338e+00 -1.7042e+00 +3.1175e-01
% f evaluations | g evaluations | best noise-free fitness - Fopt | noise-free fitness - Fopt (-3.943000000000e+01) | measured fitness | best measured fitness | x1 | x2...
1 0 +1.349868771e+02 +1.349868771e+02 +9.555687708e+01 +9.555687708e+01 -2.7707e+00 +1.9426e+00 +4.4305e+00
3 0 +1.339408750e+02 +1.339408750e+02 +9.451087499e+01 +9.451087499e+01 -1.8802e+00 +3.4364e+00 +3.0876e+00
4 0 +6.932593123e+01 +6.932593123e+01 +2.989593123e+01 +2.989593123e+01 -2.3989e+00 -1.4837e+00 +4.5631e+00
6 0 +1.413784524e+01 +1.413784524e+01 -2.529215476e+01 -2.529215476e+01 +3.3955e+00 +9.1916e-01 -4.1900e+00
12 0 +2.887466436e+00 +2.887466436e+00 -3.654253356e+01 -3.654253356e+01 +3.4705e+00 +1.6220e+00 +3.6348e+00
24 0 +2.876796835e+00 +2.876796835e+00 -3.655320316e+01 -3.655320316e+01 +2.3406e+00 +1.2330e+00 +1.8290e+00
36 0 +2.372449726e+00 +2.372449726e+00 -3.705755027e+01 -3.705755027e+01 +3.3442e+00 +2.3369e+00 +6.8363e-01
56 0 +1.381555823e+00 +1.381555823e+00 -3.804844418e+01 -3.804844418e+01 +3.3513e+00 +3.0395e+00 +1.4174e+00
70 0 +9.988654875e-01 +9.988654875e-01 -3.843113451e+01 -3.843113451e+01 +2.9217e+00 +3.7909e+00 +2.5370e+00
104 0 +7.040052356e-01 +7.040052356e-01 -3.872599476e+01 -3.872599476e+01 +3.3331e+00 +4.1085e+00 +3.1323e+00
110 0 +2.783237979e-01 +2.783237979e-01 -3.915167620e+01 -3.915167620e+01 +3.1300e+00 +3.3149e+00 +2.7614e+00
164 0 +1.928821041e-01 +1.928821041e-01 -3.923711790e+01 -3.923711790e+01 +3.1492e+00 +3.3330e+00 +3.0398e+00
165 0 +1.832901978e-01 +1.832901978e-01 -3.924670980e+01 -3.924670980e+01 +3.6354e+00 +3.2657e+00 +2.7705e+00
208 0 +1.087101826e-01 +1.087101826e-01 -3.932128982e+01 -3.932128982e+01 +3.2764e+00 +3.3795e+00 +2.8678e+00
211 0 +7.060936189e-02 +7.060936189e-02 -3.935939064e+01 -3.935939064e+01 +3.8389e+00 +3.4173e+00 +2.7708e+00
265 0 +5.681897856e-02 +5.681897856e-02 -3.937318102e+01 -3.937318102e+01 +3.7770e+00 +3.4354e+00 +2.7708e+00
284 0 +5.135194841e-02 +5.135194841e-02 -3.937864805e+01 -3.937864805e+01 +3.8016e+00 +3.4412e+00 +2.7749e+00
295 0 +4.678265778e-02 +4.678265778e-02 -3.938321734e+01 -3.938321734e+01 +3.5826e+00 +3.4720e+00 +2.7466e+00
303 0 +3.655601817e-02 +3.655601817e-02 -3.939344398e+01 -3.939344398e+01 +3.8340e+00 +3.4821e+00 +2.7792e+00
319 0 +2.282971979e-02 +2.282971979e-02 -3.940717028e+01 -3.940717028e+01 +3.6799e+00 +3.4775e+00 +2.7785e+00
359 0 +1.973886768e-02 +1.973886768e-02 -3.941026113e+01 -3.941026113e+01 +3.7020e+00 +3.4896e+00 +2.7803e+00
363 0 +1.678164147e-02 +1.678164147e-02 -3.941321836e+01 -3.941321836e+01 +3.6810e+00 +3.4965e+00 +2.7848e+00
373 0 +1.597150220e-02 +1.597150220e-02 -3.941402850e+01 -3.941402850e+01 +3.6622e+00 +3.4871e+00 +2.7830e+00
379 0 +1.436751210e-02 +1.436751210e-02 -3.941563249e+01 -3.941563249e+01 +3.6676e+00 +3.4812e+00 +2.7904e+00
390 0 +1.292742204e-02 +1.292742204e-02 -3.941707258e+01 -3.941707258e+01 +3.6847e+00 +3.4623e+00 +2.8405e+00
420 0 +1.235742309e-02 +1.235742309e-02 -3.941764258e+01 -3.941764258e+01 +3.7172e+00 +3.4467e+00 +2.8249e+00
421 0 +6.693237315e-03 +6.693237315e-03 -3.942330676e+01 -3.942330676e+01 +3.6744e+00 +3.4611e+00 +2.8288e+00
424 0 +6.164388545e-03 +6.164388545e-03 -3.942383561e+01 -3.942383561e+01 +3.6800e+00 +3.4571e+00 +2.8266e+00
426 0 +5.829914188e-03 +5.829914188e-03 -3.942417009e+01 -3.942417009e+01 +3.6686e+00 +3.4582e+00 +2.8311e+00
437 0 +4.698442051e-03 +4.698442051e-03 -3.942530156e+01 -3.942530156e+01 +3.6836e+00 +3.4505e+00 +2.8363e+00
441 0 +3.840872127e-03 +3.840872127e-03 -3.942615913e+01 -3.942615913e+01 +3.6849e+00 +3.4341e+00 +2.8602e+00
474 0 +3.100305597e-03 +3.100305597e-03 -3.942689969e+01 -3.942689969e+01 +3.6835e+00 +3.4304e+00 +2.8633e+00
479 0 +2.686038589e-03 +2.686038589e-03 -3.942731396e+01 -3.942731396e+01 +3.6832e+00 +3.4344e+00 +2.8530e+00
483 0 +1.716081767e-03 +1.716081767e-03 -3.942828392e+01 -3.942828392e+01 +3.6799e+00 +3.4278e+00 +2.8621e+00
526 0 +1.673333903e-03 +1.673333903e-03 -3.942832667e+01 -3.942832667e+01 +3.6804e+00 +3.4277e+00 +2.8626e+00
559 0 +1.615112350e-03 +1.615112350e-03 -3.942838489e+01 -3.942838489e+01 +3.6772e+00 +3.4265e+00 +2.8641e+00
613 0 +1.518962764e-03 +1.518962764e-03 -3.942848104e+01 -3.942848104e+01 +3.6785e+00 +3.4252e+00 +2.8659e+00
625 0 +1.478869748e-03 +1.478869748e-03 -3.942852113e+01 -3.942852113e+01 +3.6789e+00 +3.4246e+00 +2.8664e+00
676 0 +1.434065155e-03 +1.434065155e-03 -3.942856593e+01 -3.942856593e+01 +3.6786e+00 +3.4226e+00 +2.8680e+00
735 0 +1.371449748e-03 +1.371449748e-03 -3.942862855e+01 -3.942862855e+01 +3.6787e+00 +3.4227e+00 +2.8684e+00
820 0 +1.291388594e-03 +1.291388594e-03 -3.942870861e+01 -3.942870861e+01 +3.6791e+00 +3.4211e+00 +2.8705e+00
832 0 +1.270422641e-03 +1.270422641e-03 -3.942872958e+01 -3.942872958e+01 +3.6794e+00 +3.4209e+00 +2.8707e+00
835 0 +1.250773480e-03 +1.250773480e-03 -3.942874923e+01 -3.942874923e+01 +3.6793e+00 +3.4202e+00 +2.8716e+00
892 0 +1.228157864e-03 +1.228157864e-03 -3.942877184e+01 -3.942877184e+01 +3.6792e+00 +3.4198e+00 +2.8717e+00
% f evaluations | g evaluations | best noise-free fitness - Fopt | noise-free fitness - Fopt (4.197200000000e+02) | measured fitness | best measured fitness | x1 | x2...
1 0 +1.342959344e+02 +1.342959344e+02 +5.540159344e+02 +5.540159344e+02 -3.1710e+00 -1.2651e+00 +2.0413e+00
2 0 +4.566673819e+01 +4.566673819e+01 +4.653867382e+02 +4.653867382e+02 +4.9475e+00 +2.6754e+00 +8.4003e-01
3 0 +4.386187914e+01 +4.386187914e+01 +4.635818791e+02 +4.635818791e+02 +1.3731e+00 -2.0445e+00 +3.0059e+00
4 0 +4.626607121e+00 +4.626607121e+00 +4.243466071e+02 +4.243466071e+02 +7.6979e-01 +1.0352e+00 -4.3789e+00
23 0 +3.440862797e+00 +3.440862797e+00 +4.231608628e+02 +4.231608628e+02 -2.6489e+00 +4.2509e+00 +1.2466e+00
51 0 +3.233683346e+00 +3.233683346e+00 +4.229536833e+02 +4.229536833e+02 -2.4884e+00 +4.3511e+00 +9.1473e-01
60 0 +2.449893924e+00 +2.449893924e+00 +4.221698939e+02 +4.221698939e+02 -1.8191e+00 +4.1882e+00 +6.2763e-01
90 0 +5.670339118e-01 +5.670339118e-01 +4.202870339e+02 +4.202870339e+02 -6.4278e-01 +3.3166e+00 -1.0116e+00
105 0 +4.033585788e-01 +4.033585788e-01 +4.201233586e+02 +4.201233586e+02 -1.1488e+00 +3.4566e+00 -1.7766e+00
108 0 +1.742126624e-01 +1.742126624e-01 +4.198942127e+02 +4.198942127e+02 -8.1763e-01 +3.0780e+00 -1.2942e+00
157 0 +7.529119835e-02 +7.529119835e-02 +4.197952912e+02 +4.197952912e+02 -9.4063e-01 +2.8738e+00 -1.2847e+00
161 0 +7.406541890e-02 +7.406541890e-02 +4.197940654e+02 +4.197940654e+02 -1.0191e+00 +2.9223e+00 -1.3065e+00
166 0 +6.481161839e-02 +6.481161839e-02 +4.197848116e+02 +4.197848116e+02 -7.8500e-01 +2.8804e+00 -1.3377e+00
212 0 +5.968172072e-02 +5.968172072e-02 +4.197796817e+02 +4.197796817e+02 -7.9838e-01 +2.8168e+00 -1.3343e+00
213 0 +4.478734886e-02 +4.478734886e-02 +4.197647873e+02 +4.197647873e+02 -9.2859e-01 +2.9036e+00 -1.3352e+00
217 0 +1.736993301e-02 +1.736993301e-02 +4.197373699e+02 +4.197373699e+02 -9.9152e-01 +2.9050e+00 -1.3664e+00
223 0 +1.070831370e-02 +1.070831370e-02 +4.197307083e+02 +4.197307083e+02 -9.9704e-01 +2.8291e+00 -1.3362e+00
264 0 +4.639644078e-03 +4.639644078e-03 +4.197246396e+02 +4.197246396e+02 -1.1808e+00 +2.8209e+00 -1.3354e+00
267 0 +2.369178133e-03 +2.369178133e-03 +4.197223692e+02 +4.197223692e+02 -1.0576e+00 +2.8201e+00 -1.3410e+00
320 0 +1.871994099e-03 +1.871994099e-03 +4.197218720e+02 +4.197218720e+02 -1.0681e+00 +2.8186e+00 -1.3402e+00
327 0 +1.779812229e-03 +1.779812229e-03 +4.197217798e+02 +4.197217798e+02 -1.0685e+00 +2.8173e+00 -1.3378e+00
363 0 +1.536582671e-03 +1.536582671e-03 +4.197215366e+02 +4.197215366e+02 -1.0709e+00 +2.8167e+00 -1.3384e+00
365 0 +1.117519541e-03 +1.117519541e-03 +4.197211175e+02 +4.197211175e+02 -1.0834e+00 +2.8167e+00 -1.3384e+00
415 0 +9.656639452e-04 +9.656639452e-04 +4.197209657e+02 +4.197209657e+02 -1.0901e+00 +2.8167e+00 -1.3384e+00
431 0 +9.036259373e-04 +9.036259373e-04 +4.197209036e+02 +4.197209036e+02 -1.0913e+00 +2.8166e+00 -1.3382e+00
454 0 +5.218844078e-04 +5.218844078e-04 +4.197205219e+02 +4.197205219e+02 -1.1152e+00 +2.8166e+00 -1.3379e+00
467 0 +4.925335974e-04 +4.925335974e-04 +4.197204925e+02 +4.197204925e+02 -1.1208e+00 +2.8166e+00 -1.3380e+00
468 0 +4.480618239e-04 +4.480618239e-04 +4.197204481e+02 +4.197204481e+02 -1.1241e+00 +2.8176e+00 -1.3381e+00
482 0 +4.393947662e-04 +4.393947662e-04 +4.197204394e+02 +4.197204394e+02 -1.1261e+00 +2.8171e+00 -1.3378e+00
520 0 +4.260552531e-04 +4.260552531e-04 +4.197204261e+02 +4.197204261e+02 -1.1263e+00 +2.8172e+00 -1.3379e+00
575 0 +4.167757413e-04 +4.167757413e-04 +4.197204168e+02 +4.197204168e+02 -1.1274e+00 +2.8168e+00 -1.3378e+00
% f evaluations | g evaluations | best noise-free fitness - Fopt | noise-free fitness - Fopt (7.640000000000e+00) | measured fitness | best measured fitness | x1 | x2...
1 0 +2.129507227e+01 +2.129507227e+01 +2.893507227e+01 +2.893507227e+01 +2.7385e+00 -4.3540e+00 +7.1797e-01
3 0 +9.823620086e+00 +9.823620086e+00 +1.746362009e+01 +1.746362009e+01 -3.1574e+00 -4.4200e+00 +1.2490e+00
6 0 +9.511395969e+00 +9.511395969e+00 +1.715139597e+01 +1.715139597e+01 -2.4303e+00 +6.8935e-01 +1.7204e+00
7 0 +8.376459598e+00 +8.376459598e+00 +1.601645960e+01 +1.601645960e+01 +4.7883e+00 +4.8687e+00 +1.1621e+00
20 0 +4.177503682e+00 +4.177503682e+00 +1.181750368e+01 +1.181750368e+01 +2.0668e+00 +3.5614e+00 +1.3899e+00
39 0 +3.801642934e+00 +3.801642934e+00 +1.144164293e+01 +1.144164293e+01 +9.9364e-01 +2.7015e+00 +2.6864e+00
46 0 +3.200475077e+00 +3.200475077e+00 +1.084047508e+01 +1.084047508e+01 +1.6684e+00 +3.1183e-02 +3.2600e+00
50 0 +1.774742677e+00 +1.774742677e+00 +9.414742677e+00 +9.414742677e+00 +1.9971e+00 +2.1779e+00 +3.6737e+00
54 0 +1.222063082e+00 +1.222063082e+00 +8.862063082e+00 +8.862063082e+00 +2.9785e+00 +1.4182e+00 +3.2522e+00
64 0 +1.117228330e+00 +1.117228330e+00 +8.757228330e+00 +8.757228330e+00 +2.6594e+00 +2.0629e+00 +2.0590e+00
69 0 +2.452183991e-01 +2.452183991e-01 +7.885218399e+00 +7.885218399e+00 +3.1098e+00 +2.8990e+00 +2.5876e+00
105 0 +1.817645696e-01 +1.817645696e-01 +7.821764570e+00 +7.821764570e+00 +3.3364e+00 +2.6333e+00 +2.4128e+00
108 0 +1.752570137e-01 +1.752570137e-01 +7.815257014e+00 +7.815257014e+00 +3.2112e+00 +2.9256e+00 +2.6871e+00
151 0 +9.629156387e-02 +9.629156387e-02 +7.736291564e+00 +7.736291564e+00 +3.4676e+00 +2.8562e+00 +2.4045e+00
157 0 +5.759343886e-02 +5.759343886e-02 +7.697593439e+00 +7.697593439e+00 +3.4858e+00 +2.6925e+00 +2.4067e+00
159 0 +2.928363668e-02 +2.928363668e-02 +7.669283637e+00 +7.669283637e+00 +3.4808e+00 +2.6938e+00 +2.8539e+00
209 0 +2.288904111e-02 +2.288904111e-02 +7.662889041e+00 +7.662889041e+00 +3.4830e+00 +2.6936e+00 +2.7984e+00
210 0 +6.452599526e-03 +6.452599526e-03 +7.646452600e+00 +7.646452600e+00 +3.4789e+00 +2.6722e+00 +2.7276e+00
247 0 +6.064153109e-03 +6.064153109e-03 +7.646064153e+00 +7.646064153e+00 +3.4808e+00 +2.6647e+00 +2.7575e+00
259 0 +3.215947274e-03 +3.215947274e-03 +7.643215947e+00 +7.643215947e+00 +3.4822e+00 +2.6710e+00 +2.7531e+00
334 0 +2.957044541e-03 +2.957044541e-03 +7.642957045e+00 +7.642957045e+00 +3.4845e+00 +2.6733e+00 +2.7367e+00
347 0 +2.843519480e-03 +2.843519480e-03 +7.642843519e+00 +7.642843519e+00 +3.4882e+00 +2.6675e+00 +2.7543e+00
363 0 +2.377335116e-03 +2.377335116e-03 +7.642377335e+00 +7.642377335e+00 +3.4876e+00 +2.6623e+00 +2.7715e+00
367 0 +1.816325407e-03 +1.816325407e-03 +7.641816325e+00 +7.641816325e+00 +3.4926e+00 +2.6561e+00 +2.7748e+00
378 0 +7.384739256e-04 +7.384739256e-04 +7.640738474e+00 +7.640738474e+00 +3.5048e+00 +2.6447e+00 +2.7777e+00
418 0 +7.071600057e-04 +7.071600057e-04 +7.640707160e+00 +7.640707160e+00 +3.5044e+00 +2.6443e+00 +2.7768e+00
427 0 +5.519520722e-04 +5.519520722e-04 +7.640551952e+00 +7.640551952e+00 +3.5060e+00 +2.6436e+00 +2.7755e+00
478 0 +5.316915820e-04 +5.316915820e-04 +7.640531692e+00 +7.640531692e+00 +3.5060e+00 +2.6438e+00 +2.7734e+00
496 0 +5.215387450e-04 +5.215387450e-04 +7.640521539e+00 +7.640521539e+00 +3.5064e+00 +2.6436e+00 +2.7730e+00
499 0 +5.033477436e-04 +5.033477436e-04 +7.640503348e+00 +7.640503348e+00 +3.5064e+00 +2.6433e+00 +2.7734e+00
531 0 +4.928209983e-04 +4.928209983e-04 +7.640492821e+00 +7.640492821e+00 +3.5067e+00 +2.6432e+00 +2.7730e+00
574 0 +4.846623100e-04 +4.846623100e-04 +7.640484662e+00 +7.640484662e+00 +3.5067e+00 +2.6432e+00 +2.7729e+00
941 0 +4.786197696e-04 +4.786197696e-04 +7.640478620e+00 +7.640478620e+00 +3.5068e+00 +2.6431e+00 +2.7729e+00
% f evaluations | g evaluations | best noise-free fitness - Fopt | noise-free fitness - Fopt (-1.276800000000e+02) | measured fitness | best measured fitness | x1 | x2...
1 0 +1.273188013e+02 +1.273188013e+02 -3.611987471e-01 -3.611987471e-01 +2.4157e+00 -3.7423e+00 -2.3066e-03
2 0 +2.516241004e+01 +2.516241004e+01 -1.025175900e+02 -1.025175900e+02 +1.8751e+00 -2.6180e+00 +2.4873e+00
3 0 +3.473673375e+00 +3.473673375e+00 -1.242063266e+02 -1.242063266e+02 +3.1457e+00 +6.9943e-01 +3.8738e+00
12 0 +3.451107923e+00 +3.451107923e+00 -1.242288921e+02 -1.242288921e+02 +7.2265e-01 +3.2792e+00 +3.4728e+00
33 0 +2.751376756e+00 +2.751376756e+00 -1.249286232e+02 -1.249286232e+02 +1.6760e+00 +4.3958e+00 +4.1955e+00
52 0 +1.753373862e+00 +1.753373862e+00 -1.259266261e+02 -1.259266261e+02 +1.7610e+00 +3.2044e+00 +3.8823e+00
57 0 +6.071241976e-01 +6.071241976e-01 -1.270728758e+02 -1.270728758e+02 +2.1592e+00 +4.5216e+00 +2.8342e+00
93 0 +1.831292089e-01 +1.831292089e-01 -1.274968708e+02 -1.274968708e+02 +2.2965e+00 +3.9633e+00 +3.1082e+00
106 0 +8.539410967e-02 +8.539410967e-02 -1.275946059e+02 -1.275946059e+02 +2.2849e+00 +3.8262e+00 +2.8476e+00
156 0 +3.533267682e-02 +3.533267682e-02 -1.276446673e+02 -1.276446673e+02 +2.3377e+00 +3.9311e+00 +2.8118e+00
188 0 +9.064576061e-03 +9.064576061e-03 -1.276709354e+02 -1.276709354e+02 +2.2814e+00 +3.7555e+00 +2.3752e+00
291 0 +8.327944115e-03 +8.327944115e-03 -1.276716721e+02 -1.276716721e+02 +2.2799e+00 +3.7598e+00 +2.3759e+00
295 0 +8.097808517e-03 +8.097808517e-03 -1.276719022e+02 -1.276719022e+02 +2.2815e+00 +3.7606e+00 +2.3797e+00
316 0 +7.843262272e-03 +7.843262272e-03 -1.276721567e+02 -1.276721567e+02 +2.2816e+00 +3.7603e+00 +2.3830e+00
319 0 +7.113056102e-03 +7.113056102e-03 -1.276728869e+02 -1.276728869e+02 +2.2803e+00 +3.7618e+00 +2.3886e+00
322 0 +6.834970101e-03 +6.834970101e-03 -1.276731650e+02 -1.276731650e+02 +2.2815e+00 +3.7658e+00 +2.3935e+00
331 0 +4.856086106e-03 +4.856086106e-03 -1.276751439e+02 -1.276751439e+02 +2.2466e+00 +3.7616e+00 +2.4071e+00
363 0 +3.890278419e-03 +3.890278419e-03 -1.276761097e+02 -1.276761097e+02 +2.2649e+00 +3.7640e+00 +2.4064e+00
373 0 +2.911741890e-03 +2.911741890e-03 -1.276770883e+02 -1.276770883e+02 +2.2532e+00 +3.7621e+00 +2.4112e+00
388 0 +2.593799817e-03 +2.593799817e-03 -1.276774062e+02 -1.276774062e+02 +2.2249e+00 +3.7486e+00 +2.4120e+00
402 0 +2.297964977e-03 +2.297964977e-03 -1.276777020e+02 -1.276777020e+02 +2.2506e+00 +3.7599e+00 +2.4147e+00
412 0 +1.907258820e-03 +1.907258820e-03 -1.276780927e+02 -1.276780927e+02 +2.2488e+00 +3.7616e+00 +2.4225e+00
416 0 +1.767591544e-03 +1.767591544e-03 -1.276782324e+02 -1.276782324e+02 +2.2480e+00 +3.7614e+00 +2.4200e+00
419 0 +9.517493648e-04 +9.517493648e-04 -1.276790483e+02 -1.276790483e+02 +2.2368e+00 +3.7616e+00 +2.4338e+00
501 0 +9.261409102e-04 +9.261409102e-04 -1.276790739e+02 -1.276790739e+02 +2.2327e+00 +3.7615e+00 +2.4353e+00
522 0 +8.703112993e-04 +8.703112993e-04 -1.276791297e+02 -1.276791297e+02 +2.2330e+00 +3.7615e+00 +2.4355e+00
523 0 +8.351900697e-04 +8.351900697e-04 -1.276791648e+02 -1.276791648e+02 +2.2336e+00 +3.7614e+00 +2.4362e+00
527 0 +8.292780983e-04 +8.292780983e-04 -1.276791707e+02 -1.276791707e+02 +2.2341e+00 +3.7615e+00 +2.4360e+00
556 0 +7.487726466e-04 +7.487726466e-04 -1.276792512e+02 -1.276792512e+02 +2.2250e+00 +3.7617e+00 +2.4474e+00
571 0 +6.534554379e-04 +6.534554379e-04 -1.276793465e+02 -1.276793465e+02 +2.2248e+00 +3.7618e+00 +2.4470e+00
624 0 +6.450282890e-04 +6.450282890e-04 -1.276793550e+02 -1.276793550e+02 +2.2234e+00 +3.7617e+00 +2.4478e+00
652 0 +6.282000192e-04 +6.282000192e-04 -1.276793718e+02 -1.276793718e+02 +2.2206e+00 +3.7617e+00 +2.4513e+00
689 0 +6.087659389e-04 +6.087659389e-04 -1.276793912e+02 -1.276793912e+02 +2.2189e+00 +3.7617e+00 +2.4531e+00
% f evaluations | g evaluations | best noise-free fitness - Fopt | noise-free fitness - Fopt (-3.650000000000e+01) | measured fitness | best measured fitness | x1 | x2...
1 0 +4.536248227e+01 +4.536248227e+01 +8.862482265e+00 +8.862482265e+00 +1.2270e+00 -2.0199e+00 +5.2436e-01
3 0 +3.311012948e+01 +3.311012948e+01 -3.389870521e+00 -3.389870521e+00 -3.1895e+00 +3.0704e+00 +1.1220e+00
8 0 +1.398887457e+00 +1.398887457e+00 -3.510111254e+01 -3.510111254e+01 +3.5596e+00 +1.0411e+00 +3.2138e+00
52 0 +9.106836500e-01 +9.106836500e-01 -3.558931635e+01 -3.558931635e+01 +2.5630e+00 +1.1144e+00 +3.6859e+00
62 0 +8.794660394e-01 +8.794660394e-01 -3.562053396e+01 -3.562053396e+01 +1.6047e+00 -4.7854e-01 +3.2101e+00
65 0 +3.254771644e-02 +3.254771644e-02 -3.646745228e+01 -3.646745228e+01 +2.1675e+00 +5.4937e-01 +3.1532e+00
104 0 +2.810904975e-02 +2.810904975e-02 -3.647189095e+01 -3.647189095e+01 +2.1658e+00 +4.6255e-01 +3.1150e+00
165 0 +2.286173119e-02 +2.286173119e-02 -3.647713827e+01 -3.647713827e+01 +2.1431e+00 +4.9164e-01 +3.0943e+00
167 0 +2.166972640e-02 +2.166972640e-02 -3.647833027e+01 -3.647833027e+01 +2.1892e+00 +4.1836e-01 +3.0842e+00
170 0 +1.952137048e-02 +1.952137048e-02 -3.648047863e+01 -3.648047863e+01 +2.1664e+00 +4.5254e-01 +3.0488e+00
183 0 +6.695131058e-03 +6.695131058e-03 -3.649330487e+01 -3.649330487e+01 +2.1598e+00 +4.9719e-01 +3.0808e+00
220 0 +2.575039912e-03 +2.575039912e-03 -3.649742496e+01 -3.649742496e+01 +2.1532e+00 +5.6862e-01 +3.0937e+00
290 0 +2.492446439e-03 +2.492446439e-03 -3.649750755e+01 -3.649750755e+01 +2.1503e+00 +5.8377e-01 +3.0935e+00
324 0 +2.378227125e-03 +2.378227125e-03 -3.649762177e+01 -3.649762177e+01 +2.1502e+00 +5.8267e-01 +3.0935e+00
339 0 +2.118863927e-03 +2.118863927e-03 -3.649788114e+01 -3.649788114e+01 +2.1465e+00 +5.8418e-01 +3.0911e+00
366 0 +1.902632044e-03 +1.902632044e-03 -3.649809737e+01 -3.649809737e+01 +2.1424e+00 +5.8433e-01 +3.0867e+00
422 0 +1.821413090e-03 +1.821413090e-03 -3.649817859e+01 -3.649817859e+01 +2.1424e+00 +5.8451e-01 +3.0862e+00
428 0 +1.803673916e-03 +1.803673916e-03 -3.649819633e+01 -3.649819633e+01 +2.1423e+00 +5.8444e-01 +3.0856e+00
435 0 +1.777724316e-03 +1.777724316e-03 -3.649822228e+01 -3.649822228e+01 +2.1416e+00 +5.8440e-01 +3.0853e+00
502 0 +1.706168123e-03 +1.706168123e-03 -3.649829383e+01 -3.649829383e+01 +2.1403e+00 +5.8471e-01 +3.0837e+00
522 0 +1.678052157e-03 +1.678052157e-03 -3.649832195e+01 -3.649832195e+01 +2.1389e+00 +5.8464e-01 +3.0825e+00
579 0 +1.658669096e-03 +1.658669096e-03 -3.649834133e+01 -3.649834133e+01 +2.1395e+00 +5.8471e-01 +3.0825e+00
% f evaluations | g evaluations | best noise-free fitness - Fopt | noise-free fitness - Fopt (1.728700000000e+02) | measured fitness | best measured fitness | x1 | x2...
1 0 +1.679132599e+01 +1.679132599e+01 +1.896613260e+02 +1.896613260e+02 +1.5597e+00 +3.8457e+00 +2.4091e+00
4 0 +1.302016245e+01 +1.302016245e+01 +1.858901624e+02 +1.858901624e+02 -1.6623e+00 -4.1788e+00 -4.8963e+00
5 0 +5.344565529e+00 +5.344565529e+00 +1.782145655e+02 +1.782145655e+02 +3.8533e+00 -3.7215e+00 -2.1089e+00
44 0 +8.020596521e-01 +8.020596521e-01 +1.736720597e+02 +1.736720597e+02 +3.4285e+00 -5.2414e-01 +2.7460e+00
51 0 +7.599982739e-01 +7.599982739e-01 +1.736299983e+02 +1.736299983e+02 +3.0943e+00 -1.0933e+00 +3.0327e+00
67 0 +6.624842596e-01 +6.624842596e-01 +1.735324843e+02 +1.735324843e+02 +3.3072e+00 -3.3270e-01 +1.2546e+00
71 0 +9.397714509e-02 +9.397714509e-02 +1.729639771e+02 +1.729639771e+02 +2.9577e+00 -5.7934e-01 +2.0281e+00
115 0 +5.980920627e-02 +5.980920627e-02 +1.729298092e+02 +1.729298092e+02 +2.9749e+00 -5.4940e-01 +1.9044e+00
125 0 +5.682384848e-02 +5.682384848e-02 +1.729268238e+02 +1.729268238e+02 +2.9754e+00 -6.4023e-01 +1.9051e+00
131 0 +5.306389812e-02 +5.306389812e-02 +1.729230639e+02 +1.729230639e+02 +2.9432e+00 -5.9061e-01 +1.9609e+00
143 0 +3.231705867e-02 +3.231705867e-02 +1.729023171e+02 +1.729023171e+02 +3.0036e+00 -6.2908e-01 +1.9264e+00
151 0 +2.175755708e-02 +2.175755708e-02 +1.728917576e+02 +1.728917576e+02 +2.9002e+00 -7.5275e-01 +2.0266e+00
155 0 +9.164329858e-03 +9.164329858e-03 +1.728791643e+02 +1.728791643e+02 +2.9829e+00 -7.3297e-01 +2.0242e+00
174 0 +2.431523559e-03 +2.431523559e-03 +1.728724315e+02 +1.728724315e+02 +3.0519e+00 -7.9473e-01 +2.0426e+00
220 0 +1.689982146e-03 +1.689982146e-03 +1.728716900e+02 +1.728716900e+02 +3.0370e+00 -7.9799e-01 +2.0429e+00
223 0 +1.021001509e-04 +1.021001509e-04 +1.728701021e+02 +1.728701021e+02 +3.0379e+00 -7.9553e-01 +2.0430e+00
272 0 +3.775342159e-05 +3.775342159e-05 +1.728700378e+02 +1.728700378e+02 +3.0374e+00 -7.9528e-01 +2.0431e+00
327 0 +3.099964974e-05 +3.099964974e-05 +1.728700310e+02 +1.728700310e+02 +3.0375e+00 -7.9534e-01 +2.0431e+00
351 0 +2.310869516e-05 +2.310869516e-05 +1.728700231e+02 +1.728700231e+02 +3.0360e+00 -7.9523e-01 +2.0434e+00
379 0 +2.088674501e-05 +2.088674501e-05 +1.728700209e+02 +1.728700209e+02 +3.0359e+00 -7.9531e-01 +2.0434e+00
482 0 +1.913878748e-05 +1.913878748e-05 +1.728700191e+02 +1.728700191e+02 +3.0359e+00 -7.9507e-01 +2.0433e+00
522 0 +1.867458144e-05 +1.867458144e-05 +1.728700187e+02 +1.728700187e+02 +3.0359e+00 -7.9501e-01 +2.0433e+00
531 0 +1.715921906e-05 +1.715921906e-05 +1.728700172e+02 +1.728700172e+02 +3.0357e+00 -7.9494e-01 +2.0433e+00
574 0 +1.659637121e-05 +1.659637121e-05 +1.728700166e+02 +1.728700166e+02 +3.0357e+00 -7.9491e-01 +2.0433e+00
603 0 +1.586736028e-05 +1.586736028e-05 +1.728700159e+02 +1.728700159e+02 +3.0356e+00 -7.9490e-01 +2.0433e+00
629 0 +1.578158722e-05 +1.578158722e-05 +1.728700158e+02 +1.728700158e+02 +3.0356e+00 -7.9489e-01 +2.0433e+00
907 0 +1.548743140e-05 +1.548743140e-05 +1.728700155e+02 +1.728700155e+02 +3.0355e+00 -7.9490e-01 +2.0433e+00
% f evaluations | g evaluations | best noise-free fitness - Fopt | noise-free fitness - Fopt (1.577200000000e+02) | measured fitness | best measured fitness | x1 | x2...
1 0 +5.352797994e+01 +5.352797994e+01 +2.112479799e+02 +2.112479799e+02 -4.8753e-01 +2.8104e+00 -3.3659e-01
2 0 +2.974290982e+01 +2.974290982e+01 +1.874629098e+02 +1.874629098e+02 -2.9378e-01 +2.4649e+00 +1.8819e+00
3 0 +1.071491460e+01 +1.071491460e+01 +1.684349146e+02 +1.684349146e+02 -4.5987e+00 -2.7305e+00 -6.0513e-02
5 0 +9.023838532e+00 +9.023838532e+00 +1.667438385e+02 +1.667438385e+02 +1.7829e+00 +1.2332e+00 +2.7127e+00
15 0 +1.250429951e+00 +1.250429951e+00 +1.589704300e+02 +1.589704300e+02 -2.6337e+00 -2.7250e+00 +4.0475e+00
51 0 +4.072416692e-01 +4.072416692e-01 +1.581272417e+02 +1.581272417e+02 -2.4995e+00 -1.6924e+00 +4.2446e+00
67 0 +3.333644435e-01 +3.333644435e-01 +1.580533644e+02 +1.580533644e+02 -2.5486e+00 -2.1697e+00 +4.3506e+00
68 0 +2.750326681e-01 +2.750326681e-01 +1.579950327e+02 +1.579950327e+02 -2.6604e+00 -1.3194e+00 +3.8116e+00
117 0 +1.271902291e-01 +1.271902291e-01 +1.578471902e+02 +1.578471902e+02 -2.6635e+00 -2.1271e+00 +3.7959e+00
137 0 +5.606490806e-02 +5.606490806e-02 +1.577760649e+02 +1.577760649e+02 -2.8540e+00 -1.4369e+00 +3.7763e+00
157 0 +5.081592275e-02 +5.081592275e-02 +1.577708159e+02 +1.577708159e+02 -2.9334e+00 -1.6874e+00 +4.1522e+00
169 0 +3.498481769e-02 +3.498481769e-02 +1.577549848e+02 +1.577549848e+02 -2.7921e+00 -1.7701e+00 +3.7820e+00
172 0 +2.796169409e-02 +2.796169409e-02 +1.577479617e+02 +1.577479617e+02 -2.8883e+00 -1.4527e+00 +3.7842e+00
187 0 +7.856323288e-03 +7.856323288e-03 +1.577278563e+02 +1.577278563e+02 -2.8670e+00 -1.5997e+00 +3.8803e+00
226 0 +2.982404923e-03 +2.982404923e-03 +1.577229824e+02 +1.577229824e+02 -2.8837e+00 -1.6575e+00 +3.9817e+00
282 0 +1.364480706e-03 +1.364480706e-03 +1.577213645e+02 +1.577213645e+02 -2.8778e+00 -1.6673e+00 +3.9717e+00
307 0 +1.343663804e-03 +1.343663804e-03 +1.577213437e+02 +1.577213437e+02 -2.8887e+00 -1.6420e+00 +3.9689e+00
336 0 +1.242735928e-03 +1.242735928e-03 +1.577212427e+02 +1.577212427e+02 -2.8876e+00 -1.6384e+00 +3.9654e+00
340 0 +1.118489757e-03 +1.118489757e-03 +1.577211185e+02 +1.577211185e+02 -2.8813e+00 -1.6551e+00 +3.9626e+00
347 0 +1.062037241e-03 +1.062037241e-03 +1.577210620e+02 +1.577210620e+02 -2.8870e+00 -1.6427e+00 +3.9651e+00
360 0 +7.039379680e-04 +7.039379680e-04 +1.577207039e+02 +1.577207039e+02 -2.8849e+00 -1.6389e+00 +3.9540e+00
365 0 +4.783191828e-04 +4.783191828e-04 +1.577204783e+02 +1.577204783e+02 -2.8842e+00 -1.6388e+00 +3.9545e+00
374 0 +4.573516207e-04 +4.573516207e-04 +1.577204574e+02 +1.577204574e+02 -2.8886e+00 -1.6281e+00 +3.9536e+00
430 0 +4.408520069e-04 +4.408520069e-04 +1.577204409e+02 +1.577204409e+02 -2.8887e+00 -1.6269e+00 +3.9528e+00
432 0 +3.733310180e-04 +3.733310180e-04 +1.577203733e+02 +1.577203733e+02 -2.8877e+00 -1.6295e+00 +3.9524e+00
513 0 +3.495184678e-04 +3.495184678e-04 +1.577203495e+02 +1.577203495e+02 -2.8872e+00 -1.6296e+00 +3.9507e+00
522 0 +3.038707312e-04 +3.038707312e-04 +1.577203039e+02 +1.577203039e+02 -2.8874e+00 -1.6285e+00 +3.9503e+00
558 0 +2.852907766e-04 +2.852907766e-04 +1.577202853e+02 +1.577202853e+02 -2.8870e+00 -1.6291e+00 +3.9499e+00
584 0 +2.808146850e-04 +2.808146850e-04 +1.577202808e+02 +1.577202808e+02 -2.8869e+00 -1.6294e+00 +3.9499e+00
594 0 +2.649136115e-04 +2.649136115e-04 +1.577202649e+02 +1.577202649e+02 -2.8867e+00 -1.6292e+00 +3.9494e+00
630 0 +2.628610424e-04 +2.628610424e-04 +1.577202629e+02 +1.577202629e+02 -2.8867e+00 -1.6293e+00 +3.9492e+00
752 0 +2.556270244e-04 +2.556270244e-04 +1.577202556e+02 +1.577202556e+02 -2.8867e+00 -1.6292e+00 +3.9491e+00
941 0 +2.511646510e-04 +2.511646510e-04 +1.577202512e+02 +1.577202512e+02 -2.8866e+00 -1.6292e+00 +3.9489e+00
% f evaluations | g evaluations | best noise-free fitness - Fopt | noise-free fitness - Fopt (2.819000000000e+01) | measured fitness | best measured fitness | x1 | x2...
1 0 +8.716901029e+01 +8.716901029e+01 +1.153590103e+02 +1.153590103e+02 +3.4604e-01 -4.0078e+00 +3.1640e+00
2 0 +2.525045524e+01 +2.525045524e+01 +5.344045524e+01 +5.344045524e+01 +4.2436e+00 +1.4235e+00 -7.6594e-01
5 0 +8.012787758e+00 +8.012787758e+00 +3.620278776e+01 +3.620278776e+01 -7.9169e-01 +1.9896e+00 +3.4770e+00
13 0 +7.433579403e+00 +7.433579403e+00 +3.562357940e+01 +3.562357940e+01 -5.0825e-01 +1.7320e+00 +5.6927e-01
16 0 +5.966568081e+00 +5.966568081e+00 +3.415656808e+01 +3.415656808e+01 +3.5944e+00 -4.4082e+00 -2.2761e-01
34 0 +5.325450850e+00 +5.325450850e+00 +3.351545085e+01 +3.351545085e+01 +2.4981e+00 +3.9450e+00 +2.9606e+00
35 0 +3.996069833e+00 +3.996069833e+00 +3.218606983e+01 +3.218606983e+01 +1.5724e+00 +8.2565e-01 +3.2821e+00
46 0 +3.010189427e+00 +3.010189427e+00 +3.120018943e+01 +3.120018943e+01 +1.1939e+00 -1.2691e+00 -1.9635e+00
53 0 +1.090435347e+00 +1.090435347e+00 +2.928043535e+01 +2.928043535e+01 +2.0647e+00 -1.6982e+00 -1.0197e-01
74 0 +9.352688199e-01 +9.352688199e-01 +2.912526882e+01 +2.912526882e+01 +1.2434e+00 -4.0606e-01 -5.3770e-01
103 0 +7.567559989e-01 +7.567559989e-01 +2.894675600e+01 +2.894675600e+01 +1.3647e+00 -7.3242e-01 -4.9239e-01
106 0 +7.392015387e-01 +7.392015387e-01 +2.892920154e+01 +2.892920154e+01 +1.0584e+00 -3.8824e-01 +3.2177e-01
109 0 +6.113361761e-01 +6.113361761e-01 +2.880133618e+01 +2.880133618e+01 +1.2333e+00 -2.9415e-01 +6.2690e-02
123 0 +4.633509889e-01 +4.633509889e-01 +2.865335099e+01 +2.865335099e+01 +1.4976e+00 -2.6782e-01 -2.6197e-01
125 0 +2.453846902e-01 +2.453846902e-01 +2.843538469e+01 +2.843538469e+01 +2.3916e+00 -4.0380e-01 +1.3730e-01
142 0 +2.222837684e-01 +2.222837684e-01 +2.841228377e+01 +2.841228377e+01 +1.3000e+00 -7.8121e-01 +5.7822e-01
157 0 +9.913956907e-02 +9.913956907e-02 +2.828913957e+01 +2.828913957e+01 +1.6452e+00 -7.8103e-01 +3.3398e-01
165 0 +8.833913573e-02 +8.833913573e-02 +2.827833914e+01 +2.827833914e+01 +2.0943e+00 -8.0572e-01 +5.7372e-01
183 0 +2.565851530e-02 +2.565851530e-02 +2.821565852e+01 +2.821565852e+01 +1.7109e+00 -8.4387e-01 +6.0063e-01
209 0 +2.185752409e-02 +2.185752409e-02 +2.821185752e+01 +2.821185752e+01 +1.7369e+00 -8.1885e-01 +5.6914e-01
248 0 +9.087824643e-03 +9.087824643e-03 +2.819908782e+01 +2.819908782e+01 +1.8666e+00 -8.4163e-01 +5.7064e-01
267 0 +8.192627320e-03 +8.192627320e-03 +2.819819263e+01 +2.819819263e+01 +1.8511e+00 -8.4148e-01 +5.6199e-01
312 0 +7.830186830e-03 +7.830186830e-03 +2.819783019e+01 +2.819783019e+01 +1.8451e+00 -8.4112e-01 +5.6212e-01
313 0 +7.649171363e-03 +7.649171363e-03 +2.819764917e+01 +2.819764917e+01 +1.8417e+00 -8.4245e-01 +5.6805e-01
314 0 +7.295591742e-03 +7.295591742e-03 +2.819729559e+01 +2.819729559e+01 +1.8051e+00 -8.3332e-01 +5.6002e-01
337 0 +5.053659845e-03 +5.053659845e-03 +2.819505366e+01 +2.819505366e+01 +1.8514e+00 -8.0634e-01 +5.2717e-01
363 0 +3.807041698e-03 +3.807041698e-03 +2.819380704e+01 +2.819380704e+01 +1.8513e+00 -8.1170e-01 +5.2542e-01
367 0 +3.748634606e-03 +3.748634606e-03 +2.819374863e+01 +2.819374863e+01 +1.8518e+00 -8.1148e-01 +5.2545e-01
427 0 +2.956945569e-03 +2.956945569e-03 +2.819295695e+01 +2.819295695e+01 +1.8521e+00 -8.0364e-01 +5.1826e-01
481 0 +2.896758205e-03 +2.896758205e-03 +2.819289676e+01 +2.819289676e+01 +1.8523e+00 -8.0427e-01 +5.1770e-01
488 0 +2.797344538e-03 +2.797344538e-03 +2.819279734e+01 +2.819279734e+01 +1.8523e+00 -7.9726e-01 +5.1099e-01
496 0 +2.490800759e-03 +2.490800759e-03 +2.819249080e+01 +2.819249080e+01 +1.8511e+00 -7.9986e-01 +5.1246e-01
505 0 +2.184363850e-03 +2.184363850e-03 +2.819218436e+01 +2.819218436e+01 +1.8452e+00 -7.9868e-01 +5.0959e-01
545 0 +2.062383562e-03 +2.062383562e-03 +2.819206238e+01 +2.819206238e+01 +1.8445e+00 -7.9650e-01 +5.0829e-01
571 0 +1.874855437e-03 +1.874855437e-03 +2.819187486e+01 +2.819187486e+01 +1.8415e+00 -7.9601e-01 +5.0652e-01
624 0 +1.844280265e-03 +1.844280265e-03 +2.819184428e+01 +2.819184428e+01 +1.8412e+00 -7.9567e-01 +5.0617e-01
677 0 +1.815029588e-03 +1.815029588e-03 +2.819181503e+01 +2.819181503e+01 +1.8408e+00 -7.9532e-01 +5.0579e-01
779 0 +1.777225581e-03 +1.777225581e-03 +2.819177723e+01 +2.819177723e+01 +1.8408e+00 -7.9482e-01 +5.0495e-01
1040 0 +1.737628798e-03 +1.737628798e-03 +2.819173763e+01 +2.819173763e+01 +1.8407e+00 -7.9429e-01 +5.0433e-01
% f evaluations | g evaluations | best noise-free fitness - Fopt | noise-free fitness - Fopt (-9.925000000000e+01) | measured fitness | best measured fitness | x1 | x2...
1 0 +1.338214173e+01 +1.338214173e+01 -8.586785827e+01 -8.586785827e+01 -3.4572e+00 -2.0520e+00 +7.5500e-01
3 0 +1.267591750e+01 +1.267591750e+01 -8.657408250e+01 -8.657408250e+01 -4.8545e+00 -2.4440e+00 -5.6602e-01
5 0 +7.038196577e+00 +7.038196577e+00 -9.221180342e+01 -9.221180342e+01 -1.5668e+00 -4.6849e+00 -3.9901e+00
14 0 +2.477653166e+00 +2.477653166e+00 -9.677234683e+01 -9.677234683e+01 +1.4046e+00 -2.6855e+00 -1.3276e+00
28 0 +2.108196655e+00 +2.108196655e+00 -9.714180335e+01 -9.714180335e+01 +3.5365e+00 -2.5025e+00 +1.9283e+00
51 0 +1.421684199e+00 +1.421684199e+00 -9.782831580e+01 -9.782831580e+01 +2.8190e+00 -2.5737e+00 +1.4955e+00
63 0 +6.174075630e-01 +6.174075630e-01 -9.863259244e+01 -9.863259244e+01 +1.7112e+00 -3.5098e+00 +1.3462e+00
69 0 +5.823533854e-01 +5.823533854e-01 -9.866764661e+01 -9.866764661e+01 +1.6991e+00 -3.0730e+00 +7.4296e-01
103 0 +6.786589242e-02 +6.786589242e-02 -9.918213411e+01 -9.918213411e+01 +2.2356e+00 -3.2657e+00 +6.2778e-01
191 0 +3.634796328e-02 +3.634796328e-02 -9.921365204e+01 -9.921365204e+01 +2.2849e+00 -3.2616e+00 +5.3061e-01
226 0 +2.766010958e-02 +2.766010958e-02 -9.922233989e+01 -9.922233989e+01 +2.3124e+00 -3.2675e+00 +4.9533e-01
227 0 +2.742692134e-02 +2.742692134e-02 -9.922257308e+01 -9.922257308e+01 +2.3024e+00 -3.2808e+00 +4.9964e-01
248 0 +1.907702229e-02 +1.907702229e-02 -9.923092298e+01 -9.923092298e+01 +2.2736e+00 -3.4312e+00 +5.6674e-01
268 0 +1.668680632e-02 +1.668680632e-02 -9.923331319e+01 -9.923331319e+01 +2.2735e+00 -3.4610e+00 +5.6110e-01
270 0 +3.675002979e-03 +3.675002979e-03 -9.924632500e+01 -9.924632500e+01 +2.2774e+00 -3.4940e+00 +5.3086e-01
319 0 +3.897336450e-04 +3.897336450e-04 -9.924961027e+01 -9.924961027e+01 +2.2794e+00 -3.4990e+00 +5.2192e-01
370 0 +3.490161949e-04 +3.490161949e-04 -9.924965098e+01 -9.924965098e+01 +2.2797e+00 -3.5017e+00 +5.2116e-01
403 0 +2.619528346e-04 +2.619528346e-04 -9.924973805e+01 -9.924973805e+01 +2.2787e+00 -3.5101e+00 +5.2136e-01
417 0 +2.053391002e-04 +2.053391002e-04 -9.924979466e+01 -9.924979466e+01 +2.2787e+00 -3.5065e+00 +5.2139e-01
426 0 +1.225189669e-04 +1.225189669e-04 -9.924987748e+01 -9.924987748e+01 +2.2786e+00 -3.5171e+00 +5.1994e-01
434 0 +1.170412297e-04 +1.170412297e-04 -9.924988296e+01 -9.924988296e+01 +2.2788e+00 -3.5116e+00 +5.2073e-01
469 0 +1.065698227e-04 +1.065698227e-04 -9.924989343e+01 -9.924989343e+01 +2.2788e+00 -3.5130e+00 +5.2046e-01
527 0 +1.028994654e-04 +1.028994654e-04 -9.924989710e+01 -9.924989710e+01 +2.2785e+00 -3.5131e+00 +5.2086e-01
535 0 +1.020813453e-04 +1.020813453e-04 -9.924989792e+01 -9.924989792e+01 +2.2785e+00 -3.5129e+00 +5.2086e-01
549 0 +9.693767863e-05 +9.693767863e-05 -9.924990306e+01 -9.924990306e+01 +2.2786e+00 -3.5133e+00 +5.2076e-01
574 0 +9.506201748e-05 +9.506201748e-05 -9.924990494e+01 -9.924990494e+01 +2.2785e+00 -3.5135e+00 +5.2076e-01
648 0 +9.183674342e-05 +9.183674342e-05 -9.924990816e+01 -9.924990816e+01 +2.2785e+00 -3.5138e+00 +5.2072e-01
691 0 +9.109315724e-05 +9.109315724e-05 -9.924990891e+01 -9.924990891e+01 +2.2785e+00 -3.5139e+00 +5.2071e-01
779 0 +8.889667086e-05 +8.889667086e-05 -9.924991110e+01 -9.924991110e+01 +2.2785e+00 -3.5141e+00 +5.2068e-01
1091 0 +8.707209342e-05 +8.707209342e-05 -9.924991293e+01 -9.924991293e+01 +2.2785e+00 -3.5143e+00 +5.2066e-01
