% f evaluations | g evaluations | best noise-free fitness - Fopt | noise-free fitness - Fopt (-5.235000000000e+01) | measured fitness | best measured fitness | x1 | x2...
1 0 +2.476219885e+01 +2.476219885e+01 -2.758780115e+01 -2.758780115e+01 -2.7815e+00 +1.2567e+00
2 0 +1.021019739e+01 +1.021019739e+01 -4.213980261e+01 -4.213980261e+01 +1.6263e+00 -2.8012e+00
5 0 +2.863963489e+00 +2.863963489e+00 -4.948603651e+01 -4.948603651e+01 -1.5369e+00 -2.8601e+00
20 0 +7.794431373e-01 +7.794431373e-01 -5.157055686e+01 -5.157055686e+01 -7.5407e-01 -2.9716e-01
51 0 +5.563454591e-01 +5.563454591e-01 -5.179365454e+01 -5.179365454e+01 -1.4661e+00 -1.1790e+00
60 0 +5.447301445e-01 +5.447301445e-01 -5.180526986e+01 -5.180526986e+01 -5.9447e-01 -4.8932e-01
71 0 +5.657392137e-02 +5.657392137e-02 -5.229342608e+01 -5.229342608e+01 -8.6948e-01 -1.0397e+00
82 0 +5.162065246e-02 +5.162065246e-02 -5.229837935e+01 -5.229837935e+01 -9.3710e-01 -8.9805e-01
103 0 +5.022959877e-02 +5.022959877e-02 -5.229977040e+01 -5.229977040e+01 -9.7663e-01 -8.9298e-01
105 0 +4.371218138e-02 +4.371218138e-02 -5.230628782e+01 -5.230628782e+01 -9.0641e-01 -9.7017e-01
111 0 +4.204764981e-02 +4.204764981e-02 -5.230795235e+01 -5.230795235e+01 -8.4411e-01 -1.4970e+00
130 0 +1.947979759e-02 +1.947979759e-02 -5.233052020e+01 -5.233052020e+01 -9.2320e-01 -1.0060e+00
156 0 +1.577933029e-02 +1.577933029e-02 -5.233422067e+01 -5.233422067e+01 -9.3986e-01 -1.0047e+00
168 0 +1.442189724e-02 +1.442189724e-02 -5.233557810e+01 -5.233557810e+01 -9.2835e-01 -1.0149e+00
204 0 +9.836201240e-03 +9.836201240e-03 -5.234016380e+01 -5.234016380e+01 -9.2464e-01 -1.0400e+00
218 0 +8.071153254e-03 +8.071153254e-03 -5.234192885e+01 -5.234192885e+01 -9.2507e-01 -1.0683e+00
238 0 +7.671398256e-03 +7.671398256e-03 -5.234232860e+01 -5.234232860e+01 -9.1893e-01 -1.0594e+00
255 0 +6.570950020e-03 +6.570950020e-03 -5.234342905e+01 -5.234342905e+01 -9.2189e-01 -1.0727e+00
265 0 +6.082360622e-03 +6.082360622e-03 -5.234391764e+01 -5.234391764e+01 -9.2053e-01 -1.0700e+00
270 0 +6.008402675e-03 +6.008402675e-03 -5.234399160e+01 -5.234399160e+01 -9.2032e-01 -1.0707e+00
288 0 +5.846801080e-03 +5.846801080e-03 -5.234415320e+01 -5.234415320e+01 -9.1430e-01 -1.1079e+00
312 0 +3.276564231e-03 +3.276564231e-03 -5.234672344e+01 -5.234672344e+01 -9.0879e-01 -1.1044e+00
316 0 +2.524590399e-03 +2.524590399e-03 -5.234747541e+01 -5.234747541e+01 -9.0762e-01 -1.1168e+00
367 0 +2.070619040e-03 +2.070619040e-03 -5.234792938e+01 -5.234792938e+01 -9.0424e-01 -1.1234e+00
417 0 +1.273361350e-03 +1.273361350e-03 -5.234872664e+01 -5.234872664e+01 -9.0036e-01 -1.1411e+00
473 0 +1.203346620e-03 +1.203346620e-03 -5.234879665e+01 -5.234879665e+01 -8.9951e-01 -1.1425e+00
513 0 +9.428370545e-04 +9.428370545e-04 -5.234905716e+01 -5.234905716e+01 -8.9747e-01 -1.1519e+00
543 0 +8.434460865e-04 +8.434460865e-04 -5.234915655e+01 -5.234915655e+01 -8.9672e-01 -1.1536e+00
579 0 +7.709081427e-04 +7.709081427e-04 -5.234922909e+01 -5.234922909e+01 -8.9575e-01 -1.1566e+00
623 0 +7.540673543e-04 +7.540673543e-04 -5.234924593e+01 -5.234924593e+01 -8.9582e-01 -1.1571e+00
667 0 +7.355095982e-04 +7.355095982e-04 -5.234926449e+01 -5.234926449e+01 -8.9535e-01 -1.1595e+00
679 0 +6.979483539e-04 +6.979483539e-04 -5.234930205e+01 -5.234930205e+01 -8.9518e-01 -1.1592e+00
686 0 +6.747993369e-04 +6.747993369e-04 -5.234932520e+01 -5.234932520e+01 -8.9491e-01 -1.1601e+00
707 0 +6.604169861e-04 +6.604169861e-04 -5.234933958e+01 -5.234933958e+01 -8.9477e-01 -1.1608e+00
793 0 +6.447997876e-04 +6.447997876e-04 -5.234935520e+01 -5.234935520e+01 -8.9460e-01 -1.1615e+00
1103 0 +6.308454759e-04 +6.308454759e-04 -5.234936915e+01 -5.234936915e+01 -8.9444e-01 -1.1621e+00
% f evaluations | g evaluations | best noise-free fitness - Fopt | noise-free fitness - Fopt (-1.795400000000e+02) | measured fitness | best measured fitness | x1 | x2...
1 0 +6.928382691e+01 +6.928382691e+01 -1.102561731e+02 -1.102561731e+02 +2.5317e+00 +4.2387e+00
2 0 +1.741418258e+01 +1.741418258e+01 -1.621258174e+02 -1.621258174e+02 +1.3408e+00 +3.1480e+00
3 0 +3.295735738e+00 +3.295735738e+00 -1.762442643e+02 -1.762442643e+02 -2.4593e+00 +1.3292e+00
6 0 +1.979197519e+00 +1.979197519e+00 -1.775608025e+02 -1.775608025e+02 -8.1223e-01 +1.7163e+00
7 0 +1.622849601e+00 +1.622849601e+00 -1.779171504e+02 -1.779171504e+02 +2.3742e+00 +3.7468e-02
24 0 +2.914156808e-01 +2.914156808e-01 -1.792485843e+02 -1.792485843e+02 +1.0240e+00 +3.2475e-01
32 0 +3.638589358e-02 +3.638589358e-02 -1.795036141e+02 -1.795036141e+02 +8.1784e-01 +4.8126e-01
123 0 +3.576052116e-02 +3.576052116e-02 -1.795042395e+02 -1.795042395e+02 +8.2884e-01 +5.0389e-01
140 0 +2.032706848e-02 +2.032706848e-02 -1.795196729e+02 -1.795196729e+02 +9.1499e-01 +7.1382e-01
199 0 +1.982653323e-02 +1.982653323e-02 -1.795201735e+02 -1.795201735e+02 +9.0686e-01 +6.9488e-01
210 0 +1.642966124e-02 +1.642966124e-02 -1.795235703e+02 -1.795235703e+02 +9.0683e-01 +7.0612e-01
213 0 +1.595805396e-02 +1.595805396e-02 -1.795240419e+02 -1.795240419e+02 +9.0619e-01 +7.0623e-01
226 0 +1.205137165e-02 +1.205137165e-02 -1.795279486e+02 -1.795279486e+02 +8.7221e-01 +6.8710e-01
247 0 +7.659155178e-03 +7.659155178e-03 -1.795323408e+02 -1.795323408e+02 +8.8363e-01 +6.8878e-01
262 0 +6.558057476e-03 +6.558057476e-03 -1.795334419e+02 -1.795334419e+02 +8.7920e-01 +6.7292e-01
313 0 +5.866087117e-03 +5.866087117e-03 -1.795341339e+02 -1.795341339e+02 +8.7695e-01 +6.7245e-01
373 0 +5.462775829e-03 +5.462775829e-03 -1.795345372e+02 -1.795345372e+02 +8.7493e-01 +6.6832e-01
444 0 +5.115985178e-03 +5.115985178e-03 -1.795348840e+02 -1.795348840e+02 +8.7169e-01 +6.6635e-01
468 0 +4.959760901e-03 +4.959760901e-03 -1.795350402e+02 -1.795350402e+02 +8.7119e-01 +6.6495e-01
481 0 +4.747323445e-03 +4.747323445e-03 -1.795352527e+02 -1.795352527e+02 +8.7059e-01 +6.6293e-01
525 0 +4.585103589e-03 +4.585103589e-03 -1.795354149e+02 -1.795354149e+02 +8.7019e-01 +6.6077e-01
568 0 +4.545883832e-03 +4.545883832e-03 -1.795354541e+02 -1.795354541e+02 +8.7002e-01 +6.6009e-01
623 0 +4.458814893e-03 +4.458814893e-03 -1.795355412e+02 -1.795355412e+02 +8.6925e-01 +6.5978e-01
645 0 +4.363502619e-03 +4.363502619e-03 -1.795356365e+02 -1.795356365e+02 +8.6873e-01 +6.5871e-01
730 0 +4.240318834e-03 +4.240318834e-03 -1.795357597e+02 -1.795357597e+02 +8.6796e-01 +6.5737e-01
901 0 +4.165389971e-03 +4.165389971e-03 -1.795358346e+02 -1.795358346e+02 +8.6779e-01 +6.5595e-01
9048 0 +4.073765200e-03 +4.073765200e-03 -1.795359262e+02 -1.795359262e+02 +8.6721e-01 +6.5508e-01
% f evaluations | g evaluations | best noise-free fitness - Fopt | noise-free fitness - Fopt (7.731000000000e+01) | measured fitness | best measured fitness | x1 | x2...
1 0 +4.508970757e+00 +4.508970757e+00 +8.181897076e+01 +8.181897076e+01 -3.6226e+00 -6.4495e-01
4 0 +1.618694903e+00 +1.618694903e+00 +7.892869490e+01 +7.892869490e+01 +2.5264e+00 -4.2320e-01
7 0 +1.573275162e+00 +1.573275162e+00 +7.888327516e+01 +7.888327516e+01 +1.4181e-01 +5.3918e-01
17 0 +6.893908793e-01 +6.893908793e-01 +7.799939088e+01 +7.799939088e+01 +1.4928e+00 +1.0020e-01
26 0 +1.227196481e-01 +1.227196481e-01 +7.743271965e+01 +7.743271965e+01 +1.0155e+00 -6.5511e-01
61 0 +3.065262279e-02 +3.065262279e-02 +7.734065262e+01 +7.734065262e+01 +9.1738e-01 -7.5912e-01
134 0 +1.850645165e-02 +1.850645165e-02 +7.732850645e+01 +7.732850645e+01 +9.0266e-01 -7.9060e-01
160 0 +7.969113729e-03 +7.969113729e-03 +7.731796911e+01 +7.731796911e+01 +8.8152e-01 -8.0242e-01
187 0 +6.569281762e-03 +6.569281762e-03 +7.731656928e+01 +7.731656928e+01 +8.8362e-01 -7.9359e-01
222 0 +5.492990159e-03 +5.492990159e-03 +7.731549299e+01 +7.731549299e+01 +8.8375e-01 -7.8012e-01
229 0 +2.927602615e-03 +2.927602615e-03 +7.731292760e+01 +7.731292760e+01 +8.9125e-01 -7.2446e-01
261 0 +1.253001183e-03 +1.253001183e-03 +7.731125300e+01 +7.731125300e+01 +8.9168e-01 -6.9186e-01
304 0 +5.519273834e-04 +5.519273834e-04 +7.731055193e+01 +7.731055193e+01 +8.9084e-01 -6.7974e-01
315 0 +4.917441457e-04 +4.917441457e-04 +7.731049174e+01 +7.731049174e+01 +8.9175e-01 -6.7713e-01
319 0 +4.586864578e-04 +4.586864578e-04 +7.731045869e+01 +7.731045869e+01 +8.9088e-01 -6.8402e-01
342 0 +4.550460217e-04 +4.550460217e-04 +7.731045505e+01 +7.731045505e+01 +8.9090e-01 -6.8410e-01
346 0 +4.046559314e-04 +4.046559314e-04 +7.731040466e+01 +7.731040466e+01 +8.9112e-01 -6.8185e-01
367 0 +3.827798004e-04 +3.827798004e-04 +7.731038278e+01 +7.731038278e+01 +8.9117e-01 -6.8029e-01
389 0 +3.451141923e-04 +3.451141923e-04 +7.731034511e+01 +7.731034511e+01 +8.9130e-01 -6.7777e-01
416 0 +3.246028490e-04 +3.246028490e-04 +7.731032460e+01 +7.731032460e+01 +8.9138e-01 -6.7618e-01
429 0 +2.901295851e-04 +2.901295851e-04 +7.731029013e+01 +7.731029013e+01 +8.9153e-01 -6.7387e-01
470 0 +2.849151103e-04 +2.849151103e-04 +7.731028492e+01 +7.731028492e+01 +8.9155e-01 -6.7339e-01
494 0 +2.770598060e-04 +2.770598060e-04 +7.731027706e+01 +7.731027706e+01 +8.9159e-01 -6.7302e-01
502 0 +2.733572988e-04 +2.733572988e-04 +7.731027336e+01 +7.731027336e+01 +8.9169e-01 -6.7254e-01
516 0 +2.604220095e-04 +2.604220095e-04 +7.731026042e+01 +7.731026042e+01 +8.9169e-01 -6.7176e-01
523 0 +2.473526327e-04 +2.473526327e-04 +7.731024735e+01 +7.731024735e+01 +8.9172e-01 -6.6976e-01
577 0 +2.402405685e-04 +2.402405685e-04 +7.731024024e+01 +7.731024024e+01 +8.9175e-01 -6.6964e-01
578 0 +2.339172162e-04 +2.339172162e-04 +7.731023392e+01 +7.731023392e+01 +8.9187e-01 -6.6919e-01
596 0 +2.230793072e-04 +2.230793072e-04 +7.731022308e+01 +7.731022308e+01 +8.9185e-01 -6.6851e-01
623 0 +2.153284418e-04 +2.153284418e-04 +7.731021533e+01 +7.731021533e+01 +8.9188e-01 -6.6734e-01
647 0 +2.116801541e-04 +2.116801541e-04 +7.731021168e+01 +7.731021168e+01 +8.9193e-01 -6.6748e-01
687 0 +2.047228983e-04 +2.047228983e-04 +7.731020472e+01 +7.731020472e+01 +8.9194e-01 -6.6679e-01
728 0 +2.031355676e-04 +2.031355676e-04 +7.731020314e+01 +7.731020314e+01 +8.9195e-01 -6.6635e-01
826 0 +1.993047511e-04 +1.993047511e-04 +7.731019930e+01 +7.731019930e+01 +8.9198e-01 -6.6632e-01
936 0 +1.946222586e-04 +1.946222586e-04 +7.731019462e+01 +7.731019462e+01 +8.9200e-01 -6.6578e-01
1433 0 +1.905134255e-04 +1.905134255e-04 +7.731019051e+01 +7.731019051e+01 +8.9203e-01 -6.6544e-01
% f evaluations | g evaluations | best noise-free fitness - Fopt | noise-free fitness - Fopt (3.992000000000e+01) | measured fitness | best measured fitness | x1 | x2...
1 0 +3.565608840e+00 +3.565608840e+00 +4.348560884e+01 +4.348560884e+01 +9.2651e-01 -2.9547e+00
8 0 +1.044723800e+00 +1.044723800e+00 +4.096472380e+01 +4.096472380e+01 +3.0507e+00 -1.7263e+00
21 0 +4.146184249e-03 +4.146184249e-03 +3.992414618e+01 +3.992414618e+01 +3.9197e+00 -9.7434e-01
156 0 +3.040782101e-03 +3.040782101e-03 +3.992304078e+01 +3.992304078e+01 +3.9515e+00 -1.0624e+00
182 0 +1.366898314e-03 +1.366898314e-03 +3.992136690e+01 +3.992136690e+01 +3.9206e+00 -9.6413e-01
223 0 +1.019822643e-03 +1.019822643e-03 +3.992101982e+01 +3.992101982e+01 +3.9255e+00 -9.7809e-01
281 0 +8.106343049e-04 +8.106343049e-04 +3.992081063e+01 +3.992081063e+01 +3.9253e+00 -9.8008e-01
314 0 +7.741125970e-04 +7.741125970e-04 +3.992077411e+01 +3.992077411e+01 +3.9262e+00 -9.8381e-01
363 0 +7.444652695e-04 +7.444652695e-04 +3.992074447e+01 +3.992074447e+01 +3.9261e+00 -9.8236e-01
379 0 +6.890172010e-04 +6.890172010e-04 +3.992068902e+01 +3.992068902e+01 +3.9267e+00 -9.8454e-01
472 0 +6.665889111e-04 +6.665889111e-04 +3.992066659e+01 +3.992066659e+01 +3.9270e+00 -9.8601e-01
484 0 +6.533598096e-04 +6.533598096e-04 +3.992065336e+01 +3.992065336e+01 +3.9271e+00 -9.8629e-01
546 0 +6.391090345e-04 +6.391090345e-04 +3.992063911e+01 +3.992063911e+01 +3.9273e+00 -9.8664e-01
572 0 +6.292544358e-04 +6.292544358e-04 +3.992062925e+01 +3.992062925e+01 +3.9274e+00 -9.8707e-01
897 0 +6.161418676e-04 +6.161418676e-04 +3.992061614e+01 +3.992061614e+01 +3.9275e+00 -9.8769e-01
% f evaluations | g evaluations | best noise-free fitness - Fopt | noise-free fitness - Fopt (-5.661000000000e+01) | measured fitness | best measured fitness | x1 | x2...
1 0 +1.657700402e+01 +1.657700402e+01 -4.003299598e+01 -4.003299598e+01 -1.1252e+00 +4.1620e+00
6 0 +2.841446247e+00 +2.841446247e+00 -5.376855375e+01 -5.376855375e+01 +7.2471e-01 +2.1237e+00
8 0 +9.526006876e-01 +9.526006876e-01 -5.565739931e+01 -5.565739931e+01 +1.7423e+00 +3.8556e+00
19 0 +5.131310597e-01 +5.131310597e-01 -5.609686894e+01 -5.609686894e+01 +1.7909e+00 +2.3318e+00
51 0 +4.419819501e-01 +4.419819501e-01 -5.616801805e+01 -5.616801805e+01 +2.4909e+00 +2.6396e+00
83 0 +2.885395905e-01 +2.885395905e-01 -5.632146041e+01 -5.632146041e+01 +2.5656e+00 +3.1607e+00
88 0 +2.572648719e-01 +2.572648719e-01 -5.635273513e+01 -5.635273513e+01 +2.3112e+00 +3.2899e+00
104 0 +2.059953580e-01 +2.059953580e-01 -5.640400464e+01 -5.640400464e+01 +2.3479e+00 +3.2355e+00
120 0 +7.155032650e-02 +7.155032650e-02 -5.653844967e+01 -5.653844967e+01 +2.2848e+00 +3.0840e+00
158 0 +4.866008301e-02 +4.866008301e-02 -5.656133992e+01 -5.656133992e+01 +2.2917e+00 +3.0095e+00
171 0 +4.311514704e-02 +4.311514704e-02 -5.656688485e+01 -5.656688485e+01 +2.2784e+00 +3.0084e+00
209 0 +1.204591423e-02 +1.204591423e-02 -5.659795409e+01 -5.659795409e+01 +2.1653e+00 +2.9870e+00
254 0 +5.559359222e-03 +5.559359222e-03 -5.660444064e+01 -5.660444064e+01 +2.1189e+00 +2.9763e+00
305 0 +4.725214345e-03 +4.725214345e-03 -5.660527479e+01 -5.660527479e+01 +2.1082e+00 +2.9714e+00
312 0 +3.201177434e-03 +3.201177434e-03 -5.660679882e+01 -5.660679882e+01 +2.0886e+00 +2.9673e+00
363 0 +3.109040916e-03 +3.109040916e-03 -5.660689096e+01 -5.660689096e+01 +2.0892e+00 +2.9667e+00
368 0 +3.036544657e-03 +3.036544657e-03 -5.660696346e+01 -5.660696346e+01 +2.0866e+00 +2.9649e+00
374 0 +2.757035373e-03 +2.757035373e-03 -5.660724296e+01 -5.660724296e+01 +2.0836e+00 +2.9645e+00
386 0 +2.692239552e-03 +2.692239552e-03 -5.660730776e+01 -5.660730776e+01 +2.0825e+00 +2.9647e+00
393 0 +2.097073831e-03 +2.097073831e-03 -5.660790293e+01 -5.660790293e+01 +2.0714e+00 +2.9604e+00
417 0 +2.079435169e-03 +2.079435169e-03 -5.660792056e+01 -5.660792056e+01 +2.0717e+00 +2.9607e+00
426 0 +1.939213722e-03 +1.939213722e-03 -5.660806079e+01 -5.660806079e+01 +2.0676e+00 +2.9601e+00
427 0 +1.676391224e-03 +1.676391224e-03 -5.660832361e+01 -5.660832361e+01 +2.0634e+00 +2.9583e+00
485 0 +1.505148025e-03 +1.505148025e-03 -5.660849485e+01 -5.660849485e+01 +2.0584e+00 +2.9563e+00
522 0 +1.409690729e-03 +1.409690729e-03 -5.660859031e+01 -5.660859031e+01 +2.0571e+00 +2.9562e+00
571 0 +1.309607366e-03 +1.309607366e-03 -5.660869039e+01 -5.660869039e+01 +2.0545e+00 +2.9553e+00
588 0 +1.222710257e-03 +1.222710257e-03 -5.660877729e+01 -5.660877729e+01 +2.0511e+00 +2.9546e+00
627 0 +1.144955551e-03 +1.144955551e-03 -5.660885504e+01 -5.660885504e+01 +2.0498e+00 +2.9537e+00
687 0 +1.116740902e-03 +1.116740902e-03 -5.660888326e+01 -5.660888326e+01 +2.0488e+00 +2.9537e+00
688 0 +1.056844230e-03 +1.056844230e-03 -5.660894316e+01 -5.660894316e+01 +2.0471e+00 +2.9529e+00
728 0 +1.019061824e-03 +1.019061824e-03 -5.660898094e+01 -5.660898094e+01 +2.0461e+00 +2.9527e+00
786 0 +9.980633543e-04 +9.980633543e-04 -5.660900194e+01 -5.660900194e+01 +2.0455e+00 +2.9524e+00
848 0 +9.662618242e-04 +9.662618242e-04 -5.660903374e+01 -5.660903374e+01 +2.0441e+00 +2.9521e+00
910 0 +9.518417064e-04 +9.518417064e-04 -5.660904816e+01 -5.660904816e+01 +2.0440e+00 +2.9520e+00
1076 0 +9.322208500e-04 +9.322208500e-04 -5.660906778e+01 -5.660906778e+01 +2.0433e+00 +2.9518e+00
% f evaluations | g evaluations | best noise-free fitness - Fopt | noise-free fitness - Fopt (3.270000000000e+01) | measured fitness | best measured fitness | x1 | x2...
1 0 +5.493729102e+00 +5.493729102e+00 +3.819372910e+01 +3.819372910e+01 -2.7062e+00 +1.0625e+00
2 0 +5.183155418e+00 +5.183155418e+00 +3.788315542e+01 +3.788315542e+01 -2.9385e+00 +5.4423e-01
6 0 +2.316054488e+00 +2.316054488e+00 +3.501605449e+01 +3.501605449e+01 -2.2470e+00 -3.9800e+00
17 0 +1.299826997e+00 +1.299826997e+00 +3.399982700e+01 +3.399982700e+01 -8.2476e-01 -1.3304e+00
52 0 +9.467800553e-01 +9.467800553e-01 +3.364678006e+01 +3.364678006e+01 -9.9888e-01 -1.3095e+00
60 0 +1.151090043e-01 +1.151090043e-01 +3.281510900e+01 +3.281510900e+01 -1.9850e+00 -1.5175e+00
111 0 +7.455559986e-02 +7.455559986e-02 +3.277455560e+01 +3.277455560e+01 -1.9190e+00 -1.5940e+00
118 0 +6.308751044e-02 +6.308751044e-02 +3.276308751e+01 +3.276308751e+01 -2.0992e+00 -1.5206e+00
121 0 +5.011337087e-02 +5.011337087e-02 +3.275011337e+01 +3.275011337e+01 -1.9334e+00 -1.6143e+00
155 0 +6.071844760e-03 +6.071844760e-03 +3.270607184e+01 +3.270607184e+01 -1.9627e+00 -1.6493e+00
181 0 +4.499757793e-03 +4.499757793e-03 +3.270449976e+01 +3.270449976e+01 -1.9581e+00 -1.6622e+00
183 0 +4.083112860e-03 +4.083112860e-03 +3.270408311e+01 +3.270408311e+01 -1.9841e+00 -1.6411e+00
208 0 +3.608411511e-03 +3.608411511e-03 +3.270360841e+01 +3.270360841e+01 -2.0020e+00 -1.6409e+00
216 0 +2.888804520e-03 +2.888804520e-03 +3.270288880e+01 +3.270288880e+01 -1.9570e+00 -1.6564e+00
225 0 +2.829172209e-03 +2.829172209e-03 +3.270282917e+01 +3.270282917e+01 -1.9491e+00 -1.6627e+00
232 0 +2.629353183e-03 +2.629353183e-03 +3.270262935e+01 +3.270262935e+01 -2.0162e+00 -1.6273e+00
241 0 +1.418193129e-03 +1.418193129e-03 +3.270141819e+01 +3.270141819e+01 -1.9843e+00 -1.6444e+00
253 0 +1.309470785e-03 +1.309470785e-03 +3.270130947e+01 +3.270130947e+01 -1.9863e+00 -1.6454e+00
279 0 +1.148454703e-03 +1.148454703e-03 +3.270114845e+01 +3.270114845e+01 -1.9857e+00 -1.6441e+00
287 0 +1.103035664e-03 +1.103035664e-03 +3.270110304e+01 +3.270110304e+01 -1.9852e+00 -1.6445e+00
318 0 +1.005951490e-03 +1.005951490e-03 +3.270100595e+01 +3.270100595e+01 -1.9857e+00 -1.6447e+00
337 0 +9.998150159e-04 +9.998150159e-04 +3.270099982e+01 +3.270099982e+01 -1.9859e+00 -1.6447e+00
342 0 +9.366023456e-04 +9.366023456e-04 +3.270093660e+01 +3.270093660e+01 -1.9879e+00 -1.6438e+00
364 0 +9.316493537e-04 +9.316493537e-04 +3.270093165e+01 +3.270093165e+01 -1.9879e+00 -1.6436e+00
365 0 +7.948297158e-04 +7.948297158e-04 +3.270079483e+01 +3.270079483e+01 -1.9955e+00 -1.6404e+00
436 0 +7.755360589e-04 +7.755360589e-04 +3.270077554e+01 +3.270077554e+01 -1.9959e+00 -1.6402e+00
456 0 +7.504786487e-04 +7.504786487e-04 +3.270075048e+01 +3.270075048e+01 -1.9954e+00 -1.6398e+00
478 0 +7.380204021e-04 +7.380204021e-04 +3.270073802e+01 +3.270073802e+01 -1.9953e+00 -1.6399e+00
486 0 +6.953532210e-04 +6.953532210e-04 +3.270069535e+01 +3.270069535e+01 -1.9962e+00 -1.6397e+00
542 0 +6.857077813e-04 +6.857077813e-04 +3.270068571e+01 +3.270068571e+01 -1.9964e+00 -1.6396e+00
625 0 +6.753321117e-04 +6.753321117e-04 +3.270067533e+01 +3.270067533e+01 -1.9973e+00 -1.6393e+00
876 0 +6.601569376e-04 +6.601569376e-04 +3.270066016e+01 +3.270066016e+01 -1.9974e+00 -1.6391e+00
% f evaluations | g evaluations | best noise-free fitness - Fopt | noise-free fitness - Fopt (-3.943000000000e+01) | measured fitness | best measured fitness | x1 | x2...
1 0 +5.525128876e+00 +5.525128876e+00 -3.390487112e+01 -3.390487112e+01 +4.1030e+00 -2.1385e+00
4 0 +2.942377686e+00 +2.942377686e+00 -3.648762231e+01 -3.648762231e+01 +4.9912e+00 +8.7882e-01
20 0 +1.443740229e+00 +1.443740229e+00 -3.798625977e+01 -3.798625977e+01 +3.1848e+00 +1.9360e+00
41 0 +1.146797173e+00 +1.146797173e+00 -3.828320283e+01 -3.828320283e+01 +3.7175e+00 +4.5242e+00
52 0 +5.788918146e-01 +5.788918146e-01 -3.885110819e+01 -3.885110819e+01 +3.5441e+00 +3.9501e+00
54 0 +1.526484191e-01 +1.526484191e-01 -3.927735158e+01 -3.927735158e+01 +3.5507e+00 +3.5237e+00
59 0 +1.604460041e-02 +1.604460041e-02 -3.941395540e+01 -3.941395540e+01 +3.5324e+00 +3.3609e+00
164 0 +7.605337526e-03 +7.605337526e-03 -3.942239466e+01 -3.942239466e+01 +3.5702e+00 +3.3733e+00
169 0 +1.178991301e-03 +1.178991301e-03 -3.942882101e+01 -3.942882101e+01 +3.6935e+00 +3.3771e+00
215 0 +9.860301188e-04 +9.860301188e-04 -3.942901397e+01 -3.942901397e+01 +3.7010e+00 +3.3753e+00
218 0 +2.805510534e-04 +2.805510534e-04 -3.942971945e+01 -3.942971945e+01 +3.7252e+00 +3.3773e+00
226 0 +2.586141299e-04 +2.586141299e-04 -3.942974139e+01 -3.942974139e+01 +3.7245e+00 +3.3768e+00
268 0 +2.059686748e-04 +2.059686748e-04 -3.942979403e+01 -3.942979403e+01 +3.7185e+00 +3.3766e+00
273 0 +1.289122046e-04 +1.289122046e-04 -3.942987109e+01 -3.942987109e+01 +3.7171e+00 +3.3768e+00
289 0 +3.160679194e-05 +3.160679194e-05 -3.942996839e+01 -3.942996839e+01 +3.7344e+00 +3.3773e+00
331 0 +2.329354201e-05 +2.329354201e-05 -3.942997671e+01 -3.942997671e+01 +3.7371e+00 +3.3774e+00
586 0 +2.282523045e-05 +2.282523045e-05 -3.942997717e+01 -3.942997717e+01 +3.7373e+00 +3.3775e+00
1128 0 +2.238252438e-05 +2.238252438e-05 -3.942997762e+01 -3.942997762e+01 +3.7374e+00 +3.3775e+00
% f evaluations | g evaluations | best noise-free fitness - Fopt | noise-free fitness - Fopt (4.197200000000e+02) | measured fitness | best measured fitness | x1 | x2...
1 0 +5.488172961e+00 +5.488172961e+00 +4.252081730e+02 +4.252081730e+02 +8.5166e-01 +8.1811e-01
5 0 +3.446505289e+00 +3.446505289e+00 +4.231665053e+02 +4.231665053e+02 +2.2952e+00 +2.6984e+00
22 0 +8.967378364e-01 +8.967378364e-01 +4.206167378e+02 +4.206167378e+02 -2.8501e-01 +2.5556e+00
51 0 +2.544426293e-01 +2.544426293e-01 +4.199744426e+02 +4.199744426e+02 -9.5385e-01 +2.3819e+00
91 0 +2.017651937e-01 +2.017651937e-01 +4.199217652e+02 +4.199217652e+02 -9.7491e-01 +2.6399e+00
103 0 +1.916068950e-01 +1.916068950e-01 +4.199116069e+02 +4.199116069e+02 -9.8603e-01 +2.6317e+00
105 0 +1.771843630e-01 +1.771843630e-01 +4.198971844e+02 +4.198971844e+02 -1.0021e+00 +2.6178e+00
117 0 +1.203836570e-01 +1.203836570e-01 +4.198403837e+02 +4.198403837e+02 -1.0214e+00 +2.9695e+00
118 0 +9.652898040e-02 +9.652898040e-02 +4.198165290e+02 +4.198165290e+02 -1.0603e+00 +2.8278e+00
121 0 +5.041586350e-02 +5.041586350e-02 +4.197704159e+02 +4.197704159e+02 -1.1962e+00 +2.9349e+00
127 0 +3.024418127e-02 +3.024418127e-02 +4.197502442e+02 +4.197502442e+02 -1.1430e+00 +2.6811e+00
142 0 +2.006290884e-02 +2.006290884e-02 +4.197400629e+02 +4.197400629e+02 -1.1853e+00 +2.7575e+00
155 0 +1.650151155e-02 +1.650151155e-02 +4.197365015e+02 +4.197365015e+02 -1.1407e+00 +2.8294e+00
159 0 +8.667597261e-03 +8.667597261e-03 +4.197286676e+02 +4.197286676e+02 -1.1558e+00 +2.7628e+00
179 0 +2.263414539e-03 +2.263414539e-03 +4.197222634e+02 +4.197222634e+02 -1.1629e+00 +2.7570e+00
207 0 +1.763264858e-03 +1.763264858e-03 +4.197217633e+02 +4.197217633e+02 -1.1671e+00 +2.7551e+00
213 0 +6.566108397e-04 +6.566108397e-04 +4.197206566e+02 +4.197206566e+02 -1.1680e+00 +2.7369e+00
229 0 +4.440374141e-04 +4.440374141e-04 +4.197204440e+02 +4.197204440e+02 -1.1662e+00 +2.7429e+00
265 0 +1.843400556e-04 +1.843400556e-04 +4.197201843e+02 +4.197201843e+02 -1.1665e+00 +2.7423e+00
303 0 +8.211045304e-05 +8.211045304e-05 +4.197200821e+02 +4.197200821e+02 -1.1662e+00 +2.7478e+00
329 0 +5.047989089e-05 +5.047989089e-05 +4.197200505e+02 +4.197200505e+02 -1.1662e+00 +2.7480e+00
341 0 +4.726037224e-05 +4.726037224e-05 +4.197200473e+02 +4.197200473e+02 -1.1668e+00 +2.7423e+00
345 0 +2.348599196e-06 +2.348599196e-06 +4.197200023e+02 +4.197200023e+02 -1.1662e+00 +2.7468e+00
511 0 +2.339599689e-06 +2.339599689e-06 +4.197200023e+02 +4.197200023e+02 -1.1662e+00 +2.7468e+00
% f evaluations | g evaluations | best noise-free fitness - Fopt | noise-free fitness - Fopt (7.640000000000e+00) | measured fitness | best measured fitness | x1 | x2...
1 0 +2.225995971e+02 +2.225995971e+02 +2.302395971e+02 +2.302395971e+02 -4.1692e+00 -1.4439e+00
2 0 +5.208586695e+00 +5.208586695e+00 +1.284858669e+01 +1.284858669e+01 +1.4471e+00 -2.1724e+00
8 0 +4.329497461e+00 +4.329497461e+00 +1.196949746e+01 +1.196949746e+01 +1.1432e+00 -2.7924e-01
13 0 +3.290784967e+00 +3.290784967e+00 +1.093078497e+01 +1.093078497e+01 +1.6889e+00 +1.6016e+00
27 0 +1.740895019e+00 +1.740895019e+00 +9.380895019e+00 +9.380895019e+00 +4.1627e+00 +1.1282e+00
43 0 +1.396785576e+00 +1.396785576e+00 +9.036785576e+00 +9.036785576e+00 +2.3337e+00 +2.5132e+00
55 0 +1.322777172e+00 +1.322777172e+00 +8.962777172e+00 +8.962777172e+00 +2.3129e+00 +2.2404e+00
56 0 +4.690985585e-01 +4.690985585e-01 +8.109098559e+00 +8.109098559e+00 +2.7509e+00 +2.5736e+00
59 0 +7.057742960e-02 +7.057742960e-02 +7.710577430e+00 +7.710577430e+00 +3.6361e+00 +2.5178e+00
108 0 +3.057495050e-02 +3.057495050e-02 +7.670574951e+00 +7.670574951e+00 +3.7593e+00 +2.5253e+00
124 0 +2.803751602e-02 +2.803751602e-02 +7.668037516e+00 +7.668037516e+00 +3.6002e+00 +2.5741e+00
126 0 +9.335277524e-03 +9.335277524e-03 +7.649335278e+00 +7.649335278e+00 +3.7216e+00 +2.5664e+00
215 0 +5.961780332e-03 +5.961780332e-03 +7.645961780e+00 +7.645961780e+00 +3.6571e+00 +2.5797e+00
268 0 +4.845934963e-03 +4.845934963e-03 +7.644845935e+00 +7.644845935e+00 +3.6700e+00 +2.5843e+00
271 0 +4.690918608e-03 +4.690918608e-03 +7.644690919e+00 +7.644690919e+00 +3.6572e+00 +2.5812e+00
273 0 +4.270518873e-03 +4.270518873e-03 +7.644270519e+00 +7.644270519e+00 +3.6762e+00 +2.5797e+00
276 0 +2.846576793e-03 +2.846576793e-03 +7.642846577e+00 +7.642846577e+00 +3.6568e+00 +2.5857e+00
316 0 +2.781476006e-03 +2.781476006e-03 +7.642781476e+00 +7.642781476e+00 +3.6561e+00 +2.5857e+00
320 0 +2.709770058e-03 +2.709770058e-03 +7.642709770e+00 +7.642709770e+00 +3.6550e+00 +2.5858e+00
338 0 +2.560258305e-03 +2.560258305e-03 +7.642560258e+00 +7.642560258e+00 +3.6493e+00 +2.5867e+00
370 0 +2.510342880e-03 +2.510342880e-03 +7.642510343e+00 +7.642510343e+00 +3.6509e+00 +2.5867e+00
377 0 +2.436757281e-03 +2.436757281e-03 +7.642436757e+00 +7.642436757e+00 +3.6500e+00 +2.5871e+00
394 0 +2.376681692e-03 +2.376681692e-03 +7.642376682e+00 +7.642376682e+00 +3.6490e+00 +2.5875e+00
415 0 +2.325034204e-03 +2.325034204e-03 +7.642325034e+00 +7.642325034e+00 +3.6473e+00 +2.5878e+00
508 0 +2.259066295e-03 +2.259066295e-03 +7.642259066e+00 +7.642259066e+00 +3.6471e+00 +2.5882e+00
512 0 +1.945303783e-03 +1.945303783e-03 +7.641945304e+00 +7.641945304e+00 +3.6411e+00 +2.5903e+00
526 0 +1.847561645e-03 +1.847561645e-03 +7.641847562e+00 +7.641847562e+00 +3.6386e+00 +2.5915e+00
542 0 +1.793854893e-03 +1.793854893e-03 +7.641793855e+00 +7.641793855e+00 +3.6379e+00 +2.5915e+00
576 0 +1.756440932e-03 +1.756440932e-03 +7.641756441e+00 +7.641756441e+00 +3.6367e+00 +2.5920e+00
609 0 +1.697932407e-03 +1.697932407e-03 +7.641697932e+00 +7.641697932e+00 +3.6358e+00 +2.5919e+00
633 0 +1.658765063e-03 +1.658765063e-03 +7.641658765e+00 +7.641658765e+00 +3.6350e+00 +2.5923e+00
642 0 +1.593721135e-03 +1.593721135e-03 +7.641593721e+00 +7.641593721e+00 +3.6332e+00 +2.5931e+00
677 0 +1.531090716e-03 +1.531090716e-03 +7.641531091e+00 +7.641531091e+00 +3.6320e+00 +2.5933e+00
736 0 +1.507958866e-03 +1.507958866e-03 +7.641507959e+00 +7.641507959e+00 +3.6313e+00 +2.5933e+00
831 0 +1.469050642e-03 +1.469050642e-03 +7.641469051e+00 +7.641469051e+00 +3.6301e+00 +2.5936e+00
937 0 +1.442440751e-03 +1.442440751e-03 +7.641442441e+00 +7.641442441e+00 +3.6298e+00 +2.5939e+00
1195 0 +1.411369132e-03 +1.411369132e-03 +7.641411369e+00 +7.641411369e+00 +3.6289e+00 +2.5941e+00
% f evaluations | g evaluations | best noise-free fitness - Fopt | noise-free fitness - Fopt (-1.276800000000e+02) | measured fitness | best measured fitness | x1 | x2...
1 0 +2.376761920e+01 +2.376761920e+01 -1.039123808e+02 -1.039123808e+02 +3.1980e+00 -1.4137e+00
2 0 +5.725264225e+00 +5.725264225e+00 -1.219547358e+02 -1.219547358e+02 +8.7617e-01 -1.7878e+00
12 0 +4.323969457e+00 +4.323969457e+00 -1.233560305e+02 -1.233560305e+02 +1.4560e-01 -3.9065e-03
16 0 +2.875358284e+00 +2.875358284e+00 -1.248046417e+02 -1.248046417e+02 +9.4718e-01 +1.2301e+00
17 0 +1.225599517e-01 +1.225599517e-01 -1.275574400e+02 -1.275574400e+02 +2.5091e+00 +3.8276e+00
53 0 +7.562010659e-02 +7.562010659e-02 -1.276043799e+02 -1.276043799e+02 +1.9428e+00 +3.8558e+00
103 0 +1.795404248e-02 +1.795404248e-02 -1.276620460e+02 -1.276620460e+02 +2.0331e+00 +3.8811e+00
157 0 +1.466039735e-02 +1.466039735e-02 -1.276653396e+02 -1.276653396e+02 +2.0453e+00 +3.8791e+00
184 0 +1.338942383e-02 +1.338942383e-02 -1.276666106e+02 -1.276666106e+02 +2.0579e+00 +3.8901e+00
196 0 +1.294911563e-02 +1.294911563e-02 -1.276670509e+02 -1.276670509e+02 +2.0465e+00 +3.8886e+00
270 0 +1.262639045e-02 +1.262639045e-02 -1.276673736e+02 -1.276673736e+02 +2.0477e+00 +3.8838e+00
285 0 +1.172437096e-02 +1.172437096e-02 -1.276682756e+02 -1.276682756e+02 +2.0579e+00 +3.8767e+00
311 0 +9.469300132e-03 +9.469300132e-03 -1.276705307e+02 -1.276705307e+02 +2.0682e+00 +3.8754e+00
329 0 +8.662225380e-03 +8.662225380e-03 -1.276713378e+02 -1.276713378e+02 +2.0726e+00 +3.8754e+00
364 0 +8.145976334e-03 +8.145976334e-03 -1.276718540e+02 -1.276718540e+02 +2.0783e+00 +3.8755e+00
367 0 +7.703865028e-03 +7.703865028e-03 -1.276722961e+02 -1.276722961e+02 +2.0851e+00 +3.8740e+00
408 0 +7.581785478e-03 +7.581785478e-03 -1.276724182e+02 -1.276724182e+02 +2.0822e+00 +3.8736e+00
417 0 +7.264442821e-03 +7.264442821e-03 -1.276727356e+02 -1.276727356e+02 +2.0895e+00 +3.8723e+00
458 0 +7.231777861e-03 +7.231777861e-03 -1.276727682e+02 -1.276727682e+02 +2.0840e+00 +3.8719e+00
481 0 +7.015506872e-03 +7.015506872e-03 -1.276729845e+02 -1.276729845e+02 +2.0868e+00 +3.8716e+00
514 0 +6.837528551e-03 +6.837528551e-03 -1.276731625e+02 -1.276731625e+02 +2.0871e+00 +3.8703e+00
528 0 +6.699533815e-03 +6.699533815e-03 -1.276733005e+02 -1.276733005e+02 +2.0887e+00 +3.8702e+00
558 0 +6.588548502e-03 +6.588548502e-03 -1.276734115e+02 -1.276734115e+02 +2.0892e+00 +3.8693e+00
581 0 +6.453338848e-03 +6.453338848e-03 -1.276735467e+02 -1.276735467e+02 +2.0922e+00 +3.8695e+00
627 0 +6.297219757e-03 +6.297219757e-03 -1.276737028e+02 -1.276737028e+02 +2.0940e+00 +3.8689e+00
727 0 +6.145945697e-03 +6.145945697e-03 -1.276738541e+02 -1.276738541e+02 +2.0953e+00 +3.8683e+00
835 0 +6.021484078e-03 +6.021484078e-03 -1.276739785e+02 -1.276739785e+02 +2.0952e+00 +3.8677e+00
1148 0 +5.888312246e-03 +5.888312246e-03 -1.276741117e+02 -1.276741117e+02 +2.0955e+00 +3.8666e+00
2239 0 +5.752213115e-03 +5.752213115e-03 -1.276742478e+02 -1.276742478e+02 +2.0979e+00 +3.8667e+00
% f evaluations | g evaluations | best noise-free fitness - Fopt | noise-free fitness - Fopt (-3.650000000000e+01) | measured fitness | best measured fitness | x1 | x2...
1 0 +6.376701953e+00 +6.376701953e+00 -3.012329805e+01 -3.012329805e+01 +2.9396e+00 +2.7536e+00
2 0 +2.602369623e+00 +2.602369623e+00 -3.389763038e+01 -3.389763038e+01 +2.8063e+00 -2.0690e+00
6 0 +4.288555962e-01 +4.288555962e-01 -3.607114440e+01 -3.607114440e+01 +2.7774e+00 +4.3487e-01
61 0 +1.756929809e-01 +1.756929809e-01 -3.632430702e+01 -3.632430702e+01 +1.7200e+00 +4.8724e-01
99 0 +1.299926001e-01 +1.299926001e-01 -3.637000740e+01 -3.637000740e+01 +1.7040e+00 +4.1554e-01
108 0 +1.669332682e-02 +1.669332682e-02 -3.648330667e+01 -3.648330667e+01 +1.9135e+00 +4.1563e-01
187 0 +1.409161279e-02 +1.409161279e-02 -3.648590839e+01 -3.648590839e+01 +1.9202e+00 +4.1638e-01
190 0 +5.831963884e-03 +5.831963884e-03 -3.649416804e+01 -3.649416804e+01 +1.9429e+00 +4.1800e-01
222 0 +5.474326676e-03 +5.474326676e-03 -3.649452567e+01 -3.649452567e+01 +1.9562e+00 +4.1904e-01
226 0 +4.144086463e-03 +4.144086463e-03 -3.649585591e+01 -3.649585591e+01 +1.9566e+00 +4.2316e-01
282 0 +3.854975612e-03 +3.854975612e-03 -3.649614502e+01 -3.649614502e+01 +1.9652e+00 +4.3005e-01
315 0 +3.661636391e-03 +3.661636391e-03 -3.649633836e+01 -3.649633836e+01 +1.9678e+00 +4.3148e-01
321 0 +3.186498805e-03 +3.186498805e-03 -3.649681350e+01 -3.649681350e+01 +1.9684e+00 +4.2978e-01
322 0 +3.007052413e-03 +3.007052413e-03 -3.649699295e+01 -3.649699295e+01 +1.9713e+00 +4.3094e-01
366 0 +2.932740186e-03 +2.932740186e-03 -3.649706726e+01 -3.649706726e+01 +1.9720e+00 +4.3157e-01
384 0 +2.613886535e-03 +2.613886535e-03 -3.649738611e+01 -3.649738611e+01 +1.9776e+00 +4.3428e-01
419 0 +2.554537498e-03 +2.554537498e-03 -3.649744546e+01 -3.649744546e+01 +1.9779e+00 +4.3553e-01
463 0 +2.419068084e-03 +2.419068084e-03 -3.649758093e+01 -3.649758093e+01 +1.9797e+00 +4.3618e-01
489 0 +2.352938969e-03 +2.352938969e-03 -3.649764706e+01 -3.649764706e+01 +1.9807e+00 +4.3668e-01
516 0 +2.343547287e-03 +2.343547287e-03 -3.649765645e+01 -3.649765645e+01 +1.9811e+00 +4.3661e-01
578 0 +2.290379327e-03 +2.290379327e-03 -3.649770962e+01 -3.649770962e+01 +1.9819e+00 +4.3712e-01
675 0 +2.238698794e-03 +2.238698794e-03 -3.649776130e+01 -3.649776130e+01 +1.9827e+00 +4.3764e-01
939 0 +2.187640605e-03 +2.187640605e-03 -3.649781236e+01 -3.649781236e+01 +1.9836e+00 +4.3812e-01
% f evaluations | g evaluations | best noise-free fitness - Fopt | noise-free fitness - Fopt (1.728700000000e+02) | measured fitness | best measured fitness | x1 | x2...
1 0 +2.844156643e+02 +2.844156643e+02 +4.572856643e+02 +4.572856643e+02 -3.7078e+00 +4.0120e-01
2 0 +4.057655170e+00 +4.057655170e+00 +1.769276552e+02 +1.769276552e+02 +1.6746e+00 +3.0504e+00
10 0 +2.979721790e+00 +2.979721790e+00 +1.758497218e+02 +1.758497218e+02 +1.5170e+00 +9.0116e-01
19 0 +1.644330097e+00 +1.644330097e+00 +1.745143301e+02 +1.745143301e+02 +1.8204e+00 -4.3583e-01
22 0 +1.517125031e+00 +1.517125031e+00 +1.743871250e+02 +1.743871250e+02 +3.0745e+00 -2.3170e+00
24 0 +1.480238358e+00 +1.480238358e+00 +1.743502384e+02 +1.743502384e+02 +3.1199e+00 +7.0078e-01
25 0 +1.303202552e+00 +1.303202552e+00 +1.741732026e+02 +1.741732026e+02 +3.1931e+00 -2.0897e+00
33 0 +2.776831778e-01 +2.776831778e-01 +1.731476832e+02 +1.731476832e+02 +3.2369e+00 -1.0542e+00
61 0 +7.274414685e-02 +7.274414685e-02 +1.729427441e+02 +1.729427441e+02 +3.2770e+00 -7.0003e-01
76 0 +7.151031478e-02 +7.151031478e-02 +1.729415103e+02 +1.729415103e+02 +3.0509e+00 -7.2239e-01
111 0 +5.750775511e-02 +5.750775511e-02 +1.729275078e+02 +1.729275078e+02 +3.3608e+00 -7.2036e-01
118 0 +3.787308041e-02 +3.787308041e-02 +1.729078731e+02 +1.729078731e+02 +2.6924e+00 -8.3169e-01
126 0 +5.571304572e-03 +5.571304572e-03 +1.728755713e+02 +1.728755713e+02 +3.0741e+00 -7.8630e-01
135 0 +5.178416116e-03 +5.178416116e-03 +1.728751784e+02 +1.728751784e+02 +3.1103e+00 -7.9335e-01
164 0 +3.733220387e-04 +3.733220387e-04 +1.728703733e+02 +1.728703733e+02 +3.0962e+00 -7.8977e-01
203 0 +1.966865470e-04 +1.966865470e-04 +1.728701967e+02 +1.728701967e+02 +3.0510e+00 -7.9447e-01
315 0 +1.618988291e-04 +1.618988291e-04 +1.728701619e+02 +1.728701619e+02 +3.0510e+00 -7.9443e-01
320 0 +8.941863385e-05 +8.941863385e-05 +1.728700894e+02 +1.728700894e+02 +3.0502e+00 -7.9444e-01
323 0 +1.147601466e-05 +1.147601466e-05 +1.728700115e+02 +1.728700115e+02 +3.0481e+00 -7.9457e-01
420 0 +1.081855143e-05 +1.081855143e-05 +1.728700108e+02 +1.728700108e+02 +3.0481e+00 -7.9457e-01
442 0 +1.035024096e-05 +1.035024096e-05 +1.728700104e+02 +1.728700104e+02 +3.0481e+00 -7.9457e-01
457 0 +1.006667384e-05 +1.006667384e-05 +1.728700101e+02 +1.728700101e+02 +3.0476e+00 -7.9462e-01
472 0 +9.743384993e-06 +9.743384993e-06 +1.728700097e+02 +1.728700097e+02 +3.0476e+00 -7.9462e-01
% f evaluations | g evaluations | best noise-free fitness - Fopt | noise-free fitness - Fopt (1.577200000000e+02) | measured fitness | best measured fitness | x1 | x2...
1 0 +1.514113349e+02 +1.514113349e+02 +3.091313349e+02 +3.091313349e+02 +2.8201e+00 -1.5583e+00
2 0 +9.151869219e+01 +9.151869219e+01 +2.492386922e+02 +2.492386922e+02 +3.6960e+00 +3.4383e+00
3 0 +1.058525963e+01 +1.058525963e+01 +1.683052596e+02 +1.683052596e+02 -3.1060e+00 +3.9774e+00
5 0 +1.045125753e+01 +1.045125753e+01 +1.681712575e+02 +1.681712575e+02 -1.4867e+00 -4.2968e+00
6 0 +3.638277827e+00 +3.638277827e+00 +1.613582778e+02 +1.613582778e+02 -1.9945e+00 +1.8823e+00
7 0 +3.625199237e+00 +3.625199237e+00 +1.613451992e+02 +1.613451992e+02 -2.3080e+00 +1.9648e+00
15 0 +6.300682118e-01 +6.300682118e-01 +1.583500682e+02 +1.583500682e+02 -3.1196e+00 -9.2177e-01
23 0 +2.594613691e-01 +2.594613691e-01 +1.579794614e+02 +1.579794614e+02 -3.2282e+00 -1.8139e+00
52 0 +1.883296318e-01 +1.883296318e-01 +1.579083296e+02 +1.579083296e+02 -3.0567e+00 -1.4019e+00
65 0 +2.683769778e-02 +2.683769778e-02 +1.577468377e+02 +1.577468377e+02 -3.1380e+00 -1.5872e+00
110 0 +2.390274762e-02 +2.390274762e-02 +1.577439027e+02 +1.577439027e+02 -3.0375e+00 -1.5829e+00
122 0 +1.594532625e-02 +1.594532625e-02 +1.577359453e+02 +1.577359453e+02 -3.1023e+00 -1.5820e+00
169 0 +1.383739114e-02 +1.383739114e-02 +1.577338374e+02 +1.577338374e+02 -3.0884e+00 -1.5851e+00
188 0 +2.941139144e-03 +2.941139144e-03 +1.577229411e+02 +1.577229411e+02 -2.9910e+00 -1.6255e+00
224 0 +2.336704826e-03 +2.336704826e-03 +1.577223367e+02 +1.577223367e+02 -2.9841e+00 -1.6246e+00
246 0 +2.047159383e-03 +2.047159383e-03 +1.577220472e+02 +1.577220472e+02 -2.9856e+00 -1.6250e+00
271 0 +1.557516513e-03 +1.557516513e-03 +1.577215575e+02 +1.577215575e+02 -2.9751e+00 -1.6288e+00
328 0 +1.516479956e-03 +1.516479956e-03 +1.577215165e+02 +1.577215165e+02 -2.9748e+00 -1.6293e+00
350 0 +1.355484945e-03 +1.355484945e-03 +1.577213555e+02 +1.577213555e+02 -2.9698e+00 -1.6306e+00
367 0 +1.319179549e-03 +1.319179549e-03 +1.577213192e+02 +1.577213192e+02 -2.9691e+00 -1.6315e+00
377 0 +1.206495051e-03 +1.206495051e-03 +1.577212065e+02 +1.577212065e+02 -2.9649e+00 -1.6331e+00
415 0 +1.197603147e-03 +1.197603147e-03 +1.577211976e+02 +1.577211976e+02 -2.9615e+00 -1.6332e+00
432 0 +1.166847072e-03 +1.166847072e-03 +1.577211668e+02 +1.577211668e+02 -2.9648e+00 -1.6330e+00
438 0 +1.096702093e-03 +1.096702093e-03 +1.577210967e+02 +1.577210967e+02 -2.9636e+00 -1.6330e+00
448 0 +1.054515744e-03 +1.054515744e-03 +1.577210545e+02 +1.577210545e+02 -2.9621e+00 -1.6338e+00
467 0 +1.037011052e-03 +1.037011052e-03 +1.577210370e+02 +1.577210370e+02 -2.9618e+00 -1.6338e+00
472 0 +1.016129692e-03 +1.016129692e-03 +1.577210161e+02 +1.577210161e+02 -2.9612e+00 -1.6339e+00
527 0 +9.936441941e-04 +9.936441941e-04 +1.577209936e+02 +1.577209936e+02 -2.9595e+00 -1.6348e+00
572 0 +9.737346768e-04 +9.737346768e-04 +1.577209737e+02 +1.577209737e+02 -2.9594e+00 -1.6344e+00
574 0 +9.215185057e-04 +9.215185057e-04 +1.577209215e+02 +1.577209215e+02 -2.9580e+00 -1.6352e+00
628 0 +9.024640885e-04 +9.024640885e-04 +1.577209025e+02 +1.577209025e+02 -2.9574e+00 -1.6352e+00
633 0 +8.781620550e-04 +8.781620550e-04 +1.577208782e+02 +1.577208782e+02 -2.9567e+00 -1.6355e+00
694 0 +8.654800784e-04 +8.654800784e-04 +1.577208655e+02 +1.577208655e+02 -2.9562e+00 -1.6358e+00
765 0 +8.482892644e-04 +8.482892644e-04 +1.577208483e+02 +1.577208483e+02 -2.9557e+00 -1.6359e+00
1143 0 +8.316413990e-04 +8.316413990e-04 +1.577208316e+02 +1.577208316e+02 -2.9551e+00 -1.6361e+00
% f evaluations | g evaluations | best noise-free fitness - Fopt | noise-free fitness - Fopt (2.819000000000e+01) | measured fitness | best measured fitness | x1 | x2...
1 0 +1.145611116e+01 +1.145611116e+01 +3.964611116e+01 +3.964611116e+01 -4.8183e-01 +2.9062e-01
3 0 +1.009791888e+01 +1.009791888e+01 +3.828791888e+01 +3.828791888e+01 -4.6690e-01 +1.4965e+00
8 0 +2.576083019e+00 +2.576083019e+00 +3.076608302e+01 +3.076608302e+01 +1.3672e+00 -3.3253e+00
10 0 +1.140000730e+00 +1.140000730e+00 +2.933000073e+01 +2.933000073e+01 +8.0280e-01 -5.6754e-01
15 0 +6.020245473e-01 +6.020245473e-01 +2.879202455e+01 +2.879202455e+01 +1.0419e+00 -9.7440e-01
47 0 +1.433705754e-01 +1.433705754e-01 +2.833337058e+01 +2.833337058e+01 +1.5107e+00 -8.8759e-01
56 0 +4.308413575e-02 +4.308413575e-02 +2.823308414e+01 +2.823308414e+01 +1.9955e+00 -7.5609e-01
68 0 +4.202432835e-02 +4.202432835e-02 +2.823202433e+01 +2.823202433e+01 +1.5483e+00 -7.1715e-01
108 0 +6.636954513e-03 +6.636954513e-03 +2.819663695e+01 +2.819663695e+01 +1.9729e+00 -7.2119e-01
112 0 +3.418998528e-03 +3.418998528e-03 +2.819341900e+01 +2.819341900e+01 +1.7050e+00 -7.3586e-01
159 0 +2.724461487e-03 +2.724461487e-03 +2.819272446e+01 +2.819272446e+01 +1.8596e+00 -7.2092e-01
192 0 +2.160951805e-03 +2.160951805e-03 +2.819216095e+01 +2.819216095e+01 +1.7924e+00 -7.3109e-01
209 0 +1.010728080e-03 +1.010728080e-03 +2.819101073e+01 +2.819101073e+01 +1.7810e+00 -7.3076e-01
211 0 +3.174825374e-04 +3.174825374e-04 +2.819031748e+01 +2.819031748e+01 +1.7964e+00 -7.2887e-01
300 0 +2.074587278e-04 +2.074587278e-04 +2.819020746e+01 +2.819020746e+01 +1.7965e+00 -7.2858e-01
308 0 +9.002334670e-05 +9.002334670e-05 +2.819009002e+01 +2.819009002e+01 +1.8105e+00 -7.2752e-01
400 0 +7.219095345e-05 +7.219095345e-05 +2.819007219e+01 +2.819007219e+01 +1.8145e+00 -7.2723e-01
440 0 +6.461639098e-05 +6.461639098e-05 +2.819006462e+01 +2.819006462e+01 +1.8152e+00 -7.2714e-01
473 0 +6.177710832e-05 +6.177710832e-05 +2.819006178e+01 +2.819006178e+01 +1.8168e+00 -7.2700e-01
478 0 +5.741600333e-05 +5.741600333e-05 +2.819005742e+01 +2.819005742e+01 +1.8168e+00 -7.2703e-01
538 0 +5.577206755e-05 +5.577206755e-05 +2.819005577e+01 +2.819005577e+01 +1.8171e+00 -7.2700e-01
572 0 +5.427110838e-05 +5.427110838e-05 +2.819005427e+01 +2.819005427e+01 +1.8176e+00 -7.2697e-01
579 0 +5.328268464e-05 +5.328268464e-05 +2.819005328e+01 +2.819005328e+01 +1.8177e+00 -7.2695e-01
597 0 +4.867538200e-05 +4.867538200e-05 +2.819004868e+01 +2.819004868e+01 +1.8189e+00 -7.2686e-01
639 0 +4.780702864e-05 +4.780702864e-05 +2.819004781e+01 +2.819004781e+01 +1.8190e+00 -7.2685e-01
645 0 +4.573052306e-05 +4.573052306e-05 +2.819004573e+01 +2.819004573e+01 +1.8197e+00 -7.2679e-01
646 0 +4.565828580e-05 +4.565828580e-05 +2.819004566e+01 +2.819004566e+01 +1.8196e+00 -7.2681e-01
716 0 +4.318630716e-05 +4.318630716e-05 +2.819004319e+01 +2.819004319e+01 +1.8203e+00 -7.2674e-01
754 0 +4.176097248e-05 +4.176097248e-05 +2.819004176e+01 +2.819004176e+01 +1.8206e+00 -7.2672e-01
793 0 +4.160127765e-05 +4.160127765e-05 +2.819004160e+01 +2.819004160e+01 +1.8208e+00 -7.2670e-01
874 0 +4.071219590e-05 +4.071219590e-05 +2.819004071e+01 +2.819004071e+01 +1.8209e+00 -7.2670e-01
% f evaluations | g evaluations | best noise-free fitness - Fopt | noise-free fitness - Fopt (-9.925000000000e+01) | measured fitness | best measured fitness | x1 | x2...
1 0 +1.260599144e+02 +1.260599144e+02 +2.680991444e+01 +2.680991444e+01 -8.0420e-01 +4.1766e-01
2 0 +4.786832799e+01 +4.786832799e+01 -5.138167201e+01 -5.138167201e+01 +3.9244e+00 +2.3493e+00
4 0 +1.544762902e+01 +1.544762902e+01 -8.380237098e+01 -8.380237098e+01 +6.9052e-01 -1.6170e+00
8 0 +4.631658784e+00 +4.631658784e+00 -9.461834122e+01 -9.461834122e+01 +4.8087e+00 -3.6059e+00
10 0 +1.011767935e+00 +1.011767935e+00 -9.823823206e+01 -9.823823206e+01 +3.1521e+00 -3.0432e+00
19 0 +8.205269924e-01 +8.205269924e-01 -9.842947301e+01 -9.842947301e+01 +2.8664e+00 -2.9881e+00
25 0 +2.299085573e-01 +2.299085573e-01 -9.902009144e+01 -9.902009144e+01 +2.4063e+00 -3.3586e+00
52 0 +3.456221920e-02 +3.456221920e-02 -9.921543778e+01 -9.921543778e+01 +2.4685e+00 -3.7854e+00
139 0 +8.322497477e-03 +8.322497477e-03 -9.924167750e+01 -9.924167750e+01 +2.3774e+00 -3.6849e+00
166 0 +7.557797662e-03 +7.557797662e-03 -9.924244220e+01 -9.924244220e+01 +2.3779e+00 -3.7007e+00
187 0 +4.078621612e-03 +4.078621612e-03 -9.924592138e+01 -9.924592138e+01 +2.3592e+00 -3.6736e+00
216 0 +3.657022669e-03 +3.657022669e-03 -9.924634298e+01 -9.924634298e+01 +2.3479e+00 -3.6611e+00
225 0 +3.484276667e-03 +3.484276667e-03 -9.924651572e+01 -9.924651572e+01 +2.3566e+00 -3.6677e+00
235 0 +2.936488509e-03 +2.936488509e-03 -9.924706351e+01 -9.924706351e+01 +2.3498e+00 -3.6578e+00
264 0 +2.323200943e-03 +2.323200943e-03 -9.924767680e+01 -9.924767680e+01 +2.3389e+00 -3.6477e+00
276 0 +2.177509269e-03 +2.177509269e-03 -9.924782249e+01 -9.924782249e+01 +2.3417e+00 -3.6480e+00
302 0 +1.914382120e-03 +1.914382120e-03 -9.924808562e+01 -9.924808562e+01 +2.3355e+00 -3.6396e+00
319 0 +1.542760346e-03 +1.542760346e-03 -9.924845724e+01 -9.924845724e+01 +2.3343e+00 -3.6396e+00
330 0 +1.409963504e-03 +1.409963504e-03 -9.924859004e+01 -9.924859004e+01 +2.3284e+00 -3.6334e+00
380 0 +1.215049375e-03 +1.215049375e-03 -9.924878495e+01 -9.924878495e+01 +2.3287e+00 -3.6322e+00
449 0 +1.147511516e-03 +1.147511516e-03 -9.924885249e+01 -9.924885249e+01 +2.3276e+00 -3.6309e+00
473 0 +1.099155786e-03 +1.099155786e-03 -9.924890084e+01 -9.924890084e+01 +2.3267e+00 -3.6298e+00
527 0 +1.095817098e-03 +1.095817098e-03 -9.924890418e+01 -9.924890418e+01 +2.3264e+00 -3.6299e+00
572 0 +1.057710616e-03 +1.057710616e-03 -9.924894229e+01 -9.924894229e+01 +2.3259e+00 -3.6288e+00
698 0 +1.046348039e-03 +1.046348039e-03 -9.924895365e+01 -9.924895365e+01 +2.3257e+00 -3.6288e+00
