% f evaluations | g evaluations | best noise-free fitness - Fopt | noise-free fitness - Fopt (7.627000000000e+01) | measured fitness | best measured fitness | x1 | x2...
1 0 +4.038220362e+06 +4.038220362e+06 +4.038296632e+06 +4.038296632e+06 +4.5646e+00 -2.3747e+00 -3.4155e+00 -4.1483e+00 -1.9310e+00 -3.5989e+00 -2.6835e+00 -3.4395e+00 -3.9248e+00 +2.9469e+00 +4.3412e+00 -3.1424e+00 -3.2165e+00 -1.9352e+00 +3.1114e+00 +4.8669e+00 -1.4405e-01 +2.6264e+00 -2.7704e+00 +6.1301e-01
3 0 +5.162722814e+04 +5.162722814e+04 +5.170349814e+04 +5.170349814e+04 +9.1832e-01 +4.2163e+00 +1.5760e+00 -1.2988e+00 +4.2867e+00 -9.6709e-01 +1.7372e+00 +8.5981e-01 +4.2278e+00 -4.5003e+00 -2.6450e-01 +4.9314e+00 +8.3104e-01 -3.4995e+00 -2.9695e+00 -4.6310e+00 -6.1233e-01 -1.1400e-02 +5.6261e-01 -4.5483e+00
33 0 +2.682900350e+04 +2.682900350e+04 +2.690527350e+04 +2.690527350e+04 -4.8243e+00 -2.9779e+00 -1.6292e+00 -2.3139e+00 +9.4465e-01 -1.7159e+00 +3.1558e+00 +1.2919e+00 +1.3676e+00 -4.5493e+00 +2.7198e+00 -1.5245e-01 -4.2207e+00 -4.1393e-01 -3.4740e+00 -2.5396e+00 -3.6736e+00 -3.4137e-01 -2.6758e+00 -8.9198e-01
65 0 +1.821782037e+04 +1.821782037e+04 +1.829409037e+04 +1.829409037e+04 -4.7791e+00 -5.0000e+00 -3.0649e-01 -3.1910e+00 +7.8710e-01 -1.2686e+00 +2.5965e+00 +5.2701e-01 +9.2610e-01 -4.4885e+00 +2.8646e+00 -1.0781e+00 -4.2234e+00 +8.1887e-01 -2.7560e+00 -2.5058e+00 -1.4565e+00 -1.2588e+00 -2.6547e+00 -1.0068e+00
73 0 +3.883934534e+03 +3.883934534e+03 +3.960204534e+03 +3.960204534e+03 -5.0000e+00 -3.6392e+00 -2.1968e+00 -4.0112e+00 +2.0654e+00 -2.6734e+00 +3.4160e+00 +1.1294e+00 +2.5414e+00 -5.0000e+00 +1.4295e+00 -7.4673e-02 -5.0000e+00 -4.3165e-01 -9.4151e-01 -2.2221e+00 -7.5927e-01 +4.1503e-02 -2.5848e+00 -2.2019e+00
99 0 +3.706903993e+03 +3.706903993e+03 +3.783173993e+03 +3.783173993e+03 -4.5230e+00 -5.0000e+00 -1.1159e+00 -4.1589e+00 +1.6643e+00 -1.2933e+00 +4.0488e+00 +5.0000e+00 +1.4780e+00 -5.0000e+00 +1.6351e+00 -5.0232e-01 -4.2183e+00 -6.1731e-01 -3.7711e+00 -3.1643e+00 -5.0000e+00 -4.4066e-01 -1.3809e+00 -2.0841e+00
122 0 +6.367479443e+02 +6.367479443e+02 +7.130179443e+02 +7.130179443e+02 -4.3299e+00 -4.0612e+00 -1.2632e+00 -2.9825e+00 +1.4400e+00 -1.1914e+00 +3.5283e+00 +5.0000e+00 +1.4223e+00 -5.0000e+00 +1.6897e+00 -5.6372e-01 -4.1720e+00 -1.1843e-01 -3.9226e+00 -3.1358e+00 -5.0000e+00 -4.0586e-01 -1.5241e+00 -1.1544e+00
202 0 +3.859923234e+02 +3.859923234e+02 +4.622623234e+02 +4.622623234e+02 -4.3920e+00 -3.5342e+00 -1.3154e+00 -3.2990e+00 +1.4390e+00 -1.1847e+00 +3.8064e+00 +5.0000e+00 +1.5357e+00 -4.5292e+00 +1.6748e+00 -5.9150e-01 -4.1355e+00 -1.1900e-01 -4.0378e+00 -3.0885e+00 -5.0000e+00 -7.2457e-01 -1.4250e+00 -1.1712e+00
218 0 +2.223067603e+02 +2.223067603e+02 +2.985767603e+02 +2.985767603e+02 -4.3592e+00 -3.5529e+00 -1.3486e+00 -3.3785e+00 +1.6291e+00 -1.2589e+00 +3.8316e+00 +5.0000e+00 +1.4665e+00 -4.1788e+00 +1.6741e+00 -5.9114e-01 -4.0775e+00 -6.3683e-02 -3.9875e+00 -2.9896e+00 -5.0000e+00 -8.5631e-01 -1.5315e+00 -1.2420e+00
279 0 +2.051278878e+02 +2.051278878e+02 +2.813978878e+02 +2.813978878e+02 -4.3503e+00 -3.5741e+00 -1.3730e+00 -3.3639e+00 +1.9863e+00 -1.2478e+00 +3.8178e+00 +5.0000e+00 +1.4747e+00 -4.0706e+00 +1.6648e+00 -5.9109e-01 -4.1034e+00 -5.6644e-02 -3.9813e+00 -3.0169e+00 -5.0000e+00 -8.6764e-01 -1.6590e+00 -1.2271e+00
280 0 +1.973238770e+02 +1.973238770e+02 +2.735938770e+02 +2.735938770e+02 -4.3861e+00 -3.5541e+00 -1.3302e+00 -3.4300e+00 +1.5594e+00 -1.2706e+00 +3.8299e+00 +4.9329e+00 +1.4604e+00 -4.0127e+00 +1.6709e+00 -5.9149e-01 -4.0953e+00 -8.0471e-02 -3.9798e+00 -3.0014e+00 -5.0000e+00 -8.7837e-01 -1.5659e+00 -1.1267e+00
333 0 +1.935700282e+02 +1.935700282e+02 +2.698400282e+02 +2.698400282e+02 -4.4030e+00 -3.5477e+00 -1.3296e+00 -3.4118e+00 +1.5342e+00 -1.2815e+00 +3.8191e+00 +4.9406e+00 +1.4601e+00 -3.9925e+00 +1.6707e+00 -5.9139e-01 -4.1080e+00 -7.9817e-02 -4.0056e+00 -2.9886e+00 -5.0000e+00 -8.8326e-01 -1.5682e+00 -1.0474e+00
% f evaluations | g evaluations | best noise-free fitness - Fopt | noise-free fitness - Fopt (-2.255000000000e+01) | measured fitness | best measured fitness | x1 | x2...
1 0 +1.527613911e+07 +1.527613911e+07 +1.527611656e+07 +1.527611656e+07 -5.0520e-01 +3.5371e+00 +2.5481e+00 +2.1311e-01 -3.8913e+00 -4.7918e+00 -2.5454e+00 -3.7456e+00 -1.8222e+00 -1.7905e+00 -1.3416e-01 -1.1754e+00 +3.2569e+00 -5.0950e-01 +3.3604e+00 +1.2857e+00 +8.5022e-01 -4.4496e-01 -2.4662e+00 +2.4308e+00
2 0 +1.766547584e+06 +1.766547584e+06 +1.766525034e+06 +1.766525034e+06 -1.3977e+00 +1.4969e+00 +8.3710e-01 -4.9958e-01 +1.8456e+00 +2.4619e+00 +4.9172e+00 +4.5782e+00 -2.6935e+00 +7.2329e-01 -3.1962e+00 -4.5429e+00 +8.2162e-01 -3.0643e+00 +1.1815e+00 -4.5613e+00 -2.9082e+00 +2.5719e-01 +2.3175e+00 +3.9104e+00
6 0 +3.282490669e+05 +3.282490669e+05 +3.282265169e+05 +3.282265169e+05 -1.1390e-01 -1.9102e+00 -4.3476e-01 +1.5188e+00 -3.1315e+00 +3.9067e+00 -2.3187e+00 +3.1649e+00 -4.8660e+00 +2.2152e+00 +1.9044e+00 +2.4913e+00 -4.2426e+00 -3.5615e+00 +6.6263e-01 -1.1245e+00 -2.3266e-01 +2.3684e+00 +3.6647e+00 +1.3298e+00
25 0 +6.828529488e+03 +6.828529488e+03 +6.805979488e+03 +6.805979488e+03 +4.2630e+00 +1.5061e-01 -4.8066e+00 -4.7147e+00 -7.8927e-01 +2.6954e+00 -2.1920e+00 +3.8357e+00 -2.9971e+00 +2.2792e+00 +4.4700e+00 +1.4471e+00 -4.6263e+00 -1.1310e+00 +4.2154e+00 +3.4201e+00 -3.1919e+00 +4.4250e+00 -8.2114e-01 -3.6756e+00
26 0 +5.465920633e+03 +5.465920633e+03 +5.443370633e+03 +5.443370633e+03 +4.9182e+00 +3.2403e+00 +4.1454e+00 +4.7196e+00 +5.3310e-01 +3.1561e+00 -1.1355e-01 -1.5859e+00 -4.6571e+00 +1.6332e+00 +2.4064e+00 +3.1438e+00 -4.0562e+00 -2.1169e+00 -2.9679e+00 -1.4729e+00 -2.4484e+00 +2.7012e+00 -3.1065e+00 -1.3802e+00
34 0 +2.553468258e+03 +2.553468258e+03 +2.530918258e+03 +2.530918258e+03 +1.5744e+00 -6.6554e-01 -3.0352e+00 -2.9369e+00 +2.7707e+00 -4.4461e-01 -3.4451e+00 +1.0081e+00 +3.5656e+00 +6.7455e-01 -4.2306e+00 -1.4466e+00 +2.2893e+00 +3.1394e+00 +2.1035e+00 +3.3084e+00 +4.3513e+00 +4.7467e+00 -1.1253e+00 -2.7933e-01
108 0 +2.142703460e+03 +2.142703460e+03 +2.120153460e+03 +2.120153460e+03 +1.8886e+00 -9.4430e-01 -2.9581e+00 -2.9794e+00 +1.9191e+00 +9.7701e-01 -3.4246e+00 +9.9841e-01 +3.7213e+00 +6.0458e-01 -4.1355e+00 -1.6460e+00 +1.3333e+00 +2.3731e+00 +2.0562e+00 +3.3742e+00 +4.5515e+00 +4.7820e+00 -1.2073e+00 -1.0934e-01
143 0 +6.522979966e+02 +6.522979966e+02 +6.297479966e+02 +6.297479966e+02 +1.8373e+00 -5.1295e-01 -3.0027e+00 -3.1328e+00 +2.9797e+00 -2.5503e-01 -3.2134e+00 +1.0385e+00 +3.9002e+00 +7.0707e-01 -4.1805e+00 -1.0018e+00 +2.2982e+00 +3.2277e+00 +2.1379e+00 +1.7495e+00 +4.6214e+00 +4.7470e+00 -7.1969e-01 -4.7930e-02
166 0 +2.696582088e+02 +2.696582088e+02 +2.471082088e+02 +2.471082088e+02 +1.7886e+00 -5.3231e-01 -2.9408e+00 -2.9028e+00 +2.9099e+00 -2.1782e-01 -3.2439e+00 +1.0454e+00 +3.9624e+00 +7.2711e-01 -4.1778e+00 -9.6390e-01 +2.2894e+00 +3.2271e+00 +1.9695e+00 +1.0800e+00 +4.4578e+00 +4.7208e+00 -5.2193e-01 -1.5905e-01
204 0 +2.197898943e+02 +2.197898943e+02 +1.972398943e+02 +1.972398943e+02 +1.1012e+00 -4.5234e-01 -2.9748e+00 -2.8598e+00 +3.0798e+00 +2.2857e-01 -3.2817e+00 +9.7981e-01 +2.7005e+00 +6.9098e-01 -4.3058e+00 -7.0518e-01 +2.3295e+00 +3.1803e+00 +2.0669e+00 +1.7664e+00 +4.6192e+00 +4.7575e+00 -6.3528e-01 -1.2561e-01
320 0 +2.187531125e+02 +2.187531125e+02 +1.962031125e+02 +1.962031125e+02 +1.1161e+00 -4.4382e-01 -2.9749e+00 -2.8614e+00 +3.0799e+00 +2.2893e-01 -3.2914e+00 +9.8005e-01 +2.7664e+00 +6.9083e-01 -4.3062e+00 -6.9880e-01 +2.3272e+00 +3.1808e+00 +2.0669e+00 +1.7865e+00 +4.6200e+00 +4.7576e+00 -6.3528e-01 -1.2649e-01
% f evaluations | g evaluations | best noise-free fitness - Fopt | noise-free fitness - Fopt (1.366000000000e+01) | measured fitness | best measured fitness | x1 | x2...
1 0 +2.051518293e+06 +2.051518293e+06 +2.051531953e+06 +2.051531953e+06 +9.3361e-01 +4.1135e+00 -1.8777e+00 -3.0329e+00 -3.9518e+00 -3.3501e+00 +1.1055e+00 -8.1981e-01 -2.5249e+00 -2.8778e+00 +1.2601e+00 +2.6604e+00 -3.4125e+00 -4.3848e+00 +4.2743e+00 -4.5625e+00 +1.3958e+00 -2.0259e+00 +4.7947e+00 +4.7111e+00
4 0 +2.199745730e+04 +2.199745730e+04 +2.201111730e+04 +2.201111730e+04 +3.8271e+00 +4.1153e-01 +1.5503e+00 +1.4582e+00 -2.3087e+00 +8.5229e-01 -1.1769e-01 -1.4133e+00 -4.3227e+00 +1.9316e+00 +2.8945e+00 -2.0895e+00 -1.8659e+00 +4.6193e+00 -4.4846e+00 +6.9760e-01 -4.3839e+00 +3.3588e+00 -2.8287e+00 -4.9661e+00
5 0 +3.542806370e+02 +3.542806370e+02 +3.679406370e+02 +3.679406370e+02 -3.8937e+00 -2.2505e+00 -1.6323e+00 +1.4498e+00 +1.7444e+00 +9.0292e-01 +1.7411e+00 -1.9343e+00 -3.3130e+00 +4.1169e+00 +3.4462e+00 +1.8764e+00 +1.0715e+00 +1.2249e+00 +1.3200e+00 +4.5141e+00 +4.3009e+00 -4.5132e-02 -1.7227e+00 +4.8551e+00
278 0 +3.465352026e+02 +3.465352026e+02 +3.601952026e+02 +3.601952026e+02 -3.9213e+00 -2.2434e+00 -1.6225e+00 +1.4504e+00 +1.8049e+00 +9.2002e-01 +1.7358e+00 -1.9312e+00 -3.3859e+00 +3.8835e+00 +3.5560e+00 +1.8735e+00 +1.2483e+00 +1.2201e+00 +1.3141e+00 +4.3092e+00 +4.2876e+00 -6.1079e-02 -1.7154e+00 +4.6437e+00
% f evaluations | g evaluations | best noise-free fitness - Fopt | noise-free fitness - Fopt (9.378400000000e+02) | measured fitness | best measured fitness | x1 | x2...
1 0 +4.269627834e+07 +4.269627834e+07 +4.269721618e+07 +4.269721618e+07 -3.7847e+00 +6.9528e-01 +2.9093e+00 -1.4892e+00 +2.2981e+00 -1.4350e+00 -2.4155e+00 +3.6617e+00 -4.4608e+00 -3.0149e+00 -3.7050e+00 +7.9480e-01 -2.3471e+00 +4.9905e+00 -4.5361e-01 +3.2009e+00 -1.3783e+00 -4.8827e+00 -3.4397e+00 +2.2929e+00
2 0 +2.031898253e+06 +2.031898253e+06 +2.032836093e+06 +2.032836093e+06 -3.3237e+00 +3.5149e+00 -3.8579e+00 -1.0273e+00 +8.6452e-01 +2.9593e+00 -4.4679e+00 +2.1026e+00 +1.4601e+00 +3.3290e+00 +1.9664e+00 +3.4378e+00 +1.4461e+00 -3.4113e-01 -2.8667e+00 -2.1584e+00 -3.4183e+00 -2.8172e-01 -4.2516e+00 -2.3703e+00
4 0 +1.752067574e+06 +1.752067574e+06 +1.753005414e+06 +1.753005414e+06 +3.4111e+00 +1.9853e+00 +1.9856e+00 +2.9691e+00 +2.9280e+00 +2.1450e+00 -4.3203e+00 -4.4550e+00 -4.2937e+00 +4.2948e+00 -4.5667e+00 -1.9857e+00 +2.8333e+00 +3.5629e+00 +3.0334e+00 +3.3202e+00 -3.4489e+00 +1.6119e+00 +5.9547e-01 +5.9640e-01
5 0 +5.671492184e+02 +5.671492184e+02 +1.504989218e+03 +1.504989218e+03 +1.5633e+00 -4.7113e+00 -4.4993e+00 +2.9096e-01 -2.3970e+00 -2.8066e+00 +1.1135e+00 +3.9876e+00 -1.6336e-01 -4.6855e+00 -4.0600e+00 +4.9383e-01 -3.8334e+00 +4.9871e+00 +4.8528e+00 +2.4406e+00 +3.9154e+00 -1.5089e+00 +6.4297e-01 +4.9729e+00
118 0 +4.164070586e+02 +4.164070586e+02 +1.354247059e+03 +1.354247059e+03 +1.4462e+00 -5.0000e+00 -4.5403e+00 +1.9434e-01 -2.3290e+00 -2.8947e+00 +1.1255e+00 +3.9495e+00 -9.0391e-01 -4.5250e+00 -4.1640e+00 +4.3901e-01 -3.6932e+00 +4.9866e+00 +4.9194e+00 +2.6344e+00 +3.8832e+00 -1.5191e+00 +5.5630e-01 +4.6410e+00
166 0 +3.775942806e+02 +3.775942806e+02 +1.315434281e+03 +1.315434281e+03 +1.7066e+00 -5.0000e+00 -4.5287e+00 +2.0827e-01 -2.3211e+00 -2.7224e+00 +1.2107e+00 +3.9524e+00 -6.7084e-01 -4.5973e+00 -3.9412e+00 +1.0047e+00 -3.6919e+00 +4.9897e+00 +4.9132e+00 +3.3677e+00 +3.9914e+00 -1.5296e+00 +5.8311e-01 +4.6016e+00
349 0 +3.713871738e+02 +3.713871738e+02 +1.309227174e+03 +1.309227174e+03 +1.6769e+00 -5.0000e+00 -4.4861e+00 +2.3383e-01 -2.3408e+00 -2.6474e+00 +1.1697e+00 +4.0413e+00 -6.9124e-01 -4.5999e+00 -3.9006e+00 +1.2194e+00 -3.6913e+00 +4.9903e+00 +4.9130e+00 +3.2407e+00 +3.9085e+00 -1.4974e+00 +5.8499e-01 +4.6111e+00
% f evaluations | g evaluations | best noise-free fitness - Fopt | noise-free fitness - Fopt (-7.872000000000e+01) | measured fitness | best measured fitness | x1 | x2...
1 0 +1.391775173e+06 +1.391775173e+06 +1.391696453e+06 +1.391696453e+06 -2.5860e+00 -2.4416e+00 -4.8977e+00 +2.9988e+00 +1.9913e-01 -9.4315e-01 +1.6426e+00 +6.9217e-01 -7.8908e-01 +6.7867e-02 -2.9229e+00 -3.5725e+00 -3.4364e+00 +3.9824e+00 +1.1796e+00 +2.2488e+00 -1.6154e+00 -1.6036e+00 -9.3609e-01 -3.4223e+00
10 0 +5.255740520e+05 +5.255740520e+05 +5.254953320e+05 +5.254953320e+05 +4.9750e+00 +3.1226e-01 -3.5095e+00 +2.7787e+00 -4.1671e+00 +2.6480e+00 +2.2557e+00 +3.8081e+00 +3.4078e+00 -9.2393e-02 -3.7811e+00 -3.5482e+00 -3.4755e+00 +1.4955e+00 -5.2454e-01 +1.5640e+00 -4.7624e+00 -1.7020e+00 +3.8948e+00 -6.1095e-01
12 0 +3.508503802e+05 +3.508503802e+05 +3.507716602e+05 +3.507716602e+05 +4.5324e+00 +4.3321e+00 +4.9827e+00 +2.4308e+00 +1.2037e+00 -3.1836e+00 +2.6239e+00 -2.8828e+00 -1.8710e+00 -1.5006e+00 +4.9870e+00 +2.7916e-01 +7.8319e-01 -3.3258e+00 -2.6985e+00 -2.1949e+00 +1.3249e+00 +2.7480e+00 +1.0671e+00 -4.3875e+00
15 0 +8.994561447e+02 +8.994561447e+02 +8.207361447e+02 +8.207361447e+02 -4.7000e+00 +5.6909e-02 +1.4564e+00 +1.5841e-01 +3.7837e+00 -4.4679e+00 +1.3239e+00 +2.4503e+00 -4.6642e-02 +1.8946e+00 -3.7279e+00 +2.1409e+00 -5.0430e-01 -1.8679e+00 +4.2999e+00 -3.7897e+00 +3.5444e+00 +3.1725e+00 -8.2061e-01 +8.6349e-01
109 0 +2.051862965e+02 +2.051862965e+02 +1.264662965e+02 +1.264662965e+02 -4.6419e+00 +1.1574e-02 +1.4558e+00 +1.5283e-01 +3.9597e+00 -4.4310e+00 +1.7803e+00 +2.5486e+00 -4.3062e-02 -2.5555e-01 -4.4194e+00 +2.2648e+00 -3.2879e-01 -1.5212e+00 +4.3033e+00 -4.0302e+00 +2.5391e+00 +3.1735e+00 -9.5072e-01 +5.1546e-01
209 0 +2.008123743e+02 +2.008123743e+02 +1.220923743e+02 +1.220923743e+02 -4.6331e+00 +1.0398e-02 +1.4549e+00 +1.5266e-01 +3.8720e+00 -4.4874e+00 +1.6622e+00 +2.5534e+00 -1.1590e-01 -2.8827e-01 -4.3283e+00 +2.2647e+00 -3.3364e-01 -1.5577e+00 +4.3014e+00 -4.0624e+00 +2.5417e+00 +3.1742e+00 -9.2941e-01 +5.1808e-01
899 0 +1.995053460e+02 +1.995053460e+02 +1.207853460e+02 +1.207853460e+02 -4.6352e+00 +8.4676e-03 +1.4507e+00 +1.8751e-01 +3.8228e+00 -4.4843e+00 +1.6704e+00 +2.5506e+00 -1.2479e-01 -3.0398e-01 -4.3400e+00 +2.2672e+00 -3.4521e-01 -1.5417e+00 +4.3020e+00 -4.0573e+00 +2.5441e+00 +3.1746e+00 -9.4332e-01 +5.1574e-01
% f evaluations | g evaluations | best noise-free fitness - Fopt | noise-free fitness - Fopt (-4.151000000000e+01) | measured fitness | best measured fitness | x1 | x2...
1 0 +4.571173626e+06 +4.571173626e+06 +4.571132116e+06 +4.571132116e+06 +4.3051e+00 +4.4270e+00 +1.3610e+00 +2.7153e-01 -2.4247e+00 -2.1760e+00 +4.1167e+00 -7.5416e-01 -3.7897e-01 -4.2942e+00 +2.1844e-01 -2.3562e+00 -2.4438e+00 +5.9573e-01 -1.7047e+00 -4.5680e+00 +2.8244e+00 +2.9339e+00 -3.4002e+00 +2.7297e+00
3 0 +5.936312830e+04 +5.936312830e+04 +5.932161830e+04 +5.932161830e+04 -3.4980e+00 +2.6225e+00 +3.7017e+00 +8.3315e-02 -2.1205e+00 +2.3976e+00 -8.3531e-01 +5.7696e-01 +4.3073e+00 -1.4134e-02 -1.3920e+00 +4.7667e+00 +1.1825e+00 +2.5992e+00 +1.9711e+00 -4.8503e+00 +2.3345e+00 -1.6883e+00 -1.9514e+00 +2.2735e+00
22 0 +4.363869276e+04 +4.363869276e+04 +4.359718276e+04 +4.359718276e+04 -2.0048e+00 -7.7188e-01 +3.6204e-02 +2.0875e+00 +3.1991e+00 -3.0495e+00 -1.3414e+00 +4.8350e+00 +3.8759e-02 +4.5969e+00 +3.5320e+00 +4.1640e+00 +4.3446e+00 -4.2892e+00 -1.5718e+00 -2.9545e+00 -4.3052e+00 +2.4726e+00 -6.3228e-01 +4.7651e+00
60 0 +8.087452484e+03 +8.087452484e+03 +8.045942484e+03 +8.045942484e+03 +1.0400e+00 -5.7310e-01 -4.3033e-01 +2.0709e+00 -3.4834e+00 -5.0000e+00 -5.7581e-01 +3.0109e+00 -6.4434e-01 +5.0000e+00 +4.1071e+00 +4.0408e+00 +2.4813e+00 -5.0000e+00 -1.5679e+00 -2.5809e+00 -1.5047e+00 +4.0065e+00 +7.2645e-01 +3.3516e+00
64 0 +6.995444174e+02 +6.995444174e+02 +6.580344174e+02 +6.580344174e+02 -1.8789e+00 -1.2506e+00 -6.1077e-01 +2.7389e+00 +2.1169e+00 -5.0000e+00 -5.0000e+00 +2.6245e+00 -2.5670e+00 +4.7965e+00 +3.7164e+00 +4.3345e+00 +3.4689e+00 -4.8168e+00 -1.1495e+00 -2.6453e+00 -3.9355e+00 +1.8591e+00 -6.5440e-01 +2.0748e+00
115 0 +6.907274510e+02 +6.907274510e+02 +6.492174510e+02 +6.492174510e+02 -2.1377e+00 -1.3970e+00 -3.6208e-01 +2.7220e+00 +1.0378e+00 -5.0000e+00 -3.9208e+00 +1.1354e+00 -1.4910e+00 +5.0000e+00 +4.3965e+00 +4.5094e+00 +3.4921e+00 -4.7165e+00 -1.1547e+00 -2.6319e+00 -4.7696e+00 +2.5288e+00 -6.5358e-01 +1.8915e+00
158 0 +1.906789662e+02 +1.906789662e+02 +1.491689662e+02 +1.491689662e+02 -2.1122e+00 -1.3595e+00 -3.1653e-01 +2.4830e+00 +6.1238e-01 -5.0000e+00 -3.9390e+00 +2.0154e+00 -1.7844e+00 +4.8164e+00 +4.4142e+00 +4.6442e+00 +3.4690e+00 -4.7082e+00 -1.1170e+00 -2.1046e+00 -4.3995e+00 +2.3706e+00 -6.5688e-01 +1.9023e+00
218 0 +1.773112037e+02 +1.773112037e+02 +1.358012037e+02 +1.358012037e+02 -2.1219e+00 -1.3839e+00 -4.2518e-01 +2.4557e+00 +6.5471e-01 -5.0000e+00 -3.8982e+00 +1.7382e+00 -1.5502e+00 +4.8998e+00 +4.4144e+00 +4.6874e+00 +3.4683e+00 -4.8376e+00 -1.1061e+00 -2.2379e+00 -4.4028e+00 +2.3589e+00 -6.6711e-01 +1.7987e+00
321 0 +1.720130731e+02 +1.720130731e+02 +1.305030731e+02 +1.305030731e+02 -2.1223e+00 -1.3723e+00 -4.9105e-01 +2.4562e+00 +6.6722e-01 -5.0000e+00 -3.8956e+00 +1.7465e+00 -1.5674e+00 +4.9016e+00 +4.3664e+00 +4.6867e+00 +3.4674e+00 -4.7883e+00 -1.1061e+00 -2.2398e+00 -4.4097e+00 +2.3572e+00 -6.6644e-01 +1.7888e+00
% f evaluations | g evaluations | best noise-free fitness - Fopt | noise-free fitness - Fopt (1.320700000000e+02) | measured fitness | best measured fitness | x1 | x2...
1 0 +4.326215939e+05 +4.326215939e+05 +4.327536639e+05 +4.327536639e+05 -8.3709e-02 +2.5203e+00 -4.5888e+00 +3.0701e+00 +3.3325e+00 +4.3933e+00 +3.0205e+00 -2.0006e+00 +4.1119e+00 -1.0786e+00 +2.7840e+00 +3.0650e+00 -3.5248e+00 +3.8844e+00 +4.4932e+00 -7.8773e-01 -3.7598e+00 +1.9183e+00 +4.2476e+00 +1.1857e+00
2 0 +4.251839233e+05 +4.251839233e+05 +4.253159933e+05 +4.253159933e+05 -2.3455e+00 -1.0481e+00 +2.7567e+00 -4.4279e+00 -2.9274e+00 -2.6323e+00 -1.8420e+00 -1.8369e+00 -3.5923e+00 +4.1967e+00 -3.7948e+00 +2.2075e+00 -4.2745e+00 -3.1341e+00 +4.4471e+00 +2.6925e-01 +1.0216e+00 -1.9922e+00 +1.6474e+00 +1.1460e+00
6 0 +2.733631834e+05 +2.733631834e+05 +2.734952534e+05 +2.734952534e+05 -1.1922e+00 -2.8212e+00 +3.2754e+00 +5.6658e-01 +2.1428e+00 +4.8679e+00 -2.4211e+00 +4.4152e+00 +2.6211e+00 +7.1450e-01 +5.4325e-01 -3.6833e+00 +3.7290e+00 -3.4264e+00 +3.2100e+00 -7.4509e-01 -7.3627e-02 +4.5766e+00 +4.4549e+00 +4.6541e+00
57 0 +6.532211283e+04 +6.532211283e+04 +6.545418283e+04 +6.545418283e+04 -1.3736e+00 -3.1513e+00 +3.9230e+00 +1.5807e+00 +1.8607e+00 +5.0000e+00 +1.6144e+00 +3.8108e+00 -7.8403e-02 +5.1467e-01 +4.6978e-01 -3.0405e+00 +3.1500e+00 -4.3168e+00 +4.9579e+00 +1.5142e+00 -1.2453e+00 +4.6966e+00 +4.1737e+00 +4.3534e+00
62 0 +1.173132278e+03 +1.173132278e+03 +1.305202278e+03 +1.305202278e+03 -9.0546e-01 -2.3393e+00 +3.6597e+00 +1.3828e+00 +2.1695e+00 +7.0828e-01 -2.3167e+00 +5.0000e+00 +2.6194e+00 +2.1994e+00 +8.2744e-01 -5.0000e+00 +3.7629e+00 -2.2066e+00 +3.2424e+00 -6.4235e-01 -1.6511e-01 +4.3071e+00 +5.0000e+00 +5.0000e+00
108 0 +3.298860129e+02 +3.298860129e+02 +4.619560129e+02 +4.619560129e+02 -8.2450e-01 -2.3734e+00 +3.3248e+00 +1.2649e+00 +2.1692e+00 +7.9296e-01 -2.3278e+00 +4.5081e+00 +2.6194e+00 +3.1009e+00 +8.6737e-01 -5.0000e+00 +3.7584e+00 -1.9991e+00 +3.2192e+00 -6.1711e-01 -1.7087e-01 +4.4033e+00 +5.0000e+00 +4.8343e+00
120 0 +3.197510055e+02 +3.197510055e+02 +4.518210055e+02 +4.518210055e+02 -1.6297e+00 -2.3529e+00 +3.9825e+00 +9.0421e-01 +1.6714e+00 +1.4990e+00 -2.0691e+00 +5.0000e+00 +2.6286e+00 +9.1306e-01 +2.3342e+00 -4.6052e+00 +3.7639e+00 -2.7477e+00 +3.2622e+00 -5.1892e-01 -1.5405e-01 +4.8644e+00 +5.0000e+00 +5.0000e+00
208 0 +3.023142531e+02 +3.023142531e+02 +4.343842531e+02 +4.343842531e+02 -1.6311e+00 -2.3510e+00 +3.9789e+00 +6.7672e-01 +1.6729e+00 +1.7870e+00 -2.0659e+00 +5.0000e+00 +2.6346e+00 +1.2766e+00 +2.4254e+00 -4.5753e+00 +3.8024e+00 -2.7465e+00 +3.2660e+00 -5.0843e-01 -1.8633e-01 +4.8262e+00 +5.0000e+00 +5.0000e+00
347 0 +3.016317814e+02 +3.016317814e+02 +4.337017814e+02 +4.337017814e+02 -1.6313e+00 -2.3495e+00 +3.9789e+00 +6.7823e-01 +1.6745e+00 +1.7597e+00 -2.0666e+00 +5.0000e+00 +2.6335e+00 +1.2752e+00 +2.4495e+00 -4.5774e+00 +3.8000e+00 -2.7451e+00 +3.2659e+00 -5.0884e-01 -2.0276e-01 +4.8324e+00 +5.0000e+00 +5.0000e+00
% f evaluations | g evaluations | best noise-free fitness - Fopt | noise-free fitness - Fopt (9.725000000000e+01) | measured fitness | best measured fitness | x1 | x2...
1 0 +2.513212879e+07 +2.513212879e+07 +2.513222604e+07 +2.513222604e+07 +1.9258e+00 +2.9952e+00 +3.6174e+00 +4.4577e+00 +3.0200e+00 -9.7770e-01 -4.5668e+00 -1.7839e+00 +2.8517e+00 +4.0075e+00 +4.9018e+00 +3.3239e+00 +1.5283e+00 -4.7582e+00 +2.8924e+00 +2.3835e+00 +3.9249e+00 -1.7567e+00 +4.2066e+00 -2.6339e+00
2 0 +1.101908159e+07 +1.101908159e+07 +1.101917884e+07 +1.101917884e+07 +3.8611e-01 +1.4482e+00 +1.3326e+00 -6.4933e-01 +1.4440e+00 +1.0588e+00 -3.2998e+00 -6.3148e-01 -4.2476e+00 +1.3936e+00 -2.6670e+00 +9.8063e-01 -9.0997e-01 -1.4989e+00 -4.0711e+00 -4.5794e+00 -6.0304e-01 -1.7963e+00 -2.3135e+00 +1.8629e+00
4 0 +5.096269649e+06 +5.096269649e+06 +5.096366899e+06 +5.096366899e+06 +5.7536e-01 +2.8109e+00 +1.4393e+00 -1.4957e+00 +3.8173e+00 -2.6841e+00 -3.4432e+00 -1.2419e+00 +3.9261e+00 -4.9741e+00 -1.5713e-01 -1.0208e+00 -2.1994e+00 +2.2155e+00 +9.6523e-01 -1.0185e+00 +6.2927e-01 +4.5958e+00 -3.0050e+00 -3.4070e+00
9 0 +1.983906165e+06 +1.983906165e+06 +1.984003415e+06 +1.984003415e+06 -4.0418e+00 +2.2844e+00 -1.9856e+00 -4.7454e+00 -4.7220e+00 +1.5802e+00 -2.6182e+00 +2.3186e-01 +1.1841e-01 +3.6424e+00 -1.3248e+00 -4.7443e-01 +2.3312e+00 +2.7044e-01 -4.6940e-01 +1.8021e+00 +3.7146e+00 +8.7538e-01 -8.7520e-01 +4.5122e+00
12 0 +5.251471762e+05 +5.251471762e+05 +5.252444262e+05 +5.252444262e+05 -2.6665e+00 +2.7047e+00 -2.4107e+00 +3.4977e+00 +1.6072e+00 -3.4167e+00 +3.8305e+00 -1.3252e+00 +2.6692e-01 +4.9867e+00 +2.0759e+00 +3.2737e+00 +8.0468e-01 -2.1780e+00 +4.2953e+00 +1.2645e-01 +3.5537e+00 -2.7526e+00 +3.1133e-01 -4.9813e-01
21 0 +3.177563287e+05 +3.177563287e+05 +3.178535787e+05 +3.178535787e+05 +4.9753e+00 +4.2491e+00 +1.9343e+00 +2.4752e+00 +3.0778e+00 -2.0921e+00 +4.6385e+00 -2.3536e+00 -2.8255e-02 +3.0998e+00 +1.3995e+00 -7.4953e-01 -4.7979e-01 +2.7034e+00 -2.1958e+00 -2.0861e+00 -3.8355e-01 +3.9097e+00 -2.7472e+00 +2.9638e+00
27 0 +9.996344149e+03 +9.996344149e+03 +1.009359415e+04 +1.009359415e+04 -7.0635e-01 -4.1753e+00 -4.1339e+00 +5.6909e-01 +2.1635e+00 +4.0439e+00 -4.5083e+00 -1.2760e+00 -1.0274e-01 -3.3918e+00 +4.7548e+00 +1.5933e+00 +9.0279e-01 -4.2448e+00 -4.1718e-01 +4.4740e+00 -3.6244e+00 +1.6158e+00 -4.5566e+00 -3.6113e+00
92 0 +4.353504658e+03 +4.353504658e+03 +4.450754658e+03 +4.450754658e+03 -2.6008e-01 +2.7106e+00 -2.8750e+00 +1.4248e+00 +5.0000e+00 +2.3755e+00 -5.0000e+00 -2.4885e+00 -7.6930e-01 -5.0000e+00 +5.0000e+00 +8.4105e-01 +7.9112e-01 -4.0172e+00 -2.7031e-01 +4.7674e+00 -4.1553e+00 +1.7277e+00 -3.7317e+00 -2.9141e+00
109 0 +1.609261118e+03 +1.609261118e+03 +1.706511118e+03 +1.706511118e+03 -2.6642e-01 +3.8689e+00 -3.0205e+00 +1.9998e+00 +5.0000e+00 +2.4120e+00 -4.7871e+00 -2.2853e+00 +1.0368e-01 -5.0000e+00 +5.0000e+00 +5.9318e-01 +7.5589e-01 -4.0180e+00 +8.7559e-01 +4.6936e+00 -4.0056e+00 +2.0028e+00 -3.8923e+00 -2.9284e+00
132 0 +1.048048170e+03 +1.048048170e+03 +1.145298170e+03 +1.145298170e+03 -1.9628e-01 +3.1802e+00 -3.0425e+00 +3.9276e-01 +5.0000e+00 +3.4590e+00 -5.0000e+00 -1.9186e+00 -7.9566e-01 -5.0000e+00 +4.1659e+00 +1.0079e+00 +6.6915e-01 -3.3939e+00 -3.1864e-01 +3.8206e+00 -3.9950e+00 +1.9182e+00 -3.6663e+00 -2.8702e+00
142 0 +9.011923871e+02 +9.011923871e+02 +9.984423871e+02 +9.984423871e+02 -7.4864e-01 +5.0000e+00 -2.8526e+00 +2.1711e+00 +4.8769e+00 +2.8927e+00 -5.0000e+00 -1.7290e+00 -1.0025e+00 -5.0000e+00 +5.0000e+00 +9.9869e-01 +7.6082e-01 -3.9273e+00 -4.5003e-01 +4.8517e+00 -4.1620e+00 +1.7207e+00 -4.0189e+00 -3.2563e+00
213 0 +4.899226444e+02 +4.899226444e+02 +5.871726444e+02 +5.871726444e+02 -7.9586e-01 +5.0000e+00 -2.8889e+00 +2.1605e+00 +4.7784e+00 +2.8333e+00 -5.0000e+00 -1.6904e+00 -1.1805e+00 -5.0000e+00 +5.0000e+00 +1.0045e+00 +7.6190e-01 -3.9159e+00 -4.8351e-01 +4.8472e+00 -4.1706e+00 +1.7207e+00 -4.0138e+00 -3.1591e+00
231 0 +4.114169791e+02 +4.114169791e+02 +5.086669791e+02 +5.086669791e+02 -7.5954e-01 +5.0000e+00 -2.8347e+00 +2.2654e+00 +4.8774e+00 +2.8987e+00 -5.0000e+00 -1.7293e+00 -1.0163e+00 -5.0000e+00 +5.0000e+00 +9.9027e-01 +7.8527e-01 -3.9188e+00 -3.0276e-01 +4.8421e+00 -4.1700e+00 +1.7208e+00 -4.0189e+00 -3.2616e+00
% f evaluations | g evaluations | best noise-free fitness - Fopt | noise-free fitness - Fopt (-2.033000000000e+01) | measured fitness | best measured fitness | x1 | x2...
1 0 +6.732144473e+06 +6.732144473e+06 +6.732124143e+06 +6.732124143e+06 +1.3897e+00 -2.8443e+00 -3.3834e+00 -2.8127e+00 -5.0247e-01 -3.4029e-02 +1.5360e+00 +4.0813e+00 +3.5684e+00 -1.9003e+00 +4.5746e+00 +3.6823e+00 +5.5535e-01 +1.4426e+00 -3.5557e+00 -4.3957e+00 -1.7457e+00 +3.8527e-01 -9.5385e-01 -1.6274e+00
4 0 +1.308393558e+06 +1.308393558e+06 +1.308373228e+06 +1.308373228e+06 -2.7705e+00 -2.9352e+00 -4.7150e-01 -4.6198e+00 +1.0453e+00 +1.0655e+00 -4.0035e+00 +1.1237e-01 +1.6928e+00 +2.3360e+00 -2.2989e+00 -3.1358e+00 +6.4506e-01 -1.9841e+00 +3.1171e+00 +2.6855e+00 -8.7607e-01 +2.8221e+00 -2.8593e-01 -2.2186e+00
8 0 +9.642077079e+05 +9.642077079e+05 +9.641873779e+05 +9.641873779e+05 +1.7525e+00 +3.9691e+00 -2.9246e+00 +3.5839e+00 +1.0053e+00 +3.4526e-02 +3.6028e+00 +8.4581e-01 +3.4054e+00 -1.3591e+00 -2.0120e+00 -4.3997e+00 +3.1201e+00 +1.9864e+00 +2.4030e+00 +1.9761e+00 -1.4410e-02 +1.6880e+00 +4.2271e+00 +4.7836e+00
10 0 +7.609511240e+05 +7.609511240e+05 +7.609307940e+05 +7.609307940e+05 -9.2091e-01 -4.8787e+00 -2.3310e-01 -1.6734e+00 -2.7079e+00 +2.9004e+00 +1.9530e+00 -1.6630e+00 -2.9516e+00 -3.9139e+00 -1.9110e+00 +4.3460e+00 +1.6153e+00 -3.6647e+00 -5.6220e-01 -3.3928e+00 -3.0592e+00 +7.5543e-01 +2.5973e-01 +2.9713e+00
11 0 +5.403666707e+04 +5.403666707e+04 +5.401633707e+04 +5.401633707e+04 -8.8666e-01 -2.4966e+00 -5.3880e-01 +3.2012e+00 -4.9141e-01 -3.2415e+00 -3.2498e+00 +6.4678e-01 -4.3038e+00 -5.6989e-01 -2.2443e+00 -4.4696e-02 +1.6795e+00 -2.1981e+00 -1.6041e+00 +3.0030e-01 -2.4386e+00 -3.6262e+00 +1.3239e+00 -2.9872e+00
29 0 +4.507997025e+02 +4.507997025e+02 +4.304697025e+02 +4.304697025e+02 -1.2031e+00 +2.6780e+00 -3.6758e+00 -1.1115e+00 -3.6308e+00 -2.5163e+00 -3.5676e-01 +9.0564e-01 +4.4393e+00 -3.5531e+00 -1.4359e+00 -4.5712e+00 -4.0289e+00 +1.6375e+00 -3.5026e+00 +6.3749e-01 -1.5932e+00 +7.5603e-01 +1.8340e+00 -1.9247e+00
171 0 +4.002698664e+02 +4.002698664e+02 +3.799398664e+02 +3.799398664e+02 -1.2724e+00 +2.6085e+00 -3.5712e+00 -1.0695e+00 -3.6221e+00 -2.4532e+00 +1.0232e+00 +1.0550e+00 +4.4446e+00 -3.6368e+00 -1.4328e+00 -4.5761e+00 -4.0374e+00 +1.7656e+00 -3.2659e+00 +6.2532e-01 -1.6589e+00 +5.7431e-01 +1.8309e+00 -1.9119e+00
172 0 +3.316292697e+02 +3.316292697e+02 +3.112992697e+02 +3.112992697e+02 -1.2037e+00 +3.4592e+00 -3.6792e+00 -1.1118e+00 -3.4876e+00 -2.4945e+00 -3.4744e-01 +8.4840e-01 +4.4489e+00 -3.5924e+00 -1.5024e+00 -4.6013e+00 -3.9674e+00 +1.6531e+00 -3.4967e+00 +6.1134e-01 -1.0702e+00 +7.4207e-01 +2.7440e+00 -2.0567e+00
235 0 +3.143888295e+02 +3.143888295e+02 +2.940588295e+02 +2.940588295e+02 -1.2040e+00 +3.2210e+00 -3.6794e+00 -1.1117e+00 -3.4431e+00 -2.4946e+00 -3.4303e-01 +8.7826e-01 +4.4493e+00 -3.6119e+00 -1.4943e+00 -4.5976e+00 -3.9846e+00 +1.6435e+00 -3.4980e+00 +6.0656e-01 -1.3059e+00 +7.3580e-01 +2.2313e+00 -2.0680e+00
% f evaluations | g evaluations | best noise-free fitness - Fopt | noise-free fitness - Fopt (9.431000000000e+01) | measured fitness | best measured fitness | x1 | x2...
1 0 +4.646683703e+05 +4.646683703e+05 +4.647626803e+05 +4.647626803e+05 -4.5808e+00 -3.0361e+00 +3.8416e+00 +4.3112e+00 +3.0617e+00 -4.6848e+00 +4.2013e+00 -1.7244e+00 -7.8329e-01 +1.4628e+00 +8.4447e-01 +1.3477e+00 +4.8658e+00 -1.8288e+00 -4.1552e+00 -2.8215e+00 +3.8919e+00 +5.2223e-01 +3.2002e+00 +2.4285e+00
11 0 +3.997856916e+03 +3.997856916e+03 +4.092166916e+03 +4.092166916e+03 +4.9804e+00 +3.1014e+00 -7.4651e-01 -3.1656e+00 -2.9371e+00 +4.8621e+00 +2.3966e+00 +2.2427e+00 +3.8722e+00 -3.4996e+00 +4.6960e+00 +4.0411e+00 -2.5930e+00 -2.2267e+00 -5.9636e-01 -4.9019e+00 +3.5540e+00 +1.2931e+00 -9.3005e-01 +1.1526e+00
20 0 +2.923664824e+02 +2.923664824e+02 +3.866764824e+02 +3.866764824e+02 -1.7791e-01 +4.3831e+00 +2.2574e+00 -2.1011e-01 +4.8283e-01 -4.6826e-01 +4.4169e-01 +2.5204e+00 -8.4893e-01 +4.8418e+00 -1.4865e+00 +3.8764e+00 +3.5904e+00 -1.6811e-01 +4.5557e+00 +2.3057e+00 +4.7541e+00 +4.0748e-01 -4.2331e+00 +2.3272e+00
995 0 +2.883912227e+02 +2.883912227e+02 +3.827012227e+02 +3.827012227e+02 -1.6664e-01 +4.3832e+00 +2.2625e+00 -2.1446e-01 +8.9972e-01 -4.7022e-01 +4.4179e-01 +2.5176e+00 -8.5280e-01 +4.8458e+00 -1.4848e+00 +3.8800e+00 +3.5996e+00 -2.3184e-01 +4.5569e+00 +2.3052e+00 +4.7536e+00 +4.0866e-01 -4.2348e+00 +2.3258e+00
% f evaluations | g evaluations | best noise-free fitness - Fopt | noise-free fitness - Fopt (-1.436900000000e+02) | measured fitness | best measured fitness | x1 | x2...
1 0 +2.547381350e+06 +2.547381350e+06 +2.547237660e+06 +2.547237660e+06 +1.4382e+00 -4.9686e+00 -2.3237e+00 +3.7547e+00 -2.3488e+00 +1.0200e+00 -3.9807e+00 +4.9068e+00 +1.4992e+00 +1.5193e+00 -3.6948e+00 -3.3602e+00 -6.3993e-01 +2.9257e+00 +8.4351e-01 -3.7422e-01 -4.0763e-02 +4.7375e+00 -4.1422e+00 -4.7476e+00
2 0 +2.088498139e+04 +2.088498139e+04 +2.074129139e+04 +2.074129139e+04 +1.8216e+00 +3.5115e+00 +2.5910e+00 +1.8663e+00 +4.3813e+00 +1.2255e+00 +2.8425e+00 +4.5846e+00 +2.0156e-01 +6.7579e-01 +4.9073e+00 +7.0940e-01 +4.3747e+00 +4.4928e+00 +4.0735e+00 +3.1539e+00 -2.8669e+00 -8.7206e-01 -4.5899e-01 +3.2639e+00
69 0 +1.932423998e+04 +1.932423998e+04 +1.918054998e+04 +1.918054998e+04 +1.8040e+00 +5.0000e+00 +2.5059e+00 +2.3093e+00 +5.0000e+00 +1.1641e+00 +2.8112e+00 +3.4313e+00 +2.2239e+00 +8.6096e-01 +2.6852e+00 +7.9401e-01 +7.8807e-01 +4.8580e+00 +3.9178e+00 +3.0893e+00 -5.0000e+00 -1.1662e+00 -2.1330e+00 +5.0000e+00
74 0 +1.366010874e+04 +1.366010874e+04 +1.351641874e+04 +1.351641874e+04 +1.1684e+00 +4.2317e+00 +3.4739e+00 +3.6284e+00 +5.0000e+00 +1.2865e+00 +5.0000e+00 +1.3231e+00 -1.2151e+00 +4.8053e-01 +5.0000e+00 -4.7027e-01 +5.0000e+00 +4.5759e+00 +1.4493e+00 +3.2391e+00 -4.1611e+00 +7.6080e-01 -4.7071e-01 +4.4635e+00
93 0 +1.319662058e+03 +1.319662058e+03 +1.175972058e+03 +1.175972058e+03 -1.6470e+00 +4.8404e+00 +4.0556e+00 +1.1977e+00 +5.0000e+00 +1.6085e-02 +2.1787e+00 +3.2269e+00 +1.3726e-01 +1.0586e-01 +5.0000e+00 +3.9914e-01 +3.3788e+00 +5.0000e+00 +3.9251e+00 +3.0462e+00 -3.2914e+00 -8.7910e-01 -7.2720e-01 +5.0000e+00
98 0 +1.190759597e+03 +1.190759597e+03 +1.047069597e+03 +1.047069597e+03 +3.2096e+00 +1.0265e+00 +2.2595e+00 +1.8442e+00 +3.6471e+00 -6.1239e-02 +2.8927e+00 +5.0000e+00 +1.2325e+00 -1.2184e+00 +2.2256e+00 +9.3471e-01 +5.0000e+00 +3.6593e-01 +2.3041e+00 +3.0181e+00 -2.1971e+00 -1.6603e+00 -1.7214e+00 +5.0000e+00
169 0 +6.392876373e+02 +6.392876373e+02 +4.955976373e+02 +4.955976373e+02 +3.1510e+00 +6.5803e-01 +2.3035e+00 +7.8029e-01 +3.6203e+00 +1.1869e-01 +2.8921e+00 +4.9969e+00 +6.1753e-01 -1.5944e+00 +2.2208e+00 +1.0112e+00 +5.0000e+00 +4.5091e-01 +2.3004e+00 +2.9824e+00 -2.3253e+00 -1.6268e+00 -1.6314e+00 +5.0000e+00
213 0 +3.175482241e+02 +3.175482241e+02 +1.738582241e+02 +1.738582241e+02 +3.0260e+00 +5.7961e-01 +2.2832e+00 +7.9470e-01 +3.5759e+00 +1.6003e-01 +2.8905e+00 +4.9992e+00 +1.1869e-01 -2.1648e+00 +1.9384e+00 +1.0024e+00 +5.0000e+00 +4.3927e-01 +2.2872e+00 +2.9835e+00 -2.3506e+00 -1.6289e+00 -1.7491e+00 +5.0000e+00
295 0 +3.025834578e+02 +3.025834578e+02 +1.588934578e+02 +1.588934578e+02 +2.9002e+00 +5.7396e-01 +2.2838e+00 +8.3723e-01 +3.5691e+00 +1.4457e-01 +2.8904e+00 +4.9975e+00 +2.5807e-02 -2.0145e+00 +2.0612e+00 +1.0002e+00 +5.0000e+00 +3.7295e-01 +2.2567e+00 +2.9791e+00 -2.3178e+00 -1.6284e+00 -1.7854e+00 +5.0000e+00
338 0 +2.954986240e+02 +2.954986240e+02 +1.518086240e+02 +1.518086240e+02 +3.0450e+00 +5.6966e-01 +2.2837e+00 +8.5124e-01 +3.5433e+00 +1.3916e-01 +2.8892e+00 +4.9977e+00 +2.1597e-02 -2.0762e+00 +2.0569e+00 +9.9752e-01 +5.0000e+00 +4.2500e-01 +2.2792e+00 +2.9378e+00 -2.3339e+00 -1.6292e+00 -1.7669e+00 +5.0000e+00
371 0 +2.947325938e+02 +2.947325938e+02 +1.510425938e+02 +1.510425938e+02 +3.0620e+00 +5.6990e-01 +2.2825e+00 +8.5100e-01 +3.5535e+00 +1.4106e-01 +2.8896e+00 +4.9977e+00 +2.2202e-02 -2.0804e+00 +2.0627e+00 +9.9844e-01 +5.0000e+00 +3.9521e-01 +2.2823e+00 +2.9463e+00 -2.3338e+00 -1.6301e+00 -1.7584e+00 +5.0000e+00
% f evaluations | g evaluations | best noise-free fitness - Fopt | noise-free fitness - Fopt (-3.533800000000e+02) | measured fitness | best measured fitness | x1 | x2...
1 0 +4.158173558e+05 +4.158173558e+05 +4.154639758e+05 +4.154639758e+05 +4.4093e+00 +3.1340e-01 +2.5286e+00 -1.9054e+00 +1.9729e+00 +2.0386e+00 -5.1677e-01 -2.7806e+00 -4.9819e+00 +3.2345e+00 -2.2864e+00 -4.4601e+00 -1.8125e+00 +4.1329e+00 -4.6225e-01 +3.9699e+00 +3.9188e+00 +1.5990e+00 +2.2878e+00 -1.7326e+00
5 0 +3.737431264e+05 +3.737431264e+05 +3.733897464e+05 +3.733897464e+05 +4.4315e-01 +3.7500e+00 -3.2556e+00 +2.9371e-01 +3.0259e-01 +3.1313e+00 -1.7660e+00 +6.8427e-01 +1.2289e-02 -4.7560e+00 -4.1500e+00 +3.5999e+00 -2.3093e+00 -3.8706e+00 -1.4014e+00 +2.7724e+00 -4.5257e+00 +9.4488e-01 -2.9775e+00 -3.0409e+00
8 0 +2.318249047e+05 +2.318249047e+05 +2.314715247e+05 +2.314715247e+05 -2.1768e+00 +3.9070e+00 +1.8485e+00 +2.0326e+00 +3.8420e+00 +3.8346e+00 -4.4728e+00 -2.3212e+00 -1.9555e-01 +3.3974e+00 -2.0850e+00 -1.4668e+00 +2.0056e+00 +2.1540e+00 +4.0159e+00 +1.5985e+00 +5.9220e-01 +4.9018e+00 +1.4840e+00 -2.4228e+00
53 0 +1.502415314e+04 +1.502415314e+04 +1.467077314e+04 +1.467077314e+04 -1.9076e+00 +1.7574e+00 +1.7613e+00 +2.1536e+00 +2.4574e+00 +3.8793e+00 -5.0000e+00 -2.3179e+00 -2.2167e-01 +2.7375e+00 -1.8431e+00 -1.8109e+00 +2.4740e+00 +2.4809e+00 +5.0000e+00 +1.7079e+00 +1.2120e+00 +5.0000e+00 +4.6627e-01 -2.3877e+00
65 0 +3.754546738e+03 +3.754546738e+03 +3.401166738e+03 +3.401166738e+03 -3.1606e-01 +5.0000e+00 +1.6261e+00 +2.0188e+00 +3.7951e+00 +5.0000e+00 -5.0000e+00 -2.4746e+00 -1.5035e+00 +2.4158e+00 -1.9045e+00 -1.4695e+00 +4.6141e-01 +2.1380e+00 -3.3064e+00 +1.6144e+00 +5.3351e-01 +4.9991e+00 +3.1309e+00 -3.0981e+00
106 0 +5.952333205e+02 +5.952333205e+02 +2.418533205e+02 +2.418533205e+02 -1.1161e-02 +5.0000e+00 +1.0550e+00 +1.9946e+00 +3.7706e+00 +5.0000e+00 -4.7674e+00 -1.3760e+00 -1.3987e+00 +2.7863e+00 -1.9045e+00 -2.3628e+00 +1.7942e+00 +2.1185e+00 -3.4207e+00 +1.6117e+00 +6.3318e-01 +5.0000e+00 +3.1721e+00 -2.6330e+00
157 0 +2.269326728e+02 +2.269326728e+02 -1.264473272e+02 -1.264473272e+02 +1.6000e-01 +5.0000e+00 +1.2665e+00 +1.9925e+00 +3.7906e+00 +5.0000e+00 -4.7432e+00 -1.1303e+00 -1.4005e+00 +2.9418e+00 -1.8860e+00 -2.9233e+00 +2.9548e+00 +2.1189e+00 -3.5756e+00 +1.6148e+00 +5.8488e-01 +5.0000e+00 +3.7677e+00 -2.4926e+00
202 0 +2.173645067e+02 +2.173645067e+02 -1.360154933e+02 -1.360154933e+02 -2.5448e-01 +5.0000e+00 +8.8602e-01 +1.9638e+00 +3.6293e+00 +5.0000e+00 -4.7152e+00 -1.8404e+00 -1.4241e+00 +2.7766e+00 -1.7210e+00 -2.7386e+00 +1.7950e+00 +2.1237e+00 -2.9503e+00 +1.6893e+00 +5.8413e-01 +5.0000e+00 +2.9597e+00 -2.9637e+00
307 0 +2.133776084e+02 +2.133776084e+02 -1.400023916e+02 -1.400023916e+02 -2.5420e-01 +4.9963e+00 +8.9632e-01 +1.9640e+00 +3.4803e+00 +5.0000e+00 -4.7103e+00 -1.9061e+00 -1.4267e+00 +2.7912e+00 -1.7573e+00 -2.7485e+00 +1.7967e+00 +2.1254e+00 -2.9124e+00 +1.7083e+00 +5.6561e-01 +5.0000e+00 +2.9239e+00 -2.9634e+00
% f evaluations | g evaluations | best noise-free fitness - Fopt | noise-free fitness - Fopt (-2.910000000000e+00) | measured fitness | best measured fitness | x1 | x2...
1 0 +9.244534999e+06 +9.244534999e+06 +9.244532089e+06 +9.244532089e+06 -2.6228e+00 -2.0276e+00 +2.0318e+00 +2.6036e+00 +3.4902e-01 +2.9579e+00 -3.6163e+00 +1.6408e+00 +2.2966e+00 +4.7077e-01 -3.8966e+00 +3.7245e+00 -3.7372e+00 -4.6761e+00 +3.5658e+00 +4.2434e+00 -2.1219e+00 -1.4508e+00 +3.0401e+00 -2.6574e+00
2 0 +7.739693720e+04 +7.739693720e+04 +7.739402720e+04 +7.739402720e+04 +2.6347e+00 +3.2645e+00 -2.0905e+00 -3.8670e+00 +5.0907e-01 +6.5579e-01 +4.8180e+00 +2.1863e+00 +1.7208e+00 +4.8477e+00 -4.7998e+00 -2.5845e+00 -3.3091e+00 +7.0962e-02 +8.4299e-01 -8.6083e-01 +4.6757e+00 +2.5806e+00 +1.8029e+00 -1.4557e-01
12 0 +4.556048754e+04 +4.556048754e+04 +4.555757754e+04 +4.555757754e+04 -3.4183e+00 -2.8829e+00 +2.5899e+00 -8.5844e-01 +1.5228e+00 -1.4863e+00 -7.4147e-01 -1.6944e+00 +2.0895e+00 +3.3513e+00 +4.0951e+00 +4.6804e+00 +1.6505e-01 +9.8544e-01 -1.4868e+00 +3.8139e+00 +2.9022e+00 +3.5970e+00 +8.0950e-01 +4.9435e+00
21 0 +3.184462306e+04 +3.184462306e+04 +3.184171306e+04 +3.184171306e+04 -2.8476e+00 +2.6579e+00 +1.0779e+00 +3.9606e+00 +4.1158e+00 +4.9542e+00 +3.2201e+00 -2.7849e+00 +2.9186e+00 +1.7404e-01 -3.3252e+00 -4.4298e+00 +3.6592e-01 +5.6561e-01 +3.1916e+00 -2.8225e+00 +1.1960e+00 +3.2018e+00 +8.3369e-01 +5.9583e-01
42 0 +5.558083287e+03 +5.558083287e+03 +5.555173287e+03 +5.555173287e+03 +2.1791e-01 -2.0935e-01 -2.4705e+00 -2.2288e+00 +1.5514e+00 +3.6343e+00 -1.5386e+00 -3.9882e+00 -2.7814e+00 -4.0681e+00 +4.2842e+00 -4.5543e+00 -6.9858e-01 -2.9145e+00 -1.4453e+00 +2.4970e+00 +4.5312e+00 -6.6861e-01 +2.9427e+00 -7.6093e-01
60 0 +3.309076708e+02 +3.309076708e+02 +3.279976708e+02 +3.279976708e+02 +2.7428e+00 -1.6596e+00 -5.0000e+00 +2.8272e-01 +1.6027e+00 +3.6464e+00 -2.2643e+00 -4.1846e+00 -2.6366e+00 -9.6756e-01 +4.3309e+00 -5.0000e+00 -1.7281e-01 -1.7744e+00 -1.1868e+00 +3.2445e+00 +5.0000e+00 -5.8779e-01 +3.7815e+00 -1.5049e+00
115 0 +3.077655075e+02 +3.077655075e+02 +3.048555075e+02 +3.048555075e+02 +2.8313e+00 -1.5831e+00 -5.0000e+00 -5.8423e-01 +1.7799e+00 +3.6950e+00 -2.6946e+00 -4.0591e+00 -2.6408e+00 -3.0823e+00 +4.7198e+00 -5.0000e+00 -2.6213e-01 -1.9145e+00 -1.2229e+00 +3.2008e+00 +5.0000e+00 -5.8304e-01 +3.7430e+00 -2.5895e+00
% f evaluations | g evaluations | best noise-free fitness - Fopt | noise-free fitness - Fopt (-2.970000000000e+00) | measured fitness | best measured fitness | x1 | x2...
1 0 +3.202482101e+07 +3.202482101e+07 +3.202481804e+07 +3.202481804e+07 +2.9450e+00 -2.5153e+00 -1.6972e+00 -2.7599e+00 +3.3619e+00 +3.4628e+00 +3.6413e+00 -4.0758e+00 +4.7681e+00 +4.9941e+00 +1.5378e-01 +3.1114e+00 +4.2712e-01 -3.4926e+00 +2.7444e-01 -3.3092e+00 +3.3683e+00 -2.7112e+00 -3.2849e+00 -2.6816e+00
3 0 +1.499362108e+07 +1.499362108e+07 +1.499361811e+07 +1.499361811e+07 +2.5440e+00 -3.7998e+00 -9.9460e-01 +1.0643e+00 +4.1979e+00 +3.3672e+00 -2.0159e+00 +2.8565e+00 +4.7284e+00 -1.1923e+00 -2.7365e+00 -3.9464e+00 +4.6460e+00 +9.7553e-01 +9.3057e-01 +3.3823e+00 -1.3516e+00 -3.4242e+00 -3.4598e+00 -5.7469e-01
4 0 +5.766333119e+05 +5.766333119e+05 +5.766303419e+05 +5.766303419e+05 -3.8776e+00 -4.1870e+00 -4.2811e+00 -1.7499e+00 +1.1127e+00 -2.0773e-01 -2.6772e-01 -1.3051e+00 +2.4948e+00 +2.3018e+00 -1.6186e+00 +1.1955e-01 -2.2970e+00 -3.0044e+00 +2.9523e-01 -1.8383e+00 +3.7073e+00 +1.0857e+00 +4.6818e+00 +2.6912e+00
13 0 +4.634747205e+05 +4.634747205e+05 +4.634717505e+05 +4.634717505e+05 +4.3561e+00 -4.7970e+00 -4.9242e+00 +3.9119e-01 +2.3797e+00 +4.8483e+00 -3.1809e+00 -2.2701e+00 -3.3625e+00 +4.7578e+00 -6.4008e-01 -4.0110e+00 -2.8761e+00 +4.9420e-01 +4.6307e+00 -1.8547e+00 -2.3805e+00 -2.4726e+00 +1.4471e+00 -4.8063e+00
16 0 +7.549552511e+04 +7.549552511e+04 +7.549255511e+04 +7.549255511e+04 +2.8350e+00 +1.7602e+00 +1.1972e+00 -3.3417e+00 -2.8056e+00 -3.2856e+00 -3.3705e+00 +9.2387e-02 -9.4267e-01 +1.3233e+00 +3.8627e+00 +1.0323e-02 +2.7053e-01 -3.3534e+00 +3.1523e+00 -2.0611e+00 +3.6158e+00 -4.2385e+00 -1.8313e+00 +7.1036e-01
24 0 +4.459878958e+04 +4.459878958e+04 +4.459581958e+04 +4.459581958e+04 +1.0239e+00 +4.0610e+00 +6.6704e-01 +1.9796e+00 -2.7028e-01 -5.0806e-01 +1.6682e+00 -4.0514e+00 -3.8051e+00 +2.3084e+00 +4.4698e+00 -3.1722e+00 +4.7070e-01 -2.5101e+00 +6.8686e-01 +2.5438e+00 +3.4452e+00 +2.1229e+00 +2.5244e+00 +4.5479e+00
27 0 +6.410854834e+03 +6.410854834e+03 +6.407884834e+03 +6.407884834e+03 -1.8192e+00 -4.7690e+00 -1.9138e+00 -3.1821e+00 +3.6344e-01 -2.6343e+00 -3.2625e+00 +2.5895e+00 +5.4432e-01 -2.4140e+00 -4.0758e+00 -3.5703e+00 +3.0029e+00 -2.8053e+00 +1.5141e-01 -4.9708e+00 +2.8933e+00 +3.9300e+00 +1.5875e+00 +3.0484e+00
59 0 +2.012848398e+03 +2.012848398e+03 +2.009878398e+03 +2.009878398e+03 -2.2561e+00 -5.0000e+00 -2.1925e+00 -2.6902e+00 +6.2995e-01 -2.4911e+00 -3.1236e+00 +2.5818e+00 +7.7132e-01 -2.3435e+00 -5.0000e+00 +6.6102e-01 +3.3530e+00 -4.7446e+00 +1.5137e-01 -8.2306e-01 +2.1334e+00 +3.9962e+00 +1.5665e+00 +1.0152e+00
60 0 +3.678319425e+02 +3.678319425e+02 +3.648619425e+02 +3.648619425e+02 -1.4578e+00 -5.0000e+00 -1.9046e+00 -5.0000e+00 +2.8240e-01 -4.1086e-01 -2.4885e+00 +1.5069e+00 +5.2389e-01 -3.5393e+00 -5.0000e+00 -3.9641e+00 +1.0188e+00 -2.3478e+00 +9.5982e-02 -4.1131e+00 +2.9182e+00 +3.4904e+00 +1.9407e+00 +4.8647e+00
70 0 +3.349379606e+02 +3.349379606e+02 +3.319679606e+02 +3.319679606e+02 -3.1170e-01 -4.7745e+00 -1.3988e+00 +1.5236e+00 +5.1891e-01 -1.8178e+00 -2.8899e+00 +2.4851e+00 -1.6708e-01 -2.0342e+00 -3.5892e+00 -7.7622e-01 +1.2469e+00 -2.7934e+00 -5.6591e-01 -4.2393e+00 +2.9961e+00 +4.8563e+00 +2.0325e+00 +3.8313e+00
167 0 +2.752491905e+02 +2.752491905e+02 +2.722791905e+02 +2.722791905e+02 +1.1062e-01 -4.7751e+00 -1.3910e+00 +8.5261e-01 +5.3401e-01 -1.6185e+00 -2.9349e+00 +2.4618e+00 -1.6745e-01 -2.0869e+00 -3.6331e+00 -4.2345e-01 +1.2196e+00 -2.8641e+00 -5.4383e-01 -4.2043e+00 +3.0071e+00 +5.0000e+00 +2.0338e+00 +4.5508e+00
239 0 +2.474484529e+02 +2.474484529e+02 +2.444784529e+02 +2.444784529e+02 +1.1678e-01 -4.7750e+00 -1.5840e+00 +8.3482e-01 +5.2750e-01 -1.4596e+00 -2.9135e+00 +2.4633e+00 -1.6741e-01 -2.1045e+00 -3.6416e+00 -3.8144e-01 +1.5125e+00 -2.8749e+00 -5.4470e-01 -4.2464e+00 +3.0008e+00 +4.9718e+00 +2.0336e+00 +4.4130e+00
5877 0 +2.454615516e+02 +2.454615516e+02 +2.424915516e+02 +2.424915516e+02 +1.1730e-01 -4.7756e+00 -1.6138e+00 +8.4323e-01 +5.2712e-01 -1.4587e+00 -2.9140e+00 +2.4613e+00 -1.6735e-01 -2.1041e+00 -3.6408e+00 -1.4385e-01 +1.4625e+00 -2.8735e+00 -5.4490e-01 -4.2583e+00 +2.9996e+00 +4.9767e+00 +2.0337e+00 +4.4106e+00
% f evaluations | g evaluations | best noise-free fitness - Fopt | noise-free fitness - Fopt (2.996300000000e+02) | measured fitness | best measured fitness | x1 | x2...
1 0 +2.622321750e+06 +2.622321750e+06 +2.622621380e+06 +2.622621380e+06 -4.2229e+00 +1.3827e+00 +2.3849e-01 +4.2992e+00 +3.8635e+00 +1.0546e+00 -2.8147e-01 -3.6764e-01 -4.7686e+00 -6.8827e-01 +1.5409e+00 +3.2385e+00 -4.3705e+00 -4.1743e+00 -1.7448e+00 +4.5128e+00 -2.1311e+00 -5.4151e-01 +3.4286e+00 +3.2747e+00
3 0 +1.727098207e+05 +1.727098207e+05 +1.730094507e+05 +1.730094507e+05 -1.3817e+00 -7.3370e-01 -1.0852e+00 -2.2675e+00 +2.6042e+00 -3.2757e+00 +7.6848e-01 -3.9525e+00 -1.0722e+00 -2.9170e-01 +8.3050e-01 +2.8100e-01 +4.8263e+00 +4.7806e+00 -3.2782e+00 +3.2962e+00 -2.1344e+00 +4.0382e+00 -3.1614e+00 -1.7469e+00
15 0 +5.329607950e+04 +5.329607950e+04 +5.359570950e+04 +5.359570950e+04 +7.1932e-01 +2.2512e+00 -1.1396e+00 -4.4040e+00 +9.3616e-01 +2.2791e+00 +4.5739e+00 -4.3703e+00 -1.5734e+00 -4.1785e+00 +2.6576e+00 -4.0840e+00 -4.3166e+00 -3.0174e+00 +8.8145e-01 -4.7473e+00 +2.1805e+00 -4.7238e+00 +2.5668e+00 -1.9633e+00
18 0 +2.450284995e+04 +2.450284995e+04 +2.480247995e+04 +2.480247995e+04 +2.8812e+00 +3.0708e+00 +4.2177e+00 +3.5422e+00 +9.2217e-01 -1.5855e+00 +1.2518e+00 -4.2212e+00 +3.2497e+00 +1.5514e+00 +4.6045e+00 -1.0178e+00 -3.6166e+00 +4.4436e+00 -2.8398e+00 -3.7257e+00 -7.1142e-02 +2.6378e+00 -3.9797e+00 +1.1167e+00
37 0 +2.909762874e+03 +2.909762874e+03 +3.209392874e+03 +3.209392874e+03 +6.3701e-01 +9.9616e-01 +4.0384e+00 +1.1540e+00 +3.1294e+00 -2.4280e+00 +3.2358e+00 -2.3611e+00 -1.3320e+00 -2.2771e+00 +9.8498e-01 -1.3864e+00 +4.4549e+00 +9.4475e-01 -2.6840e-01 -6.2369e-01 +3.5528e+00 -3.4976e+00 -3.4772e+00 -2.4737e+00
63 0 +4.882977583e+02 +4.882977583e+02 +7.879277583e+02 +7.879277583e+02 +1.0749e+00 +7.0112e-01 +4.9312e+00 +1.2353e+00 +3.1992e+00 -2.3180e+00 +3.9362e+00 -3.2884e+00 -7.1540e-01 -2.2765e+00 +1.6969e+00 -1.4019e+00 +1.3893e+00 +1.1888e-01 +1.2132e+00 -2.2381e+00 +3.4690e+00 -4.2420e+00 -3.4432e+00 -3.3306e+00
138 0 +4.314271037e+02 +4.314271037e+02 +7.310571037e+02 +7.310571037e+02 +8.7818e-01 +1.0896e+00 +4.5352e+00 +1.1872e+00 +2.9680e+00 -2.2012e+00 +3.9450e+00 -3.7639e+00 -7.7794e-01 -2.2859e+00 +1.7322e+00 -1.4810e+00 +3.4995e+00 -2.3231e-01 +1.1249e+00 -2.0143e+00 +3.3857e+00 -4.3149e+00 -3.5580e+00 -3.2913e+00
170 0 +3.721690262e+02 +3.721690262e+02 +6.717990262e+02 +6.717990262e+02 +8.2630e-01 +1.1118e+00 +4.2226e+00 +1.1813e+00 +2.9871e+00 -2.1904e+00 +3.9294e+00 -3.7672e+00 -5.7768e-01 -2.4242e+00 +1.7457e+00 -1.4661e+00 +3.3742e+00 -8.1626e-01 +1.0579e+00 -1.9871e+00 +3.1951e+00 -4.3120e+00 -3.5669e+00 -3.5050e+00
224 0 +3.680346869e+02 +3.680346869e+02 +6.676646869e+02 +6.676646869e+02 +8.7369e-01 +1.1686e+00 +4.2656e+00 +1.1820e+00 +3.0570e+00 -2.1845e+00 +3.9303e+00 -3.8495e+00 -5.0182e-01 -2.4287e+00 +1.6050e+00 -1.4614e+00 +3.2634e+00 -6.0340e-01 +1.0120e+00 -2.0635e+00 +3.2814e+00 -4.3168e+00 -3.5660e+00 -3.5089e+00
239 0 +3.580971553e+02 +3.580971553e+02 +6.577271553e+02 +6.577271553e+02 +9.7656e-01 +1.1107e+00 +4.1775e+00 +1.1814e+00 +3.0019e+00 -2.1997e+00 +3.9779e+00 -3.6930e+00 -5.9225e-01 -2.4825e+00 +1.7461e+00 -1.4661e+00 +3.0303e+00 -1.1349e+00 +1.0742e+00 -1.9832e+00 +3.2258e+00 -4.3254e+00 -3.5707e+00 -3.4551e+00
