% f evaluations | g evaluations | best noise-free fitness - Fopt | noise-free fitness - Fopt (4.078000000000e+01) | measured fitness | best measured fitness | x1 | x2...
1 0 +2.342962888e+01 +2.342962888e+01 +6.420962888e+01 +6.420962888e+01 +0.0000e+00 +0.0000e+00 +0.0000e+00
3 0 +2.342440953e+01 +2.342440953e+01 +6.420440953e+01 +6.420440953e+01 +0.0000e+00 +2.5000e-04 +0.0000e+00
22 0 +2.279013158e+01 +2.279013158e+01 +6.357013158e+01 +6.357013158e+01 +2.9167e-03 +8.2500e-03 -1.5833e-02
25 0 +2.235968742e+01 +2.235968742e+01 +6.313968742e+01 +6.313968742e+01 +4.6944e-03 +1.5222e-02 -2.7222e-02
28 0 +2.152487475e+01 +2.152487475e+01 +6.230487475e+01 +6.230487475e+01 +9.0000e-03 +2.9583e-02 -5.5000e-02
29 0 +2.134227795e+01 +2.134227795e+01 +6.212227795e+01 +6.212227795e+01 +9.8056e-03 +3.4472e-02 -6.1611e-02
30 0 +2.086770428e+01 +2.086770428e+01 +6.164770428e+01 +6.164770428e+01 +1.3250e-02 +4.7583e-02 -8.4500e-02
32 0 +2.041649958e+01 +2.041649958e+01 +6.119649958e+01 +6.119649958e+01 +2.1833e-02 +7.1167e-02 -1.3017e-01
81 0 +1.985442503e+01 +1.985442503e+01 +6.063442503e+01 +6.063442503e+01 +9.4467e-02 +5.6524e-02 -1.6534e-01
84 0 +1.943405955e+01 +1.943405955e+01 +6.021405955e+01 +6.021405955e+01 +1.5388e-01 +4.8700e-02 -2.0289e-01
87 0 +1.885079659e+01 +1.885079659e+01 +5.963079659e+01 +5.963079659e+01 +2.7065e-01 +3.0215e-02 -2.6690e-01
90 0 +1.845198057e+01 +1.845198057e+01 +5.923198057e+01 +5.923198057e+01 +3.5091e-01 +3.7877e-02 -3.4580e-01
165 0 +1.819265739e+01 +1.819265739e+01 +5.897265739e+01 +5.897265739e+01 +4.5846e-01 +5.5392e-02 -4.0334e-01
185 0 +1.772307564e+01 +1.772307564e+01 +5.850307564e+01 +5.850307564e+01 +5.7233e-01 +2.1652e-01 -3.5738e-01
191 0 +1.726726333e+01 +1.726726333e+01 +5.804726333e+01 +5.804726333e+01 +6.4783e-01 +4.6832e-01 -2.5570e-01
194 0 +1.698106342e+01 +1.698106342e+01 +5.776106342e+01 +5.776106342e+01 +6.1831e-01 +5.4574e-01 -2.1596e-01
198 0 +1.645062959e+01 +1.645062959e+01 +5.723062959e+01 +5.723062959e+01 +7.3757e-01 +1.0125e+00 -1.3437e-02
200 0 +1.603474957e+01 +1.603474957e+01 +5.681474957e+01 +5.681474957e+01 +7.9660e-01 +1.4521e+00 +1.6619e-01
201 0 +1.566278417e+01 +1.566278417e+01 +5.644278417e+01 +5.644278417e+01 +7.1475e-01 +1.4015e+00 +1.7540e-01
202 0 +1.524422838e+01 +1.524422838e+01 +5.602422838e+01 +5.602422838e+01 +7.0878e-01 +1.7545e+00 +3.5153e-01
207 0 +1.484652484e+01 +1.484652484e+01 +5.562652484e+01 +5.562652484e+01 +6.4803e-01 +2.2651e+00 +6.2974e-01
212 0 +1.458710754e+01 +1.458710754e+01 +5.536710754e+01 +5.536710754e+01 +5.6108e-01 +2.4154e+00 +7.5317e-01
213 0 +1.285794168e+01 +1.285794168e+01 +5.363794168e+01 +5.363794168e+01 +4.8723e-01 +2.7458e+00 +9.5399e-01
216 0 +1.197997592e+01 +1.197997592e+01 +5.275997592e+01 +5.275997592e+01 +5.0317e-01 +3.1751e+00 +1.1438e+00
220 0 +1.150121805e+01 +1.150121805e+01 +5.228121805e+01 +5.228121805e+01 +5.4240e-01 +3.0654e+00 +1.0846e+00
230 0 +1.144707344e+01 +1.144707344e+01 +5.222707344e+01 +5.222707344e+01 +5.0999e-01 +3.1131e+00 +1.1212e+00
233 0 +1.119366728e+01 +1.119366728e+01 +5.197366728e+01 +5.197366728e+01 +4.8881e-01 +2.9043e+00 +1.0329e+00
239 0 +1.095344964e+01 +1.095344964e+01 +5.173344964e+01 +5.173344964e+01 +4.7433e-01 +3.0694e+00 +1.1176e+00
244 0 +1.063399456e+01 +1.063399456e+01 +5.141399456e+01 +5.141399456e+01 +4.5119e-01 +3.0327e+00 +1.1141e+00
246 0 +1.045507837e+01 +1.045507837e+01 +5.123507837e+01 +5.123507837e+01 +4.1847e-01 +2.9568e+00 +1.0860e+00
249 0 +9.911084955e+00 +9.911084955e+00 +5.069108496e+01 +5.069108496e+01 +3.4666e-01 +2.9882e+00 +1.1356e+00
250 0 +9.531122632e+00 +9.531122632e+00 +5.031112263e+01 +5.031112263e+01 +2.8282e-01 +2.9476e+00 +1.1445e+00
252 0 +9.043642245e+00 +9.043642245e+00 +4.982364224e+01 +4.982364224e+01 +1.6073e-01 +2.9359e+00 +1.1821e+00
254 0 +8.804614671e+00 +8.804614671e+00 +4.958461467e+01 +4.958461467e+01 -3.1562e-02 +3.0669e+00 +1.3345e+00
255 0 +8.234089242e+00 +8.234089242e+00 +4.901408924e+01 +4.901408924e+01 -8.7171e-02 +2.8700e+00 +1.2610e+00
256 0 +7.909510596e+00 +7.909510596e+00 +4.868951060e+01 +4.868951060e+01 -3.1167e-01 +2.7565e+00 +1.3016e+00
258 0 +7.733170314e+00 +7.733170314e+00 +4.851317031e+01 +4.851317031e+01 -7.4814e-01 +2.8642e+00 +1.5291e+00
263 0 +7.563494901e+00 +7.563494901e+00 +4.834349490e+01 +4.834349490e+01 -5.8829e-01 +2.7824e+00 +1.4290e+00
284 0 +7.371133288e+00 +7.371133288e+00 +4.815113329e+01 +4.815113329e+01 -7.5081e-01 +2.7169e+00 +1.4902e+00
287 0 +7.197597161e+00 +7.197597161e+00 +4.797759716e+01 +4.797759716e+01 -6.8515e-01 +2.6784e+00 +1.4761e+00
289 0 +7.051812216e+00 +7.051812216e+00 +4.783181222e+01 +4.783181222e+01 -6.9152e-01 +2.7227e+00 +1.5115e+00
290 0 +6.887956237e+00 +6.887956237e+00 +4.766795624e+01 +4.766795624e+01 -7.1450e-01 +2.7336e+00 +1.5471e+00
292 0 +6.741125668e+00 +6.741125668e+00 +4.752112567e+01 +4.752112567e+01 -4.5559e-01 +2.6712e+00 +1.4596e+00
293 0 +6.532738414e+00 +6.532738414e+00 +4.731273841e+01 +4.731273841e+01 -6.7120e-01 +2.6645e+00 +1.5420e+00
294 0 +6.154419179e+00 +6.154419179e+00 +4.693441918e+01 +4.693441918e+01 -7.2399e-01 +2.6345e+00 +1.5898e+00
295 0 +5.763837751e+00 +5.763837751e+00 +4.654383775e+01 +4.654383775e+01 -5.7757e-01 +2.6811e+00 +1.5883e+00
296 0 +4.953643236e+00 +4.953643236e+00 +4.573364324e+01 +4.573364324e+01 -5.2378e-01 +2.6825e+00 +1.6444e+00
298 0 +3.908237011e+00 +3.908237011e+00 +4.468823701e+01 +4.468823701e+01 -6.5697e-01 +2.6014e+00 +1.7512e+00
299 0 +2.999487021e+00 +2.999487021e+00 +4.377948702e+01 +4.377948702e+01 -7.5765e-01 +2.5665e+00 +1.8970e+00
300 0 +2.764634336e+00 +2.764634336e+00 +4.354463434e+01 +4.354463434e+01 -4.1101e-01 +2.5927e+00 +1.8259e+00
301 0 +2.302797871e+00 +2.302797871e+00 +4.308279787e+01 +4.308279787e+01 -2.5452e-01 +2.5718e+00 +1.9439e+00
303 0 +2.066716196e+00 +2.066716196e+00 +4.284671620e+01 +4.284671620e+01 -5.5294e-01 +2.4910e+00 +2.2994e+00
309 0 +2.032916106e+00 +2.032916106e+00 +4.281291611e+01 +4.281291611e+01 -3.9704e-01 +2.4336e+00 +2.1655e+00
% f evaluations | g evaluations | best noise-free fitness - Fopt | noise-free fitness - Fopt (-1.600000000000e+00) | measured fitness | best measured fitness | x1 | x2...
1 0 +1.240367020e+01 +1.240367020e+01 +1.080367020e+01 +1.080367020e+01 +0.0000e+00 +0.0000e+00 +0.0000e+00
4 0 +1.240178020e+01 +1.240178020e+01 +1.080178020e+01 +1.080178020e+01 +0.0000e+00 +0.0000e+00 +2.5000e-04
18 0 +1.229576122e+01 +1.229576122e+01 +1.069576122e+01 +1.069576122e+01 -1.0000e-03 -7.0000e-03 +5.0000e-03
25 0 +1.201497360e+01 +1.201497360e+01 +1.041497360e+01 +1.041497360e+01 -4.3333e-03 -2.7000e-02 +2.1000e-02
28 0 +1.171980946e+01 +1.171980946e+01 +1.011980946e+01 +1.011980946e+01 -8.0000e-03 -5.8000e-02 +4.3250e-02
90 0 +1.147748233e+01 +1.147748233e+01 +9.877482326e+00 +9.877482326e+00 -2.9514e-02 -1.0216e-01 +9.0475e-02
104 0 +1.119871289e+01 +1.119871289e+01 +9.598712895e+00 +9.598712895e+00 -1.8049e-01 +6.1984e-03 +1.6858e-01
% f evaluations | g evaluations | best noise-free fitness - Fopt | noise-free fitness - Fopt (-3.708400000000e+02) | measured fitness | best measured fitness | x1 | x2...
1 0 +3.578233172e+01 +3.578233172e+01 -3.350576683e+02 -3.350576683e+02 +0.0000e+00 +0.0000e+00 +0.0000e+00
4 0 +3.577741282e+01 +3.577741282e+01 -3.350625872e+02 -3.350625872e+02 +0.0000e+00 +0.0000e+00 +2.5000e-04
18 0 +3.536638131e+01 +3.536638131e+01 -3.354736187e+02 -3.354736187e+02 -1.0000e-03 -7.0000e-03 +5.0000e-03
24 0 +3.431768285e+01 +3.431768285e+01 -3.365223172e+02 -3.365223172e+02 -4.2500e-03 -2.4500e-02 +1.8500e-02
26 0 +3.358589127e+01 +3.358589127e+01 -3.372541087e+02 -3.372541087e+02 -6.0000e-03 -3.7000e-02 +2.9000e-02
28 0 +3.247846858e+01 +3.247846858e+01 -3.383615314e+02 -3.383615314e+02 -8.0000e-03 -5.8000e-02 +4.3250e-02
29 0 +3.215491604e+01 +3.215491604e+01 -3.386850840e+02 -3.386850840e+02 -1.0417e-02 -6.3167e-02 +4.8250e-02
30 0 +3.093303203e+01 +3.093303203e+01 -3.399069680e+02 -3.399069680e+02 -1.4750e-02 -8.6500e-02 +6.6250e-02
31 0 +3.046114891e+01 +3.046114891e+01 -3.403788511e+02 -3.403788511e+02 -1.4917e-02 -9.6500e-02 +7.3833e-02
32 0 +2.878708372e+01 +2.878708372e+01 -3.420529163e+02 -3.420529163e+02 -2.0250e-02 -1.3250e-01 +1.0150e-01
33 0 +2.815018369e+01 +2.815018369e+01 -3.426898163e+02 -3.426898163e+02 -2.2667e-02 -1.4767e-01 +1.1167e-01
34 0 +2.599912242e+01 +2.599912242e+01 -3.448408776e+02 -3.448408776e+02 -3.1000e-02 -2.0300e-01 +1.5300e-01
35 0 +2.523740322e+01 +2.523740322e+01 -3.456025968e+02 -3.456025968e+02 -3.6000e-02 -2.2333e-01 +1.7058e-01
36 0 +2.267432202e+01 +2.267432202e+01 -3.481656780e+02 -3.481656780e+02 -5.0000e-02 -3.0600e-01 +2.3425e-01
37 0 +2.176518265e+01 +2.176518265e+01 -3.490748174e+02 -3.490748174e+02 -5.2750e-02 -3.4117e-01 +2.5958e-01
38 0 +1.871155978e+01 +1.871155978e+01 -3.521284402e+02 -3.521284402e+02 -7.1750e-02 -4.6850e-01 +3.5625e-01
39 0 +1.762058082e+01 +1.762058082e+01 -3.532194192e+02 -3.532194192e+02 -8.1583e-02 -5.1917e-01 +3.9417e-01
40 0 +1.458839655e+01 +1.458839655e+01 -3.562516034e+02 -3.562516034e+02 -1.1225e-01 -7.1250e-01 +5.4050e-01
41 0 +1.395339766e+01 +1.395339766e+01 -3.568866023e+02 -3.568866023e+02 -1.2500e-01 -7.8833e-01 +6.0100e-01
47 0 +1.380328212e+01 +1.380328212e+01 -3.570367179e+02 -3.570367179e+02 -1.2975e-01 -8.2539e-01 +6.2692e-01
108 0 +1.348241444e+01 +1.348241444e+01 -3.573575856e+02 -3.573575856e+02 -1.5530e-01 -8.7690e-01 +6.8183e-01
113 0 +1.303326012e+01 +1.303326012e+01 -3.578067399e+02 -3.578067399e+02 -1.9158e-01 -8.6864e-01 +7.0852e-01
115 0 +1.273916861e+01 +1.273916861e+01 -3.581008314e+02 -3.581008314e+02 -2.2439e-01 -8.9124e-01 +7.5078e-01
117 0 +1.246475863e+01 +1.246475863e+01 -3.583752414e+02 -3.583752414e+02 -2.7337e-01 -9.2937e-01 +8.1780e-01
118 0 +1.214193129e+01 +1.214193129e+01 -3.586980687e+02 -3.586980687e+02 -2.8008e-01 -8.8052e-01 +7.9293e-01
119 0 +1.162655978e+01 +1.162655978e+01 -3.592134402e+02 -3.592134402e+02 -3.3038e-01 -8.6462e-01 +8.2683e-01
121 0 +1.131989987e+01 +1.131989987e+01 -3.595201001e+02 -3.595201001e+02 -4.1844e-01 -9.1909e-01 +9.3792e-01
122 0 +1.096163844e+01 +1.096163844e+01 -3.598783616e+02 -3.598783616e+02 -5.1547e-01 -9.3302e-01 +1.0315e+00
123 0 +1.047222341e+01 +1.047222341e+01 -3.603677766e+02 -3.603677766e+02 -5.3087e-01 -8.8339e-01 +1.0134e+00
124 0 +9.870777135e+00 +9.870777135e+00 -3.609692229e+02 -3.609692229e+02 -6.5963e-01 -8.6040e-01 +1.1111e+00
126 0 +9.324195964e+00 +9.324195964e+00 -3.615158040e+02 -3.615158040e+02 -7.8447e-01 -8.1501e-01 +1.1926e+00
128 0 +9.049223741e+00 +9.049223741e+00 -3.617907763e+02 -3.617907763e+02 -1.0979e+00 -7.6682e-01 +1.4355e+00
131 0 +8.590437359e+00 +8.590437359e+00 -3.622495626e+02 -3.622495626e+02 -1.0744e+00 -6.9669e-01 +1.3717e+00
132 0 +8.452912632e+00 +8.452912632e+00 -3.623870874e+02 -3.623870874e+02 -1.2818e+00 -6.1483e-01 +1.5020e+00
137 0 +8.169180488e+00 +8.169180488e+00 -3.626708195e+02 -3.626708195e+02 -1.2570e+00 -5.2124e-01 +1.4215e+00
215 0 +8.128268593e+00 +8.128268593e+00 -3.627117314e+02 -3.627117314e+02 -1.2552e+00 -4.6266e-01 +1.3845e+00
% f evaluations | g evaluations | best noise-free fitness - Fopt | noise-free fitness - Fopt (-3.256000000000e+01) | measured fitness | best measured fitness | x1 | x2...
1 0 +5.303999905e+01 +5.303999905e+01 +2.047999905e+01 +2.047999905e+01 +0.0000e+00 +0.0000e+00 +0.0000e+00
2 0 +5.302452756e+01 +5.302452756e+01 +2.046452756e+01 +2.046452756e+01 +2.5000e-04 +0.0000e+00 +0.0000e+00
20 0 +5.235741791e+01 +5.235741791e+01 +1.979741791e+01 +1.979741791e+01 +8.2500e-03 +4.0000e-03 -2.0000e-03
25 0 +5.124716054e+01 +5.124716054e+01 +1.868716054e+01 +1.868716054e+01 +2.1000e-02 +1.0583e-02 -4.3333e-03
28 0 +4.918639130e+01 +4.918639130e+01 +1.662639130e+01 +1.662639130e+01 +4.3250e-02 +2.3000e-02 -8.0000e-03
29 0 +4.874497353e+01 +4.874497353e+01 +1.618497353e+01 +1.618497353e+01 +4.8250e-02 +2.5583e-02 -1.0417e-02
30 0 +4.705236305e+01 +4.705236305e+01 +1.449236305e+01 +1.449236305e+01 +6.6250e-02 +3.5250e-02 -1.4750e-02
31 0 +4.638729031e+01 +4.638729031e+01 +1.382729031e+01 +1.382729031e+01 +7.3833e-02 +3.7833e-02 -1.4917e-02
32 0 +4.377205927e+01 +4.377205927e+01 +1.121205927e+01 +1.121205927e+01 +1.0150e-01 +5.1500e-02 -2.0250e-02
33 0 +4.268216622e+01 +4.268216622e+01 +1.012216622e+01 +1.012216622e+01 +1.1167e-01 +5.8917e-02 -2.2667e-02
34 0 +3.871886183e+01 +3.871886183e+01 +6.158861834e+00 +6.158861834e+00 +1.5300e-01 +8.1250e-02 -3.1000e-02
35 0 +3.720253897e+01 +3.720253897e+01 +4.642538968e+00 +4.642538968e+00 +1.7058e-01 +8.9000e-02 -3.6000e-02
36 0 +3.187415450e+01 +3.187415450e+01 -6.858455035e-01 -6.858455035e-01 +2.3425e-01 +1.2200e-01 -5.0000e-02
37 0 +3.000642540e+01 +3.000642540e+01 -2.553574601e+00 -2.553574601e+00 +2.5958e-01 +1.3458e-01 -5.2750e-02
38 0 +2.428381203e+01 +2.428381203e+01 -8.276187973e+00 -8.276187973e+00 +3.5625e-01 +1.8425e-01 -7.1750e-02
39 0 +2.242087261e+01 +2.242087261e+01 -1.013912739e+01 -1.013912739e+01 +3.9417e-01 +2.0683e-01 -8.1583e-02
40 0 +1.613162743e+01 +1.613162743e+01 -1.642837257e+01 -1.642837257e+01 +5.4050e-01 +2.8450e-01 -1.1225e-01
41 0 +1.385475937e+01 +1.385475937e+01 -1.870524063e+01 -1.870524063e+01 +6.0100e-01 +3.1258e-01 -1.2500e-01
42 0 +9.018279465e+00 +9.018279465e+00 -2.354172054e+01 -2.354172054e+01 +8.2500e-01 +4.2825e-01 -1.7200e-01
43 0 +8.489769021e+00 +8.489769021e+00 -2.407023098e+01 -2.407023098e+01 +9.1358e-01 +4.7600e-01 -1.8733e-01
98 0 +8.305792496e+00 +8.305792496e+00 -2.425420750e+01 -2.425420750e+01 +9.7367e-01 +5.2161e-01 -1.6044e-01
146 0 +8.114980600e+00 +8.114980600e+00 -2.444501940e+01 -2.444501940e+01 +8.9812e-01 +5.5652e-01 +1.2279e-02
155 0 +7.902895618e+00 +7.902895618e+00 -2.465710438e+01 -2.465710438e+01 +8.0767e-01 +6.0745e-01 +1.9507e-02
162 0 +7.726979769e+00 +7.726979769e+00 -2.483302023e+01 -2.483302023e+01 +6.7063e-01 +6.9290e-01 -5.3173e-02
170 0 +7.561906530e+00 +7.561906530e+00 -2.499809347e+01 -2.499809347e+01 +6.2808e-01 +7.4731e-01 -4.0018e-02
173 0 +7.325971682e+00 +7.325971682e+00 -2.523402832e+01 -2.523402832e+01 +4.5863e-01 +9.1001e-01 -5.4274e-02
175 0 +7.208419792e+00 +7.208419792e+00 -2.535158021e+01 -2.535158021e+01 +4.6889e-01 +9.1838e-01 +8.3159e-02
176 0 +6.990868959e+00 +6.990868959e+00 -2.556913104e+01 -2.556913104e+01 +4.9663e-01 +9.3158e-01 +5.8597e-02
177 0 +6.719253001e+00 +6.719253001e+00 -2.584074700e+01 -2.584074700e+01 +4.6777e-01 +1.0045e+00 +1.1195e-01
180 0 +6.259282817e+00 +6.259282817e+00 -2.630071718e+01 -2.630071718e+01 +2.6595e-01 +1.2670e+00 +2.3332e-01
181 0 +6.045308734e+00 +6.045308734e+00 -2.651469127e+01 -2.651469127e+01 +1.6448e-01 +1.4413e+00 +3.0839e-01
183 0 +5.845206241e+00 +5.845206241e+00 -2.671479376e+01 -2.671479376e+01 +3.1875e-01 +1.3277e+00 +2.5362e-01
184 0 +5.485952081e+00 +5.485952081e+00 -2.707404792e+01 -2.707404792e+01 +3.0149e-01 +1.4252e+00 +2.5258e-01
187 0 +5.081103583e+00 +5.081103583e+00 -2.747889642e+01 -2.747889642e+01 +5.9504e-02 +1.7020e+00 +2.9455e-01
188 0 +4.628446537e+00 +4.628446537e+00 -2.793155346e+01 -2.793155346e+01 -9.8648e-02 +1.9307e+00 +2.6999e-01
190 0 +4.452876292e+00 +4.452876292e+00 -2.810712371e+01 -2.810712371e+01 -6.6907e-03 +1.6906e+00 +3.8289e-02
191 0 +3.369912642e+00 +3.369912642e+00 -2.919008736e+01 -2.919008736e+01 -3.3708e-02 +1.9230e+00 +6.5513e-02
192 0 +2.896002885e+00 +2.896002885e+00 -2.966399712e+01 -2.966399712e+01 -1.3280e-01 +2.1639e+00 -5.5928e-02
200 0 +2.868698605e+00 +2.868698605e+00 -2.969130139e+01 -2.969130139e+01 +9.7885e-03 +2.1090e+00 -1.2661e-01
202 0 +2.795797101e+00 +2.795797101e+00 -2.976420290e+01 -2.976420290e+01 -1.1071e-01 +2.2313e+00 -2.2316e-01
% f evaluations | g evaluations | best noise-free fitness - Fopt | noise-free fitness - Fopt (5.154000000000e+02) | measured fitness | best measured fitness | x1 | x2...
1 0 +2.054857278e+01 +2.054857278e+01 +5.359485728e+02 +5.359485728e+02 +0.0000e+00 +0.0000e+00 +0.0000e+00
3 0 +2.054733644e+01 +2.054733644e+01 +5.359473364e+02 +5.359473364e+02 +0.0000e+00 +2.5000e-04 +0.0000e+00
16 0 +2.041547011e+01 +2.041547011e+01 +5.358154701e+02 +5.358154701e+02 -4.3889e-03 +9.7222e-04 +2.3889e-03
23 0 +1.989830299e+01 +1.989830299e+01 +5.352983030e+02 +5.352983030e+02 -2.1833e-02 +3.5833e-03 +1.1583e-02
26 0 +1.942227828e+01 +1.942227828e+01 +5.348222783e+02 +5.348222783e+02 -3.7000e-02 +5.6667e-03 +2.0583e-02
27 0 +1.899291525e+01 +1.899291525e+01 +5.343929152e+02 +5.343929152e+02 -5.1000e-02 +8.0000e-03 +2.8250e-02
29 0 +1.820442856e+01 +1.820442856e+01 +5.336044286e+02 +5.336044286e+02 -7.7000e-02 +1.1000e-02 +4.2000e-02
30 0 +1.791362877e+01 +1.791362877e+01 +5.333136288e+02 +5.333136288e+02 -8.5389e-02 +1.1806e-02 +4.7806e-02
31 0 +1.689080618e+01 +1.689080618e+01 +5.322908062e+02 +5.322908062e+02 -1.1717e-01 +1.5917e-02 +6.5917e-02
32 0 +1.648711240e+01 +1.648711240e+01 +5.318871124e+02 +5.318871124e+02 -1.3061e-01 +1.9194e-02 +7.1944e-02
33 0 +1.491551745e+01 +1.491551745e+01 +5.303155174e+02 +5.303155174e+02 -1.7950e-01 +2.6750e-02 +9.8500e-02
34 0 +1.431290427e+01 +1.431290427e+01 +5.297129043e+02 +5.297129043e+02 -1.9811e-01 +2.7778e-02 +1.0936e-01
35 0 +1.208967755e+01 +1.208967755e+01 +5.274896776e+02 +5.274896776e+02 -2.7167e-01 +3.7667e-02 +1.4992e-01
36 0 +1.125166380e+01 +1.125166380e+01 +5.266516638e+02 +5.266516638e+02 -3.0189e-01 +4.2556e-02 +1.6756e-01
37 0 +8.951194772e+00 +8.951194772e+00 +5.243511948e+02 +5.243511948e+02 -4.1433e-01 +5.8333e-02 +2.3033e-01
38 0 +8.359648369e+00 +8.359648369e+00 +5.237596484e+02 +5.237596484e+02 -4.5983e-01 +6.5917e-02 +2.5325e-01
39 0 +6.323729675e+00 +6.323729675e+00 +5.217237297e+02 +5.217237297e+02 -6.3117e-01 +9.0917e-02 +3.4692e-01
40 0 +5.101046831e+00 +5.101046831e+00 +5.205010468e+02 +5.205010468e+02 -6.9861e-01 +9.7861e-02 +3.8628e-01
41 0 +2.099026065e+00 +2.099026065e+00 +5.174990261e+02 +5.174990261e+02 -9.5817e-01 +1.3342e-01 +5.3017e-01
42 0 +1.962822100e+00 +1.962822100e+00 +5.173628221e+02 +5.173628221e+02 -1.0641e+00 +1.5078e-01 +5.8836e-01
43 0 +8.308342434e-01 +8.308342434e-01 +5.162308342e+02 +5.162308342e+02 -1.4603e+00 +2.0733e-01 +8.0758e-01
92 0 +8.126476456e-01 +8.126476456e-01 +5.162126476e+02 +5.162126476e+02 -1.5045e+00 +2.1182e-01 +8.3714e-01
99 0 +7.880629363e-01 +7.880629363e-01 +5.161880629e+02 +5.161880629e+02 -1.4821e+00 +2.0541e-01 +8.4499e-01
101 0 +7.748619756e-01 +7.748619756e-01 +5.161748620e+02 +5.161748620e+02 -1.4652e+00 +2.0178e-01 +8.4858e-01
103 0 +7.538732661e-01 +7.538732661e-01 +5.161538733e+02 +5.161538733e+02 -1.4681e+00 +1.9814e-01 +8.7210e-01
105 0 +7.354942745e-01 +7.354942745e-01 +5.161354943e+02 +5.161354943e+02 -1.4140e+00 +1.8614e-01 +8.7164e-01
107 0 +7.107785754e-01 +7.107785754e-01 +5.161107786e+02 +5.161107786e+02 -1.3831e+00 +1.7525e-01 +9.0234e-01
108 0 +7.042946605e-01 +7.042946605e-01 +5.161042947e+02 +5.161042947e+02 -1.3782e+00 +1.7124e-01 +9.1547e-01
% f evaluations | g evaluations | best noise-free fitness - Fopt | noise-free fitness - Fopt (-8.628000000000e+01) | measured fitness | best measured fitness | x1 | x2...
1 0 +3.782321205e+01 +3.782321205e+01 -4.845678795e+01 -4.845678795e+01 +0.0000e+00 +0.0000e+00 +0.0000e+00
2 0 +3.781742693e+01 +3.781742693e+01 -4.846257307e+01 -4.846257307e+01 +2.5000e-04 +0.0000e+00 +0.0000e+00
20 0 +3.709578048e+01 +3.709578048e+01 -4.918421952e+01 -4.918421952e+01 +4.0000e-03 -1.0000e-02 +8.2500e-03
24 0 +3.616989571e+01 +3.616989571e+01 -5.011010429e+01 -5.011010429e+01 +1.0500e-02 -2.4500e-02 +1.8500e-02
26 0 +3.534280853e+01 +3.534280853e+01 -5.093719147e+01 -5.093719147e+01 +1.4250e-02 -3.7000e-02 +2.9000e-02
28 0 +3.417577691e+01 +3.417577691e+01 -5.210422309e+01 -5.210422309e+01 +2.3000e-02 -5.8000e-02 +4.3250e-02
29 0 +3.380976517e+01 +3.380976517e+01 -5.247023483e+01 -5.247023483e+01 +2.5583e-02 -6.3167e-02 +4.8250e-02
30 0 +3.252776661e+01 +3.252776661e+01 -5.375223339e+01 -5.375223339e+01 +3.5250e-02 -8.6500e-02 +6.6250e-02
31 0 +3.204681188e+01 +3.204681188e+01 -5.423318812e+01 -5.423318812e+01 +3.7833e-02 -9.6500e-02 +7.3833e-02
32 0 +3.039307687e+01 +3.039307687e+01 -5.588692313e+01 -5.588692313e+01 +5.1500e-02 -1.3250e-01 +1.0150e-01
33 0 +2.981570923e+01 +2.981570923e+01 -5.646429077e+01 -5.646429077e+01 +5.8917e-02 -1.4767e-01 +1.1167e-01
34 0 +2.794096022e+01 +2.794096022e+01 -5.833903978e+01 -5.833903978e+01 +8.1250e-02 -2.0300e-01 +1.5300e-01
35 0 +2.730852490e+01 +2.730852490e+01 -5.897147510e+01 -5.897147510e+01 +8.9000e-02 -2.2333e-01 +1.7058e-01
36 0 +2.563757993e+01 +2.563757993e+01 -6.064242007e+01 -6.064242007e+01 +1.2200e-01 -3.0600e-01 +2.3425e-01
38 0 +2.496513728e+01 +2.496513728e+01 -6.131486272e+01 -6.131486272e+01 +1.8425e-01 -4.6850e-01 +3.5625e-01
40 0 +2.085365492e+01 +2.085365492e+01 -6.542634508e+01 -6.542634508e+01 +2.6081e-01 -6.5944e-01 +5.0344e-01
41 0 +1.501677426e+01 +1.501677426e+01 -7.126322574e+01 -7.126322574e+01 +3.5058e-01 -8.8767e-01 +6.7867e-01
42 0 +1.419093001e+01 +1.419093001e+01 -7.208906999e+01 -7.208906999e+01 +3.7244e-01 -9.4422e-01 +7.1847e-01
44 0 +1.353321137e+01 +1.353321137e+01 -7.274678863e+01 -7.274678863e+01 +3.9802e-01 -1.0144e+00 +7.7476e-01
55 0 +1.341183113e+01 +1.341183113e+01 -7.286816887e+01 -7.286816887e+01 +4.2951e-01 -1.0925e+00 +8.3311e-01
100 0 +1.314788526e+01 +1.314788526e+01 -7.313211474e+01 -7.313211474e+01 +3.8845e-01 -1.0597e+00 +8.1197e-01
106 0 +1.282671637e+01 +1.282671637e+01 -7.345328363e+01 -7.345328363e+01 +3.0814e-01 -9.8192e-01 +7.5792e-01
108 0 +1.251902032e+01 +1.251902032e+01 -7.376097968e+01 -7.376097968e+01 +2.3760e-01 -9.4628e-01 +7.3886e-01
157 0 +1.230147973e+01 +1.230147973e+01 -7.397852027e+01 -7.397852027e+01 +1.1212e-01 -8.8232e-01 +7.0456e-01
190 0 +1.195698292e+01 +1.195698292e+01 -7.432301708e+01 -7.432301708e+01 +1.6664e-01 -9.2123e-01 +8.0331e-01
193 0 +1.168889941e+01 +1.168889941e+01 -7.459110059e+01 -7.459110059e+01 +1.2913e-01 -8.8070e-01 +8.1535e-01
196 0 +1.127010577e+01 +1.127010577e+01 -7.500989423e+01 -7.500989423e+01 +1.4097e-01 -8.6286e-01 +9.1598e-01
197 0 +1.102288747e+01 +1.102288747e+01 -7.525711253e+01 -7.525711253e+01 +1.2814e-01 -8.3367e-01 +9.7231e-01
198 0 +1.080953951e+01 +1.080953951e+01 -7.547046049e+01 -7.547046049e+01 +5.8122e-02 -8.2653e-01 +9.5835e-01
199 0 +1.041400519e+01 +1.041400519e+01 -7.586599481e+01 -7.586599481e+01 -1.3289e-02 -7.8579e-01 +1.0148e+00
201 0 +9.885694083e+00 +9.885694083e+00 -7.639430592e+01 -7.639430592e+01 -1.3440e-01 -6.5693e-01 +1.0129e+00
202 0 +9.479019727e+00 +9.479019727e+00 -7.680098027e+01 -7.680098027e+01 -1.0359e-01 -6.5969e-01 +1.1691e+00
203 0 +8.848381713e+00 +8.848381713e+00 -7.743161829e+01 -7.743161829e+01 -2.0067e-01 -5.6057e-01 +1.3382e+00
204 0 +8.692183361e+00 +8.692183361e+00 -7.758781664e+01 -7.758781664e+01 -3.6037e-01 -5.0186e-01 +1.2716e+00
205 0 +8.168792701e+00 +8.168792701e+00 -7.811120730e+01 -7.811120730e+01 -6.0463e-01 -3.3595e-01 +1.4213e+00
206 0 +7.728722238e+00 +7.728722238e+00 -7.855127776e+01 -7.855127776e+01 -6.1318e-01 -2.4985e-01 +1.5001e+00
207 0 +6.818519604e+00 +6.818519604e+00 -7.946148040e+01 -7.946148040e+01 -9.1312e-01 +1.8129e-02 +1.7428e+00
208 0 +6.148392701e+00 +6.148392701e+00 -8.013160730e+01 -8.013160730e+01 -1.0112e+00 +7.1330e-02 +1.9886e+00
209 0 +4.207850285e+00 +4.207850285e+00 -8.207214972e+01 -8.207214972e+01 -1.4496e+00 +4.3546e-01 +2.4765e+00
211 0 +2.639118121e+00 +2.639118121e+00 -8.364088188e+01 -8.364088188e+01 -2.1556e+00 +1.0643e+00 +3.0064e+00
218 0 +2.603708011e+00 +2.603708011e+00 -8.367629199e+01 -8.367629199e+01 -2.5811e+00 +1.3758e+00 +3.4989e+00
220 0 +2.566051808e+00 +2.566051808e+00 -8.371394819e+01 -8.371394819e+01 -2.6113e+00 +1.4044e+00 +3.3708e+00
227 0 +2.482676991e+00 +2.482676991e+00 -8.379732301e+01 -8.379732301e+01 -2.4518e+00 +1.3204e+00 +3.3473e+00
% f evaluations | g evaluations | best noise-free fitness - Fopt | noise-free fitness - Fopt (2.224000000000e+01) | measured fitness | best measured fitness | x1 | x2...
1 0 +6.032866221e+01 +6.032866221e+01 +8.256866221e+01 +8.256866221e+01 +0.0000e+00 +0.0000e+00 +0.0000e+00
2 0 +6.032623566e+01 +6.032623566e+01 +8.256623566e+01 +8.256623566e+01 +2.5000e-04 +0.0000e+00 +0.0000e+00
14 0 +6.024384073e+01 +6.024384073e+01 +8.248384073e+01 +8.248384073e+01 +5.8333e-04 +2.2500e-03 -3.1667e-03
29 0 +5.869571007e+01 +5.869571007e+01 +8.093571007e+01 +8.093571007e+01 +1.7583e-02 +3.4472e-02 -6.1611e-02
32 0 +5.673248448e+01 +5.673248448e+01 +7.897248448e+01 +7.897248448e+01 +3.7417e-02 +7.1167e-02 -1.3017e-01
34 0 +5.470735786e+01 +5.470735786e+01 +7.694735786e+01 +7.694735786e+01 +5.7333e-02 +1.0633e-01 -1.9433e-01
36 0 +5.114545429e+01 +5.114545429e+01 +7.338545429e+01 +7.338545429e+01 +8.5333e-02 +1.6592e-01 -2.9900e-01
37 0 +5.003881842e+01 +5.003881842e+01 +7.227881842e+01 +7.227881842e+01 +9.6139e-02 +1.8136e-01 -3.3117e-01
38 0 +4.559690159e+01 +4.559690159e+01 +6.783690159e+01 +6.783690159e+01 +1.3225e-01 +2.4825e-01 -4.5450e-01
39 0 +4.385200077e+01 +4.385200077e+01 +6.609200077e+01 +6.609200077e+01 +1.4586e-01 +2.7583e-01 -5.0172e-01
40 0 +3.323674436e+01 +3.323674436e+01 +5.547674436e+01 +5.547674436e+01 +2.0008e-01 +3.7817e-01 -6.8750e-01
41 0 +3.244940703e+01 +3.244940703e+01 +5.468940703e+01 +5.468940703e+01 +2.2111e-01 +4.2189e-01 -7.6633e-01
42 0 +2.872713876e+01 +2.872713876e+01 +5.096713876e+01 +5.096713876e+01 +3.0300e-01 +5.7967e-01 -1.0523e+00
43 0 +2.702237507e+01 +2.702237507e+01 +4.926237507e+01 +4.926237507e+01 +3.3822e-01 +6.3814e-01 -1.1639e+00
44 0 +2.350143791e+01 +2.350143791e+01 +4.574143791e+01 +4.574143791e+01 +4.6467e-01 +8.7425e-01 -1.5963e+00
45 0 +2.321161407e+01 +2.321161407e+01 +4.545161407e+01 +4.545161407e+01 +5.1292e-01 +9.7314e-01 -1.7696e+00
79 0 +2.288824664e+01 +2.288824664e+01 +4.512824664e+01 +4.512824664e+01 +4.6618e-01 +9.7302e-01 -1.6658e+00
85 0 +2.218868198e+01 +2.218868198e+01 +4.442868198e+01 +4.442868198e+01 +4.2600e-01 +1.0900e+00 -1.6530e+00
87 0 +2.182187842e+01 +2.182187842e+01 +4.406187842e+01 +4.406187842e+01 +3.8963e-01 +1.1811e+00 -1.6395e+00
121 0 +2.136614486e+01 +2.136614486e+01 +4.360614486e+01 +4.360614486e+01 +3.1951e-01 +1.3791e+00 -1.5944e+00
136 0 +2.082617085e+01 +2.082617085e+01 +4.306617085e+01 +4.306617085e+01 +3.9187e-01 +1.3677e+00 -1.5997e+00
140 0 +2.039509467e+01 +2.039509467e+01 +4.263509467e+01 +4.263509467e+01 +4.2150e-01 +1.2994e+00 -1.4610e+00
142 0 +1.988521221e+01 +1.988521221e+01 +4.212521221e+01 +4.212521221e+01 +4.8143e-01 +1.3072e+00 -1.4304e+00
143 0 +1.948570656e+01 +1.948570656e+01 +4.172570656e+01 +4.172570656e+01 +5.4287e-01 +1.2955e+00 -1.3835e+00
147 0 +1.896423386e+01 +1.896423386e+01 +4.120423386e+01 +4.120423386e+01 +7.0538e-01 +1.2379e+00 -1.3177e+00
149 0 +1.857523130e+01 +1.857523130e+01 +4.081523130e+01 +4.081523130e+01 +7.1891e-01 +1.3203e+00 -1.3627e+00
156 0 +1.799052124e+01 +1.799052124e+01 +4.023052124e+01 +4.023052124e+01 +9.7370e-01 +1.4376e+00 -1.4033e+00
% f evaluations | g evaluations | best noise-free fitness - Fopt | noise-free fitness - Fopt (-2.301000000000e+01) | measured fitness | best measured fitness | x1 | x2...
1 0 +2.526819919e+01 +2.526819919e+01 +2.258199188e+00 +2.258199188e+00 +0.0000e+00 +0.0000e+00 +0.0000e+00
2 0 +2.526651903e+01 +2.526651903e+01 +2.256519030e+00 +2.256519030e+00 +2.5000e-04 +0.0000e+00 +0.0000e+00
24 0 +2.511769252e+01 +2.511769252e+01 +2.107692521e+00 +2.107692521e+00 +1.3500e-02 +6.7500e-03 +3.5000e-03
32 0 +2.449908727e+01 +2.449908727e+01 +1.489087268e+00 +1.489087268e+00 +7.1167e-02 +3.7417e-02 +2.1833e-02
36 0 +2.368754686e+01 +2.368754686e+01 +6.775468553e-01 +6.775468553e-01 +1.6592e-01 +8.5333e-02 +4.8000e-02
38 0 +2.310697203e+01 +2.310697203e+01 +9.697202732e-02 +9.697202732e-02 +2.4825e-01 +1.3225e-01 +7.4250e-02
40 0 +2.253456380e+01 +2.253456380e+01 -4.754361962e-01 -4.754361962e-01 +3.7817e-01 +2.0008e-01 +1.0950e-01
42 0 +2.231434080e+01 +2.231434080e+01 -6.956592008e-01 -6.956592008e-01 +5.7967e-01 +3.0300e-01 +1.6992e-01
178 0 +2.187599895e+01 +2.187599895e+01 -1.134001047e+00 -1.134001047e+00 +4.0205e-01 +3.8319e-01 +2.9486e-01
% f evaluations | g evaluations | best noise-free fitness - Fopt | noise-free fitness - Fopt (-3.323700000000e+02) | measured fitness | best measured fitness | x1 | x2...
1 0 +2.784343541e+01 +2.784343541e+01 -3.045265646e+02 -3.045265646e+02 +0.0000e+00 +0.0000e+00 +0.0000e+00
4 0 +2.784027848e+01 +2.784027848e+01 -3.045297215e+02 -3.045297215e+02 +0.0000e+00 +0.0000e+00 +2.5000e-04
20 0 +2.750782674e+01 +2.750782674e+01 -3.048621733e+02 -3.048621733e+02 -1.0000e-02 -2.0000e-03 +8.2500e-03
26 0 +2.667976756e+01 +2.667976756e+01 -3.056902324e+02 -3.056902324e+02 -3.7000e-02 -6.0000e-03 +2.9000e-02
28 0 +2.610731130e+01 +2.610731130e+01 -3.062626887e+02 -3.062626887e+02 -5.8000e-02 -8.0000e-03 +4.3250e-02
30 0 +2.525788828e+01 +2.525788828e+01 -3.071121117e+02 -3.071121117e+02 -8.6500e-02 -1.4750e-02 +6.6250e-02
31 0 +2.501388913e+01 +2.501388913e+01 -3.073561109e+02 -3.073561109e+02 -9.6500e-02 -1.4917e-02 +7.3833e-02
32 0 +2.408834061e+01 +2.408834061e+01 -3.082816594e+02 -3.082816594e+02 -1.3250e-01 -2.0250e-02 +1.0150e-01
33 0 +2.372550006e+01 +2.372550006e+01 -3.086444999e+02 -3.086444999e+02 -1.4767e-01 -2.2667e-02 +1.1167e-01
34 0 +2.243756898e+01 +2.243756898e+01 -3.099324310e+02 -3.099324310e+02 -2.0300e-01 -3.1000e-02 +1.5300e-01
35 0 +2.193469738e+01 +2.193469738e+01 -3.104353026e+02 -3.104353026e+02 -2.2333e-01 -3.6000e-02 +1.7058e-01
36 0 +2.013594565e+01 +2.013594565e+01 -3.122340543e+02 -3.122340543e+02 -3.0600e-01 -5.0000e-02 +2.3425e-01
37 0 +1.946467131e+01 +1.946467131e+01 -3.129053287e+02 -3.129053287e+02 -3.4117e-01 -5.2750e-02 +2.5958e-01
38 0 +1.693644411e+01 +1.693644411e+01 -3.154335559e+02 -3.154335559e+02 -4.6850e-01 -7.1750e-02 +3.5625e-01
39 0 +1.594203251e+01 +1.594203251e+01 -3.164279675e+02 -3.164279675e+02 -5.1917e-01 -8.1583e-02 +3.9417e-01
40 0 +1.286448127e+01 +1.286448127e+01 -3.195055187e+02 -3.195055187e+02 -7.1250e-01 -1.1225e-01 +5.4050e-01
41 0 +1.197403436e+01 +1.197403436e+01 -3.203959656e+02 -3.203959656e+02 -7.8833e-01 -1.2500e-01 +6.0100e-01
42 0 +1.031289921e+01 +1.031289921e+01 -3.220571008e+02 -3.220571008e+02 -1.0810e+00 -1.7200e-01 +8.2500e-01
77 0 +1.023068577e+01 +1.023068577e+01 -3.221393142e+02 -3.221393142e+02 -1.1482e+00 -1.8343e-01 +8.7489e-01
93 0 +9.978317838e+00 +9.978317838e+00 -3.223916822e+02 -3.223916822e+02 -1.0977e+00 -1.9509e-01 +8.4943e-01
96 0 +9.736473492e+00 +9.736473492e+00 -3.226335265e+02 -3.226335265e+02 -1.1197e+00 -2.1451e-01 +8.7477e-01
98 0 +9.511391360e+00 +9.511391360e+00 -3.228586086e+02 -3.228586086e+02 -1.0935e+00 -2.3013e-01 +8.6958e-01
100 0 +9.266006367e+00 +9.266006367e+00 -3.231039936e+02 -3.231039936e+02 -1.0025e+00 -2.4943e-01 +8.2033e-01
101 0 +9.109914319e+00 +9.109914319e+00 -3.232600857e+02 -3.232600857e+02 -1.0712e+00 -2.6366e-01 +8.7433e-01
102 0 +8.794872428e+00 +8.794872428e+00 -3.235751276e+02 -3.235751276e+02 -1.0706e+00 -2.9596e-01 +8.9377e-01
104 0 +8.441758015e+00 +8.441758015e+00 -3.239282420e+02 -3.239282420e+02 -9.2719e-01 -3.4650e-01 +8.3413e-01
106 0 +8.100741501e+00 +8.100741501e+00 -3.242692585e+02 -3.242692585e+02 -8.1334e-01 -4.3163e-01 +8.0907e-01
107 0 +7.781732606e+00 +7.781732606e+00 -3.245882674e+02 -3.245882674e+02 -8.7164e-01 -4.6664e-01 +8.7098e-01
108 0 +7.404547049e+00 +7.404547049e+00 -3.249654530e+02 -3.249654530e+02 -8.0623e-01 -5.7525e-01 +8.9631e-01
114 0 +7.077478134e+00 +7.077478134e+00 -3.252925219e+02 -3.252925219e+02 -8.2531e-01 -6.4986e-01 +9.5080e-01
116 0 +6.652881198e+00 +6.652881198e+00 -3.257171188e+02 -3.257171188e+02 -9.4713e-01 -7.1022e-01 +1.0703e+00
120 0 +6.494035138e+00 +6.494035138e+00 -3.258759649e+02 -3.258759649e+02 -1.0588e+00 -8.6555e-01 +1.2372e+00
129 0 +6.427587101e+00 +6.427587101e+00 -3.259424129e+02 -3.259424129e+02 -9.4462e-01 -8.8815e-01 +1.1782e+00
176 0 +6.302560536e+00 +6.302560536e+00 -3.260674395e+02 -3.260674395e+02 -9.7760e-01 -8.7697e-01 +1.2119e+00
180 0 +6.151754516e+00 +6.151754516e+00 -3.262182455e+02 -3.262182455e+02 -9.5414e-01 -8.8540e-01 +1.2258e+00
182 0 +6.023732293e+00 +6.023732293e+00 -3.263462677e+02 -3.263462677e+02 -9.5512e-01 -9.2446e-01 +1.2740e+00
184 0 +5.790408509e+00 +5.790408509e+00 -3.265795915e+02 -3.265795915e+02 -9.3746e-01 -9.2057e-01 +1.2958e+00
185 0 +5.550396360e+00 +5.550396360e+00 -3.268196036e+02 -3.268196036e+02 -9.2006e-01 -9.3249e-01 +1.3302e+00
187 0 +5.220890289e+00 +5.220890289e+00 -3.271491097e+02 -3.271491097e+02 -8.2693e-01 -1.0704e+00 +1.4182e+00
188 0 +5.072377883e+00 +5.072377883e+00 -3.272976221e+02 -3.272976221e+02 -8.6422e-01 -1.0754e+00 +1.4742e+00
189 0 +4.719810455e+00 +4.719810455e+00 -3.276501895e+02 -3.276501895e+02 -8.3046e-01 -1.1624e+00 +1.5936e+00
190 0 +4.346350224e+00 +4.346350224e+00 -3.280236498e+02 -3.280236498e+02 -7.7136e-01 -1.1482e+00 +1.5782e+00
191 0 +3.751079628e+00 +3.751079628e+00 -3.286189204e+02 -3.286189204e+02 -6.8358e-01 -1.2412e+00 +1.7091e+00
193 0 +3.643350088e+00 +3.643350088e+00 -3.287266499e+02 -3.287266499e+02 -6.0948e-01 -1.4544e+00 +1.9949e+00
195 0 +3.311622061e+00 +3.311622061e+00 -3.290583779e+02 -3.290583779e+02 -4.5863e-01 -1.5570e+00 +2.0871e+00
197 0 +3.085388331e+00 +3.085388331e+00 -3.292846117e+02 -3.292846117e+02 -5.2721e-01 -1.4516e+00 +2.0437e+00
198 0 +2.907499032e+00 +2.907499032e+00 -3.294625010e+02 -3.294625010e+02 -4.7053e-01 -1.4856e+00 +2.1571e+00
201 0 +2.763465750e+00 +2.763465750e+00 -3.296065342e+02 -3.296065342e+02 -4.3598e-01 -1.4351e+00 +2.0246e+00
206 0 +2.584132064e+00 +2.584132064e+00 -3.297858679e+02 -3.297858679e+02 -3.4736e-01 -1.4165e+00 +2.1098e+00
207 0 +2.567045959e+00 +2.567045959e+00 -3.298029540e+02 -3.298029540e+02 -2.8578e-01 -1.3820e+00 +2.0862e+00
215 0 +2.474976449e+00 +2.474976449e+00 -3.298950236e+02 -3.298950236e+02 -1.4105e-01 -1.5386e+00 +2.2036e+00
% f evaluations | g evaluations | best noise-free fitness - Fopt | noise-free fitness - Fopt (-1.231300000000e+02) | measured fitness | best measured fitness | x1 | x2...
1 0 +1.918447971e+01 +1.918447971e+01 -1.039455203e+02 -1.039455203e+02 +0.0000e+00 +0.0000e+00 +0.0000e+00
2 0 +1.918110105e+01 +1.918110105e+01 -1.039488990e+02 -1.039488990e+02 +2.5000e-04 +0.0000e+00 +0.0000e+00
14 0 +1.900965489e+01 +1.900965489e+01 -1.041203451e+02 -1.041203451e+02 +5.8333e-04 -3.1667e-03 +2.2500e-03
20 0 +1.858625265e+01 +1.858625265e+01 -1.045437474e+02 -1.045437474e+02 +2.6667e-03 -1.1000e-02 +6.5833e-03
24 0 +1.789983819e+01 +1.789983819e+01 -1.052301618e+02 -1.052301618e+02 +6.7500e-03 -2.3500e-02 +1.3500e-02
25 0 +1.770575831e+01 +1.770575831e+01 -1.054242417e+02 -1.054242417e+02 +7.5556e-03 -2.7222e-02 +1.5222e-02
26 0 +1.714148518e+01 +1.714148518e+01 -1.059885148e+02 -1.059885148e+02 +1.0333e-02 -3.7667e-02 +2.1000e-02
28 0 +1.620008310e+01 +1.620008310e+01 -1.069299169e+02 -1.069299169e+02 +1.6667e-02 -5.5000e-02 +2.9583e-02
29 0 +1.584434371e+01 +1.584434371e+01 -1.072856563e+02 -1.072856563e+02 +1.7583e-02 -6.1611e-02 +3.4472e-02
30 0 +1.464739631e+01 +1.464739631e+01 -1.084826037e+02 -1.084826037e+02 +2.3917e-02 -8.4500e-02 +4.7583e-02
31 0 +1.414791116e+01 +1.414791116e+01 -1.089820888e+02 -1.089820888e+02 +2.7194e-02 -9.4611e-02 +5.1944e-02
32 0 +1.250241717e+01 +1.250241717e+01 -1.106275828e+02 -1.106275828e+02 +3.7417e-02 -1.3017e-01 +7.1167e-02
33 0 +1.199764555e+01 +1.199764555e+01 -1.111323544e+02 -1.111323544e+02 +4.1667e-02 -1.4211e-01 +7.7889e-02
34 0 +1.023943312e+01 +1.023943312e+01 -1.128905669e+02 -1.128905669e+02 +5.7333e-02 -1.9433e-01 +1.0633e-01
35 0 +9.672223382e+00 +9.672223382e+00 -1.134577766e+02 -1.134577766e+02 +6.2444e-02 -2.1767e-01 +1.2047e-01
36 0 +8.428439827e+00 +8.428439827e+00 -1.147015602e+02 -1.147015602e+02 +8.5333e-02 -2.9900e-01 +1.6592e-01
37 0 +8.145951308e+00 +8.145951308e+00 -1.149840487e+02 -1.149840487e+02 +9.6139e-02 -3.3117e-01 +1.8136e-01
38 0 +7.739264050e+00 +7.739264050e+00 -1.153907359e+02 -1.153907359e+02 +1.3225e-01 -4.5450e-01 +2.4825e-01
76 0 +7.559622304e+00 +7.559622304e+00 -1.155703777e+02 -1.155703777e+02 +1.4574e-01 -4.2340e-01 +1.9092e-01
80 0 +7.403677483e+00 +7.403677483e+00 -1.157263225e+02 -1.157263225e+02 +1.6378e-01 -4.3170e-01 +1.6674e-01
83 0 +7.112125694e+00 +7.112125694e+00 -1.160178743e+02 -1.160178743e+02 +1.9944e-01 -4.7373e-01 +1.4861e-01
84 0 +6.880108780e+00 +6.880108780e+00 -1.162498912e+02 -1.162498912e+02 +2.2629e-01 -4.9889e-01 +1.2745e-01
86 0 +6.429172219e+00 +6.429172219e+00 -1.167008278e+02 -1.167008278e+02 +2.5933e-01 -4.7337e-01 +4.2899e-02
88 0 +5.813416332e+00 +5.813416332e+00 -1.173165837e+02 -1.173165837e+02 +3.0466e-01 -4.8803e-01 -2.5688e-02
89 0 +5.138725662e+00 +5.138725662e+00 -1.179912743e+02 -1.179912743e+02 +3.4971e-01 -5.4252e-01 -4.5780e-02
90 0 +3.838592835e+00 +3.838592835e+00 -1.192914072e+02 -1.192914072e+02 +4.3600e-01 -5.9828e-01 -1.3978e-01
91 0 +3.793437065e+00 +3.793437065e+00 -1.193365629e+02 -1.193365629e+02 +4.4037e-01 -5.4089e-01 -2.0916e-01
92 0 +2.769355950e+00 +2.769355950e+00 -1.203606440e+02 -1.203606440e+02 +5.4741e-01 -5.6189e-01 -3.7747e-01
93 0 +2.249127268e+00 +2.249127268e+00 -1.208808727e+02 -1.208808727e+02 +5.9938e-01 -6.2543e-01 -4.0486e-01
94 0 +1.930268325e+00 +1.930268325e+00 -1.211997317e+02 -1.211997317e+02 +7.6940e-01 -7.0146e-01 -6.2873e-01
95 0 +1.489711492e+00 +1.489711492e+00 -1.216402885e+02 -1.216402885e+02 +8.6388e-01 -7.5306e-01 -7.3830e-01
96 0 +4.965953527e-01 +4.965953527e-01 -1.226334046e+02 -1.226334046e+02 +1.1435e+00 -8.8558e-01 -1.0946e+00
98 0 +1.492294614e-01 +1.492294614e-01 -1.229807705e+02 -1.229807705e+02 +1.5307e+00 -1.0524e+00 -1.6119e+00
99 0 +1.310346615e-01 +1.310346615e-01 -1.229989653e+02 -1.229989653e+02 +2.0223e+00 -1.2976e+00 -2.2292e+00
103 0 +1.069931656e-01 +1.069931656e-01 -1.230230068e+02 -1.230230068e+02 +1.6554e+00 -1.1265e+00 -1.7523e+00
104 0 +4.067898271e-02 +4.067898271e-02 -1.230893210e+02 -1.230893210e+02 +1.8649e+00 -1.3023e+00 -1.9424e+00
138 0 +3.972370624e-02 +3.972370624e-02 -1.230902763e+02 -1.230902763e+02 +1.8268e+00 -1.2877e+00 -1.8854e+00
154 0 +3.890203574e-02 +3.890203574e-02 -1.230910980e+02 -1.230910980e+02 +1.8204e+00 -1.2808e+00 -1.8759e+00
156 0 +3.794668771e-02 +3.794668771e-02 -1.230920533e+02 -1.230920533e+02 +1.8262e+00 -1.2861e+00 -1.8740e+00
160 0 +3.618983583e-02 +3.618983583e-02 -1.230938102e+02 -1.230938102e+02 +1.8335e+00 -1.2822e+00 -1.8825e+00
161 0 +3.481789530e-02 +3.481789530e-02 -1.230951821e+02 -1.230951821e+02 +1.8400e+00 -1.2829e+00 -1.8859e+00
163 0 +3.457142304e-02 +3.457142304e-02 -1.230954286e+02 -1.230954286e+02 +1.8729e+00 -1.2971e+00 -1.9286e+00
165 0 +3.137108889e-02 +3.137108889e-02 -1.230986289e+02 -1.230986289e+02 +1.8755e+00 -1.2892e+00 -1.9235e+00
166 0 +2.843704654e-02 +2.843704654e-02 -1.231015630e+02 -1.231015630e+02 +1.8903e+00 -1.2887e+00 -1.9332e+00
169 0 +2.333074595e-02 +2.333074595e-02 -1.231066693e+02 -1.231066693e+02 +1.9486e+00 -1.3081e+00 -1.9806e+00
170 0 +1.931647860e-02 +1.931647860e-02 -1.231106835e+02 -1.231106835e+02 +1.9705e+00 -1.3064e+00 -1.9893e+00
172 0 +1.879266464e-02 +1.879266464e-02 -1.231112073e+02 -1.231112073e+02 +1.9152e+00 -1.2704e+00 -1.9279e+00
173 0 +1.718252431e-02 +1.718252431e-02 -1.231128175e+02 -1.231128175e+02 +1.8878e+00 -1.2422e+00 -1.8820e+00
174 0 +1.431466700e-02 +1.431466700e-02 -1.231156853e+02 -1.231156853e+02 +1.9934e+00 -1.2774e+00 -1.9805e+00
175 0 +1.065644104e-02 +1.065644104e-02 -1.231193436e+02 -1.231193436e+02 +2.0450e+00 -1.2717e+00 -2.0041e+00
177 0 +8.601161986e-03 +8.601161986e-03 -1.231213988e+02 -1.231213988e+02 +1.9635e+00 -1.2005e+00 -1.8799e+00
178 0 +8.227535161e-03 +8.227535161e-03 -1.231217725e+02 -1.231217725e+02 +1.9601e+00 -1.1475e+00 -1.8252e+00
179 0 +3.372171678e-03 +3.372171678e-03 -1.231266278e+02 -1.231266278e+02 +2.0944e+00 -1.2015e+00 -1.9494e+00
180 0 +1.264241223e-03 +1.264241223e-03 -1.231287358e+02 -1.231287358e+02 +2.1976e+00 -1.1812e+00 -1.9831e+00
187 0 +1.158852006e-03 +1.158852006e-03 -1.231288411e+02 -1.231288411e+02 +2.3949e+00 -1.2266e+00 -2.1343e+00
189 0 +1.014667471e-03 +1.014667471e-03 -1.231289853e+02 -1.231289853e+02 +2.3067e+00 -1.2491e+00 -2.1080e+00
191 0 +6.446875837e-04 +6.446875837e-04 -1.231293553e+02 -1.231293553e+02 +2.2655e+00 -1.2179e+00 -2.0399e+00
192 0 +3.160760553e-04 +3.160760553e-04 -1.231296839e+02 -1.231296839e+02 +2.2312e+00 -1.2169e+00 -2.0047e+00
195 0 +2.316725355e-04 +2.316725355e-04 -1.231297683e+02 -1.231297683e+02 +2.2945e+00 -1.2632e+00 -2.0575e+00
196 0 +2.157920698e-04 +2.157920698e-04 -1.231297842e+02 -1.231297842e+02 +2.2884e+00 -1.2702e+00 -2.0322e+00
199 0 +4.109709691e-05 +4.109709691e-05 -1.231299589e+02 -1.231299589e+02 +2.2139e+00 -1.2128e+00 -1.9351e+00
201 0 +1.851840300e-05 +1.851840300e-05 -1.231299815e+02 -1.231299815e+02 +2.3180e+00 -1.2278e+00 -2.0227e+00
204 0 +1.193505966e-06 +1.193505966e-06 -1.231299988e+02 -1.231299988e+02 +2.2767e+00 -1.1949e+00 -1.9322e+00
212 0 +4.456687890e-07 +4.456687890e-07 -1.231299996e+02 -1.231299996e+02 +2.3393e+00 -1.2043e+00 -1.9871e+00
214 0 +1.745449367e-07 +1.745449367e-07 -1.231299998e+02 -1.231299998e+02 +2.3443e+00 -1.2163e+00 -1.9958e+00
216 0 +8.606120616e-08 +8.606120616e-08 -1.231299999e+02 -1.231299999e+02 +2.3185e+00 -1.2141e+00 -1.9854e+00
218 0 +1.226617030e-08 +1.226617030e-08 -1.231300000e+02 -1.231300000e+02 +2.3053e+00 -1.2032e+00 -1.9608e+00
223 0 +2.884092964e-09 +2.884092964e-09 -1.231300000e+02 -1.231300000e+02 +2.3137e+00 -1.2068e+00 -1.9635e+00
256 0 +0.000000000e+00 +0.000000000e+00 -1.231300000e+02 -1.231300000e+02 +2.3185e+00 -1.2082e+00 -1.9712e+00
% f evaluations | g evaluations | best noise-free fitness - Fopt | noise-free fitness - Fopt (-1.537900000000e+02) | measured fitness | best measured fitness | x1 | x2...
1 0 +8.666945142e+00 +8.666945142e+00 -1.451230549e+02 -1.451230549e+02 +0.0000e+00 +0.0000e+00 +0.0000e+00
4 0 +8.664818392e+00 +8.664818392e+00 -1.451251816e+02 -1.451251816e+02 +0.0000e+00 +0.0000e+00 +2.5000e-04
18 0 +8.507654016e+00 +8.507654016e+00 -1.452823460e+02 -1.452823460e+02 +9.1667e-04 -6.3333e-03 +3.6667e-03
22 0 +8.299452943e+00 +8.299452943e+00 -1.454905471e+02 -1.454905471e+02 +2.9167e-03 -1.5833e-02 +8.2500e-03
25 0 +8.060700924e+00 +8.060700924e+00 -1.457292991e+02 -1.457292991e+02 +4.6944e-03 -2.7222e-02 +1.5222e-02
26 0 +7.864647413e+00 +7.864647413e+00 -1.459253526e+02 -1.459253526e+02 +6.5833e-03 -3.7667e-02 +2.1000e-02
28 0 +7.560098626e+00 +7.560098626e+00 -1.462299014e+02 -1.462299014e+02 +9.0000e-03 -5.5000e-02 +2.9583e-02
30 0 +7.016420222e+00 +7.016420222e+00 -1.467735798e+02 -1.467735798e+02 +1.3250e-02 -8.4500e-02 +4.7583e-02
31 0 +6.838366519e+00 +6.838366519e+00 -1.469516335e+02 -1.469516335e+02 +1.5722e-02 -9.4611e-02 +5.1944e-02
32 0 +6.136744772e+00 +6.136744772e+00 -1.476532552e+02 -1.476532552e+02 +2.1833e-02 -1.3017e-01 +7.1167e-02
33 0 +5.890402679e+00 +5.890402679e+00 -1.478995973e+02 -1.478995973e+02 +2.2806e-02 -1.4211e-01 +7.7889e-02
34 0 +5.008058085e+00 +5.008058085e+00 -1.487819419e+02 -1.487819419e+02 +3.0917e-02 -1.9433e-01 +1.0633e-01
35 0 +4.740921778e+00 +4.740921778e+00 -1.490490782e+02 -1.490490782e+02 +3.5000e-02 -2.1767e-01 +1.2047e-01
36 0 +4.605309953e+00 +4.605309953e+00 -1.491846900e+02 -1.491846900e+02 +4.8000e-02 -2.9900e-01 +1.6592e-01
43 0 +4.564373229e+00 +4.564373229e+00 -1.492256268e+02 -1.492256268e+02 +3.9840e-02 -2.4560e-01 +1.3507e-01
97 0 +4.455966031e+00 +4.455966031e+00 -1.493340340e+02 -1.493340340e+02 +3.9343e-02 -2.6427e-01 +1.5532e-01
104 0 +4.360500195e+00 +4.360500195e+00 -1.494294998e+02 -1.494294998e+02 +3.4461e-02 -2.7808e-01 +1.8336e-01
107 0 +4.242086629e+00 +4.242086629e+00 -1.495479134e+02 -1.495479134e+02 +2.5510e-02 -2.8192e-01 +2.1347e-01
109 0 +4.141125679e+00 +4.141125679e+00 -1.496488743e+02 -1.496488743e+02 +1.8039e-02 -2.7992e-01 +2.3252e-01
112 0 +4.015401083e+00 +4.015401083e+00 -1.497745989e+02 -1.497745989e+02 -4.7029e-03 -2.9120e-01 +3.1023e-01
114 0 +3.935474076e+00 +3.935474076e+00 -1.498545259e+02 -1.498545259e+02 +7.2719e-03 -2.5441e-01 +2.3824e-01
115 0 +3.761085159e+00 +3.761085159e+00 -1.500289148e+02 -1.500289148e+02 -1.1771e-02 -2.6844e-01 +3.0719e-01
116 0 +3.561569168e+00 +3.561569168e+00 -1.502284308e+02 -1.502284308e+02 -3.0412e-02 -2.6170e-01 +3.5405e-01
117 0 +3.491079151e+00 +3.491079151e+00 -1.502989208e+02 -1.502989208e+02 -3.6601e-02 -2.5829e-01 +3.6916e-01
118 0 +3.248893126e+00 +3.248893126e+00 -1.505411069e+02 -1.505411069e+02 -6.3921e-02 -2.4747e-01 +4.3748e-01
119 0 +3.154839886e+00 +3.154839886e+00 -1.506351601e+02 -1.506351601e+02 -5.3338e-02 -2.1786e-01 +3.7629e-01
120 0 +2.900754164e+00 +2.900754164e+00 -1.508892458e+02 -1.508892458e+02 -7.7655e-02 -1.8118e-01 +4.0932e-01
121 0 +2.718090635e+00 +2.718090635e+00 -1.510719094e+02 -1.510719094e+02 -1.2193e-01 -2.0582e-01 +5.6232e-01
122 0 +2.502792161e+00 +2.502792161e+00 -1.512872078e+02 -1.512872078e+02 -1.8653e-01 -1.8153e-01 +7.2437e-01
123 0 +2.287685369e+00 +2.287685369e+00 -1.515023146e+02 -1.515023146e+02 -1.8833e-01 -1.4509e-01 +6.9339e-01
124 0 +2.094026437e+00 +2.094026437e+00 -1.516959736e+02 -1.516959736e+02 -2.6729e-01 -8.6783e-02 +8.6305e-01
125 0 +2.049719421e+00 +2.049719421e+00 -1.517402806e+02 -1.517402806e+02 -2.9039e-01 -5.2192e-02 +8.9368e-01
126 0 +1.976097729e+00 +1.976097729e+00 -1.518139023e+02 -1.518139023e+02 -4.0363e-01 +4.5448e-02 +1.1218e+00
128 0 +1.883871500e+00 +1.883871500e+00 -1.519061285e+02 -1.519061285e+02 -5.9006e-01 +1.7571e-01 +1.5301e+00
206 0 +1.861923251e+00 +1.861923251e+00 -1.519280767e+02 -1.519280767e+02 -5.9413e-01 +1.9945e-01 +1.5371e+00
224 0 +1.812459395e+00 +1.812459395e+00 -1.519775406e+02 -1.519775406e+02 -5.7680e-01 +2.1957e-01 +1.6028e+00
227 0 +1.775154431e+00 +1.775154431e+00 -1.520148456e+02 -1.520148456e+02 -5.6498e-01 +2.4143e-01 +1.6488e+00
229 0 +1.727733421e+00 +1.727733421e+00 -1.520622666e+02 -1.520622666e+02 -5.4409e-01 +2.5383e-01 +1.7066e+00
230 0 +1.682105643e+00 +1.682105643e+00 -1.521078944e+02 -1.521078944e+02 -5.3065e-01 +2.7538e-01 +1.7795e+00
232 0 +1.636851459e+00 +1.636851459e+00 -1.521531485e+02 -1.521531485e+02 -4.7284e-01 +3.1352e-01 +1.8724e+00
234 0 +1.609011891e+00 +1.609011891e+00 -1.521809881e+02 -1.521809881e+02 -4.4814e-01 +3.6621e-01 +2.0492e+00
240 0 +1.582176026e+00 +1.582176026e+00 -1.522078240e+02 -1.522078240e+02 -4.3282e-01 +3.4618e-01 +2.0503e+00
% f evaluations | g evaluations | best noise-free fitness - Fopt | noise-free fitness - Fopt (-4.860000000000e+01) | measured fitness | best measured fitness | x1 | x2...
1 0 +2.794335525e+01 +2.794335525e+01 -2.065664475e+01 -2.065664475e+01 +0.0000e+00 +0.0000e+00 +0.0000e+00
3 0 +2.793608215e+01 +2.793608215e+01 -2.066391785e+01 -2.066391785e+01 +0.0000e+00 +2.5000e-04 +0.0000e+00
23 0 +2.749249998e+01 +2.749249998e+01 -2.110750002e+01 -2.110750002e+01 -8.9167e-03 +1.3611e-02 +1.6111e-03
28 0 +2.657945137e+01 +2.657945137e+01 -2.202054863e+01 -2.202054863e+01 -2.9000e-02 +4.2250e-02 +5.3333e-03
30 0 +2.591264243e+01 +2.591264243e+01 -2.268735757e+01 -2.268735757e+01 -4.3250e-02 +6.5083e-02 +6.0833e-03
32 0 +2.500496400e+01 +2.500496400e+01 -2.359503600e+01 -2.359503600e+01 -6.6250e-02 +9.7167e-02 +9.1667e-03
34 0 +2.365147365e+01 +2.365147365e+01 -2.494852635e+01 -2.494852635e+01 -1.0150e-01 +1.4950e-01 +1.6417e-02
35 0 +2.327565475e+01 +2.327565475e+01 -2.532434525e+01 -2.532434525e+01 -1.1167e-01 +1.6558e-01 +1.5778e-02
36 0 +2.188041219e+01 +2.188041219e+01 -2.671958781e+01 -2.671958781e+01 -1.5300e-01 +2.2725e-01 +2.1000e-02
37 0 +2.135809630e+01 +2.135809630e+01 -2.724190370e+01 -2.724190370e+01 -1.7058e-01 +2.5086e-01 +2.4972e-02
38 0 +1.947389360e+01 +1.947389360e+01 -2.912610640e+01 -2.912610640e+01 -2.3425e-01 +3.4375e-01 +3.4417e-02
39 0 +1.873303934e+01 +1.873303934e+01 -2.986696066e+01 -2.986696066e+01 -2.5958e-01 +3.8317e-01 +3.8722e-02
40 0 +1.627627589e+01 +1.627627589e+01 -3.232372411e+01 -3.232372411e+01 -3.5625e-01 +5.2617e-01 +5.3500e-02
41 0 +1.293003679e+01 +1.293003679e+01 -3.566996321e+01 -3.566996321e+01 -3.9417e-01 +5.8194e-01 +5.6194e-02
42 0 +7.738121955e+00 +7.738121955e+00 -4.086187805e+01 -4.086187805e+01 -5.4050e-01 +7.9817e-01 +7.6083e-02
% f evaluations | g evaluations | best noise-free fitness - Fopt | noise-free fitness - Fopt (2.770000000000e+01) | measured fitness | best measured fitness | x1 | x2...
1 0 +4.814757161e+01 +4.814757161e+01 +7.584757161e+01 +7.584757161e+01 +0.0000e+00 +0.0000e+00 +0.0000e+00
2 0 +4.814113556e+01 +4.814113556e+01 +7.584113556e+01 +7.584113556e+01 +2.5000e-04 +0.0000e+00 +0.0000e+00
18 0 +4.779837192e+01 +4.779837192e+01 +7.549837192e+01 +7.549837192e+01 +2.0000e-03 +3.6667e-03 -6.3333e-03
25 0 +4.668550075e+01 +4.668550075e+01 +7.438550075e+01 +7.438550075e+01 +7.5556e-03 +1.5222e-02 -2.7222e-02
28 0 +4.518610320e+01 +4.518610320e+01 +7.288610320e+01 +7.288610320e+01 +1.6667e-02 +2.9583e-02 -5.5000e-02
30 0 +4.358667191e+01 +4.358667191e+01 +7.128667191e+01 +7.128667191e+01 +2.3917e-02 +4.7583e-02 -8.4500e-02
32 0 +4.121413755e+01 +4.121413755e+01 +6.891413755e+01 +6.891413755e+01 +3.7417e-02 +7.1167e-02 -1.3017e-01
33 0 +4.057254119e+01 +4.057254119e+01 +6.827254119e+01 +6.827254119e+01 +4.1667e-02 +7.7889e-02 -1.4211e-01
34 0 +3.796004158e+01 +3.796004158e+01 +6.566004158e+01 +6.566004158e+01 +5.7333e-02 +1.0633e-01 -1.9433e-01
35 0 +3.686405129e+01 +3.686405129e+01 +6.456405129e+01 +6.456405129e+01 +6.2444e-02 +1.2047e-01 -2.1767e-01
36 0 +3.333400915e+01 +3.333400915e+01 +6.103400915e+01 +6.103400915e+01 +8.5333e-02 +1.6592e-01 -2.9900e-01
37 0 +3.209345271e+01 +3.209345271e+01 +5.979345271e+01 +5.979345271e+01 +9.6139e-02 +1.8136e-01 -3.3117e-01
38 0 +2.811720118e+01 +2.811720118e+01 +5.581720118e+01 +5.581720118e+01 +1.3225e-01 +2.4825e-01 -4.5450e-01
39 0 +2.689208823e+01 +2.689208823e+01 +5.459208823e+01 +5.459208823e+01 +1.4586e-01 +2.7583e-01 -5.0172e-01
40 0 +2.342611673e+01 +2.342611673e+01 +5.112611673e+01 +5.112611673e+01 +2.0008e-01 +3.7817e-01 -6.8750e-01
41 0 +2.247718288e+01 +2.247718288e+01 +5.017718288e+01 +5.017718288e+01 +2.2111e-01 +4.2189e-01 -7.6633e-01
42 0 +2.104284125e+01 +2.104284125e+01 +4.874284125e+01 +4.874284125e+01 +3.0300e-01 +5.7967e-01 -1.0523e+00
65 0 +2.088085034e+01 +2.088085034e+01 +4.858085034e+01 +4.858085034e+01 +3.1042e-01 +5.6990e-01 -1.0508e+00
82 0 +2.041723767e+01 +2.041723767e+01 +4.811723767e+01 +4.811723767e+01 +3.1851e-01 +4.8257e-01 -9.6345e-01
85 0 +1.980209446e+01 +1.980209446e+01 +4.750209446e+01 +4.750209446e+01 +3.5979e-01 +4.8302e-01 -1.0196e+00
88 0 +1.943155134e+01 +1.943155134e+01 +4.713155134e+01 +4.713155134e+01 +3.8391e-01 +4.0429e-01 -9.6284e-01
89 0 +1.897354200e+01 +1.897354200e+01 +4.667354200e+01 +4.667354200e+01 +4.1609e-01 +3.8198e-01 -9.8053e-01
91 0 +1.845497413e+01 +1.845497413e+01 +4.615497413e+01 +4.615497413e+01 +4.5942e-01 +4.5513e-01 -1.1249e+00
93 0 +1.744418251e+01 +1.744418251e+01 +4.514418251e+01 +4.514418251e+01 +5.3416e-01 +3.9874e-01 -1.1604e+00
94 0 +1.653996570e+01 +1.653996570e+01 +4.423996570e+01 +4.423996570e+01 +6.2135e-01 +3.5659e-01 -1.2308e+00
97 0 +1.581413576e+01 +1.581413576e+01 +4.351413576e+01 +4.351413576e+01 +7.6463e-01 +3.2353e-01 -1.3930e+00
99 0 +1.502204956e+01 +1.502204956e+01 +4.272204956e+01 +4.272204956e+01 +8.9219e-01 +1.8403e-01 -1.4064e+00
100 0 +1.055284850e+01 +1.055284850e+01 +3.825284850e+01 +3.825284850e+01 +1.0309e+00 +3.4623e-02 -1.4265e+00
101 0 +8.120998924e+00 +8.120998924e+00 +3.582099892e+01 +3.582099892e+01 +1.1586e+00 +9.5631e-02 -1.6723e+00
103 0 +7.816569574e+00 +7.816569574e+00 +3.551656957e+01 +3.551656957e+01 +1.0951e+00 -1.7660e-02 -1.4594e+00
109 0 +7.617995561e+00 +7.617995561e+00 +3.531799556e+01 +3.531799556e+01 +1.1268e+00 +3.8986e-02 -1.5658e+00
120 0 +7.515542046e+00 +7.515542046e+00 +3.521554205e+01 +3.521554205e+01 +1.1224e+00 -1.2689e-02 -1.5019e+00
125 0 +7.395157761e+00 +7.395157761e+00 +3.509515776e+01 +3.509515776e+01 +1.1347e+00 -5.5374e-02 -1.4704e+00
128 0 +7.202147192e+00 +7.202147192e+00 +3.490214719e+01 +3.490214719e+01 +1.1459e+00 -1.4242e-01 -1.3877e+00
129 0 +7.073667810e+00 +7.073667810e+00 +3.477366781e+01 +3.477366781e+01 +1.1576e+00 -2.0729e-01 -1.3307e+00
137 0 +6.871390671e+00 +6.871390671e+00 +3.457139067e+01 +3.457139067e+01 +1.1745e+00 -3.2458e-01 -1.2214e+00
138 0 +6.726971708e+00 +6.726971708e+00 +3.442697171e+01 +3.442697171e+01 +1.1783e+00 -4.0283e-01 -1.1385e+00
144 0 +6.499659685e+00 +6.499659685e+00 +3.419965968e+01 +3.419965968e+01 +1.1984e+00 -6.6489e-01 -8.7077e-01
199 0 +6.453820796e+00 +6.453820796e+00 +3.415382080e+01 +3.415382080e+01 +1.2030e+00 -6.4728e-01 -8.7607e-01
207 0 +6.292783964e+00 +6.292783964e+00 +3.399278396e+01 +3.399278396e+01 +1.2181e+00 -6.0175e-01 -8.7126e-01
211 0 +6.157852408e+00 +6.157852408e+00 +3.385785241e+01 +3.385785241e+01 +1.2287e+00 -5.1687e-01 -8.8282e-01
215 0 +5.924691301e+00 +5.924691301e+00 +3.362469130e+01 +3.362469130e+01 +1.2651e+00 -4.0333e-01 -8.5633e-01
216 0 +5.781795006e+00 +5.781795006e+00 +3.348179501e+01 +3.348179501e+01 +1.2854e+00 -3.2651e-01 -8.6153e-01
218 0 +5.623220829e+00 +5.623220829e+00 +3.332322083e+01 +3.332322083e+01 +1.2796e+00 -2.8976e-01 -9.2833e-01
219 0 +5.380133863e+00 +5.380133863e+00 +3.308013386e+01 +3.308013386e+01 +1.2980e+00 -1.6613e-01 -9.7907e-01
220 0 +5.253589370e+00 +5.253589370e+00 +3.295358937e+01 +3.295358937e+01 +1.3223e+00 -1.6162e-01 -9.2525e-01
221 0 +4.907896947e+00 +4.907896947e+00 +3.260789695e+01 +3.260789695e+01 +1.3639e+00 -9.6633e-03 -9.4309e-01
223 0 +4.415546281e+00 +4.415546281e+00 +3.211554628e+01 +3.211554628e+01 +1.4044e+00 +2.8480e-01 -1.0693e+00
224 0 +3.833013432e+00 +3.833013432e+00 +3.153301343e+01 +3.153301343e+01 +1.4639e+00 +5.9045e-01 -1.1732e+00
226 0 +3.491986169e+00 +3.491986169e+00 +3.119198617e+01 +3.119198617e+01 +1.5140e+00 +6.9317e-01 -1.1576e+00
227 0 +2.942682784e+00 +2.942682784e+00 +3.064268278e+01 +3.064268278e+01 +1.5846e+00 +9.8313e-01 -1.2493e+00
229 0 +2.758335123e+00 +2.758335123e+00 +3.045833512e+01 +3.045833512e+01 +1.8231e+00 +2.2217e+00 -1.6176e+00
230 0 +2.302281970e+00 +2.302281970e+00 +3.000228197e+01 +3.000228197e+01 +1.7453e+00 +1.9014e+00 -1.6122e+00
231 0 +2.102922542e+00 +2.102922542e+00 +2.980292254e+01 +2.980292254e+01 +1.8667e+00 +2.5377e+00 -1.8777e+00
235 0 +2.070772668e+00 +2.070772668e+00 +2.977077267e+01 +2.977077267e+01 +1.8927e+00 +2.5204e+00 -1.8814e+00
% f evaluations | g evaluations | best noise-free fitness - Fopt | noise-free fitness - Fopt (2.993000000000e+01) | measured fitness | best measured fitness | x1 | x2...
1 0 +8.088591845e+00 +8.088591845e+00 +3.801859184e+01 +3.801859184e+01 +0.0000e+00 +0.0000e+00 +0.0000e+00
4 0 +8.085753419e+00 +8.085753419e+00 +3.801575342e+01 +3.801575342e+01 +0.0000e+00 +0.0000e+00 +2.5000e-04
22 0 +7.909934917e+00 +7.909934917e+00 +3.783993492e+01 +3.783993492e+01 -5.0000e-03 -8.2500e-03 +1.1750e-02
26 0 +7.692055211e+00 +7.692055211e+00 +3.762205521e+01 +3.762205521e+01 -1.0833e-02 -1.8500e-02 +2.7500e-02
28 0 +7.489785823e+00 +7.489785823e+00 +3.741978582e+01 +3.741978582e+01 -1.8333e-02 -2.9000e-02 +4.2250e-02
30 0 +7.193232765e+00 +7.193232765e+00 +3.712323277e+01 +3.712323277e+01 -2.7667e-02 -4.3250e-02 +6.5083e-02
32 0 +6.772956283e+00 +6.772956283e+00 +3.670295628e+01 +3.670295628e+01 -3.9833e-02 -6.6250e-02 +9.7167e-02
33 0 +6.623047382e+00 +6.623047382e+00 +3.655304738e+01 +3.655304738e+01 -4.6389e-02 -7.3833e-02 +1.0883e-01
34 0 +6.155195649e+00 +6.155195649e+00 +3.608519565e+01 +3.608519565e+01 -6.4167e-02 -1.0150e-01 +1.4950e-01
35 0 +6.000187768e+00 +6.000187768e+00 +3.593018777e+01 +3.593018777e+01 -6.9444e-02 -1.1167e-01 +1.6558e-01
36 0 +5.684716138e+00 +5.684716138e+00 +3.561471614e+01 +3.561471614e+01 -9.5000e-02 -1.5300e-01 +2.2725e-01
57 0 +5.621639546e+00 +5.621639546e+00 +3.555163955e+01 +3.555163955e+01 -1.0234e-01 -1.6373e-01 +2.5173e-01
63 0 +5.479750148e+00 +5.479750148e+00 +3.540975015e+01 +3.540975015e+01 -1.0147e-01 -1.6249e-01 +2.6865e-01
65 0 +5.365824735e+00 +5.365824735e+00 +3.529582474e+01 +3.529582474e+01 -8.5306e-02 -1.3699e-01 +2.4310e-01
68 0 +5.151894621e+00 +5.151894621e+00 +3.508189462e+01 +3.508189462e+01 -9.1601e-02 -1.4803e-01 +2.8434e-01
69 0 +4.962876414e+00 +4.962876414e+00 +3.489287641e+01 +3.489287641e+01 -9.0436e-02 -1.4639e-01 +3.0691e-01
70 0 +4.890726487e+00 +4.890726487e+00 +3.482072649e+01 +3.482072649e+01 -7.6707e-02 -1.2613e-01 +2.8040e-01
71 0 +4.628545681e+00 +4.628545681e+00 +3.455854568e+01 +3.455854568e+01 -6.4326e-02 -1.0795e-01 +2.8627e-01
72 0 +4.540039508e+00 +4.540039508e+00 +3.447003951e+01 +3.447003951e+01 -7.8885e-02 -1.3227e-01 +3.3473e-01
73 0 +4.222951069e+00 +4.222951069e+00 +3.415295107e+01 +3.415295107e+01 -7.5674e-02 -1.2992e-01 +3.8055e-01
74 0 +3.900304726e+00 +3.900304726e+00 +3.383030473e+01 +3.383030473e+01 -6.2100e-02 -1.0661e-01 +3.7558e-01
75 0 +3.341836033e+00 +3.341836033e+00 +3.327183603e+01 +3.327183603e+01 -4.7388e-02 -8.5139e-02 +4.2659e-01
76 0 +3.175827596e+00 +3.175827596e+00 +3.310582760e+01 +3.310582760e+01 -3.4490e-02 -6.8953e-02 +4.2203e-01
77 0 +2.613154684e+00 +2.613154684e+00 +3.254315468e+01 +3.254315468e+01 -6.5169e-03 -3.0237e-02 +4.7960e-01
79 0 +2.162616515e+00 +2.162616515e+00 +3.209261652e+01 +3.209261652e+01 +2.5032e-02 +1.5949e-02 +6.0461e-01
80 0 +2.011509378e+00 +2.011509378e+00 +3.194150938e+01 +3.194150938e+01 +7.5385e-02 +8.8881e-02 +7.1663e-01
82 0 +1.884590462e+00 +1.884590462e+00 +3.181459046e+01 +3.181459046e+01 +1.4158e-01 +1.7335e-01 +9.1461e-01
84 0 +1.858473939e+00 +1.858473939e+00 +3.178847394e+01 +3.178847394e+01 +2.5457e-01 +3.4314e-01 +9.6773e-01
89 0 +1.747856586e+00 +1.747856586e+00 +3.167785659e+01 +3.167785659e+01 +1.9290e-01 +2.4997e-01 +9.7425e-01
91 0 +1.730140138e+00 +1.730140138e+00 +3.166014014e+01 +3.166014014e+01 +2.6122e-01 +3.4956e-01 +1.0970e+00
128 0 +1.694516005e+00 +1.694516005e+00 +3.162451601e+01 +3.162451601e+01 +2.1867e-01 +2.9392e-01 +1.0485e+00
138 0 +1.648674250e+00 +1.648674250e+00 +3.157867425e+01 +3.157867425e+01 +2.1539e-01 +3.1433e-01 +1.0991e+00
140 0 +1.618387459e+00 +1.618387459e+00 +3.154838746e+01 +3.154838746e+01 +2.0767e-01 +3.1195e-01 +1.0673e+00
142 0 +1.584695598e+00 +1.584695598e+00 +3.151469560e+01 +3.151469560e+01 +2.0614e-01 +3.2817e-01 +1.1082e+00
143 0 +1.542699327e+00 +1.542699327e+00 +3.147269933e+01 +3.147269933e+01 +1.9707e-01 +3.3578e-01 +1.1214e+00
145 0 +1.470687684e+00 +1.470687684e+00 +3.140068768e+01 +3.140068768e+01 +1.9656e-01 +3.5451e-01 +1.1092e+00
147 0 +1.393696788e+00 +1.393696788e+00 +3.132369679e+01 +3.132369679e+01 +1.5610e-01 +3.3139e-01 +1.0605e+00
148 0 +1.297601360e+00 +1.297601360e+00 +3.122760136e+01 +3.122760136e+01 +1.5882e-01 +3.6917e-01 +1.1268e+00
149 0 +1.137761572e+00 +1.137761572e+00 +3.106776157e+01 +3.106776157e+01 +1.3439e-01 +3.9777e-01 +1.1565e+00
150 0 +1.115877406e+00 +1.115877406e+00 +3.104587741e+01 +3.104587741e+01 +1.2763e-01 +3.8667e-01 +1.0960e+00
151 0 +9.372737168e-01 +9.372737168e-01 +3.086727372e+01 +3.086727372e+01 +9.2912e-02 +4.1211e-01 +1.0833e+00
152 0 +8.715048102e-01 +8.715048102e-01 +3.080150481e+01 +3.080150481e+01 +5.9046e-02 +4.0634e-01 +1.0910e+00
153 0 +6.988554198e-01 +6.988554198e-01 +3.062885542e+01 +3.062885542e+01 -9.7090e-03 +4.3225e-01 +1.0819e+00
154 0 +5.849054982e-01 +5.849054982e-01 +3.051490550e+01 +3.051490550e+01 -1.1041e-02 +4.9670e-01 +1.1540e+00
155 0 +5.014922090e-01 +5.014922090e-01 +3.043149221e+01 +3.043149221e+01 -9.4612e-02 +5.7936e-01 +1.2007e+00
157 0 +4.660136524e-01 +4.660136524e-01 +3.039601365e+01 +3.039601365e+01 -2.5712e-01 +6.2988e-01 +1.1634e+00
158 0 +3.394562460e-01 +3.394562460e-01 +3.026945625e+01 +3.026945625e+01 -4.3214e-01 +7.3876e-01 +1.2035e+00
159 0 +1.835458331e-01 +1.835458331e-01 +3.011354583e+01 +3.011354583e+01 -4.3612e-01 +8.1408e-01 +1.2459e+00
160 0 +1.077493982e-01 +1.077493982e-01 +3.003774940e+01 +3.003774940e+01 -6.4933e-01 +1.0050e+00 +1.3278e+00
163 0 +9.634000765e-02 +9.634000765e-02 +3.002634001e+01 +3.002634001e+01 -1.1317e+00 +1.4282e+00 +1.5625e+00
165 0 +6.648299750e-02 +6.648299750e-02 +2.999648300e+01 +2.999648300e+01 -5.6100e-01 +1.0390e+00 +1.4401e+00
167 0 +2.965879546e-02 +2.965879546e-02 +2.995965880e+01 +2.995965880e+01 -9.1931e-01 +1.3174e+00 +1.4864e+00
168 0 +2.263937460e-02 +2.263937460e-02 +2.995263937e+01 +2.995263937e+01 -1.0579e+00 +1.4774e+00 +1.5293e+00
169 0 +1.954625338e-02 +1.954625338e-02 +2.994954625e+01 +2.994954625e+01 -1.1844e+00 +1.6247e+00 +1.6934e+00
171 0 +7.488436430e-03 +7.488436430e-03 +2.993748844e+01 +2.993748844e+01 -7.3720e-01 +1.3326e+00 +1.5460e+00
175 0 +5.739153767e-04 +5.739153767e-04 +2.993057392e+01 +2.993057392e+01 -1.0294e+00 +1.6260e+00 +1.7399e+00
176 0 +2.113640614e-05 +2.113640614e-05 +2.993002114e+01 +2.993002114e+01 -1.0151e+00 +1.7003e+00 +1.8452e+00
188 0 +3.854066698e-06 +3.854066698e-06 +2.993000385e+01 +2.993000385e+01 -9.5705e-01 +1.6711e+00 +1.7987e+00
190 0 +1.754452921e-06 +1.754452921e-06 +2.993000175e+01 +2.993000175e+01 -9.9713e-01 +1.7365e+00 +1.8647e+00
192 0 +1.411085901e-06 +1.411085901e-06 +2.993000141e+01 +2.993000141e+01 -9.5082e-01 +1.6630e+00 +1.8150e+00
194 0 +3.810109419e-07 +3.810109419e-07 +2.993000038e+01 +2.993000038e+01 -9.9170e-01 +1.6953e+00 +1.8356e+00
196 0 +1.881876841e-07 +1.881876841e-07 +2.993000019e+01 +2.993000019e+01 -9.6847e-01 +1.6847e+00 +1.8186e+00
198 0 +1.130053207e-07 +1.130053207e-07 +2.993000011e+01 +2.993000011e+01 -9.8373e-01 +1.7087e+00 +1.8439e+00
201 0 +1.468484712e-08 +1.468484712e-08 +2.993000001e+01 +2.993000001e+01 -9.8984e-01 +1.7014e+00 +1.8366e+00
203 0 +1.416069750e-08 +1.416069750e-08 +2.993000001e+01 +2.993000001e+01 -9.9623e-01 +1.7139e+00 +1.8417e+00
205 0 +1.102434055e-08 +1.102434055e-08 +2.993000001e+01 +2.993000001e+01 -9.7920e-01 +1.6963e+00 +1.8296e+00
206 0 +8.967532494e-09 +8.967532494e-09 +2.993000001e+01 +2.993000001e+01 -9.9312e-01 +1.6990e+00 +1.8281e+00
238 0 +0.000000000e+00 +0.000000000e+00 +2.993000000e+01 +2.993000000e+01 -9.8793e-01 +1.7000e+00 +1.8300e+00
% f evaluations | g evaluations | best noise-free fitness - Fopt | noise-free fitness - Fopt (-1.983000000000e+01) | measured fitness | best measured fitness | x1 | x2...
1 0 +4.280866851e+01 +4.280866851e+01 +2.297866851e+01 +2.297866851e+01 +0.0000e+00 +0.0000e+00 +0.0000e+00
2 0 +4.278478687e+01 +4.278478687e+01 +2.295478687e+01 +2.295478687e+01 +2.5000e-04 +0.0000e+00 +0.0000e+00
12 0 +4.260777271e+01 +4.260777271e+01 +2.277777271e+01 +2.277777271e+01 +1.2500e-03 +1.0000e-03 -2.0000e-03
20 0 +4.163289830e+01 +4.163289830e+01 +2.180289830e+01 +2.180289830e+01 +8.2500e-03 +4.0000e-03 -1.0000e-02
24 0 +4.010268371e+01 +4.010268371e+01 +2.027268371e+01 +2.027268371e+01 +1.8500e-02 +1.0500e-02 -2.4500e-02
25 0 +3.978979124e+01 +3.978979124e+01 +1.995979124e+01 +1.995979124e+01 +2.1000e-02 +1.0583e-02 -2.7000e-02
26 0 +3.868764740e+01 +3.868764740e+01 +1.885764740e+01 +1.885764740e+01 +2.9000e-02 +1.4250e-02 -3.7000e-02
28 0 +3.666015965e+01 +3.666015965e+01 +1.683015965e+01 +1.683015965e+01 +4.3250e-02 +2.3000e-02 -5.8000e-02
29 0 +3.604452977e+01 +3.604452977e+01 +1.621452977e+01 +1.621452977e+01 +4.8250e-02 +2.5583e-02 -6.3167e-02
30 0 +3.379284426e+01 +3.379284426e+01 +1.396284426e+01 +1.396284426e+01 +6.6250e-02 +3.5250e-02 -8.6500e-02
31 0 +3.291459419e+01 +3.291459419e+01 +1.308459419e+01 +1.308459419e+01 +7.3833e-02 +3.7833e-02 -9.6500e-02
32 0 +2.996266720e+01 +2.996266720e+01 +1.013266720e+01 +1.013266720e+01 +1.0150e-01 +5.1500e-02 -1.3250e-01
33 0 +2.892927641e+01 +2.892927641e+01 +9.099276405e+00 +9.099276405e+00 +1.1167e-01 +5.8917e-02 -1.4767e-01
34 0 +2.555730659e+01 +2.555730659e+01 +5.727306593e+00 +5.727306593e+00 +1.5300e-01 +8.1250e-02 -2.0300e-01
35 0 +2.443046103e+01 +2.443046103e+01 +4.600461028e+00 +4.600461028e+00 +1.7058e-01 +8.9000e-02 -2.2333e-01
36 0 +2.099236342e+01 +2.099236342e+01 +1.162363420e+00 +1.162363420e+00 +2.3425e-01 +1.2200e-01 -3.0600e-01
37 0 +1.986518020e+01 +1.986518020e+01 +3.518020022e-02 +3.518020022e-02 +2.5958e-01 +1.3458e-01 -3.4117e-01
38 0 +1.686689182e+01 +1.686689182e+01 -2.963108181e+00 -2.963108181e+00 +3.5625e-01 +1.8425e-01 -4.6850e-01
39 0 +1.632949534e+01 +1.632949534e+01 -3.500504661e+00 -3.500504661e+00 +3.9417e-01 +2.0683e-01 -5.1917e-01
95 0 +1.621717130e+01 +1.621717130e+01 -3.612828696e+00 -3.612828696e+00 +4.2272e-01 +2.2091e-01 -5.5587e-01
122 0 +1.582067288e+01 +1.582067288e+01 -4.009327119e+00 -4.009327119e+00 +4.1323e-01 +3.0570e-01 -5.5847e-01
125 0 +1.547899292e+01 +1.547899292e+01 -4.351007083e+00 -4.351007083e+00 +3.9498e-01 +3.9709e-01 -5.5093e-01
129 0 +1.509292704e+01 +1.509292704e+01 -4.737072961e+00 -4.737072961e+00 +3.6229e-01 +6.2040e-01 -5.4830e-01
