% f evaluations | g evaluations | best noise-free fitness - Fopt | noise-free fitness - Fopt (1.000000000000e+03) | measured fitness | best measured fitness | x1 | x2...
1 0 +5.267303256e+01 +5.267303256e+01 +1.052673033e+03 +1.052673033e+03 -6.3465e-01 +2.5115e+00
4 0 +3.392459978e+01 +3.392459978e+01 +1.033924600e+03 +1.033924600e+03 -3.9512e+00 +2.9664e+00
10 0 +2.279342784e+01 +2.279342784e+01 +1.022793428e+03 +1.022793428e+03 -1.8028e+00 +1.9733e+00
28 0 +2.098415412e+01 +2.098415412e+01 +1.020984154e+03 +1.020984154e+03 -4.0714e+00 +4.8944e+00
38 0 +1.427082350e+01 +1.427082350e+01 +1.014270824e+03 +1.014270824e+03 -3.2122e+00 +3.9969e+00
1274 0 +8.046078128e+00 +8.046078128e+00 +1.008046078e+03 +1.008046078e+03 -3.2859e+00 +2.7256e+00
4693 0 +6.723081422e+00 +6.723081422e+00 +1.006723081e+03 +1.006723081e+03 -3.3193e+00 +3.6266e+00
5152 0 +3.170197382e+00 +3.170197382e+00 +1.003170197e+03 +1.003170197e+03 -3.3724e+00 +2.7879e+00
5307 0 +1.206297170e+00 +1.206297170e+00 +1.001206297e+03 +1.001206297e+03 -3.4190e+00 +2.8500e+00
9899 0 +1.181983965e+00 +1.181983965e+00 +1.001181984e+03 +1.001181984e+03 -3.4419e+00 +2.8424e+00
15156 0 +6.219140084e-01 +6.219140084e-01 +1.000621914e+03 +1.000621914e+03 -3.0991e+00 +3.0343e+00
32357 0 +5.899849367e-01 +5.899849367e-01 +1.000589985e+03 +1.000589985e+03 -3.0990e+00 +3.0204e+00
35674 0 +5.409422869e-01 +5.409422869e-01 +1.000540942e+03 +1.000540942e+03 -3.0965e+00 +3.0183e+00
39707 0 +1.149824777e-03 +1.149824777e-03 +1.000001150e+03 +1.000001150e+03 -3.0589e+00 +3.0029e+00
% f evaluations | g evaluations | best noise-free fitness - Fopt | noise-free fitness - Fopt (7.003000000000e+01) | measured fitness | best measured fitness | x1 | x2...
1 0 +3.834441800e+02 +3.834441800e+02 +4.534741800e+02 +4.534741800e+02 +3.6239e+00 -1.1201e+00
2 0 +2.665107549e+01 +2.665107549e+01 +9.668107549e+01 +9.668107549e+01 -2.4834e+00 -1.7423e+00
3 0 +2.213135507e+01 +2.213135507e+01 +9.216135507e+01 +9.216135507e+01 +1.1522e+00 -2.3281e+00
11 0 +1.389456223e+01 +1.389456223e+01 +8.392456223e+01 +8.392456223e+01 +2.8345e-02 -2.6584e+00
152 0 +6.273333965e+00 +6.273333965e+00 +7.630333396e+01 +7.630333396e+01 +6.1630e-03 -2.0893e+00
17198 0 +5.226707730e+00 +5.226707730e+00 +7.525670773e+01 +7.525670773e+01 +8.3513e-01 -2.7199e+00
31286 0 +5.118225694e+00 +5.118225694e+00 +7.514822569e+01 +7.514822569e+01 +8.3988e-01 -2.6982e+00
65074 0 +4.999077385e+00 +4.999077385e+00 +7.502907739e+01 +7.502907739e+01 +8.3307e-01 -2.7029e+00
67983 0 +4.866016932e+00 +4.866016932e+00 +7.489601693e+01 +7.489601693e+01 +8.5981e-01 -3.1127e+00
91461 0 +4.494035160e+00 +4.494035160e+00 +7.452403516e+01 +7.452403516e+01 +9.8613e-01 -3.1111e+00
130047 0 +4.099165812e+00 +4.099165812e+00 +7.412916581e+01 +7.412916581e+01 +2.8928e-01 -3.1976e+00
130200 0 +2.579760307e+00 +2.579760307e+00 +7.260976031e+01 +7.260976031e+01 +2.5028e-01 -3.1885e+00
139949 0 +2.343073299e+00 +2.343073299e+00 +7.237307330e+01 +7.237307330e+01 +1.1805e-01 -2.7536e+00
141073 0 +2.065731292e+00 +2.065731292e+00 +7.209573129e+01 +7.209573129e+01 +1.1352e-01 -2.7741e+00
147860 0 +1.064763751e+00 +1.064763751e+00 +7.109476375e+01 +7.109476375e+01 -7.4035e-01 -2.8891e+00
181599 0 +8.086118140e-01 +8.086118140e-01 +7.083861181e+01 +7.083861181e+01 -7.8889e-01 -2.5098e+00
206148 0 +8.007405480e-02 +8.007405480e-02 +7.011007405e+01 +7.011007405e+01 -8.4112e-01 -2.4929e+00
209875 0 +1.204007604e-02 +1.204007604e-02 +7.004204008e+01 +7.004204008e+01 -8.4514e-01 -2.4958e+00
% f evaluations | g evaluations | best noise-free fitness - Fopt | noise-free fitness - Fopt (-4.822000000000e+01) | measured fitness | best measured fitness | x1 | x2...
1 0 +1.229877109e+02 +1.229877109e+02 +7.476771088e+01 +7.476771088e+01 +1.9821e+00 -3.2188e+00
4 0 +7.951162863e+01 +7.951162863e+01 +3.129162863e+01 +3.129162863e+01 -4.9108e+00 +4.7687e+00
7 0 +5.425472770e+01 +5.425472770e+01 +6.034727698e+00 +6.034727698e+00 -3.1242e+00 -1.7056e+00
18 0 +5.320919730e+01 +5.320919730e+01 +4.989197304e+00 +4.989197304e+00 -3.5756e+00 +3.1054e+00
19 0 +3.966385585e+01 +3.966385585e+01 -8.556144150e+00 -8.556144150e+00 -2.1624e+00 -4.9603e+00
21 0 +3.435327804e+01 +3.435327804e+01 -1.386672196e+01 -1.386672196e+01 -2.5798e+00 -8.5039e-02
22 0 +2.441595078e+01 +2.441595078e+01 -2.380404922e+01 -2.380404922e+01 -1.6977e+00 +1.8217e-01
29 0 +1.872654152e+01 +1.872654152e+01 -2.949345848e+01 -2.949345848e+01 -8.0800e-01 -3.0423e-01
39 0 +8.428212851e+00 +8.428212851e+00 -3.979178715e+01 -3.979178715e+01 -2.2194e+00 +1.0578e+00
1325 0 +8.268197474e+00 +8.268197474e+00 -3.995180253e+01 -3.995180253e+01 -2.2319e+00 +1.2998e+00
17965 0 +5.335158285e+00 +5.335158285e+00 -4.288484172e+01 -4.288484172e+01 -2.3054e+00 +1.0838e+00
27253 0 +2.255615037e+00 +2.255615037e+00 -4.596438496e+01 -4.596438496e+01 -1.8583e+00 -8.9063e-01
38381 0 +2.153601092e+00 +2.153601092e+00 -4.606639891e+01 -4.606639891e+01 -2.1401e+00 -5.1999e-01
38636 0 +1.530626068e+00 +1.530626068e+00 -4.668937393e+01 -4.668937393e+01 -2.1587e+00 -4.3835e-01
43126 0 +4.660313354e-01 +4.660313354e-01 -4.775396866e+01 -4.775396866e+01 -1.8598e+00 -9.9705e-01
% f evaluations | g evaluations | best noise-free fitness - Fopt | noise-free fitness - Fopt (2.547000000000e+01) | measured fitness | best measured fitness | x1 | x2...
1 0 +1.921527775e+01 +1.921527775e+01 +4.468527775e+01 +4.468527775e+01 -2.6122e+00 -3.1835e+00
17 0 +1.014111347e+01 +1.014111347e+01 +3.561111347e+01 +3.561111347e+01 -1.7772e+00 -3.7216e+00
1172 0 +6.151454346e+00 +6.151454346e+00 +3.162145435e+01 +3.162145435e+01 -3.6749e+00 -2.5789e+00
1427 0 +5.946429522e+00 +5.946429522e+00 +3.141642952e+01 +3.141642952e+01 -3.6137e+00 -3.0622e+00
2600 0 +4.085258494e+00 +4.085258494e+00 +2.955525849e+01 +2.955525849e+01 -3.6164e+00 -3.0335e+00
4795 0 +4.067332370e+00 +4.067332370e+00 +2.953733237e+01 +2.953733237e+01 -3.6197e+00 -3.0216e+00
12145 0 +3.289673033e+00 +3.289673033e+00 +2.875967303e+01 +2.875967303e+01 -3.1277e+00 -3.0166e+00
16535 0 +2.448828272e+00 +2.448828272e+00 +2.791882827e+01 +2.791882827e+01 -3.0516e+00 -2.5310e+00
31694 0 +2.038254588e+00 +2.038254588e+00 +2.750825459e+01 +2.750825459e+01 -3.1247e+00 -3.0599e+00
39350 0 +1.314938912e+00 +1.314938912e+00 +2.678493891e+01 +2.678493891e+01 -3.0902e+00 -2.4930e+00
59052 0 +1.012298508e+00 +1.012298508e+00 +2.648229851e+01 +2.648229851e+01 -3.0884e+00 -2.5227e+00
95341 0 +8.681538380e-01 +8.681538380e-01 +2.633815384e+01 +2.633815384e+01 -3.8250e+00 -1.8517e+00
242796 0 +8.079580188e-01 +8.079580188e-01 +2.627795802e+01 +2.627795802e+01 -3.8382e+00 -1.8561e+00
244581 0 +5.787430216e-02 +5.787430216e-02 +2.552787430e+01 +2.552787430e+01 -3.7961e+00 -1.9050e+00
484010 0 +4.918312438e-02 +4.918312438e-02 +2.551918312e+01 +2.551918312e+01 -3.7823e+00 -1.9223e+00
% f evaluations | g evaluations | best noise-free fitness - Fopt | noise-free fitness - Fopt (-1.008100000000e+02) | measured fitness | best measured fitness | x1 | x2...
1 0 +1.531038693e+03 +1.531038693e+03 +1.430228693e+03 +1.430228693e+03 -4.0407e+00 +4.7338e+00
2 0 +5.049567233e+01 +5.049567233e+01 -5.031432767e+01 -5.031432767e+01 +4.9806e+00 +1.7366e+00
4 0 +4.472681364e+01 +4.472681364e+01 -5.608318636e+01 -5.608318636e+01 -3.5299e+00 -8.1904e-01
8 0 +3.080279608e+01 +3.080279608e+01 -7.000720392e+01 -7.000720392e+01 +1.5539e-01 -3.9215e-01
10 0 +5.023805650e+00 +5.023805650e+00 -9.578619435e+01 -9.578619435e+01 +1.4948e+00 +3.9416e-01
8267 0 +2.537812605e+00 +2.537812605e+00 -9.827218739e+01 -9.827218739e+01 -1.2686e-01 +1.5225e-01
18067 0 +2.137872787e+00 +2.137872787e+00 -9.867212721e+01 -9.867212721e+01 -1.1553e-01 +1.4621e-01
18475 0 +2.075449147e+00 +2.075449147e+00 -9.873455085e+01 -9.873455085e+01 -9.4769e-02 +1.6501e-01
40625 0 +1.334871466e+00 +1.334871466e+00 -9.947512853e+01 -9.947512853e+01 +6.0411e-01 +6.7613e-01
50935 0 +3.560539274e-01 +3.560539274e-01 -1.004539461e+02 -1.004539461e+02 +9.6359e-01 +4.6512e-01
59613 0 +2.378596403e-01 +2.378596403e-01 -1.005721404e+02 -1.005721404e+02 +9.9625e-01 +5.0302e-01
203392 0 +2.169312773e-01 +2.169312773e-01 -1.005930687e+02 -1.005930687e+02 +1.0206e+00 +4.9966e-01
203749 0 +1.274985210e-01 +1.274985210e-01 -1.006825015e+02 -1.006825015e+02 +9.8068e-01 +4.9155e-01
% f evaluations | g evaluations | best noise-free fitness - Fopt | noise-free fitness - Fopt (-3.531300000000e+02) | measured fitness | best measured fitness | x1 | x2...
1 0 +5.075833124e+01 +5.075833124e+01 -3.023716688e+02 -3.023716688e+02 +3.2230e+00 -7.8384e-01
4 0 +4.124822294e+01 +4.124822294e+01 -3.118817771e+02 -3.118817771e+02 -4.1017e+00 +4.0847e-01
6 0 +2.514130270e+01 +2.514130270e+01 -3.279886973e+02 -3.279886973e+02 -4.0196e+00 +9.8385e-01
10 0 +1.946940493e+01 +1.946940493e+01 -3.336605951e+02 -3.336605951e+02 -5.8069e-01 -3.7626e-01
15 0 +1.716734836e+01 +1.716734836e+01 -3.359626516e+02 -3.359626516e+02 -1.5375e+00 +1.0966e+00
40 0 +8.949661229e+00 +8.949661229e+00 -3.441803388e+02 -3.441803388e+02 -3.5907e+00 +1.0845e+00
356 0 +3.322151144e+00 +3.322151144e+00 -3.498078489e+02 -3.498078489e+02 -2.8185e+00 +8.2031e-01
17402 0 +3.113222082e+00 +3.113222082e+00 -3.500167779e+02 -3.500167779e+02 -2.9476e+00 +4.1172e-01
20721 0 +1.204103905e+00 +1.204103905e+00 -3.519258961e+02 -3.519258961e+02 -2.8803e+00 +8.1037e-01
51498 0 +1.165081226e+00 +1.165081226e+00 -3.519649188e+02 -3.519649188e+02 -2.8762e+00 +7.9993e-01
63542 0 +1.080668954e+00 +1.080668954e+00 -3.520493310e+02 -3.520493310e+02 -2.7963e+00 +7.6586e-01
69107 0 +1.024765470e+00 +1.024765470e+00 -3.521052345e+02 -3.521052345e+02 -2.9400e+00 +3.9115e-01
98913 0 +4.195000904e-01 +4.195000904e-01 -3.527104999e+02 -3.527104999e+02 -2.1642e+00 +5.0968e-01
129129 0 +2.414870890e-01 +2.414870890e-01 -3.528885129e+02 -3.528885129e+02 -2.2104e+00 +4.9406e-01
129843 0 +3.794368876e-02 +3.794368876e-02 -3.530920563e+02 -3.530920563e+02 -2.1938e+00 +4.9766e-01
368558 0 +2.476348367e-02 +2.476348367e-02 -3.531052365e+02 -3.531052365e+02 -2.1837e+00 +4.9459e-01
% f evaluations | g evaluations | best noise-free fitness - Fopt | noise-free fitness - Fopt (8.716000000000e+01) | measured fitness | best measured fitness | x1 | x2...
1 0 +9.738731967e+01 +9.738731967e+01 +1.845473197e+02 +1.845473197e+02 +4.3392e+00 +2.1067e+00
2 0 +1.014982802e+01 +1.014982802e+01 +9.730982802e+01 +9.730982802e+01 +2.2278e+00 -1.7083e-01
42 0 +4.984499972e+00 +4.984499972e+00 +9.214449997e+01 +9.214449997e+01 +1.7099e+00 +7.9445e-01
4183 0 +3.837059805e+00 +3.837059805e+00 +9.099705980e+01 +9.099705980e+01 +1.1920e+00 +1.5551e+00
7551 0 +2.686970783e+00 +2.686970783e+00 +8.984697078e+01 +8.984697078e+01 +1.2230e+00 +1.8883e+00
15464 0 +2.265251927e+00 +2.265251927e+00 +8.942525193e+01 +8.942525193e+01 +1.9027e+00 +1.0644e+00
16178 0 +2.150594767e+00 +2.150594767e+00 +8.931059477e+01 +8.931059477e+01 +1.8990e+00 +1.0632e+00
16229 0 +1.504020702e+00 +1.504020702e+00 +8.866402070e+01 +8.866402070e+01 +2.0349e+00 +9.1887e-01
16892 0 +1.132240836e+00 +1.132240836e+00 +8.829224084e+01 +8.829224084e+01 +1.9719e+00 +1.0154e+00
19291 0 +5.375678674e-01 +5.375678674e-01 +8.769756787e+01 +8.769756787e+01 +1.9800e+00 +9.5613e-01
45372 0 +4.048172882e-01 +4.048172882e-01 +8.756481729e+01 +8.756481729e+01 +1.9876e+00 +9.9054e-01
52671 0 +5.808287860e-02 +5.808287860e-02 +8.721808288e+01 +8.721808288e+01 +1.9527e+00 +9.9768e-01
122903 0 +4.206163168e-02 +4.206163168e-02 +8.720206163e+01 +8.720206163e+01 +1.9610e+00 +9.9870e-01
294346 0 +1.793432794e-02 +1.793432794e-02 +8.717793433e+01 +8.717793433e+01 +1.9601e+00 +9.9581e-01
% f evaluations | g evaluations | best noise-free fitness - Fopt | noise-free fitness - Fopt (-3.475000000000e+01) | measured fitness | best measured fitness | x1 | x2...
1 0 +2.805366687e+02 +2.805366687e+02 +2.457866687e+02 +2.457866687e+02 -4.2314e-02 -4.4823e+00
3 0 +2.751098015e+02 +2.751098015e+02 +2.403598015e+02 +2.403598015e+02 -3.4439e+00 +2.7580e+00
4 0 +1.753083512e+01 +1.753083512e+01 -1.721916488e+01 -1.721916488e+01 +1.4781e+00 +1.4494e+00
662 0 +9.724759916e+00 +9.724759916e+00 -2.502524008e+01 -2.502524008e+01 +2.4199e+00 +2.7124e+00
7961 0 +9.309532659e+00 +9.309532659e+00 -2.544046734e+01 -2.544046734e+01 +1.0507e+00 +2.1995e+00
8114 0 +8.347433396e+00 +8.347433396e+00 -2.640256660e+01 -2.640256660e+01 +1.0127e+00 +2.1507e+00
10921 0 +6.187054315e+00 +6.187054315e+00 -2.856294568e+01 -2.856294568e+01 +1.1203e+00 +2.1625e+00
12043 0 +5.755212502e+00 +5.755212502e+00 -2.899478750e+01 -2.899478750e+01 +1.1273e+00 +2.2022e+00
12604 0 +4.011697315e+00 +4.011697315e+00 -3.073830268e+01 -3.073830268e+01 +7.5506e-01 +1.6561e+00
15719 0 +2.054498296e+00 +2.054498296e+00 -3.269550170e+01 -3.269550170e+01 +1.4857e+00 +1.9967e+00
15770 0 +1.427381056e+00 +1.427381056e+00 -3.332261894e+01 -3.332261894e+01 +1.4828e+00 +1.9811e+00
20976 0 +1.250994158e+00 +1.250994158e+00 -3.349900584e+01 -3.349900584e+01 +1.4653e+00 +1.9509e+00
45117 0 +1.062473985e+00 +1.062473985e+00 -3.368752602e+01 -3.368752602e+01 +1.4609e+00 +1.9638e+00
67269 0 +3.105894898e-01 +3.105894898e-01 -3.443941051e+01 -3.443941051e+01 +2.3162e+00 +2.3691e+00
351153 0 +5.110147957e-03 +5.110147957e-03 -3.474488985e+01 -3.474488985e+01 +2.3276e+00 +2.3609e+00
% f evaluations | g evaluations | best noise-free fitness - Fopt | noise-free fitness - Fopt (-1.000000000000e+03) | measured fitness | best measured fitness | x1 | x2...
1 0 +2.528287195e+02 +2.528287195e+02 -7.471712805e+02 -7.471712805e+02 -1.1649e+00 +1.0499e+00
7 0 +5.475746886e+01 +5.475746886e+01 -9.452425311e+02 -9.452425311e+02 -1.2083e+00 -3.4024e+00
9 0 +2.274580110e+01 +2.274580110e+01 -9.772541989e+02 -9.772541989e+02 -4.4419e+00 -1.8862e+00
5919 0 +1.467998834e+01 +1.467998834e+01 -9.853200117e+02 -9.853200117e+02 -2.4959e+00 -3.3284e+00
8522 0 +5.804407768e+00 +5.804407768e+00 -9.941955922e+02 -9.941955922e+02 -3.5333e+00 -4.2559e+00
10972 0 +4.212693386e+00 +4.212693386e+00 -9.957873066e+02 -9.957873066e+02 -3.5664e+00 -3.8193e+00
12043 0 +3.861712433e+00 +3.861712433e+00 -9.961382876e+02 -9.961382876e+02 -2.9214e+00 -4.1858e+00
13728 0 +1.163798069e+00 +1.163798069e+00 -9.988362019e+02 -9.988362019e+02 -3.6395e+00 -3.7650e+00
17708 0 +6.653681194e-01 +6.653681194e-01 -9.993346319e+02 -9.993346319e+02 -3.7584e+00 -3.2568e+00
40778 0 +2.373427317e-01 +2.373427317e-01 -9.997626573e+02 -9.997626573e+02 -3.7875e+00 -3.2090e+00
137142 0 +2.273467949e-01 +2.273467949e-01 -9.997726532e+02 -9.997726532e+02 -3.7359e+00 -3.2555e+00
146075 0 +6.718844673e-02 +6.718844673e-02 -9.999328116e+02 -9.999328116e+02 -3.7562e+00 -3.2260e+00
249073 0 +5.245165751e-02 +5.245165751e-02 -9.999475483e+02 -9.999475483e+02 -3.7717e+00 -3.2171e+00
% f evaluations | g evaluations | best noise-free fitness - Fopt | noise-free fitness - Fopt (-9.247000000000e+01) | measured fitness | best measured fitness | x1 | x2...
1 0 +5.500296036e+01 +5.500296036e+01 -3.746703964e+01 -3.746703964e+01 -2.5245e-01 +1.5491e+00
2 0 +3.819823541e+01 +3.819823541e+01 -5.427176459e+01 -5.427176459e+01 -1.9356e+00 -2.9551e-01
21 0 +7.860705973e+00 +7.860705973e+00 -8.460929403e+01 -8.460929403e+01 +4.5987e+00 -4.6995e-01
4642 0 +5.612578441e+00 +5.612578441e+00 -8.685742156e+01 -8.685742156e+01 +2.7604e+00 -2.4851e-01
6429 0 +5.109165605e+00 +5.109165605e+00 -8.736083439e+01 -8.736083439e+01 +3.3194e+00 -9.3779e-01
6531 0 +3.659896125e+00 +3.659896125e+00 -8.881010388e+01 -8.881010388e+01 +2.6685e+00 -6.1911e-01
6837 0 +2.907362566e+00 +2.907362566e+00 -8.956263743e+01 -8.956263743e+01 +2.8935e+00 -2.4438e-01
18169 0 +2.120101478e+00 +2.120101478e+00 -9.034989852e+01 -9.034989852e+01 +2.9595e+00 -1.7251e-01
27100 0 +1.750444302e+00 +1.750444302e+00 -9.071955570e+01 -9.071955570e+01 +3.7572e+00 +5.9485e-02
33481 0 +1.715660276e+00 +1.715660276e+00 -9.075433972e+01 -9.075433972e+01 +3.4657e+00 -4.3187e-01
33583 0 +1.360704173e+00 +1.360704173e+00 -9.110929583e+01 -9.110929583e+01 +3.4952e+00 -4.2608e-01
35266 0 +1.159580465e+00 +1.159580465e+00 -9.131041954e+01 -9.131041954e+01 +3.5217e+00 -4.3251e-01
36900 0 +1.077291980e+00 +1.077291980e+00 -9.139270802e+01 -9.139270802e+01 +3.5378e+00 -4.1989e-01
42769 0 +7.866700801e-01 +7.866700801e-01 -9.168332992e+01 -9.168332992e+01 +2.8723e+00 -2.2849e-01
43381 0 +2.831196259e-01 +2.831196259e-01 -9.218688037e+01 -9.218688037e+01 +2.8874e+00 -1.9530e-01
119941 0 +6.331592787e-02 +6.331592787e-02 -9.240668407e+01 -9.240668407e+01 +2.8898e+00 -2.1345e-01
130355 0 +5.526058567e-02 +5.526058567e-02 -9.241473941e+01 -9.241473941e+01 +2.8713e+00 -2.0466e-01
% f evaluations | g evaluations | best noise-free fitness - Fopt | noise-free fitness - Fopt (-2.153000000000e+02) | measured fitness | best measured fitness | x1 | x2...
1 0 +2.280669665e+02 +2.280669665e+02 +1.276696649e+01 +1.276696649e+01 +2.2070e+00 -3.7922e+00
3 0 +1.293874175e+02 +1.293874175e+02 -8.591258250e+01 -8.591258250e+01 +5.7362e-01 -6.5210e-01
6 0 +2.455764457e+01 +2.455764457e+01 -1.907423554e+02 -1.907423554e+02 -2.2560e+00 +2.6320e+00
15 0 +2.446205195e+01 +2.446205195e+01 -1.908379480e+02 -1.908379480e+02 -2.8781e+00 +4.5326e-01
47 0 +1.221681008e+01 +1.221681008e+01 -2.030831899e+02 -2.030831899e+02 -2.2664e+00 +2.4512e+00
968 0 +6.790038140e+00 +6.790038140e+00 -2.085099619e+02 -2.085099619e+02 -2.2080e+00 +2.3606e+00
1886 0 +5.015043111e+00 +5.015043111e+00 -2.102849569e+02 -2.102849569e+02 -2.2368e+00 +2.3122e+00
4030 0 +2.056872522e+00 +2.056872522e+00 -2.132431275e+02 -2.132431275e+02 -2.5649e+00 +2.3954e+00
187315 0 +1.362024847e+00 +1.362024847e+00 -2.139379752e+02 -2.139379752e+02 -2.8767e+00 +2.5367e+00
289701 0 +1.217036389e+00 +1.217036389e+00 -2.140829636e+02 -2.140829636e+02 -2.8872e+00 +2.5251e+00
306135 0 +5.261512877e-01 +5.261512877e-01 -2.147738487e+02 -2.147738487e+02 -2.9997e+00 +3.5172e+00
318640 0 +2.111091506e-01 +2.111091506e-01 -2.150888908e+02 -2.150888908e+02 -2.9784e+00 +3.5118e+00
324766 0 +2.035139923e-01 +2.035139923e-01 -2.150964860e+02 -2.150964860e+02 -2.9852e+00 +3.5206e+00
325888 0 +1.770550266e-01 +1.770550266e-01 -2.151229450e+02 -2.151229450e+02 -2.9849e+00 +3.5185e+00
334464 0 +9.399132051e-02 +9.399132051e-02 -2.152060087e+02 -2.152060087e+02 -2.9795e+00 +3.5022e+00
335790 0 +9.085484176e-02 +9.085484176e-02 -2.152091452e+02 -2.152091452e+02 -2.9795e+00 +3.5018e+00
336045 0 +8.710810434e-02 +8.710810434e-02 -2.152128919e+02 -2.152128919e+02 -2.9795e+00 +3.5013e+00
336198 0 +8.023180750e-02 +8.023180750e-02 -2.152197682e+02 -2.152197682e+02 -2.9794e+00 +3.5003e+00
336402 0 +1.289746235e-02 +1.289746235e-02 -2.152871025e+02 -2.152871025e+02 -2.9799e+00 +3.4899e+00
% f evaluations | g evaluations | best noise-free fitness - Fopt | noise-free fitness - Fopt (-5.449000000000e+01) | measured fitness | best measured fitness | x1 | x2...
1 0 +1.726283317e+02 +1.726283317e+02 +1.181383317e+02 +1.181383317e+02 +3.7948e+00 +2.8508e+00
3 0 +9.645652120e+01 +9.645652120e+01 +4.196652120e+01 +4.196652120e+01 +4.5287e+00 +9.3319e-01
4 0 +3.832240402e+01 +3.832240402e+01 -1.616759598e+01 -1.616759598e+01 +4.6663e+00 -1.1507e+00
7 0 +2.424984104e+01 +2.424984104e+01 -3.024015896e+01 -3.024015896e+01 +2.9000e+00 -2.6226e-01
47 0 +1.094990836e+01 +1.094990836e+01 -4.354009164e+01 -4.354009164e+01 +2.2073e+00 -1.7449e+00
509 0 +3.245410910e+00 +3.245410910e+00 -5.124458909e+01 -5.124458909e+01 +3.4071e+00 -7.3498e-01
2447 0 +1.660373770e-01 +1.660373770e-01 -5.432396262e+01 -5.432396262e+01 +3.3629e+00 -1.1812e+00
127240 0 +1.304107705e-02 +1.304107705e-02 -5.447695892e+01 -5.447695892e+01 +3.3816e+00 -1.1798e+00
% f evaluations | g evaluations | best noise-free fitness - Fopt | noise-free fitness - Fopt (5.049000000000e+01) | measured fitness | best measured fitness | x1 | x2...
1 0 +6.165629688e+01 +6.165629688e+01 +1.121462969e+02 +1.121462969e+02 +2.1046e+00 -2.4864e+00
2 0 +4.903536145e+01 +4.903536145e+01 +9.952536145e+01 +9.952536145e+01 +2.0700e+00 +9.3668e-01
6 0 +3.784395528e+01 +3.784395528e+01 +8.833395528e+01 +8.833395528e+01 +2.5391e+00 -2.1140e+00
15 0 +1.231892764e+01 +1.231892764e+01 +6.280892764e+01 +6.280892764e+01 +4.7573e+00 -5.2867e-01
43 0 +2.602785085e+00 +2.602785085e+00 +5.309278508e+01 +5.309278508e+01 +3.2756e+00 +9.3392e-02
356 0 +1.945419551e+00 +1.945419551e+00 +5.243541955e+01 +5.243541955e+01 +2.5528e+00 -4.2829e-01
968 0 +1.387753399e+00 +1.387753399e+00 +5.187775340e+01 +5.187775340e+01 +2.6068e+00 -3.9403e-01
33889 0 +1.023784379e+00 +1.023784379e+00 +5.151378438e+01 +5.151378438e+01 +3.3620e+00 +1.1083e-01
38277 0 +6.135140517e-01 +6.135140517e-01 +5.110351405e+01 +5.110351405e+01 +3.5760e+00 -1.4909e-01
44148 0 +4.069034012e-01 +4.069034012e-01 +5.089690340e+01 +5.089690340e+01 +3.5407e+00 -1.8188e-01
44454 0 +1.678424306e-01 +1.678424306e-01 +5.065784243e+01 +5.065784243e+01 +3.5525e+00 -1.7456e-01
71300 0 +1.805611170e-02 +1.805611170e-02 +5.050805611e+01 +5.050805611e+01 +3.5923e+00 -1.6465e-01
87634 0 +9.163751403e-03 +9.163751403e-03 +5.049916375e+01 +5.049916375e+01 +3.5841e+00 -1.6822e-01
220695 0 +4.518217580e-03 +4.518217580e-03 +5.049451822e+01 +5.049451822e+01 +3.5782e+00 -1.6807e-01
% f evaluations | g evaluations | best noise-free fitness - Fopt | noise-free fitness - Fopt (-3.641300000000e+02) | measured fitness | best measured fitness | x1 | x2...
1 0 +5.605109291e+01 +5.605109291e+01 -3.080789071e+02 -3.080789071e+02 +1.4317e+00 -1.4696e+00
4 0 +5.361924951e+01 +5.361924951e+01 -3.105107505e+02 -3.105107505e+02 +1.2275e+00 -1.8920e+00
15 0 +4.849139163e+01 +4.849139163e+01 -3.156386084e+02 -3.156386084e+02 -1.1336e+00 -1.2452e+00
21 0 +4.589408900e+01 +4.589408900e+01 -3.182359110e+02 -3.182359110e+02 -9.1841e-01 +4.9410e-01
29 0 +1.726411533e+01 +1.726411533e+01 -3.468658847e+02 -3.468658847e+02 -4.9230e+00 -1.3551e+00
41 0 +2.690708966e+00 +2.690708966e+00 -3.614392910e+02 -3.614392910e+02 -4.2459e+00 -3.2713e-01
22251 0 +2.403666721e+00 +2.403666721e+00 -3.617263333e+02 -3.617263333e+02 -3.0917e+00 -1.2446e-01
34093 0 +2.217380714e+00 +2.217380714e+00 -3.619126193e+02 -3.619126193e+02 -3.1331e+00 -1.3554e-01
45117 0 +1.471540058e+00 +1.471540058e+00 -3.626584599e+02 -3.626584599e+02 -2.8350e+00 -4.1443e-01
45525 0 +1.140706907e+00 +1.140706907e+00 -3.629892931e+02 -3.629892931e+02 -2.8275e+00 -4.1910e-01
90441 0 +6.135407317e-01 +6.135407317e-01 -3.635164593e+02 -3.635164593e+02 -3.8269e+00 -6.0973e-01
91920 0 +4.404836703e-02 +4.404836703e-02 -3.640859516e+02 -3.640859516e+02 -3.7770e+00 -5.9936e-01
329052 0 +3.244070100e-02 +3.244070100e-02 -3.640975593e+02 -3.640975593e+02 -3.7701e+00 -5.9633e-01
% f evaluations | g evaluations | best noise-free fitness - Fopt | noise-free fitness - Fopt (1.592700000000e+02) | measured fitness | best measured fitness | x1 | x2...
1 0 +3.088358143e+02 +3.088358143e+02 +4.681058143e+02 +4.681058143e+02 +4.2975e+00 -3.9768e+00
4 0 +1.145329249e+02 +1.145329249e+02 +2.738029249e+02 +2.738029249e+02 -2.4239e+00 +1.1243e+00
6 0 +9.640340610e+01 +9.640340610e+01 +2.556734061e+02 +2.556734061e+02 -2.4468e+00 +9.3340e-01
12 0 +1.454547180e+01 +1.454547180e+01 +1.738154718e+02 +1.738154718e+02 -7.6645e-01 +1.7337e-01
458 0 +1.180479637e+01 +1.180479637e+01 +1.710747964e+02 +1.710747964e+02 -2.5702e+00 -1.4821e+00
713 0 +7.427778449e+00 +7.427778449e+00 +1.666977784e+02 +1.666977784e+02 -2.5577e+00 -1.5488e+00
1427 0 +6.910593701e+00 +6.910593701e+00 +1.661805937e+02 +1.661805937e+02 -2.4420e+00 -1.5907e+00
3877 0 +6.598041381e+00 +6.598041381e+00 +1.658680414e+02 +1.658680414e+02 -2.5280e+00 -1.5520e+00
3928 0 +6.004567193e+00 +6.004567193e+00 +1.652745672e+02 +1.652745672e+02 -2.3950e+00 -1.8963e+00
5050 0 +5.742689652e+00 +5.742689652e+00 +1.650126897e+02 +1.650126897e+02 -2.5158e+00 -1.5248e+00
5101 0 +5.443547517e+00 +5.443547517e+00 +1.647135475e+02 +1.647135475e+02 -2.4223e+00 -1.5742e+00
5358 0 +4.611074299e+00 +4.611074299e+00 +1.638810743e+02 +1.638810743e+02 -2.4397e+00 -1.5146e+00
8063 0 +1.915397123e+00 +1.915397123e+00 +1.611853971e+02 +1.611853971e+02 -2.4800e+00 -2.0122e+00
21690 0 +1.663383284e+00 +1.663383284e+00 +1.609333833e+02 +1.609333833e+02 -1.7084e+00 -1.5108e+00
46394 0 +1.300517010e+00 +1.300517010e+00 +1.605705170e+02 +1.605705170e+02 -1.6052e+00 -1.4146e+00
52161 0 +3.556955735e-01 +3.556955735e-01 +1.596256956e+02 +1.596256956e+02 -1.6503e+00 -1.4520e+00
56755 0 +1.421360496e-01 +1.421360496e-01 +1.594121360e+02 +1.594121360e+02 -1.6512e+00 -1.4463e+00
269030 0 +5.351473401e-02 +5.351473401e-02 +1.593235147e+02 +1.593235147e+02 -1.6505e+00 -1.4391e+00
