% f evaluations | g evaluations | best noise-free fitness - Fopt | noise-free fitness - Fopt (9.294000000000e+01) | measured fitness | best measured fitness | x1 | x2...
1 0 +7.271672073e+02 +7.271672073e+02 +8.201072073e+02 +8.201072073e+02 -4.6121e+00 -4.0615e+00 +2.4809e+00 +3.2362e+00 +3.2807e+00
3 0 +3.404074756e+02 +3.404074756e+02 +4.333474756e+02 +4.333474756e+02 -1.9289e+00 +3.7749e+00 +3.5434e+00 +3.5083e+00 +4.4500e+00
4 0 +3.224886138e+02 +3.224886138e+02 +4.154286138e+02 +4.154286138e+02 -2.3502e+00 +4.7551e+00 -4.9385e+00 +1.0005e+00 -1.0306e+00
5 0 +4.450605885e+01 +4.450605885e+01 +1.374460589e+02 +1.374460589e+02 +4.7374e-02 -4.0550e-01 +1.7412e+00 +2.6895e+00 +1.4132e+00
56 0 +3.721558546e+01 +3.721558546e+01 +1.301555855e+02 +1.301555855e+02 -4.9792e-02 -5.1590e-02 +1.7383e+00 +3.5314e+00 +1.3680e+00
62 0 +1.249565537e+01 +1.249565537e+01 +1.054356554e+02 +1.054356554e+02 -1.3092e+00 +1.4842e+00 -1.1336e+00 +2.1250e+00 +2.4161e+00
75 0 +9.170369362e+00 +9.170369362e+00 +1.021103694e+02 +1.021103694e+02 +1.8476e-01 -4.8432e-01 +1.0167e+00 +2.6943e+00 +2.3661e+00
104 0 +8.851743977e+00 +8.851743977e+00 +1.017917440e+02 +1.017917440e+02 +3.5766e-01 -7.7833e-01 +7.7940e-01 +2.7622e+00 +2.4900e+00
107 0 +8.509408266e+00 +8.509408266e+00 +1.014494083e+02 +1.014494083e+02 +2.2528e-01 -4.5691e-01 +1.0734e+00 +2.6951e+00 +2.2100e+00
110 0 +6.220304293e+00 +6.220304293e+00 +9.916030429e+01 +9.916030429e+01 -8.2195e-03 -5.0342e-01 +7.3749e-01 +2.7025e+00 +2.2052e+00
119 0 +5.069049400e+00 +5.069049400e+00 +9.800904940e+01 +9.800904940e+01 +2.2898e-01 +3.6284e-01 +6.2090e-01 +2.7104e+00 +2.3128e+00
128 0 +3.322718992e+00 +3.322718992e+00 +9.626271899e+01 +9.626271899e+01 +2.7178e-01 -4.3338e-01 +6.6519e-01 +2.9292e+00 +2.4783e+00
162 0 +2.979150642e+00 +2.979150642e+00 +9.591915064e+01 +9.591915064e+01 +2.3324e-01 -4.1561e-01 +6.4762e-01 +2.9253e+00 +2.4775e+00
173 0 +2.860653870e+00 +2.860653870e+00 +9.580065387e+01 +9.580065387e+01 +1.8472e-01 -4.2724e-01 +5.9535e-01 +2.9261e+00 +2.4822e+00
178 0 +2.320866203e+00 +2.320866203e+00 +9.526086620e+01 +9.526086620e+01 +4.2132e-01 -3.9408e-01 +5.5782e-01 +2.9293e+00 +2.2445e+00
184 0 +2.225466053e+00 +2.225466053e+00 +9.516546605e+01 +9.516546605e+01 +2.9685e-01 -3.4314e-01 +5.9035e-01 +3.1300e+00 +2.4742e+00
215 0 +2.150401007e+00 +2.150401007e+00 +9.509040101e+01 +9.509040101e+01 +2.9760e-01 -4.8683e-01 +5.8505e-01 +3.1285e+00 +2.4829e+00
221 0 +1.998006278e+00 +1.998006278e+00 +9.493800628e+01 +9.493800628e+01 +2.7484e-01 -2.9746e-01 +6.0295e-01 +3.1616e+00 +2.4532e+00
222 0 +1.994568325e+00 +1.994568325e+00 +9.493456833e+01 +9.493456833e+01 +2.6871e-01 -3.0211e-01 +5.7589e-01 +3.2400e+00 +2.5196e+00
231 0 +1.863636886e+00 +1.863636886e+00 +9.480363689e+01 +9.480363689e+01 +2.9457e-01 -2.9374e-01 +6.4234e-01 +3.2339e+00 +2.4739e+00
288 0 +1.849239189e+00 +1.849239189e+00 +9.478923919e+01 +9.478923919e+01 +2.9504e-01 -2.9507e-01 +6.2656e-01 +3.2718e+00 +2.4740e+00
% f evaluations | g evaluations | best noise-free fitness - Fopt | noise-free fitness - Fopt (3.535000000000e+01) | measured fitness | best measured fitness | x1 | x2...
1 0 +4.538635052e+02 +4.538635052e+02 +4.892135052e+02 +4.892135052e+02 +4.5966e+00 -1.9146e+00 +8.8686e-01 +4.3025e+00 +4.4087e+00
6 0 +4.329255839e+02 +4.329255839e+02 +4.682755839e+02 +4.682755839e+02 +8.0389e-01 -5.1003e-01 +4.4590e+00 +3.6980e+00 +4.3615e+00
10 0 +1.416167492e+02 +1.416167492e+02 +1.769667492e+02 +1.769667492e+02 +1.0050e+00 +3.6816e+00 +4.4888e+00 +4.0476e+00 -3.6365e+00
26 0 +5.706117852e+01 +5.706117852e+01 +9.241117852e+01 +9.241117852e+01 +9.3859e-01 +4.0294e+00 +1.6787e+00 -1.4877e+00 -3.6564e+00
31 0 +4.268209097e+01 +4.268209097e+01 +7.803209097e+01 +7.803209097e+01 +4.5725e+00 -4.1949e+00 +4.7317e+00 -2.3180e+00 -9.6009e-01
57 0 +3.052147779e+01 +3.052147779e+01 +6.587147779e+01 +6.587147779e+01 +3.5463e+00 -3.5320e+00 +5.0000e+00 -1.8963e+00 -2.9291e+00
58 0 +2.809455791e+01 +2.809455791e+01 +6.344455791e+01 +6.344455791e+01 +5.0000e+00 -4.2530e+00 +5.0000e+00 -6.0861e-01 -9.4938e-01
111 0 +1.754812424e+01 +1.754812424e+01 +5.289812424e+01 +5.289812424e+01 +5.0000e+00 -3.3120e+00 +5.0000e+00 -7.3668e-01 -7.2538e-01
121 0 +1.717196156e+01 +1.717196156e+01 +5.252196156e+01 +5.252196156e+01 +5.0000e+00 -3.9062e+00 +5.0000e+00 -7.8635e-01 -6.9711e-01
130 0 +1.360769665e+01 +1.360769665e+01 +4.895769665e+01 +4.895769665e+01 +5.0000e+00 -3.8099e+00 +5.0000e+00 -1.8710e-01 -9.1430e-01
158 0 +9.796342831e+00 +9.796342831e+00 +4.514634283e+01 +4.514634283e+01 +5.0000e+00 -3.4181e+00 +5.0000e+00 +2.0045e-01 -9.1632e-01
186 0 +7.270858602e+00 +7.270858602e+00 +4.262085860e+01 +4.262085860e+01 +5.0000e+00 -2.8246e+00 +4.9268e+00 +5.9494e-02 -9.1633e-01
% f evaluations | g evaluations | best noise-free fitness - Fopt | noise-free fitness - Fopt (3.820000000000e+00) | measured fitness | best measured fitness | x1 | x2...
1 0 +8.264058165e+02 +8.264058165e+02 +8.302258165e+02 +8.302258165e+02 -2.3244e+00 +4.1679e+00 -7.8129e-01 +3.4160e+00 +5.0943e-01
2 0 +7.184347169e+02 +7.184347169e+02 +7.222547169e+02 +7.222547169e+02 +4.7105e+00 +4.7356e+00 +2.9031e+00 +2.9306e+00 -3.0709e+00
3 0 +5.099230420e+02 +5.099230420e+02 +5.137430420e+02 +5.137430420e+02 +2.4814e+00 +1.5556e+00 +1.1010e+00 +3.3818e+00 +4.7065e+00
6 0 +2.420915754e+01 +2.420915754e+01 +2.802915754e+01 +2.802915754e+01 +3.5244e+00 +3.7322e+00 -1.0749e+00 -8.9709e-01 -7.4018e-01
76 0 +9.408012587e+00 +9.408012587e+00 +1.322801259e+01 +1.322801259e+01 +3.5376e+00 +3.0330e+00 -2.6769e-01 -1.7354e+00 -8.6722e-01
108 0 +8.379819384e+00 +8.379819384e+00 +1.219981938e+01 +1.219981938e+01 +3.5328e+00 +3.4120e+00 -3.6237e-01 -1.2501e+00 -8.8953e-01
109 0 +6.297665911e+00 +6.297665911e+00 +1.011766591e+01 +1.011766591e+01 +3.7959e+00 +3.0988e+00 -2.9527e-01 -1.6839e+00 -9.0972e-01
177 0 +5.167500694e+00 +5.167500694e+00 +8.987500694e+00 +8.987500694e+00 +3.8486e+00 +3.0674e+00 -2.8062e-01 -1.6926e+00 -7.3079e-01
186 0 +5.022617885e+00 +5.022617885e+00 +8.842617885e+00 +8.842617885e+00 +3.7598e+00 +3.1433e+00 -3.8385e-02 -1.6273e+00 -6.1512e-01
% f evaluations | g evaluations | best noise-free fitness - Fopt | noise-free fitness - Fopt (2.175000000000e+01) | measured fitness | best measured fitness | x1 | x2...
1 0 +4.513860058e+02 +4.513860058e+02 +4.731360058e+02 +4.731360058e+02 +2.5767e+00 +2.7071e+00 +4.1264e+00 -4.9530e+00 -4.1718e+00
2 0 +3.823519139e+02 +3.823519139e+02 +4.041019139e+02 +4.041019139e+02 +2.6034e+00 +1.9159e+00 +4.2882e+00 +3.8561e+00 -3.8742e+00
3 0 +2.447449872e+02 +2.447449872e+02 +2.664949872e+02 +2.664949872e+02 +1.6096e+00 -9.6807e-01 +5.3075e-01 -1.7377e+00 -3.3004e+00
7 0 +2.364478403e+02 +2.364478403e+02 +2.581978403e+02 +2.581978403e+02 +1.6803e+00 +1.4976e+00 +1.3853e+00 +6.7020e-01 +2.1364e+00
8 0 +1.990047502e+02 +1.990047502e+02 +2.207547502e+02 +2.207547502e+02 +4.6069e+00 -2.0721e+00 -4.6876e+00 +1.4380e+00 -2.0641e+00
51 0 +1.840476427e+02 +1.840476427e+02 +2.057976427e+02 +2.057976427e+02 +4.4765e+00 -2.3320e+00 -5.0000e+00 +4.4886e+00 -2.0990e+00
55 0 +1.296765799e+02 +1.296765799e+02 +1.514265799e+02 +1.514265799e+02 +3.8874e+00 +3.7985e-01 -2.6674e+00 +6.6256e-01 +1.7562e+00
59 0 +1.027336832e+02 +1.027336832e+02 +1.244836832e+02 +1.244836832e+02 +4.5979e+00 -1.2911e+00 -3.6227e+00 +1.6371e+00 -1.8363e+00
70 0 +7.997936242e+01 +7.997936242e+01 +1.017293624e+02 +1.017293624e+02 +4.0530e+00 -1.0734e+00 -1.9412e+00 +8.8398e-01 -1.8607e+00
86 0 +7.263097673e+01 +7.263097673e+01 +9.438097673e+01 +9.438097673e+01 +5.0000e+00 -2.0538e+00 -3.1924e+00 +1.0403e+00 -9.4215e-01
103 0 +4.557595132e+01 +4.557595132e+01 +6.732595132e+01 +6.732595132e+01 +5.0000e+00 -2.0095e+00 -3.4465e+00 +2.6692e+00 -4.0412e-01
120 0 +4.206960528e+01 +4.206960528e+01 +6.381960528e+01 +6.381960528e+01 +5.0000e+00 -1.7479e+00 -2.3318e+00 +2.3944e+00 -7.7613e-01
131 0 +2.959905322e+01 +2.959905322e+01 +5.134905322e+01 +5.134905322e+01 +5.0000e+00 -1.0388e+00 -2.7419e+00 +7.5372e-01 +2.5914e-01
167 0 +2.863760659e+01 +2.863760659e+01 +5.038760659e+01 +5.038760659e+01 +5.0000e+00 -9.7988e-01 -2.5216e+00 +6.4410e-01 +1.7117e-01
171 0 +2.393144936e+01 +2.393144936e+01 +4.568144936e+01 +4.568144936e+01 +5.0000e+00 -9.5510e-01 -2.7188e+00 +8.7820e-01 -2.9658e-01
186 0 +2.278912133e+01 +2.278912133e+01 +4.453912133e+01 +4.453912133e+01 +4.9296e+00 -5.8185e-01 -2.1479e+00 +6.4561e-01 -1.3584e+00
192 0 +1.939509590e+01 +1.939509590e+01 +4.114509590e+01 +4.114509590e+01 +5.0000e+00 -4.8045e-01 -2.9022e+00 +1.4481e+00 +2.1797e-01
226 0 +1.571321539e+01 +1.571321539e+01 +3.746321539e+01 +3.746321539e+01 +5.0000e+00 -2.5424e-01 -2.7334e+00 +1.8630e+00 +2.5147e-01
230 0 +1.454146365e+01 +1.454146365e+01 +3.629146365e+01 +3.629146365e+01 +5.0000e+00 -5.7889e-01 -2.7579e+00 +1.3445e+00 -8.5050e-02
% f evaluations | g evaluations | best noise-free fitness - Fopt | noise-free fitness - Fopt (6.479000000000e+01) | measured fitness | best measured fitness | x1 | x2...
1 0 +1.760114255e+01 +1.760114255e+01 +8.239114255e+01 +8.239114255e+01 +2.8173e+00 +4.8728e-01 -1.5775e+00 +2.3938e+00 -4.9704e-01
52 0 +1.549085388e+01 +1.549085388e+01 +8.028085388e+01 +8.028085388e+01 +8.2599e-01 -4.9878e-01 -1.4124e+00 +1.6464e+00 -7.3387e-01
105 0 +1.209188735e+01 +1.209188735e+01 +7.688188735e+01 +7.688188735e+01 +1.3284e+00 +2.0868e-01 -9.5185e-01 +1.8169e+00 -6.6464e-01
107 0 +5.681634189e+00 +5.681634189e+00 +7.047163419e+01 +7.047163419e+01 +1.1347e+00 -5.9509e-01 -1.3962e+00 +1.6811e+00 -7.0473e-02
164 0 +3.253297236e+00 +3.253297236e+00 +6.804329724e+01 +6.804329724e+01 +1.1515e+00 -6.2551e-01 -1.0156e+00 +1.7790e+00 -8.2981e-02
% f evaluations | g evaluations | best noise-free fitness - Fopt | noise-free fitness - Fopt (-1.000000000000e+03) | measured fitness | best measured fitness | x1 | x2...
1 0 +5.101202991e+02 +5.101202991e+02 -4.898797009e+02 -4.898797009e+02 +8.3931e-01 +3.9433e+00 +4.8913e+00 +2.9837e-01 -4.2710e-02
2 0 +2.962629664e+02 +2.962629664e+02 -7.037370336e+02 -7.037370336e+02 -1.4688e+00 -4.0769e+00 +1.5570e+00 +2.7896e+00 +1.3350e+00
3 0 +1.707321635e+02 +1.707321635e+02 -8.292678365e+02 -8.292678365e+02 +4.2719e+00 +4.2749e+00 +4.0917e+00 -2.3105e+00 -1.6592e+00
11 0 +1.633526691e+02 +1.633526691e+02 -8.366473309e+02 -8.366473309e+02 -1.7494e+00 +3.4660e-01 -3.4828e+00 -5.8710e-01 -4.3513e+00
37 0 +7.736817869e+01 +7.736817869e+01 -9.226318213e+02 -9.226318213e+02 -2.8510e+00 -3.6779e+00 -1.1147e+00 -9.7805e-01 -1.5224e+00
54 0 +7.146887610e+01 +7.146887610e+01 -9.285311239e+02 -9.285311239e+02 -3.3590e+00 -5.0000e+00 -1.5696e+00 -1.2550e-02 -6.8688e-02
57 0 +4.515604702e+01 +4.515604702e+01 -9.548439530e+02 -9.548439530e+02 -3.5577e+00 -3.7324e+00 -1.1781e+00 -1.0509e+00 -3.2955e+00
65 0 +4.338102411e+01 +4.338102411e+01 -9.566189759e+02 -9.566189759e+02 -3.1962e+00 -5.0000e+00 -2.0448e+00 -1.1750e+00 -5.0000e+00
86 0 +1.867810193e+01 +1.867810193e+01 -9.813218981e+02 -9.813218981e+02 -4.4115e+00 -3.9165e+00 -2.5755e+00 -5.0153e-01 -2.1637e+00
100 0 +1.219577202e+01 +1.219577202e+01 -9.878042280e+02 -9.878042280e+02 -3.0048e+00 +4.4194e-01 -1.6564e+00 -9.0161e-01 -1.4878e+00
108 0 +1.184137692e+01 +1.184137692e+01 -9.881586231e+02 -9.881586231e+02 -2.9704e+00 +1.8603e+00 -1.8310e+00 -9.6926e-01 -1.6062e+00
113 0 +1.014355445e+01 +1.014355445e+01 -9.898564455e+02 -9.898564455e+02 -2.9638e+00 +2.5878e+00 -1.8859e+00 -9.3001e-01 -1.4087e+00
116 0 +5.258569653e+00 +5.258569653e+00 -9.947414303e+02 -9.947414303e+02 -2.6881e+00 +1.0290e+00 -1.7172e+00 -8.9548e-01 -2.5351e+00
158 0 +3.276582904e+00 +3.276582904e+00 -9.967234171e+02 -9.967234171e+02 -2.6317e+00 +1.0641e+00 -1.7841e+00 -6.7352e-01 -2.9163e+00
171 0 +3.002540686e+00 +3.002540686e+00 -9.969974593e+02 -9.969974593e+02 -2.6842e+00 +1.1336e+00 -1.7188e+00 -8.5454e-01 -3.3562e+00
179 0 +2.108880616e+00 +2.108880616e+00 -9.978911194e+02 -9.978911194e+02 -2.9362e+00 +1.0264e+00 -1.7746e+00 -8.2633e-01 -2.8144e+00
207 0 +2.032320824e+00 +2.032320824e+00 -9.979676792e+02 -9.979676792e+02 -2.8033e+00 +1.2457e+00 -1.7727e+00 -8.0573e-01 -2.9670e+00
210 0 +1.722776007e+00 +1.722776007e+00 -9.982772240e+02 -9.982772240e+02 -3.0207e+00 +1.0450e+00 -1.7700e+00 -8.2910e-01 -2.8045e+00
212 0 +1.621606218e+00 +1.621606218e+00 -9.983783938e+02 -9.983783938e+02 -2.8513e+00 +8.8336e-01 -1.7602e+00 -8.3514e-01 -3.0026e+00
220 0 +1.576536900e+00 +1.576536900e+00 -9.984234631e+02 -9.984234631e+02 -3.0077e+00 +1.0270e+00 -1.7764e+00 -8.8966e-01 -2.8929e+00
234 0 +1.351835902e+00 +1.351835902e+00 -9.986481641e+02 -9.986481641e+02 -2.9993e+00 +1.0221e+00 -1.7530e+00 -8.1715e-01 -3.0094e+00
243 0 +1.223009874e+00 +1.223009874e+00 -9.987769901e+02 -9.987769901e+02 -2.8925e+00 +1.0769e+00 -1.7639e+00 -8.1714e-01 -3.1366e+00
% f evaluations | g evaluations | best noise-free fitness - Fopt | noise-free fitness - Fopt (1.640700000000e+02) | measured fitness | best measured fitness | x1 | x2...
1 0 +1.634065172e+03 +1.634065172e+03 +1.798135172e+03 +1.798135172e+03 -1.7392e+00 +4.0046e+00 +1.5392e+00 +1.7079e+00 -4.1981e+00
2 0 +5.605427348e+02 +5.605427348e+02 +7.246127348e+02 +7.246127348e+02 -2.0933e+00 -1.1593e+00 +2.8807e+00 -2.1175e+00 -4.2543e+00
3 0 +2.981180351e+02 +2.981180351e+02 +4.621880351e+02 +4.621880351e+02 -4.3106e+00 +1.9575e+00 -2.7816e+00 +2.0993e-01 +4.7416e+00
9 0 +2.591552246e+02 +2.591552246e+02 +4.232252246e+02 +4.232252246e+02 +3.7853e+00 +2.0022e-01 -5.5451e-01 -1.2088e+00 -1.9451e+00
13 0 +5.269768490e+01 +5.269768490e+01 +2.167676849e+02 +2.167676849e+02 -1.2855e+00 +4.9951e+00 -1.2763e+00 -1.8278e+00 +8.6688e-02
52 0 +3.607548880e+01 +3.607548880e+01 +2.001454888e+02 +2.001454888e+02 -8.4423e-01 +4.2660e+00 -3.5168e+00 -1.7687e+00 -1.2275e+00
66 0 +5.203208242e+00 +5.203208242e+00 +1.692732082e+02 +1.692732082e+02 -1.1571e+00 +3.3737e+00 -1.7715e+00 -1.8719e+00 -1.4406e+00
155 0 +4.958746308e+00 +4.958746308e+00 +1.690287463e+02 +1.690287463e+02 -1.1574e+00 +4.1460e+00 -1.7955e+00 -1.8305e+00 -1.5718e+00
160 0 +4.889979527e+00 +4.889979527e+00 +1.689599795e+02 +1.689599795e+02 -1.1479e+00 +3.3519e+00 -1.7213e+00 -1.8685e+00 -1.3653e+00
163 0 +4.676332635e+00 +4.676332635e+00 +1.687463326e+02 +1.687463326e+02 -9.3837e-01 +3.2512e+00 -1.7935e+00 -1.8706e+00 -1.4886e+00
165 0 +4.562267566e+00 +4.562267566e+00 +1.686322676e+02 +1.686322676e+02 -8.2535e-01 +3.2731e+00 -1.8568e+00 -2.0568e+00 -1.5389e+00
216 0 +4.266693130e+00 +4.266693130e+00 +1.683366931e+02 +1.683366931e+02 -1.2728e+00 +3.0385e+00 -1.8771e+00 -1.8772e+00 -1.3547e+00
260 0 +4.173309462e+00 +4.173309462e+00 +1.682433095e+02 +1.682433095e+02 -1.2120e+00 +2.9550e+00 -2.0320e+00 -1.8744e+00 -1.3502e+00
263 0 +4.002174627e+00 +4.002174627e+00 +1.680721746e+02 +1.680721746e+02 -1.3249e+00 +3.0163e+00 -1.9170e+00 -1.8291e+00 -1.3474e+00
% f evaluations | g evaluations | best noise-free fitness - Fopt | noise-free fitness - Fopt (-1.656800000000e+02) | measured fitness | best measured fitness | x1 | x2...
1 0 +4.129936142e+03 +4.129936142e+03 +3.964256142e+03 +3.964256142e+03 -3.6139e+00 +4.4342e+00 -2.1489e+00 -3.1220e+00 -4.5859e+00
2 0 +3.624958231e+01 +3.624958231e+01 -1.294304177e+02 -1.294304177e+02 -9.5134e-01 +2.0852e+00 +2.1402e+00 -2.0102e+00 +9.2611e-01
53 0 +3.370173290e+01 +3.370173290e+01 -1.319782671e+02 -1.319782671e+02 -2.1756e+00 +2.0754e+00 +2.3826e+00 -1.3141e+00 +1.2398e+00
56 0 +3.016093946e+01 +3.016093946e+01 -1.355190605e+02 -1.355190605e+02 -8.1011e-01 -1.2729e+00 +2.1241e+00 -2.2515e+00 +1.3039e+00
57 0 +2.508190652e+01 +2.508190652e+01 -1.405980935e+02 -1.405980935e+02 -1.1141e+00 +1.7781e+00 +2.1432e+00 -7.3180e-01 +1.4442e+00
100 0 +1.860007004e+01 +1.860007004e+01 -1.470799300e+02 -1.470799300e+02 -1.0610e+00 +2.7244e+00 +2.9133e+00 +1.0612e+00 +7.2864e-01
111 0 +1.394624788e+01 +1.394624788e+01 -1.517337521e+02 -1.517337521e+02 -2.1663e-01 +2.9043e+00 +3.0268e+00 +3.7778e-01 +4.7466e-01
130 0 +1.072586583e+01 +1.072586583e+01 -1.549541342e+02 -1.549541342e+02 -4.1895e-01 +2.2513e+00 +2.7939e+00 +5.8695e-01 +6.8786e-01
138 0 +8.964857095e+00 +8.964857095e+00 -1.567151429e+02 -1.567151429e+02 -1.1980e-01 +2.7282e+00 +2.6731e+00 +1.9165e+00 +6.1458e-01
160 0 +5.287112327e+00 +5.287112327e+00 -1.603928877e+02 -1.603928877e+02 +1.1301e-01 +1.1654e+00 +2.8978e+00 +2.0203e+00 +6.5293e-01
% f evaluations | g evaluations | best noise-free fitness - Fopt | noise-free fitness - Fopt (9.284000000000e+01) | measured fitness | best measured fitness | x1 | x2...
1 0 +3.013587752e+03 +3.013587752e+03 +3.106427752e+03 +3.106427752e+03 -1.6149e+00 +1.4006e-01 +2.6785e+00 +3.7973e+00 -4.8643e+00
2 0 +1.140149620e+03 +1.140149620e+03 +1.232989620e+03 +1.232989620e+03 -2.7831e+00 -1.2684e+00 -4.7394e+00 -4.6971e-01 -1.4534e+00
3 0 +3.872507541e+02 +3.872507541e+02 +4.800907541e+02 +4.800907541e+02 -1.5140e+00 -2.1671e+00 +4.0754e+00 -4.7710e+00 +1.0698e+00
4 0 +2.312033237e+02 +2.312033237e+02 +3.240433237e+02 +3.240433237e+02 +3.4041e+00 +8.5075e-02 -1.1865e+00 +1.2804e+00 -3.1947e+00
7 0 +1.945511938e+02 +1.945511938e+02 +2.873911938e+02 +2.873911938e+02 -2.2635e-01 -2.3921e+00 +4.7713e+00 +1.7667e+00 +4.7573e+00
19 0 +1.198491531e+02 +1.198491531e+02 +2.126891531e+02 +2.126891531e+02 +3.5206e+00 -3.0235e+00 +3.6689e+00 +3.6040e+00 +3.2289e-01
37 0 +1.075181232e+02 +1.075181232e+02 +2.003581232e+02 +2.003581232e+02 +3.2219e+00 -1.0578e+00 +1.0850e+00 -1.9639e+00 -4.8968e+00
50 0 +4.254265661e+01 +4.254265661e+01 +1.353826566e+02 +1.353826566e+02 -3.2842e-01 -2.3598e+00 +4.8512e-01 +1.2670e+00 +3.5639e+00
57 0 +2.251703734e+01 +2.251703734e+01 +1.153570373e+02 +1.153570373e+02 -3.2815e-01 -2.3626e+00 -1.7546e+00 +1.2681e+00 +4.0444e+00
82 0 +1.910593462e+01 +1.910593462e+01 +1.119459346e+02 +1.119459346e+02 +1.9462e+00 -2.9331e+00 +6.6644e-01 +1.5409e+00 -5.5846e-01
114 0 +1.699780998e+01 +1.699780998e+01 +1.098378100e+02 +1.098378100e+02 +2.5199e+00 -2.9299e+00 +6.5961e-01 +1.6572e+00 -1.9142e-01
143 0 +1.258458148e+01 +1.258458148e+01 +1.054245815e+02 +1.054245815e+02 +1.9037e+00 -3.5041e+00 +7.0442e-01 +1.5575e+00 +1.5837e-01
160 0 +8.430304506e+00 +8.430304506e+00 +1.012703045e+02 +1.012703045e+02 +2.1051e+00 -4.4129e+00 +8.3993e-02 +1.7174e+00 -3.9903e-01
172 0 +8.109810520e+00 +8.109810520e+00 +1.009498105e+02 +1.009498105e+02 +1.7798e+00 -3.4046e+00 -2.5172e-01 +1.8333e+00 +9.7933e-01
210 0 +5.614937405e+00 +5.614937405e+00 +9.845493741e+01 +9.845493741e+01 +1.7404e+00 -3.4032e+00 -8.2968e-01 +1.8345e+00 +7.6084e-01
281 0 +3.631184580e+00 +3.631184580e+00 +9.647118458e+01 +9.647118458e+01 +1.7559e+00 -3.0736e+00 -1.1657e+00 +1.8350e+00 +7.7149e-01
328 0 +2.939981198e+00 +2.939981198e+00 +9.577998120e+01 +9.577998120e+01 +1.7559e+00 -3.1174e+00 -1.7360e+00 +1.8350e+00 +7.9835e-01
411 0 +1.886191794e+00 +1.886191794e+00 +9.472619179e+01 +9.472619179e+01 +1.7582e+00 -3.1611e+00 -2.4336e+00 +1.8348e+00 +8.7159e-01
% f evaluations | g evaluations | best noise-free fitness - Fopt | noise-free fitness - Fopt (-3.679200000000e+02) | measured fitness | best measured fitness | x1 | x2...
1 0 +2.743916350e+02 +2.743916350e+02 -9.352836498e+01 -9.352836498e+01 +1.8146e-01 -4.7310e-01 +8.9106e-01 +4.7264e+00 +3.6592e+00
8 0 +8.366498455e+01 +8.366498455e+01 -2.842550155e+02 -2.842550155e+02 +1.5566e+00 -1.5138e+00 +4.9622e+00 +2.5765e+00 -2.0321e+00
25 0 +4.739659823e+01 +4.739659823e+01 -3.205234018e+02 -3.205234018e+02 +4.4523e+00 -8.1268e-01 +2.9647e-01 -9.1428e-01 -8.3859e-01
71 0 +4.115041792e+01 +4.115041792e+01 -3.267695821e+02 -3.267695821e+02 +4.3238e+00 -8.3581e-01 +7.5764e-01 -8.7227e-01 -8.1296e-01
74 0 +3.122731405e+01 +3.122731405e+01 -3.366926860e+02 -3.366926860e+02 +4.5062e+00 +3.7369e-01 +2.4309e+00 -6.4691e-01 +3.3656e-01
81 0 +2.416615831e+01 +2.416615831e+01 -3.437538417e+02 -3.437538417e+02 +4.5949e+00 -7.0343e-02 -1.1450e+00 -1.3133e+00 +1.9832e+00
88 0 +2.269593063e+01 +2.269593063e+01 -3.452240694e+02 -3.452240694e+02 +4.2642e+00 -2.2427e-01 +2.4126e+00 -8.3138e-01 -7.3861e-01
115 0 +2.012067413e+01 +2.012067413e+01 -3.477993259e+02 -3.477993259e+02 +3.0907e+00 -2.5473e-01 +2.5739e+00 -7.6531e-01 -7.0392e-01
151 0 +1.828883769e+01 +1.828883769e+01 -3.496311623e+02 -3.496311623e+02 +3.4131e+00 -2.9733e-01 +2.9087e+00 -7.8825e-01 -4.0139e-01
156 0 +1.639931434e+01 +1.639931434e+01 -3.515206857e+02 -3.515206857e+02 +3.7040e+00 -2.7787e-01 +3.2703e+00 -7.6871e-01 -5.2032e-01
157 0 +1.283600081e+01 +1.283600081e+01 -3.550839992e+02 -3.550839992e+02 +3.6265e+00 -2.6307e-01 +2.5095e+00 -7.4168e-01 -3.6715e-01
163 0 +1.257483414e+01 +1.257483414e+01 -3.553451659e+02 -3.553451659e+02 +3.4898e+00 -3.1312e-01 +2.7118e+00 -8.0759e-01 -3.0116e-01
164 0 +1.154126573e+01 +1.154126573e+01 -3.563787343e+02 -3.563787343e+02 +3.1229e+00 -1.2276e-01 +3.2299e+00 -7.7768e-01 -2.3225e-01
171 0 +1.012215932e+01 +1.012215932e+01 -3.577978407e+02 -3.577978407e+02 +2.9658e+00 -4.0064e-01 +2.4279e+00 -7.6725e-01 +4.2060e-01
210 0 +7.657347866e+00 +7.657347866e+00 -3.602626521e+02 -3.602626521e+02 +3.0080e+00 -3.3915e-01 +2.4516e+00 -7.6262e-01 +7.9315e-01
272 0 +7.334375172e+00 +7.334375172e+00 -3.605856248e+02 -3.605856248e+02 +3.0717e+00 -3.3007e-01 +2.5437e+00 -7.6275e-01 +7.3609e-01
348 0 +7.135996104e+00 +7.135996104e+00 -3.607840039e+02 -3.607840039e+02 +3.1173e+00 -2.8030e-01 +2.6377e+00 -7.6279e-01 +6.4623e-01
364 0 +7.062210663e+00 +7.062210663e+00 -3.608577893e+02 -3.608577893e+02 +3.1151e+00 -2.7508e-01 +2.6576e+00 -7.6283e-01 +6.3234e-01
% f evaluations | g evaluations | best noise-free fitness - Fopt | noise-free fitness - Fopt (4.950000000000e+01) | measured fitness | best measured fitness | x1 | x2...
1 0 +8.463774991e+02 +8.463774991e+02 +8.958774991e+02 +8.958774991e+02 -9.7227e-01 +1.1200e+00 -4.0752e+00 +2.2325e+00 +3.6599e+00
3 0 +2.221051928e+02 +2.221051928e+02 +2.716051928e+02 +2.716051928e+02 -3.7362e+00 +3.5168e-01 -1.8386e-03 -5.8062e-01 -1.5661e+00
4 0 +6.885389136e+01 +6.885389136e+01 +1.183538914e+02 +1.183538914e+02 -1.6060e+00 -3.8745e+00 +4.7818e-01 +2.9103e+00 -9.2289e-01
43 0 +6.443147173e+01 +6.443147173e+01 +1.139314717e+02 +1.139314717e+02 -8.2529e-01 -4.0338e+00 +8.4537e-01 +6.8443e-01 -2.1109e+00
52 0 +3.207712247e+01 +3.207712247e+01 +8.157712247e+01 +8.157712247e+01 +4.7687e-01 -4.5314e+00 +1.0808e+00 +3.9070e-01 -2.0915e+00
53 0 +2.672959562e+01 +2.672959562e+01 +7.622959562e+01 +7.622959562e+01 -1.9294e-01 -5.0000e+00 +5.0121e-01 +5.5839e-01 -1.9113e+00
56 0 +2.417310849e+01 +2.417310849e+01 +7.367310849e+01 +7.367310849e+01 -8.9013e-01 -4.2888e+00 -1.2557e-01 +6.5733e-01 -1.5225e+00
66 0 +1.953556237e+01 +1.953556237e+01 +6.903556237e+01 +6.903556237e+01 -3.0709e-01 -5.0000e+00 +1.2595e-01 -2.0431e+00 -2.7126e+00
123 0 +1.785522030e+01 +1.785522030e+01 +6.735522030e+01 +6.735522030e+01 -2.6799e-01 -4.1596e+00 -7.8552e-02 -2.5154e+00 -2.7203e+00
140 0 +1.674518664e+01 +1.674518664e+01 +6.624518664e+01 +6.624518664e+01 +3.6447e-01 -4.9472e+00 +9.6166e-02 -3.8248e+00 -2.8235e+00
143 0 +1.561751982e+01 +1.561751982e+01 +6.511751982e+01 +6.511751982e+01 +3.1119e-02 -5.0000e+00 -1.4685e-01 -3.0248e+00 -2.6625e+00
151 0 +1.321516213e+01 +1.321516213e+01 +6.271516213e+01 +6.271516213e+01 -3.2156e-01 -4.8988e+00 -2.2695e-01 -1.1313e+00 -1.8254e+00
157 0 +1.306968851e+01 +1.306968851e+01 +6.256968851e+01 +6.256968851e+01 -3.3783e-01 -4.9879e+00 -3.5672e-02 -2.3005e+00 -1.6497e+00
160 0 +9.054906000e+00 +9.054906000e+00 +5.855490600e+01 +5.855490600e+01 -2.3055e-01 -4.9447e+00 -3.0629e-01 -1.1516e+00 -6.8485e-01
% f evaluations | g evaluations | best noise-free fitness - Fopt | noise-free fitness - Fopt (-1.277000000000e+01) | measured fitness | best measured fitness | x1 | x2...
1 0 +6.622190560e+02 +6.622190560e+02 +6.494490560e+02 +6.494490560e+02 -4.2955e+00 +1.5424e+00 +2.9938e+00 +1.2297e+00 +3.1143e+00
2 0 +6.238743068e+02 +6.238743068e+02 +6.111043068e+02 +6.111043068e+02 -3.1497e+00 -7.3619e-01 -2.1146e+00 -4.9841e+00 -4.2364e-01
3 0 +3.313062916e+02 +3.313062916e+02 +3.185362916e+02 +3.185362916e+02 +4.0183e+00 -5.4998e-01 +1.0960e+00 +3.3146e+00 -1.7943e+00
7 0 +5.610715181e+01 +5.610715181e+01 +4.333715181e+01 +4.333715181e+01 +2.8721e+00 +3.5438e+00 +3.7110e+00 +2.9757e+00 -8.8835e-01
49 0 +5.296498829e+01 +5.296498829e+01 +4.019498829e+01 +4.019498829e+01 +2.2160e+00 +3.3685e+00 +4.4143e+00 -4.0080e-01 +2.3596e-01
52 0 +4.930824091e+01 +4.930824091e+01 +3.653824091e+01 +3.653824091e+01 +3.2700e+00 +2.6973e+00 +4.0588e+00 +7.1627e-01 +2.3754e-02
55 0 +4.767276387e+01 +4.767276387e+01 +3.490276387e+01 +3.490276387e+01 -7.9598e-01 +1.9441e+00 +5.0000e+00 -1.6501e-01 +3.3368e+00
64 0 +4.426450525e+01 +4.426450525e+01 +3.149450525e+01 +3.149450525e+01 +2.0056e+00 +3.2205e+00 +6.4475e-01 -6.1460e-01 -2.0020e-01
85 0 +2.913352245e+01 +2.913352245e+01 +1.636352245e+01 +1.636352245e+01 +2.8949e+00 +3.9683e+00 +1.2319e+00 -8.0276e-01 +8.0569e-01
88 0 +1.990033023e+01 +1.990033023e+01 +7.130330233e+00 +7.130330233e+00 +2.6655e+00 +3.3350e+00 -1.3425e-01 -2.5523e-01 +1.4078e-01
105 0 +1.339091828e+01 +1.339091828e+01 +6.209182774e-01 +6.209182774e-01 +2.4686e+00 +3.3366e+00 +4.8680e-01 -2.4121e-02 +3.5485e-01
137 0 +1.265503551e+01 +1.265503551e+01 -1.149644906e-01 -1.149644906e-01 +2.7685e+00 +3.4420e+00 +2.5456e-01 -2.0704e-01 +4.6480e-01
158 0 +9.812357079e+00 +9.812357079e+00 -2.957642921e+00 -2.957642921e+00 +2.7484e+00 +3.3514e+00 +2.3893e-01 -1.7588e-01 +6.5421e-01
183 0 +9.127545652e+00 +9.127545652e+00 -3.642454348e+00 -3.642454348e+00 +2.8338e+00 +3.4540e+00 +3.6974e-02 +7.0131e-01 +6.8139e-01
207 0 +4.394552406e+00 +4.394552406e+00 -8.375447594e+00 -8.375447594e+00 +2.8741e+00 +3.4358e+00 +6.9755e-02 +6.7353e-01 +8.1116e-01
261 0 +4.282956687e+00 +4.282956687e+00 -8.487043313e+00 -8.487043313e+00 +2.8840e+00 +3.4426e+00 +6.1046e-02 +8.0686e-01 +8.1184e-01
275 0 +3.875235783e+00 +3.875235783e+00 -8.894764217e+00 -8.894764217e+00 +2.8991e+00 +3.1464e+00 +8.0387e-02 +6.3328e-01 +8.2328e-01
312 0 +3.712801075e+00 +3.712801075e+00 -9.057198925e+00 -9.057198925e+00 +2.9139e+00 +3.0808e+00 +8.1013e-02 +6.4696e-01 +8.2951e-01
% f evaluations | g evaluations | best noise-free fitness - Fopt | noise-free fitness - Fopt (6.365000000000e+01) | measured fitness | best measured fitness | x1 | x2...
1 0 +6.228960977e+02 +6.228960977e+02 +6.865460977e+02 +6.865460977e+02 +3.3065e+00 -2.8766e+00 -8.1748e-01 -2.1120e+00 +1.6113e+00
2 0 +6.844409193e+01 +6.844409193e+01 +1.320940919e+02 +1.320940919e+02 -1.6981e+00 -1.5434e+00 +1.5096e+00 -1.7965e+00 +1.7028e+00
9 0 +4.739273113e+01 +4.739273113e+01 +1.110427311e+02 +1.110427311e+02 -1.0585e+00 -1.0564e+00 +2.0459e+00 -2.2462e+00 +2.1042e+00
18 0 +2.061711858e+01 +2.061711858e+01 +8.426711858e+01 +8.426711858e+01 +1.6384e+00 -2.3591e+00 -9.4698e-01 +4.6305e-01 -1.8510e+00
105 0 +2.024104784e+01 +2.024104784e+01 +8.389104784e+01 +8.389104784e+01 +1.1627e+00 -2.6377e+00 -9.4387e-01 +6.5224e-01 -1.6460e+00
108 0 +1.921973709e+01 +1.921973709e+01 +8.286973709e+01 +8.286973709e+01 +1.6404e+00 -2.4864e+00 -9.8164e-01 +1.0217e+00 -1.9206e+00
177 0 +1.693606788e+01 +1.693606788e+01 +8.058606788e+01 +8.058606788e+01 +1.6214e+00 -2.9134e+00 -1.1704e+00 +9.7857e-01 -1.5568e+00
219 0 +1.563036482e+01 +1.563036482e+01 +7.928036482e+01 +7.928036482e+01 +1.5390e+00 -2.2904e+00 -2.5796e+00 +9.8470e-01 -1.9214e+00
261 0 +1.484276337e+01 +1.484276337e+01 +7.849276337e+01 +7.849276337e+01 +1.4982e+00 -2.3408e+00 -2.5931e+00 +9.2626e-01 -1.9022e+00
% f evaluations | g evaluations | best noise-free fitness - Fopt | noise-free fitness - Fopt (6.991900000000e+02) | measured fitness | best measured fitness | x1 | x2...
1 0 +1.097373656e+02 +1.097373656e+02 +8.089273656e+02 +8.089273656e+02 +1.4535e+00 -3.0880e-01 -1.7348e+00 +2.2049e+00 -3.6298e+00
6 0 +1.052095389e+02 +1.052095389e+02 +8.043995389e+02 +8.043995389e+02 +8.8911e-01 +2.6905e+00 +2.7326e+00 +1.5454e+00 +9.6488e-02
9 0 +9.970747807e+01 +9.970747807e+01 +7.988974781e+02 +7.988974781e+02 +1.7251e+00 +1.2240e+00 -1.5763e-01 +4.9288e+00 +2.2071e+00
52 0 +6.655993551e+01 +6.655993551e+01 +7.657499355e+02 +7.657499355e+02 +2.4593e+00 +1.1657e+00 +1.2219e+00 +5.0000e+00 -1.4886e+00
74 0 +4.325959998e+01 +4.325959998e+01 +7.424496000e+02 +7.424496000e+02 +1.7042e+00 +2.2976e+00 +6.5247e-01 +5.0000e+00 +5.2357e-01
103 0 +2.182613286e+01 +2.182613286e+01 +7.210161329e+02 +7.210161329e+02 +1.6931e+00 +2.4364e+00 +6.4619e-01 +5.0000e+00 -1.9273e+00
156 0 +1.671457179e+01 +1.671457179e+01 +7.159045718e+02 +7.159045718e+02 +1.8014e+00 +1.9200e+00 +4.9858e-01 +5.0000e+00 -2.3412e+00
170 0 +1.247199941e+01 +1.247199941e+01 +7.116619994e+02 +7.116619994e+02 +1.9613e+00 +2.2034e+00 +4.8261e-01 +5.0000e+00 -2.7124e+00
208 0 +8.542041839e+00 +8.542041839e+00 +7.077320418e+02 +7.077320418e+02 +2.0866e+00 +2.1752e+00 +4.8987e-01 +5.0000e+00 -2.3819e+00
269 0 +7.603164691e+00 +7.603164691e+00 +7.067931647e+02 +7.067931647e+02 +2.0003e+00 +2.5055e+00 +4.8325e-01 +5.0000e+00 -2.2141e+00
% f evaluations | g evaluations | best noise-free fitness - Fopt | noise-free fitness - Fopt (1.000000000000e+03) | measured fitness | best measured fitness | x1 | x2...
1 0 +1.424916197e+03 +1.424916197e+03 +2.424916197e+03 +2.424916197e+03 -7.2702e-01 -1.7975e+00 +1.8850e+00 +4.4940e+00 -1.7896e+00
2 0 +2.667873773e+02 +2.667873773e+02 +1.266787377e+03 +1.266787377e+03 +4.4235e+00 +5.4687e-02 -1.3503e+00 -2.8418e+00 +4.6772e+00
13 0 +8.742309180e+01 +8.742309180e+01 +1.087423092e+03 +1.087423092e+03 -3.6709e-01 -3.1374e+00 -2.0590e+00 -4.4276e+00 -3.5738e+00
17 0 +8.580890365e+01 +8.580890365e+01 +1.085808904e+03 +1.085808904e+03 +1.3999e+00 -2.4068e+00 +4.1217e-01 -2.2377e+00 -1.7239e+00
21 0 +7.856936124e+01 +7.856936124e+01 +1.078569361e+03 +1.078569361e+03 +7.5890e-02 -2.7538e+00 -4.8876e+00 -4.9166e+00 +2.8389e+00
51 0 +2.731624103e+01 +2.731624103e+01 +1.027316241e+03 +1.027316241e+03 +1.0927e-01 -2.9855e+00 -2.1930e+00 -5.0000e+00 +1.0218e+00
105 0 +2.586273039e+01 +2.586273039e+01 +1.025862730e+03 +1.025862730e+03 +7.7618e-01 -1.8139e+00 -2.3364e+00 -5.0000e+00 +1.4237e+00
107 0 +2.420436378e+01 +2.420436378e+01 +1.024204364e+03 +1.024204364e+03 +1.4004e-01 -2.9845e+00 -5.9456e-01 -4.8716e+00 +2.0198e-01
125 0 +2.325880568e+01 +2.325880568e+01 +1.023258806e+03 +1.023258806e+03 -1.5555e-01 -2.9890e+00 -1.6238e+00 -5.0000e+00 +2.3264e-01
137 0 +1.380528926e+01 +1.380528926e+01 +1.013805289e+03 +1.013805289e+03 +1.1941e+00 -3.0355e+00 -1.7807e+00 -5.0000e+00 +9.8144e-01
145 0 +1.144032982e+01 +1.144032982e+01 +1.011440330e+03 +1.011440330e+03 +5.0878e-01 -2.3504e+00 -1.3271e+00 -5.0000e+00 +5.6449e-01
157 0 +1.086474660e+01 +1.086474660e+01 +1.010864747e+03 +1.010864747e+03 +5.0552e-01 -2.1525e+00 -1.3041e+00 -5.0000e+00 +1.3343e-02
169 0 +7.806269347e+00 +7.806269347e+00 +1.007806269e+03 +1.007806269e+03 +6.5643e-01 -2.3678e+00 -7.9906e-01 -5.0000e+00 +4.4672e-01
