% f evaluations | g evaluations | best noise-free fitness - Fopt | noise-free fitness - Fopt (9.294000000000e+01) | measured fitness | best measured fitness | x1 | x2...
1 0 +2.963140294e+03 +2.963140294e+03 +3.056080294e+03 +3.056080294e+03 -8.4023e-01 -2.6411e+00 +4.4748e+00 -8.0193e-01 -3.9482e+00 +1.7632e+00 +4.1267e+00 -2.7708e+00 -2.5037e+00 +2.9905e+00
2 0 +3.081068821e+02 +3.081068821e+02 +4.010468821e+02 +4.010468821e+02 +2.2942e+00 +3.0925e+00 -3.0912e+00 +3.8377e+00 +5.0807e-01 +3.5924e+00 -9.0532e-01 +1.4435e+00 -4.2171e-01 +3.4643e+00
29 0 +2.890716260e+02 +2.890716260e+02 +3.820116260e+02 +3.820116260e+02 -3.0362e+00 -2.4509e+00 +2.3681e+00 +4.2312e+00 -2.6365e-01 +3.8205e+00 -4.3600e+00 -1.2148e+00 -8.6696e-01 +4.7550e+00
67 0 +2.385088826e+02 +2.385088826e+02 +3.314488826e+02 +3.314488826e+02 +1.2180e+00 +2.5637e+00 +2.5852e+00 +2.0928e+00 +1.3658e+00 +2.5059e+00 +3.7062e-01 -2.3236e+00 +7.1208e-01 +3.0591e+00
153 0 +1.818707235e+02 +1.818707235e+02 +2.748107235e+02 +2.748107235e+02 -2.4387e+00 -2.5460e+00 +3.0535e+00 +7.4419e+00 +1.7224e+00 +2.5537e+00 -3.7069e-01 -6.6792e-01 +3.2393e-02 +4.3913e+00
160 0 +1.755565787e+02 +1.755565787e+02 +2.684965787e+02 +2.684965787e+02 -3.0471e+00 -3.5010e+00 +1.5698e+00 +5.7112e+00 +4.8417e-01 +3.6675e+00 -4.5067e+00 -4.4245e-01 -1.3039e-01 +4.2749e+00
173 0 +1.506567285e+02 +1.506567285e+02 +2.435967285e+02 +2.435967285e+02 -3.3427e+00 -3.2061e-01 +2.2883e+00 +4.1341e+00 +2.3368e-02 +3.8112e+00 -4.1269e+00 -9.8154e-01 +1.1031e+00 +2.4908e+00
193 0 +1.095124253e+02 +1.095124253e+02 +2.024524253e+02 +2.024524253e+02 -2.9608e+00 -2.5405e+00 +1.8010e+00 +5.3343e+00 -3.6900e-02 +5.1676e+00 -3.7545e+00 -1.6098e+00 +4.7900e-01 +1.2217e+00
431 0 +1.061213810e+02 +1.061213810e+02 +1.990613810e+02 +1.990613810e+02 +9.8223e-01 +2.4194e+00 +2.5971e+00 +1.5808e+00 +2.0426e+00 +3.4345e+00 +2.8740e+00 -1.8892e+00 +1.6648e+00 +1.9316e+00
691 0 +1.017642341e+02 +1.017642341e+02 +1.947042341e+02 +1.947042341e+02 +1.6790e+00 +2.5145e+00 +2.6474e+00 +3.6591e+00 +1.4792e+00 +2.4763e+00 +1.5257e+00 -1.5669e+00 +8.7578e-01 +3.2520e+00
698 0 +9.603458991e+01 +9.603458991e+01 +1.889745899e+02 +1.889745899e+02 +1.2212e+00 +2.5476e+00 +1.9404e+00 +2.1862e+00 +1.4571e+00 +2.4719e+00 +2.3853e-01 -2.3186e+00 +1.2528e+00 +4.1123e-01
% f evaluations | g evaluations | best noise-free fitness - Fopt | noise-free fitness - Fopt (3.535000000000e+01) | measured fitness | best measured fitness | x1 | x2...
1 0 +5.657071880e+02 +5.657071880e+02 +6.010571880e+02 +6.010571880e+02 -5.1636e-01 -1.3591e+00 -1.0607e+00 +3.5923e+00 +2.7535e+00 +2.0083e+00 -3.1950e+00 +1.1354e+00 -3.6813e+00 -1.4793e+00
3 0 +5.488997108e+02 +5.488997108e+02 +5.842497108e+02 +5.842497108e+02 +2.2348e+00 -3.3635e+00 -1.6155e+00 +2.0473e+00 -3.5708e+00 -3.1250e+00 +4.6240e+00 -2.6541e+00 +3.7778e+00 -1.6863e+00
5 0 +2.774744904e+02 +2.774744904e+02 +3.128244904e+02 +3.128244904e+02 -1.1531e+00 +8.5569e-01 +4.8609e+00 +2.5895e+00 -4.1430e+00 -3.7427e+00 -2.8623e+00 +4.5801e+00 -3.7344e+00 +2.3723e+00
33 0 +1.812770878e+02 +1.812770878e+02 +2.166270878e+02 +2.166270878e+02 +3.3103e-02 -3.5265e+00 +3.5311e+00 -2.7157e-01 +3.5304e+00 -2.9483e+00 -8.2263e-01 +2.0654e+00 +1.6426e+00 -2.4399e+00
51 0 +9.328509179e+01 +9.328509179e+01 +1.286350918e+02 +1.286350918e+02 +1.0401e-01 -2.5914e+00 +3.7368e+00 -6.7821e-01 -1.0520e+00 -2.4998e+00 -7.2887e-01 +1.7190e+00 +4.2164e+00 -2.2670e+00
189 0 +7.644393830e+01 +7.644393830e+01 +1.117939383e+02 +1.117939383e+02 +6.9560e-02 -3.7976e+00 +3.5563e+00 -9.8076e-02 +2.5078e+00 -3.0812e+00 -9.0383e-01 +2.2556e+00 +2.8636e+00 -2.4578e+00
410 0 +6.477713581e+01 +6.477713581e+01 +1.001271358e+02 +1.001271358e+02 +2.8817e-01 -2.4673e+00 +3.6604e+00 -6.0631e-01 -3.8125e-01 -2.5140e+00 -5.9882e-01 +2.3729e+00 +2.4467e+00 -2.1198e+00
432 0 +5.584389771e+01 +5.584389771e+01 +9.119389771e+01 +9.119389771e+01 +4.9994e-01 -2.3607e+00 +4.2680e+00 -7.0057e-01 -1.4432e+00 -2.4864e+00 -8.8737e-01 +3.4158e+00 +4.4755e+00 -2.1971e+00
917 0 +5.352467410e+01 +5.352467410e+01 +8.887467410e+01 +8.887467410e+01 +7.8138e-02 -2.0202e+00 +4.0840e+00 -3.3773e-01 -1.2685e+00 -2.4559e+00 -1.1813e+00 +1.7275e+00 +4.0369e+00 -2.2363e+00
% f evaluations | g evaluations | best noise-free fitness - Fopt | noise-free fitness - Fopt (3.820000000000e+00) | measured fitness | best measured fitness | x1 | x2...
1 0 +1.662345875e+03 +1.662345875e+03 +1.666165875e+03 +1.666165875e+03 -3.8872e+00 +2.9809e+00 +7.1556e-01 -2.8459e+00 -4.1624e+00 -3.9429e+00 -4.2355e+00 -4.5169e-01 -2.5840e-01 -1.5987e+00
2 0 +1.126346529e+03 +1.126346529e+03 +1.130166529e+03 +1.130166529e+03 -2.2649e+00 +1.6237e+00 +3.6884e+00 -4.7646e+00 -2.0960e+00 -9.4117e-01 +3.1267e+00 +3.4753e+00 -1.4760e+00 +4.5328e+00
3 0 +7.980842963e+02 +7.980842963e+02 +8.019042963e+02 +8.019042963e+02 -2.9997e+00 -4.8798e+00 +6.2294e-01 -4.8895e+00 -1.3790e+00 -3.3162e+00 -7.5386e-01 -2.1663e+00 +2.5157e+00 +3.6106e+00
4 0 +3.407106684e+02 +3.407106684e+02 +3.445306684e+02 +3.445306684e+02 +1.0596e+00 +2.1306e+00 +1.0696e+00 +1.3421e+00 -2.3224e+00 -3.1456e+00 -1.6550e+00 -2.9896e+00 +1.9577e+00 -7.7067e-01
7 0 +1.151622114e+02 +1.151622114e+02 +1.189822114e+02 +1.189822114e+02 +3.9121e+00 -1.3644e+00 +1.5292e+00 -2.4624e+00 -4.7830e-01 +1.1229e+00 -3.9863e+00 -4.0491e+00 +1.7007e+00 +4.1520e-01
166 0 +9.523503275e+01 +9.523503275e+01 +9.905503275e+01 +9.905503275e+01 +2.4219e+00 -4.2257e-02 +1.7008e+00 -2.3988e+00 -1.6721e+00 +1.5965e+00 -4.9451e+00 -1.7641e+00 +1.9385e+00 -2.6453e-01
407 0 +5.439646480e+01 +5.439646480e+01 +5.821646480e+01 +5.821646480e+01 +2.7678e+00 +3.6570e-03 +1.0363e+00 -3.2509e+00 -1.6584e+00 +2.0670e+00 -3.4572e+00 -3.8349e+00 +1.4606e+00 -5.8735e-01
420 0 +5.357882619e+01 +5.357882619e+01 +5.739882619e+01 +5.739882619e+01 +2.7648e+00 -8.4917e-01 +1.5916e+00 -3.0160e+00 -1.6048e+00 +1.8494e+00 -3.7422e+00 -4.1841e+00 +2.1623e+00 -1.1987e+00
661 0 +4.376391866e+01 +4.376391866e+01 +4.758391866e+01 +4.758391866e+01 +1.2195e+00 -8.4339e-01 +1.2052e+00 -3.2527e+00 -9.3063e-01 +1.4349e+00 -1.7334e+00 -3.9162e+00 +1.9139e+00 -6.5089e-01
672 0 +2.525403231e+01 +2.525403231e+01 +2.907403231e+01 +2.907403231e+01 +2.1141e+00 -2.3341e-01 +1.5649e+00 -3.1220e+00 -7.8886e-01 +1.6116e+00 -1.9104e+00 -3.7058e+00 +2.1017e+00 -1.1923e+00
% f evaluations | g evaluations | best noise-free fitness - Fopt | noise-free fitness - Fopt (2.175000000000e+01) | measured fitness | best measured fitness | x1 | x2...
1 0 +5.194253009e+02 +5.194253009e+02 +5.411753009e+02 +5.411753009e+02 -4.9045e-01 +8.8808e-01 +4.2750e-01 +3.7943e+00 -5.8559e-01 +3.4208e+00 -3.6291e+00 -1.7583e+00 -5.8479e-01 +3.8845e-02
8 0 +3.740900233e+02 +3.740900233e+02 +3.958400233e+02 +3.958400233e+02 +2.0591e+00 +4.3928e+00 +3.9127e+00 +2.8555e-01 -2.5217e+00 -2.3470e+00 -1.3316e-01 -2.2922e+00 +8.6359e-01 +3.8270e+00
24 0 +3.025912758e+02 +3.025912758e+02 +3.243412758e+02 +3.243412758e+02 -2.1094e+00 -8.4444e-01 -4.5647e+00 +4.9037e+00 +4.4013e+00 -1.2501e-01 +1.9999e+00 +2.9099e+00 +2.9095e+00 -1.3821e-01
40 0 +9.670278457e+01 +9.670278457e+01 +1.184527846e+02 +1.184527846e+02 +1.9360e+00 +9.7365e-01 -1.2093e+00 +3.8704e+00 -3.4408e+00 -9.9576e-01 +4.2857e-01 +1.4314e+00 -7.0037e-01 +3.1892e+00
162 0 +7.411426509e+01 +7.411426509e+01 +9.586426509e+01 +9.586426509e+01 +1.3206e+00 +1.0171e+00 -2.1190e+00 +5.0068e+00 -5.1778e+00 -1.5962e+00 +2.7501e+00 +1.9565e+00 -1.9946e+00 +3.1666e+00
409 0 +4.324705450e+01 +4.324705450e+01 +6.499705450e+01 +6.499705450e+01 -2.7823e-01 +1.3428e+00 -2.6138e+00 +3.1766e+00 -3.0234e+00 -9.4506e-01 +2.5874e+00 +1.4154e+00 +7.6921e-02 +1.7401e+00
% f evaluations | g evaluations | best noise-free fitness - Fopt | noise-free fitness - Fopt (6.479000000000e+01) | measured fitness | best measured fitness | x1 | x2...
1 0 +9.972211303e+02 +9.972211303e+02 +1.062011130e+03 +1.062011130e+03 +7.9102e-01 +3.2594e+00 +1.3589e+00 +4.4382e+00 -1.2816e+00 +3.7793e+00 +1.9825e+00 -3.2199e+00 +4.7989e+00 +9.8710e-02
7 0 +5.354646056e+02 +5.354646056e+02 +6.002546056e+02 +6.002546056e+02 -1.0749e+00 -4.9941e+00 +4.4102e+00 -4.6859e+00 +4.2406e+00 -3.6000e+00 -1.8143e+00 +1.1618e+00 -1.4315e+00 -5.6743e-01
12 0 +2.468927791e+02 +2.468927791e+02 +3.116827791e+02 +3.116827791e+02 -2.8690e+00 -1.6878e+00 -2.1334e+00 +3.4618e+00 +5.6819e-01 -3.4503e+00 -4.0101e+00 +2.4268e+00 +7.7798e-01 +3.1021e+00
145 0 +1.778739358e+02 +1.778739358e+02 +2.426639358e+02 +2.426639358e+02 -3.8380e+00 -3.9414e+00 +2.0375e+00 -1.7425e-01 +1.4664e+00 +1.7264e+00 -4.7433e+00 +2.9261e+00 -3.6979e+00 -3.6966e+00
153 0 +1.421886926e+02 +1.421886926e+02 +2.069786926e+02 +2.069786926e+02 -1.1156e+00 -1.9388e+00 -2.4612e+00 +3.6281e+00 -2.1047e-01 -5.2908e-01 -3.8150e+00 +8.9057e-01 -9.8987e-01 +2.2669e+00
154 0 +1.073710758e+02 +1.073710758e+02 +1.721610758e+02 +1.721610758e+02 -1.0459e+00 -1.6873e+00 -2.0512e+00 +7.5623e-02 +5.8729e-01 -3.4201e+00 -3.5682e+00 +1.0051e+00 +9.8071e-01 +2.2468e+00
162 0 +7.913507402e+01 +7.913507402e+01 +1.439250740e+02 +1.439250740e+02 -2.7126e+00 -1.5206e+00 -1.9594e+00 +1.8863e+00 +1.4773e+00 -8.7420e-01 -4.3420e+00 +2.2841e+00 +5.6785e-01 +2.0952e+00
% f evaluations | g evaluations | best noise-free fitness - Fopt | noise-free fitness - Fopt (-1.000000000000e+03) | measured fitness | best measured fitness | x1 | x2...
1 0 +3.645158366e+02 +3.645158366e+02 -6.354841634e+02 -6.354841634e+02 -4.1104e+00 +2.0045e+00 -1.2565e+00 +2.8154e+00 -1.2631e+00 -4.7683e+00 +3.3948e+00 +9.6896e-01 -2.1295e+00 -1.1554e+00
6 0 +3.498582974e+02 +3.498582974e+02 -6.501417026e+02 -6.501417026e+02 -7.0742e-01 -7.8403e-01 +1.9724e+00 -3.2705e+00 -3.6658e+00 +1.5765e+00 +1.6702e+00 +2.9278e+00 +3.3295e+00 +2.2092e+00
51 0 +2.606081795e+02 +2.606081795e+02 -7.393918205e+02 -7.393918205e+02 +2.8813e-01 -1.8181e+00 +1.7082e+00 -4.7777e+00 -3.9601e+00 +2.1113e+00 +1.2707e+00 +1.3420e+00 +4.7548e+00 +1.8161e+00
71 0 +2.374750745e+02 +2.374750745e+02 -7.625249255e+02 -7.625249255e+02 -2.6530e+00 -1.4494e-01 -1.3233e+00 -1.3385e+00 -9.5616e-01 +1.5799e+00 +4.5882e+00 +3.4066e+00 +3.4916e+00 -4.6991e+00
93 0 +2.328092319e+02 +2.328092319e+02 -7.671907681e+02 -7.671907681e+02 -4.0572e+00 +1.8461e+00 -2.4087e-01 -4.1286e+00 -3.8407e+00 +4.4940e+00 -4.6621e+00 +2.0246e+00 -1.4859e+00 +1.1883e-01
108 0 +1.489439917e+02 +1.489439917e+02 -8.510560083e+02 -8.510560083e+02 -8.5404e-01 -2.7922e+00 -3.4179e+00 -4.5017e+00 -1.1871e-01 +4.0411e+00 -2.5906e+00 +2.2404e+00 +2.6089e+00 +4.0078e+00
426 0 +1.218161142e+02 +1.218161142e+02 -8.781838858e+02 -8.781838858e+02 -9.9205e-01 -3.6520e+00 -2.4859e+00 -4.6247e+00 -1.0505e+00 +4.2384e+00 -9.1743e-01 +2.0784e+00 +2.4932e+00 +2.8776e+00
678 0 +9.884652284e+01 +9.884652284e+01 -9.011534772e+02 -9.011534772e+02 -9.4314e-01 +1.8489e-01 -3.5015e+00 +1.3460e-01 -3.5840e-01 +4.4303e+00 -2.4090e+00 +2.4354e+00 +2.6078e+00 +4.8170e+00
686 0 +9.007147632e+01 +9.007147632e+01 -9.099285237e+02 -9.099285237e+02 -1.0052e+00 -2.8275e+00 -2.9200e+00 -2.9617e+00 -4.6763e-01 +4.2995e+00 -2.6021e+00 +2.2410e+00 +2.5003e+00 +4.2084e+00
% f evaluations | g evaluations | best noise-free fitness - Fopt | noise-free fitness - Fopt (1.640700000000e+02) | measured fitness | best measured fitness | x1 | x2...
1 0 +1.017732743e+02 +1.017732743e+02 +2.658432743e+02 +2.658432743e+02 -2.9926e+00 +3.0953e+00 -3.9381e+00 -4.4785e+00 -9.8433e-01 -8.4064e-01 -1.8897e+00 +2.0608e+00 +3.5327e+00 -3.2713e+00
179 0 +7.702044818e+01 +7.702044818e+01 +2.410904482e+02 +2.410904482e+02 -3.3355e+00 +3.3913e+00 -3.6354e+00 -4.0944e+00 -1.2237e+00 -2.6047e-01 -2.4118e+00 +1.9003e+00 +3.5488e+00 -3.7669e+00
409 0 +5.517863507e+01 +5.517863507e+01 +2.192486351e+02 +2.192486351e+02 -3.1323e+00 +2.7770e+00 -3.8995e+00 -4.9668e+00 -2.4119e+00 -6.6112e-01 -1.6387e+00 +1.5287e+00 +3.1121e+00 -3.2749e+00
410 0 +4.694700810e+01 +4.694700810e+01 +2.110170081e+02 +2.110170081e+02 -2.9697e+00 +4.1699e+00 -3.3265e+00 -4.4410e+00 -3.0544e+00 -8.6494e-01 -4.1156e-01 +1.9250e+00 +2.8560e+00 -3.1751e+00
452 0 +4.089901642e+01 +4.089901642e+01 +2.049690164e+02 +2.049690164e+02 -2.7701e+00 +2.4893e+00 -3.8798e+00 -4.5222e+00 -2.6250e+00 -8.4082e-01 -1.5465e+00 +1.7155e+00 +3.0879e+00 -3.9258e+00
% f evaluations | g evaluations | best noise-free fitness - Fopt | noise-free fitness - Fopt (-1.656800000000e+02) | measured fitness | best measured fitness | x1 | x2...
1 0 +1.393055939e+03 +1.393055939e+03 +1.227375939e+03 +1.227375939e+03 +3.9263e+00 -4.9232e+00 +3.6347e+00 -5.5464e-01 -2.7415e-01 +1.4505e+00 +2.4059e+00 +3.3045e+00 -3.1716e-01 -5.6522e-01
2 0 +8.879668158e+02 +8.879668158e+02 +7.222868158e+02 +7.222868158e+02 -4.4394e+00 +4.2104e+00 +2.9143e+00 -1.1942e+00 +9.8694e-01 -7.3276e-01 -1.8232e+00 +4.9111e-01 -3.3625e+00 +1.8526e+00
4 0 +6.457075944e+02 +6.457075944e+02 +4.800275944e+02 +4.800275944e+02 +3.5361e+00 +1.7948e-02 +1.0084e+00 -2.4394e+00 +2.6447e+00 +3.2265e+00 +1.9926e-01 -9.3203e-01 +4.4388e+00 -8.2161e-01
8 0 +2.944845733e+02 +2.944845733e+02 +1.288045733e+02 +1.288045733e+02 +4.5923e+00 +4.9807e+00 +4.8620e-01 +2.7319e+00 -4.3452e+00 -1.7557e+00 -4.1663e-01 +2.2386e+00 -3.6100e+00 +3.8210e-02
18 0 +2.830596780e+02 +2.830596780e+02 +1.173796780e+02 +1.173796780e+02 -2.0002e+00 +8.3074e-01 +2.3406e-01 -1.4850e+00 +3.2327e-01 -2.7569e+00 +4.4960e+00 -2.2272e+00 -1.4023e+00 -2.0891e+00
24 0 +2.266226634e+02 +2.266226634e+02 +6.094266345e+01 +6.094266345e+01 +1.9668e+00 +3.2522e+00 -4.3317e+00 -1.2333e+00 +4.2483e-01 +3.8734e+00 +9.7423e-01 +1.4977e+00 +1.9958e+00 +2.6691e+00
34 0 +1.258596285e+02 +1.258596285e+02 -3.982037151e+01 -3.982037151e+01 -3.6244e+00 +5.9412e-02 +4.4857e-01 +2.5121e+00 +3.5613e+00 -3.4684e+00 -4.0731e+00 +7.6788e-01 +9.9573e-01 +4.7148e-01
58 0 +1.058049138e+02 +1.058049138e+02 -5.987508623e+01 -5.987508623e+01 +5.3410e-01 +8.3852e-01 -2.2896e-01 +1.3395e+00 +3.0432e+00 -3.2646e+00 -3.6583e+00 +1.1768e+00 +6.5926e-01 +3.7167e+00
413 0 +5.860923586e+01 +5.860923586e+01 -1.070707641e+02 -1.070707641e+02 -1.2829e+00 +8.6804e-01 -4.1606e-01 +8.8462e-01 +2.8536e+00 -3.2095e+00 -3.4360e+00 +1.3129e+00 +5.3979e-01 +1.4479e+00
% f evaluations | g evaluations | best noise-free fitness - Fopt | noise-free fitness - Fopt (9.284000000000e+01) | measured fitness | best measured fitness | x1 | x2...
1 0 +2.451308182e+03 +2.451308182e+03 +2.544148182e+03 +2.544148182e+03 +3.6031e+00 -1.0249e+00 -9.5604e-01 -6.2414e-01 -4.6089e+00 +3.3367e+00 -8.0209e-01 +2.1679e+00 +1.2546e-01 +5.9495e-01
2 0 +1.382211345e+03 +1.382211345e+03 +1.475051345e+03 +1.475051345e+03 +7.6236e-01 -1.7201e+00 -4.4188e+00 -3.1929e+00 +2.3058e+00 +2.2862e-01 -2.3202e+00 +1.4162e+00 +3.6761e+00 -2.2150e+00
6 0 +3.428289338e+02 +3.428289338e+02 +4.356689338e+02 +4.356689338e+02 -2.9944e+00 +1.0718e+00 +4.0486e+00 +2.9086e+00 -1.7025e+00 +1.3110e+00 -4.3809e-02 -4.8731e+00 +4.5233e+00 -2.7312e+00
13 0 +2.946308203e+02 +2.946308203e+02 +3.874708203e+02 +3.874708203e+02 -1.5519e+00 -4.6862e-01 -3.9361e+00 +1.8730e+00 -3.2370e-01 +2.9087e+00 -1.6244e+00 -8.1036e-01 -2.8837e+00 +4.0716e+00
24 0 +2.561419630e+02 +2.561419630e+02 +3.489819630e+02 +3.489819630e+02 -4.8475e+00 +4.9491e-01 +2.8484e+00 +1.4672e+00 -3.2936e+00 -2.2373e+00 +1.3802e+00 -7.1347e-01 +1.1250e+00 +4.5537e+00
56 0 +1.808842696e+02 +1.808842696e+02 +2.737242696e+02 +2.737242696e+02 +2.2857e+00 -2.7831e+00 -4.2604e+00 +3.5472e+00 +7.4830e-01 +3.7513e+00 -3.7843e-01 -4.7888e-01 +2.2509e+00 +1.2699e+00
411 0 +1.574895459e+02 +1.574895459e+02 +2.503295459e+02 +2.503295459e+02 +2.0335e+00 -2.8379e+00 -3.0656e+00 +4.7754e+00 +7.5267e-01 +3.2692e+00 -4.8353e-01 -4.3316e-01 +2.4475e+00 +1.2712e+00
426 0 +1.125912808e+02 +1.125912808e+02 +2.054312808e+02 +2.054312808e+02 +1.7208e+00 +1.7180e-01 -3.3191e+00 +4.9947e+00 +1.1565e+00 +3.7375e+00 -3.8689e-02 -4.8179e-01 +3.0238e+00 +2.8058e+00
437 0 +8.550497243e+01 +8.550497243e+01 +1.783449724e+02 +1.783449724e+02 +4.0355e+00 -2.4866e+00 -4.9710e+00 +2.4697e+00 +9.6578e-01 +3.7811e+00 -1.4794e-01 -1.8120e+00 +2.7833e+00 +1.2695e+00
709 0 +4.514371968e+01 +4.514371968e+01 +1.379837197e+02 +1.379837197e+02 +9.8364e-01 -6.0349e-01 -3.6323e+00 +3.4313e+00 -5.6026e-01 +2.7135e+00 -6.7955e-01 -1.9050e+00 +4.6987e+00 +1.6666e+00
% f evaluations | g evaluations | best noise-free fitness - Fopt | noise-free fitness - Fopt (-3.679200000000e+02) | measured fitness | best measured fitness | x1 | x2...
1 0 +9.066377331e+02 +9.066377331e+02 +5.387177331e+02 +5.387177331e+02 +2.9961e+00 -1.8640e+00 +8.9951e-01 +2.1379e+00 -2.8904e+00 -2.4888e+00 -3.1043e+00 -2.4603e+00 -2.3335e+00 -1.0500e+00
2 0 +5.620085568e+02 +5.620085568e+02 +1.940885568e+02 +1.940885568e+02 +2.3004e+00 -4.7895e+00 -4.3603e+00 +1.3723e+00 -5.9236e-01 -9.2482e-01 -3.5012e+00 +4.4966e+00 -4.2539e+00 +3.6328e+00
4 0 +4.741194736e+02 +4.741194736e+02 +1.061994736e+02 +1.061994736e+02 -1.6582e+00 +7.8129e-01 -2.4569e+00 +9.8922e-02 -4.4204e+00 +5.8711e-01 -3.3546e+00 +4.0378e+00 -3.3255e+00 +3.3308e+00
10 0 +4.383030726e+02 +4.383030726e+02 +7.038307265e+01 +7.038307265e+01 +1.2034e+00 -2.4401e+00 -3.1998e-01 +3.7686e-01 +4.2560e+00 +1.6464e+00 -6.0669e-01 -4.2780e+00 +2.9024e+00 -3.4993e+00
13 0 +4.178545500e+02 +4.178545500e+02 +4.993455004e+01 +4.993455004e+01 +3.0264e+00 -3.7750e+00 -1.6819e+00 -2.0562e+00 +3.1648e+00 -3.8643e+00 +2.1897e-01 +1.8577e+00 +4.4166e+00 +2.8047e+00
18 0 +2.142636947e+02 +2.142636947e+02 -1.536563053e+02 -1.536563053e+02 +2.4595e+00 -2.7987e+00 -6.9946e-01 +1.4004e+00 -3.9061e+00 -2.4040e+00 +8.0742e-01 +4.5325e+00 -3.4870e+00 +2.5128e+00
40 0 +1.934792902e+02 +1.934792902e+02 -1.744407098e+02 -1.744407098e+02 +1.7240e+00 -3.4756e-01 -1.4040e+00 -1.4421e+00 +3.1001e+00 -4.6186e-01 +3.7334e+00 -1.6038e+00 +1.7255e+00 -1.8009e+00
54 0 +7.130480782e+01 +7.130480782e+01 -2.966151922e+02 -2.966151922e+02 +1.1259e+00 +6.5902e-01 +4.6587e+00 -1.0516e+00 -2.5755e+00 +2.6483e+00 +2.4906e+00 -3.2018e+00 +2.8699e-01 -6.8148e-01
173 0 +6.298432169e+01 +6.298432169e+01 -3.049356783e+02 -3.049356783e+02 +1.6219e+00 -7.1789e-01 -3.8396e-01 -1.3290e+00 +4.2983e+00 -1.1851e+00 +9.6697e-01 -1.6708e+00 +9.1128e-01 +1.5285e+00
451 0 +3.534817174e+01 +3.534817174e+01 -3.325718283e+02 -3.325718283e+02 +1.1996e+00 +4.8792e-01 +6.0119e+00 -9.3043e-01 -2.0088e+00 +1.9440e+00 +2.2980e+00 +1.4534e+00 -5.5176e-01 -3.5861e-01
% f evaluations | g evaluations | best noise-free fitness - Fopt | noise-free fitness - Fopt (4.950000000000e+01) | measured fitness | best measured fitness | x1 | x2...
1 0 +1.942188059e+03 +1.942188059e+03 +1.991688059e+03 +1.991688059e+03 +2.8236e+00 +3.2211e+00 -2.2010e+00 -2.9245e+00 -3.7284e+00 -2.6578e+00 -1.1062e+00 -3.1976e+00 -5.4679e-01 -4.0438e+00
3 0 +1.648126228e+03 +1.648126228e+03 +1.697626228e+03 +1.697626228e+03 +2.9339e+00 -2.8596e+00 +4.5391e+00 -2.8648e+00 +2.1944e+00 +4.2805e+00 +2.8014e+00 -4.1636e+00 -3.7625e+00 +3.4813e+00
4 0 +4.864017988e+02 +4.864017988e+02 +5.359017988e+02 +5.359017988e+02 -3.7099e-01 -7.8190e-01 +1.7350e-01 -4.0020e+00 +5.6233e-01 -1.7882e+00 +9.0268e-01 -3.4624e+00 +2.0165e+00 -6.2188e-01
24 0 +2.922129002e+02 +2.922129002e+02 +3.417129002e+02 +3.417129002e+02 -7.0050e-01 -1.8621e+00 +2.7606e+00 -4.5778e+00 -3.4651e-01 +2.5403e+00 +1.0180e-01 +2.8770e+00 +1.6847e+00 +6.3452e-01
26 0 +2.394968508e+02 +2.394968508e+02 +2.889968508e+02 +2.889968508e+02 -3.3214e+00 -2.6189e+00 +6.0305e-01 -2.4863e+00 -1.4207e+00 +5.7013e-01 -4.8788e+00 -2.0533e+00 +3.4253e+00 +4.5416e-01
31 0 +1.376843214e+02 +1.376843214e+02 +1.871843214e+02 +1.871843214e+02 +2.4001e+00 -1.9154e+00 -2.6035e+00 -2.4755e-01 -1.8993e+00 +4.9152e+00 -2.9253e+00 +4.3482e-01 +3.7570e+00 -3.8428e+00
161 0 +1.228624470e+02 +1.228624470e+02 +1.723624470e+02 +1.723624470e+02 +2.5262e+00 -4.4257e+00 -1.4037e+00 -3.4383e-01 -1.1320e+00 +5.0249e+00 -2.8322e+00 +1.6192e+00 +4.4229e+00 -1.4722e+00
305 0 +2.971695878e+01 +2.971695878e+01 +7.921695878e+01 +7.921695878e+01 +6.0950e-01 -1.9183e+00 -2.5636e+00 -7.8575e-02 -1.6874e-01 +3.8431e+00 -2.2468e+00 +7.5039e-01 +2.8202e+00 -3.2917e+00
667 0 +2.865448016e+01 +2.865448016e+01 +7.815448016e+01 +7.815448016e+01 +5.4069e-01 -2.3283e+00 -2.4539e+00 -2.0837e-01 -1.0110e-01 +3.7925e+00 -1.8215e+00 +8.5223e-01 +2.8431e+00 -2.9367e+00
670 0 +2.442271217e+01 +2.442271217e+01 +7.392271217e+01 +7.392271217e+01 +3.9875e-01 -1.9821e+00 -3.5769e+00 -9.2880e-02 -2.3520e-01 +3.7748e+00 -2.5345e+00 +1.8522e+00 +2.7509e+00 -3.3804e+00
939 0 +2.013126943e+01 +2.013126943e+01 +6.963126943e+01 +6.963126943e+01 +5.2042e-01 -1.9200e+00 -2.5635e+00 -8.1719e-02 -1.9442e-01 +3.8125e+00 -2.2518e+00 +1.3519e+00 +2.7405e+00 -3.2919e+00
% f evaluations | g evaluations | best noise-free fitness - Fopt | noise-free fitness - Fopt (-1.277000000000e+01) | measured fitness | best measured fitness | x1 | x2...
1 0 +7.898863093e+02 +7.898863093e+02 +7.771163093e+02 +7.771163093e+02 +1.1644e+00 -1.8496e+00 -4.8500e+00 +3.0975e+00 -1.4040e+00 +1.2734e+00 -1.8604e+00 +4.0540e+00 -4.0546e+00 -3.3493e+00
5 0 +4.801676266e+02 +4.801676266e+02 +4.673976266e+02 +4.673976266e+02 +1.2902e+00 +3.9355e+00 +4.3679e+00 -4.1968e+00 -2.0513e+00 +4.6544e+00 -4.9120e+00 +2.0068e+00 -2.5548e+00 -1.7960e+00
8 0 +3.386941268e+02 +3.386941268e+02 +3.259241268e+02 +3.259241268e+02 +1.0999e+00 +3.3864e+00 +3.8551e+00 +4.4742e+00 +1.8304e+00 +4.3580e+00 -6.9298e-02 -2.7598e+00 -2.2521e+00 -7.8416e-01
13 0 +2.520162370e+02 +2.520162370e+02 +2.392462370e+02 +2.392462370e+02 -4.3828e+00 +2.7267e+00 +1.0362e+00 +3.0994e+00 +9.4270e-01 +2.0157e+00 -5.6627e-01 +2.4021e+00 +1.0613e+00 -1.2570e+00
64 0 +1.492622795e+02 +1.492622795e+02 +1.364922795e+02 +1.364922795e+02 -6.6930e-01 -3.1880e-01 +7.6364e-01 +4.4088e+00 +4.7349e+00 +4.3345e+00 -3.3500e+00 -7.2226e-02 -4.5419e+00 -2.5005e-02
175 0 +1.428286350e+02 +1.428286350e+02 +1.300586350e+02 +1.300586350e+02 -3.7070e+00 +1.0088e+00 -2.4778e+00 +4.2036e-02 +5.8749e-01 +2.0451e+00 +5.4171e-01 +3.0661e+00 -2.9988e-01 -3.9641e-01
416 0 +8.747902189e+01 +8.747902189e+01 +7.470902189e+01 +7.470902189e+01 +3.0558e+00 +2.4156e+00 +2.9856e+00 +2.1922e+00 -2.2836e+00 +1.3754e+00 +3.1193e+00 +3.1957e+00 -1.3868e+00 +3.8039e-01
419 0 +7.957728098e+01 +7.957728098e+01 +6.680728098e+01 +6.680728098e+01 +4.0188e+00 +2.5184e+00 +1.5593e+00 +2.9644e+00 -1.3441e+00 +8.7668e-01 +4.8695e+00 +1.8955e+00 -1.4541e+00 +3.4747e-01
944 0 +4.152418926e+01 +4.152418926e+01 +2.875418926e+01 +2.875418926e+01 +1.4120e+00 +3.7915e+00 +2.8688e+00 +2.0608e+00 -1.3681e+00 +5.7350e-01 +1.5556e+00 +1.9565e+00 -3.8943e+00 +5.4461e-02
% f evaluations | g evaluations | best noise-free fitness - Fopt | noise-free fitness - Fopt (6.365000000000e+01) | measured fitness | best measured fitness | x1 | x2...
1 0 +6.600297396e+02 +6.600297396e+02 +7.236797396e+02 +7.236797396e+02 -5.4324e-01 +1.2955e+00 -3.2379e+00 +1.9874e+00 -3.3837e+00 +4.3123e-01 -3.0869e-01 +1.5962e+00 +4.6647e+00 -4.2802e+00
2 0 +5.342506787e+02 +5.342506787e+02 +5.979006787e+02 +5.979006787e+02 -4.0165e+00 +1.0238e+00 -2.3847e+00 +1.5463e-02 +4.9751e+00 -3.9982e+00 +4.9492e+00 -1.7610e+00 +1.2987e+00 +2.9710e+00
19 0 +2.771814894e+02 +2.771814894e+02 +3.408314894e+02 +3.408314894e+02 -3.6320e+00 +2.8585e+00 +2.2082e+00 -3.0498e+00 -8.0501e-01 +3.8214e-01 -3.8562e+00 -8.6381e-01 +8.0726e-01 +4.6248e+00
160 0 +2.562873927e+02 +2.562873927e+02 +3.199373927e+02 +3.199373927e+02 -3.4485e+00 +1.3655e+00 -7.5950e-01 -2.3839e+00 -6.5412e-01 -9.7345e-01 -3.9536e+00 -6.5865e-01 -1.3677e-01 +4.3472e+00
412 0 +1.591183920e+02 +1.591183920e+02 +2.227683920e+02 +2.227683920e+02 -3.1121e+00 +1.6034e+00 +1.6163e+00 -5.5133e-01 -4.9422e-01 +2.7485e-01 -2.9121e+00 +6.4990e-01 +4.3604e+00 +5.7873e+00
694 0 +1.395691999e+02 +1.395691999e+02 +2.032191999e+02 +2.032191999e+02 -3.1223e+00 -1.3074e+00 +1.5207e+00 -3.6644e-01 -8.7455e-01 +6.6820e-01 -2.2071e+00 +1.8970e+00 +1.7977e+00 +4.5832e+00
931 0 +1.337656937e+02 +1.337656937e+02 +1.974156937e+02 +1.974156937e+02 -2.9986e+00 -2.9156e-01 +2.5875e-01 -1.1300e+00 +8.7405e-01 +1.4347e+00 -9.4289e-01 +2.9630e+00 +1.6531e+00 +3.8948e+00
942 0 +1.105242087e+02 +1.105242087e+02 +1.741742087e+02 +1.741742087e+02 -2.2119e+00 -8.3450e-01 +1.7542e+00 -1.6062e+00 +2.7379e-01 +8.4042e-01 -1.3490e+00 +2.3722e+00 +9.9647e-01 +4.5958e+00
1185 0 +1.056193801e+02 +1.056193801e+02 +1.692693801e+02 +1.692693801e+02 -3.1649e+00 -5.7052e-01 +7.9987e-01 -1.2623e+00 +5.7423e-01 +9.8623e-01 -6.7097e-01 +2.2541e+00 +1.6348e+00 +4.5933e+00
% f evaluations | g evaluations | best noise-free fitness - Fopt | noise-free fitness - Fopt (6.991900000000e+02) | measured fitness | best measured fitness | x1 | x2...
1 0 +1.303379498e+03 +1.303379498e+03 +2.002569498e+03 +2.002569498e+03 +3.6498e+00 -1.1330e-01 -2.1443e+00 -1.5502e+00 +2.2971e+00 +3.1607e+00 +2.5452e+00 +2.9188e+00 -2.2650e-01 +2.3177e+00
2 0 +7.597775751e+02 +7.597775751e+02 +1.458967575e+03 +1.458967575e+03 +3.3318e+00 +3.6774e+00 +4.2987e+00 +2.3961e+00 -9.2003e-01 -4.2624e+00 -4.9693e+00 -2.7602e+00 +2.3585e-01 +4.1728e+00
3 0 +4.942316322e+02 +4.942316322e+02 +1.193421632e+03 +1.193421632e+03 +3.4075e-01 +2.1885e+00 -1.4046e-01 -2.8661e+00 -3.2638e+00 -8.8014e-01 -1.3075e+00 -2.3410e+00 +2.2731e+00 -5.8062e-01
15 0 +4.271810482e+02 +4.271810482e+02 +1.126371048e+03 +1.126371048e+03 +1.8640e+00 -3.5007e+00 -1.6032e+00 +4.0447e+00 -2.5533e+00 +4.6373e+00 +3.1123e+00 +6.1218e-01 -3.6648e+00 +9.5478e-01
21 0 +3.472965436e+02 +3.472965436e+02 +1.046486544e+03 +1.046486544e+03 -1.4348e+00 +3.7434e+00 +4.4880e+00 +4.1775e+00 +1.8598e+00 -2.5224e+00 +3.0146e+00 +3.8315e+00 -3.8830e+00 +3.6934e+00
31 0 +2.428622232e+02 +2.428622232e+02 +9.420522232e+02 +9.420522232e+02 +4.3095e+00 +1.2171e+00 -6.2882e-01 +2.8725e+00 -3.0441e+00 -2.9026e-01 +2.7221e-01 +1.2583e+00 +2.9010e+00 +3.3771e+00
38 0 +1.666500803e+02 +1.666500803e+02 +8.658400803e+02 +8.658400803e+02 -3.6023e+00 +1.3017e+00 -2.7599e+00 +1.1515e+00 -3.8491e+00 +1.2032e+00 +3.0206e+00 +2.2333e+00 -2.4333e+00 +4.0575e+00
163 0 +1.515036594e+02 +1.515036594e+02 +8.506936594e+02 +8.506936594e+02 -4.4822e+00 +1.5395e+00 -3.6100e+00 +1.7106e+00 -5.9998e+00 +5.0585e-01 +3.0637e+00 +2.2858e+00 -1.6252e+00 +3.9675e+00
168 0 +1.224931324e+02 +1.224931324e+02 +8.216831324e+02 +8.216831324e+02 -2.3948e+00 +1.7668e+00 -1.2077e+00 +3.7255e+00 -5.1736e+00 +7.9426e-01 +3.4727e+00 +1.6182e+00 +8.7769e-01 +2.0169e+00
187 0 +1.169868071e+02 +1.169868071e+02 +8.161768071e+02 +8.161768071e+02 -3.6297e+00 +2.2880e+00 -1.3922e+00 +2.9128e+00 -3.7429e+00 +2.6525e+00 +2.6345e+00 +2.3478e+00 -2.3003e+00 +3.4594e+00
420 0 +9.225590537e+01 +9.225590537e+01 +7.914459054e+02 +7.914459054e+02 +2.0412e+00 -2.1241e+00 +4.2500e-01 +6.5731e-01 -3.7953e+00 +1.6244e+00 +3.6946e+00 +1.7329e+00 -2.0004e+00 +4.1319e+00
422 0 +6.641901711e+01 +6.641901711e+01 +7.656090171e+02 +7.656090171e+02 +1.9039e+00 -1.9974e+00 -3.7594e-01 -8.1871e-02 -3.6080e+00 +1.1731e+00 +2.5649e+00 +1.6172e+00 -1.2508e+00 +2.6484e+00
698 0 +5.802278271e+01 +5.802278271e+01 +7.572127827e+02 +7.572127827e+02 -1.5231e+00 +5.3726e-01 -8.4473e-01 +2.3431e+00 -3.5735e+00 +1.3789e+00 +2.9602e+00 +2.8417e+00 -2.7292e+00 +3.8762e+00
% f evaluations | g evaluations | best noise-free fitness - Fopt | noise-free fitness - Fopt (1.000000000000e+03) | measured fitness | best measured fitness | x1 | x2...
1 0 +5.481726370e+02 +5.481726370e+02 +1.548172637e+03 +1.548172637e+03 -4.6945e+00 -2.1886e+00 -1.4459e+00 -2.4671e+00 -3.1572e+00 +2.8649e+00 -2.1239e-01 -5.2877e-01 +3.0110e+00 -1.3832e+00
8 0 +3.684051667e+02 +3.684051667e+02 +1.368405167e+03 +1.368405167e+03 -2.2223e+00 -1.7248e+00 +7.1709e-01 +1.7968e+00 +2.1043e+00 -4.1498e+00 -3.3690e+00 -2.3791e-01 -3.8753e-01 -1.8858e+00
14 0 +2.932613531e+02 +2.932613531e+02 +1.293261353e+03 +1.293261353e+03 +2.4800e+00 +3.5792e-01 -6.0652e-01 +8.6745e-01 -3.3896e+00 +2.2564e+00 +4.8935e+00 -4.3355e+00 +3.1837e+00 +2.6597e-01
52 0 +2.198292281e+02 +2.198292281e+02 +1.219829228e+03 +1.219829228e+03 -2.5129e+00 -2.4969e+00 -7.8699e-01 -8.5272e-01 -2.5078e-01 -1.5376e+00 +4.2589e-01 -1.2188e+00 +1.9090e+00 +1.6816e+00
80 0 +1.218940297e+02 +1.218940297e+02 +1.121894030e+03 +1.121894030e+03 +1.5048e+00 +4.9566e+00 +3.2208e+00 +2.8775e-01 +1.2761e+00 +3.4564e+00 +4.1328e+00 -2.5263e+00 -2.2700e-01 +8.9621e-01
419 0 +1.155674338e+02 +1.155674338e+02 +1.115567434e+03 +1.115567434e+03 +1.4376e+00 +3.1723e+00 +2.4025e+00 +2.9650e-01 +2.2649e+00 +3.6051e+00 +4.2096e+00 -2.5527e+00 -6.7610e-01 +3.3712e-01
420 0 +8.118723512e+01 +8.118723512e+01 +1.081187235e+03 +1.081187235e+03 +1.4247e+00 +1.4294e+00 +2.8439e+00 +2.6452e-01 +1.9381e-01 +3.4242e+00 +3.8346e+00 -3.5540e+00 -5.0742e-01 +9.1472e-01
