% f evaluations | g evaluations | best noise-free fitness - Fopt | noise-free fitness - Fopt (7.627000000000e+01) | measured fitness | best measured fitness | x1 | x2...
1 0 +5.276603146e+06 +5.276603146e+06 +5.276679416e+06 +5.276679416e+06 -1.4026e+00 -1.8036e+00 +1.1139e+00
2 0 +9.396685859e+05 +9.396685859e+05 +9.397448559e+05 +9.397448559e+05 +1.1902e+00 -2.7089e+00 -4.7812e-01
5 0 +1.869465791e+05 +1.869465791e+05 +1.870228491e+05 +1.870228491e+05 +4.5796e+00 -1.1363e+00 -4.5133e+00
58 0 +1.251134304e+05 +1.251134304e+05 +1.251897004e+05 +1.251897004e+05 +5.0000e+00 -9.5920e-01 -5.0000e+00
65 0 +9.336969435e+04 +9.336969435e+04 +9.344596435e+04 +9.344596435e+04 +5.0000e+00 -1.5119e+00 -4.2240e+00
67 0 +3.178561309e+04 +3.178561309e+04 +3.186188309e+04 +3.186188309e+04 +3.5189e+00 -1.4199e+00 -5.0000e+00
68 0 +2.928386141e+04 +2.928386141e+04 +2.936013141e+04 +2.936013141e+04 +5.0000e+00 -2.0428e+00 -3.6633e+00
70 0 +1.395352351e+04 +1.395352351e+04 +1.402979351e+04 +1.402979351e+04 +4.5179e+00 -1.4537e+00 -5.0000e+00
77 0 +4.952527258e+03 +4.952527258e+03 +5.028797258e+03 +5.028797258e+03 +4.5518e+00 -1.2290e+00 -5.0000e+00
87 0 +3.631922270e+03 +3.631922270e+03 +3.708192270e+03 +3.708192270e+03 +2.9930e+00 -1.0733e+00 -5.0000e+00
106 0 +2.115093940e+03 +2.115093940e+03 +2.191363940e+03 +2.191363940e+03 +2.1159e+00 -1.0023e+00 -5.0000e+00
115 0 +1.122867087e+03 +1.122867087e+03 +1.199137087e+03 +1.199137087e+03 -5.4950e-01 -8.0393e-01 -5.0000e+00
119 0 +6.986119810e+01 +6.986119810e+01 +1.461311981e+02 +1.461311981e+02 +2.9489e+00 -1.1374e+00 -5.0000e+00
157 0 +3.017973988e+01 +3.017973988e+01 +1.064497399e+02 +1.064497399e+02 +2.8978e+00 -1.1409e+00 -4.9985e+00
% f evaluations | g evaluations | best noise-free fitness - Fopt | noise-free fitness - Fopt (-2.255000000000e+01) | measured fitness | best measured fitness | x1 | x2...
1 0 +4.797655707e+05 +4.797655707e+05 +4.797430207e+05 +4.797430207e+05 +2.7411e+00 -1.2415e+00 +3.8094e+00
4 0 +1.626465302e+05 +1.626465302e+05 +1.626239802e+05 +1.626239802e+05 +2.5715e+00 +4.6964e+00 +2.4472e+00
20 0 +4.586038200e+04 +4.586038200e+04 +4.583783200e+04 +4.583783200e+04 +3.1986e+00 -2.8800e-01 +1.3525e+00
25 0 +3.449243621e+04 +3.449243621e+04 +3.446988621e+04 +3.446988621e+04 +2.1241e+00 +3.1287e+00 +1.4649e+00
46 0 +2.047821553e+03 +2.047821553e+03 +2.025271553e+03 +2.025271553e+03 +2.7828e+00 +2.3617e+00 +4.0419e+00
51 0 +1.070665148e+01 +1.070665148e+01 -1.184334852e+01 -1.184334852e+01 +2.7896e+00 +2.5779e+00 +4.0672e+00
148 0 +2.779486984e+00 +2.779486984e+00 -1.977051302e+01 -1.977051302e+01 +2.7865e+00 +2.5668e+00 +4.0544e+00
166 0 +1.966461670e+00 +1.966461670e+00 -2.058353833e+01 -2.058353833e+01 +2.7594e+00 +2.5608e+00 +3.8484e+00
207 0 +1.845489586e+00 +1.845489586e+00 -2.070451041e+01 -2.070451041e+01 +2.7626e+00 +2.5605e+00 +3.8751e+00
% f evaluations | g evaluations | best noise-free fitness - Fopt | noise-free fitness - Fopt (1.366000000000e+01) | measured fitness | best measured fitness | x1 | x2...
1 0 +1.998651138e+05 +1.998651138e+05 +1.998787738e+05 +1.998787738e+05 -4.0554e+00 -2.1313e+00 +2.6010e+00
7 0 +1.040515895e+05 +1.040515895e+05 +1.040652495e+05 +1.040652495e+05 +3.7466e+00 +1.6584e+00 -1.2584e+00
8 0 +2.532359513e+04 +2.532359513e+04 +2.533725513e+04 +2.533725513e+04 +6.9271e-01 -4.4205e+00 -4.2882e+00
23 0 +3.069125290e+03 +3.069125290e+03 +3.082785290e+03 +3.082785290e+03 +3.7716e+00 +1.4064e+00 -1.1017e+00
42 0 +3.055451141e+02 +3.055451141e+02 +3.192051141e+02 +3.192051141e+02 -4.2732e+00 -1.2247e+00 +3.0296e+00
155 0 +2.534983118e+02 +2.534983118e+02 +2.671583118e+02 +2.671583118e+02 -4.3162e+00 -1.1879e+00 +3.0525e+00
174 0 +8.802235999e+01 +8.802235999e+01 +1.016823600e+02 +1.016823600e+02 -4.3323e+00 -1.2209e+00 +3.0697e+00
193 0 +5.191902499e+01 +5.191902499e+01 +6.557902499e+01 +6.557902499e+01 -4.3076e+00 -1.1692e+00 +3.0830e+00
223 0 +3.505218825e+01 +3.505218825e+01 +4.871218825e+01 +4.871218825e+01 -4.3182e+00 -1.1816e+00 +3.0875e+00
230 0 +3.388980559e+01 +3.388980559e+01 +4.754980559e+01 +4.754980559e+01 -4.2821e+00 -1.1649e+00 +3.0739e+00
285 0 +3.380163891e+01 +3.380163891e+01 +4.746163891e+01 +4.746163891e+01 -4.2803e+00 -1.1630e+00 +3.0722e+00
% f evaluations | g evaluations | best noise-free fitness - Fopt | noise-free fitness - Fopt (9.378400000000e+02) | measured fitness | best measured fitness | x1 | x2...
1 0 +7.932273987e+06 +7.932273987e+06 +7.933211827e+06 +7.933211827e+06 +2.2807e+00 -3.1778e+00 -4.4769e+00
2 0 +7.848973461e+06 +7.848973461e+06 +7.849911301e+06 +7.849911301e+06 -4.8108e+00 -1.2515e+00 +2.7732e+00
6 0 +1.828840231e+06 +1.828840231e+06 +1.829778071e+06 +1.829778071e+06 +4.6099e-01 -2.5030e+00 +3.2293e+00
9 0 +1.682829515e+06 +1.682829515e+06 +1.683767355e+06 +1.683767355e+06 +3.4505e+00 -4.7982e+00 -3.6813e+00
10 0 +4.631583833e+03 +4.631583833e+03 +5.569423833e+03 +5.569423833e+03 +6.5583e-01 -4.4885e+00 +6.3068e-01
63 0 +4.109621066e+02 +4.109621066e+02 +1.348802107e+03 +1.348802107e+03 +8.1688e-01 -2.6726e+00 +1.1398e+00
100 0 +3.729918807e+02 +3.729918807e+02 +1.310831881e+03 +1.310831881e+03 +6.7075e-01 -2.9694e+00 +1.1896e+00
115 0 +5.979286833e+01 +5.979286833e+01 +9.976328683e+02 +9.976328683e+02 +6.4550e-01 -3.0451e+00 +1.1697e+00
210 0 +5.087881691e+01 +5.087881691e+01 +9.887188169e+02 +9.887188169e+02 +6.4566e-01 -3.0308e+00 +1.1707e+00
238 0 +4.964797452e+01 +4.964797452e+01 +9.874879745e+02 +9.874879745e+02 +6.4098e-01 -3.0438e+00 +1.1702e+00
% f evaluations | g evaluations | best noise-free fitness - Fopt | noise-free fitness - Fopt (-7.872000000000e+01) | measured fitness | best measured fitness | x1 | x2...
1 0 +5.121376674e+06 +5.121376674e+06 +5.121297954e+06 +5.121297954e+06 +2.1056e+00 -2.9638e+00 -3.4691e+00
5 0 +1.571683470e+06 +1.571683470e+06 +1.571604750e+06 +1.571604750e+06 +1.3087e+00 -1.5863e+00 +2.5832e-01
12 0 +5.559258461e+05 +5.559258461e+05 +5.558471261e+05 +5.558471261e+05 -2.6808e+00 +9.1967e-01 -3.1747e+00
14 0 +3.441920373e+05 +3.441920373e+05 +3.441133173e+05 +3.441133173e+05 +3.9433e+00 +1.6627e+00 -4.0377e+00
21 0 +3.676813108e+03 +3.676813108e+03 +3.598093108e+03 +3.598093108e+03 +2.3927e+00 +3.9076e-02 -2.8657e+00
25 0 +2.484107921e+03 +2.484107921e+03 +2.405387921e+03 +2.405387921e+03 +2.4387e+00 -1.8351e-01 -2.8426e+00
71 0 +3.923718005e+01 +3.923718005e+01 -3.948281995e+01 -3.948281995e+01 +2.4644e+00 -1.2618e-01 -2.8422e+00
164 0 +2.171803858e+01 +2.171803858e+01 -5.700196142e+01 -5.700196142e+01 +2.4620e+00 -2.1252e-01 -2.7674e+00
179 0 +3.773061163e+00 +3.773061163e+00 -7.494693884e+01 -7.494693884e+01 +2.4642e+00 -1.1580e-01 -2.8422e+00
283 0 +3.714675728e+00 +3.714675728e+00 -7.500532427e+01 -7.500532427e+01 +2.4644e+00 -1.1599e-01 -2.8422e+00
292 0 +3.574224012e+00 +3.574224012e+00 -7.514577599e+01 -7.514577599e+01 +2.4660e+00 -1.1652e-01 -2.8429e+00
% f evaluations | g evaluations | best noise-free fitness - Fopt | noise-free fitness - Fopt (-4.151000000000e+01) | measured fitness | best measured fitness | x1 | x2...
1 0 +8.698419382e+05 +8.698419382e+05 +8.698004282e+05 +8.698004282e+05 +3.3451e+00 -2.7805e+00 -2.6433e+00
9 0 +4.890392980e+05 +4.890392980e+05 +4.889977880e+05 +4.889977880e+05 +2.0982e+00 +3.9719e-01 -8.0125e-01
18 0 +2.748014271e+05 +2.748014271e+05 +2.747599171e+05 +2.747599171e+05 +4.3667e+00 +1.3989e-01 -3.4401e-01
25 0 +3.247559048e+04 +3.247559048e+04 +3.243408048e+04 +3.243408048e+04 +4.4725e+00 +2.8960e+00 +1.4777e+00
53 0 +4.300815221e+03 +4.300815221e+03 +4.259305221e+03 +4.259305221e+03 +4.8737e+00 +2.9167e+00 +1.5296e+00
104 0 +2.122812366e+03 +2.122812366e+03 +2.081302366e+03 +2.081302366e+03 +4.5589e+00 +2.8815e+00 +1.3266e+00
109 0 +8.867956655e+02 +8.867956655e+02 +8.452856655e+02 +8.452856655e+02 +4.6457e+00 +2.9097e+00 +1.2907e+00
111 0 +6.375232888e+02 +6.375232888e+02 +5.960132888e+02 +5.960132888e+02 +5.0000e+00 +2.8851e+00 +1.4930e+00
124 0 +6.942680462e+01 +6.942680462e+01 +2.791680462e+01 +2.791680462e+01 +4.7804e+00 +3.0879e+00 +1.5273e+00
160 0 +5.941565675e+01 +5.941565675e+01 +1.790565675e+01 +1.790565675e+01 +4.8149e+00 +3.0698e+00 +1.5284e+00
194 0 +4.670565883e+01 +4.670565883e+01 +5.195658834e+00 +5.195658834e+00 +4.7587e+00 +3.0802e+00 +1.5205e+00
260 0 +4.498446776e+01 +4.498446776e+01 +3.474467765e+00 +3.474467765e+00 +4.7526e+00 +3.0796e+00 +1.5137e+00
264 0 +4.398551207e+01 +4.398551207e+01 +2.475512069e+00 +2.475512069e+00 +4.7600e+00 +3.0795e+00 +1.5180e+00
% f evaluations | g evaluations | best noise-free fitness - Fopt | noise-free fitness - Fopt (1.320700000000e+02) | measured fitness | best measured fitness | x1 | x2...
1 0 +1.702135594e+06 +1.702135594e+06 +1.702267664e+06 +1.702267664e+06 +1.0540e+00 -3.9205e+00 +2.3694e+00
2 0 +1.531828913e+06 +1.531828913e+06 +1.531960983e+06 +1.531960983e+06 +3.1516e+00 -3.1754e+00 +3.2881e+00
7 0 +2.874824412e+04 +2.874824412e+04 +2.888031412e+04 +2.888031412e+04 +4.7909e+00 +9.9862e-03 -4.2390e+00
11 0 +6.644911126e+03 +6.644911126e+03 +6.776981126e+03 +6.776981126e+03 -9.4943e-01 +4.3300e+00 +4.4746e-02
56 0 +3.168582571e+03 +3.168582571e+03 +3.300652571e+03 +3.300652571e+03 -4.8994e-01 +3.6360e+00 +2.7399e-01
112 0 +3.130367386e+03 +3.130367386e+03 +3.262437386e+03 +3.262437386e+03 -5.2809e-01 +3.6631e+00 +8.4867e-02
113 0 +4.337693842e+01 +4.337693842e+01 +1.754469384e+02 +1.754469384e+02 -3.3652e-01 +3.3271e+00 +1.9491e-01
157 0 +1.172552591e+01 +1.172552591e+01 +1.437955259e+02 +1.437955259e+02 -4.0716e-01 +3.4037e+00 +2.4452e-01
210 0 +1.140925332e+01 +1.140925332e+01 +1.434792533e+02 +1.434792533e+02 -4.3841e-01 +3.4131e+00 +2.8359e-01
% f evaluations | g evaluations | best noise-free fitness - Fopt | noise-free fitness - Fopt (9.725000000000e+01) | measured fitness | best measured fitness | x1 | x2...
1 0 +3.288687197e+06 +3.288687197e+06 +3.288784447e+06 +3.288784447e+06 -5.8688e-01 -1.1734e+00 -1.5748e+00
6 0 +2.592191916e+06 +2.592191916e+06 +2.592289166e+06 +2.592289166e+06 +2.8310e+00 -4.9740e+00 -1.4320e-01
8 0 +1.872008114e+06 +1.872008114e+06 +1.872105364e+06 +1.872105364e+06 -2.0753e+00 +1.5022e+00 +1.0066e+00
9 0 +1.465174019e+06 +1.465174019e+06 +1.465271269e+06 +1.465271269e+06 -1.0638e+00 -5.5338e-01 -1.1488e+00
10 0 +4.864339320e+05 +4.864339320e+05 +4.865311820e+05 +4.865311820e+05 -8.9029e-02 -1.7462e+00 +1.1050e+00
15 0 +8.106292606e+04 +8.106292606e+04 +8.116017606e+04 +8.116017606e+04 +1.1951e+00 -4.4892e+00 +1.1634e+00
27 0 +5.034243999e+03 +5.034243999e+03 +5.131493999e+03 +5.131493999e+03 -2.2970e-01 +4.5636e+00 +1.2952e-01
51 0 +4.828633958e+03 +4.828633958e+03 +4.925883958e+03 +4.925883958e+03 -1.7729e-01 +3.2418e+00 +1.7726e-01
59 0 +4.545706829e+03 +4.545706829e+03 +4.642956829e+03 +4.642956829e+03 -5.1703e-01 +5.0000e+00 +3.1655e-02
88 0 +3.731869011e+02 +3.731869011e+02 +4.704369011e+02 +4.704369011e+02 -3.3026e+00 +4.4552e+00 -7.9418e-01
149 0 +1.819590010e+02 +1.819590010e+02 +2.792090010e+02 +2.792090010e+02 -3.5350e+00 +4.4163e+00 -8.3587e-01
192 0 +8.286197881e+01 +8.286197881e+01 +1.801119788e+02 +1.801119788e+02 -3.4647e+00 +4.4233e+00 -8.3460e-01
237 0 +3.220566426e+01 +3.220566426e+01 +1.294556643e+02 +1.294556643e+02 -3.7453e+00 +4.4187e+00 -9.1730e-01
253 0 +2.916711803e+01 +2.916711803e+01 +1.264171180e+02 +1.264171180e+02 -3.4897e+00 +4.4209e+00 -8.3428e-01
299 0 +2.861019763e+01 +2.861019763e+01 +1.258601976e+02 +1.258601976e+02 -3.4958e+00 +4.3120e+00 -8.3396e-01
% f evaluations | g evaluations | best noise-free fitness - Fopt | noise-free fitness - Fopt (-2.033000000000e+01) | measured fitness | best measured fitness | x1 | x2...
1 0 +2.361915176e+07 +2.361915176e+07 +2.361913143e+07 +2.361913143e+07 +3.4814e-01 +4.3981e+00 -1.7383e+00
2 0 +3.276779603e+06 +3.276779603e+06 +3.276759273e+06 +3.276759273e+06 +9.5338e-01 -2.2541e+00 +3.4710e+00
6 0 +5.063080428e+05 +5.063080428e+05 +5.062877128e+05 +5.062877128e+05 +4.3620e+00 +5.7981e-01 -7.2540e-02
14 0 +1.398280620e+05 +1.398280620e+05 +1.398077320e+05 +1.398077320e+05 +1.6093e+00 +3.4093e+00 +4.9093e+00
28 0 +8.015932141e+04 +8.015932141e+04 +8.013899141e+04 +8.013899141e+04 +3.0484e+00 -3.4173e+00 +3.2129e+00
57 0 +9.145273917e+03 +9.145273917e+03 +9.124943917e+03 +9.124943917e+03 +3.3557e+00 -4.7848e+00 +3.5202e+00
84 0 +3.619377194e+03 +3.619377194e+03 +3.599047194e+03 +3.599047194e+03 +3.0212e+00 -2.6986e+00 +3.6327e+00
104 0 +1.509072223e+03 +1.509072223e+03 +1.488742223e+03 +1.488742223e+03 +3.0070e+00 -2.2493e+00 +3.8070e+00
111 0 +3.789353289e+02 +3.789353289e+02 +3.586053289e+02 +3.586053289e+02 +3.1290e+00 -3.2308e+00 +3.6362e+00
119 0 +1.675661900e+02 +1.675661900e+02 +1.472361900e+02 +1.472361900e+02 +3.0033e+00 -2.4811e+00 +3.7814e+00
138 0 +1.136640631e+02 +1.136640631e+02 +9.333406309e+01 +9.333406309e+01 +3.0343e+00 -2.6669e+00 +3.7027e+00
156 0 +5.265926599e+01 +5.265926599e+01 +3.232926599e+01 +3.232926599e+01 +3.0276e+00 -2.5089e+00 +3.7119e+00
185 0 +5.130810482e+01 +5.130810482e+01 +3.097810482e+01 +3.097810482e+01 +3.0536e+00 -2.5279e+00 +3.6710e+00
211 0 +3.821621637e+01 +3.821621637e+01 +1.788621637e+01 +1.788621637e+01 +3.0509e+00 -2.5733e+00 +3.6927e+00
212 0 +3.460276152e+01 +3.460276152e+01 +1.427276152e+01 +1.427276152e+01 +3.0533e+00 -2.5020e+00 +3.6737e+00
224 0 +3.014398296e+01 +3.014398296e+01 +9.813982962e+00 +9.813982962e+00 +3.0293e+00 -2.5331e+00 +3.7172e+00
235 0 +2.886384655e+01 +2.886384655e+01 +8.533846554e+00 +8.533846554e+00 +3.0569e+00 -2.5793e+00 +3.6778e+00
273 0 +2.878742732e+01 +2.878742732e+01 +8.457427324e+00 +8.457427324e+00 +3.0716e+00 -2.5767e+00 +3.6528e+00
275 0 +2.817118253e+01 +2.817118253e+01 +7.841182527e+00 +7.841182527e+00 +3.0548e+00 -2.5030e+00 +3.6762e+00
628 0 +2.753608738e+01 +2.753608738e+01 +7.206087382e+00 +7.206087382e+00 +3.0554e+00 -2.4328e+00 +3.6709e+00
% f evaluations | g evaluations | best noise-free fitness - Fopt | noise-free fitness - Fopt (9.431000000000e+01) | measured fitness | best measured fitness | x1 | x2...
1 0 +4.761359399e+06 +4.761359399e+06 +4.761453709e+06 +4.761453709e+06 -7.7558e-01 -2.5544e+00 +1.5558e+00
3 0 +1.062273593e+04 +1.062273593e+04 +1.071704593e+04 +1.071704593e+04 +4.5318e+00 -1.9308e+00 +4.7499e+00
51 0 +8.250560529e+01 +8.250560529e+01 +1.768156053e+02 +1.768156053e+02 +2.6869e+00 -1.8367e+00 +2.3067e+00
149 0 +7.818889900e+01 +7.818889900e+01 +1.724988990e+02 +1.724988990e+02 +3.7140e+00 -1.7155e+00 +4.2901e+00
% f evaluations | g evaluations | best noise-free fitness - Fopt | noise-free fitness - Fopt (-1.436900000000e+02) | measured fitness | best measured fitness | x1 | x2...
1 0 +7.475669083e+04 +7.475669083e+04 +7.461300083e+04 +7.461300083e+04 -3.5480e+00 +2.0792e-01 -2.9117e+00
11 0 +6.095784725e+04 +6.095784725e+04 +6.081415725e+04 +6.081415725e+04 -9.6439e-01 +7.4456e-01 -4.4610e-01
27 0 +8.302206740e+03 +8.302206740e+03 +8.158516740e+03 +8.158516740e+03 +2.8610e-01 +1.1970e+00 +3.6644e-01
35 0 +3.693590205e+03 +3.693590205e+03 +3.549900205e+03 +3.549900205e+03 -2.3888e+00 -7.9637e-02 +4.2709e+00
91 0 +3.593196978e+03 +3.593196978e+03 +3.449506978e+03 +3.449506978e+03 -2.3538e+00 -1.1236e-01 +4.6431e+00
103 0 +1.024602670e+03 +1.024602670e+03 +8.809126703e+02 +8.809126703e+02 -2.4249e+00 -1.1233e-01 +4.7476e+00
111 0 +1.441786442e+01 +1.441786442e+01 -1.292721356e+02 -1.292721356e+02 -2.8083e+00 +4.0020e-02 +2.7980e+00
217 0 +1.382171357e+01 +1.382171357e+01 -1.298682864e+02 -1.298682864e+02 -2.7440e+00 +3.8972e-02 +2.9134e+00
234 0 +2.314666494e+00 +2.314666494e+00 -1.413753335e+02 -1.413753335e+02 -2.7933e+00 +3.9807e-02 +2.8079e+00
% f evaluations | g evaluations | best noise-free fitness - Fopt | noise-free fitness - Fopt (-3.533800000000e+02) | measured fitness | best measured fitness | x1 | x2...
1 0 +2.014049004e+07 +2.014049004e+07 +2.014013666e+07 +2.014013666e+07 +1.3956e-01 -1.1279e+00 +3.4834e+00
3 0 +3.696357819e+05 +3.696357819e+05 +3.692824019e+05 +3.692824019e+05 -3.0463e+00 +1.7280e+00 +4.7989e-01
6 0 +1.374815755e+05 +1.374815755e+05 +1.371281955e+05 +1.371281955e+05 -4.4731e+00 +2.1258e+00 +3.2531e+00
24 0 +3.647057124e+03 +3.647057124e+03 +3.293677124e+03 +3.293677124e+03 -3.1182e-02 +3.1711e+00 +8.6568e-01
44 0 +1.474449925e+03 +1.474449925e+03 +1.121069925e+03 +1.121069925e+03 -2.4108e-01 -1.5824e+00 -3.9131e+00
107 0 +3.099395643e+02 +3.099395643e+02 -4.344043568e+01 -4.344043568e+01 -2.4247e-01 -1.6181e+00 -3.9133e+00
116 0 +9.269755546e+01 +9.269755546e+01 -2.606824445e+02 -2.606824445e+02 -5.6960e-01 -1.6925e+00 -3.7681e+00
183 0 +3.886626279e+01 +3.886626279e+01 -3.145137372e+02 -3.145137372e+02 -7.5821e-01 -1.5150e+00 -3.4548e+00
262 0 +3.723311709e+01 +3.723311709e+01 -3.161468829e+02 -3.161468829e+02 -7.7134e-01 -1.5052e+00 -3.4350e+00
328 0 +3.706134615e+01 +3.706134615e+01 -3.163186538e+02 -3.163186538e+02 -7.6752e-01 -1.5063e+00 -3.4373e+00
% f evaluations | g evaluations | best noise-free fitness - Fopt | noise-free fitness - Fopt (-2.910000000000e+00) | measured fitness | best measured fitness | x1 | x2...
1 0 +3.195672833e+03 +3.195672833e+03 +3.192762833e+03 +3.192762833e+03 +3.8509e+00 +3.0461e+00 +3.0724e+00
16 0 +9.114750946e+02 +9.114750946e+02 +9.085650946e+02 +9.085650946e+02 +3.4629e+00 -1.0542e+00 +3.9191e+00
40 0 +3.792328202e+02 +3.792328202e+02 +3.763228202e+02 +3.763228202e+02 -1.9082e+00 -4.3415e+00 -1.6462e+00
81 0 +3.160379953e+02 +3.160379953e+02 +3.131279953e+02 +3.131279953e+02 -1.8078e+00 -4.4886e+00 -1.4777e+00
124 0 +2.373319007e+02 +2.373319007e+02 +2.344219007e+02 +2.344219007e+02 -1.7008e+00 -4.4853e+00 -1.3514e+00
150 0 +1.848101301e+02 +1.848101301e+02 +1.819001301e+02 +1.819001301e+02 -1.9095e+00 -4.4580e+00 -1.6540e+00
164 0 +1.013190582e+02 +1.013190582e+02 +9.840905815e+01 +9.840905815e+01 -1.9168e+00 -4.5148e+00 -1.6320e+00
193 0 +9.884920850e+01 +9.884920850e+01 +9.593920850e+01 +9.593920850e+01 -1.9044e+00 -4.4633e+00 -1.6331e+00
241 0 +9.478203733e+01 +9.478203733e+01 +9.187203733e+01 +9.187203733e+01 -1.9059e+00 -4.4290e+00 -1.6433e+00
% f evaluations | g evaluations | best noise-free fitness - Fopt | noise-free fitness - Fopt (-2.970000000000e+00) | measured fitness | best measured fitness | x1 | x2...
1 0 +2.010462174e+06 +2.010462174e+06 +2.010459204e+06 +2.010459204e+06 -1.4946e+00 +2.6419e+00 -4.4021e+00
3 0 +1.480933514e+06 +1.480933514e+06 +1.480930544e+06 +1.480930544e+06 -7.0508e-01 +3.0166e+00 -3.4093e+00
7 0 +5.770354687e+05 +5.770354687e+05 +5.770324987e+05 +5.770324987e+05 +7.7961e-01 +4.3376e+00 -3.8028e+00
17 0 +4.144633595e+04 +4.144633595e+04 +4.144336595e+04 +4.144336595e+04 +4.1145e+00 +4.8796e+00 +3.8805e+00
28 0 +6.146334796e+03 +6.146334796e+03 +6.143364796e+03 +6.143364796e+03 +2.1312e-01 +3.1225e+00 -4.4712e+00
60 0 +1.106282831e+02 +1.106282831e+02 +1.076582831e+02 +1.076582831e+02 -9.6005e-02 +5.0000e+00 -1.9408e+00
97 0 +3.833359917e+01 +3.833359917e+01 +3.536359917e+01 +3.536359917e+01 +4.4015e-01 +2.9062e+00 -4.7371e+00
157 0 +2.911107347e+01 +2.911107347e+01 +2.614107347e+01 +2.614107347e+01 +4.4537e-01 +2.8902e+00 -4.7549e+00
213 0 +2.459054101e+01 +2.459054101e+01 +2.162054101e+01 +2.162054101e+01 +4.4596e-01 +2.8835e+00 -4.7523e+00
219 0 +1.840987341e+01 +1.840987341e+01 +1.543987341e+01 +1.543987341e+01 +4.5239e-01 +2.8915e+00 -4.7370e+00
381 0 +1.818690367e+01 +1.818690367e+01 +1.521690367e+01 +1.521690367e+01 +4.5114e-01 +2.8941e+00 -4.7336e+00
% f evaluations | g evaluations | best noise-free fitness - Fopt | noise-free fitness - Fopt (2.996300000000e+02) | measured fitness | best measured fitness | x1 | x2...
1 0 +7.622397301e+06 +7.622397301e+06 +7.622696931e+06 +7.622696931e+06 -3.1905e+00 +1.1321e+00 +4.2055e+00
2 0 +1.285015275e+05 +1.285015275e+05 +1.288011575e+05 +1.288011575e+05 +2.4938e+00 -1.1084e+00 -4.8236e-01
27 0 +3.486426273e+04 +3.486426273e+04 +3.516389273e+04 +3.516389273e+04 -4.8719e+00 -7.6130e-01 -4.7001e-01
47 0 +1.959307919e+04 +1.959307919e+04 +1.989270919e+04 +1.989270919e+04 +3.1718e+00 -1.8810e+00 +4.1348e+00
55 0 +3.722176673e+03 +3.722176673e+03 +4.021806673e+03 +4.021806673e+03 +2.4960e+00 -2.0118e+00 +5.0000e+00
57 0 +3.673060676e+03 +3.673060676e+03 +3.972690676e+03 +3.972690676e+03 +3.5509e+00 -1.5167e+00 -2.5074e-01
62 0 +8.192855419e+01 +8.192855419e+01 +3.815585542e+02 +3.815585542e+02 +3.3338e+00 -2.0409e+00 +4.1051e+00
69 0 +5.447329470e+01 +5.447329470e+01 +3.541032947e+02 +3.541032947e+02 +1.5018e+00 -1.5431e+00 +7.2642e-01
106 0 +3.635163857e+01 +3.635163857e+01 +3.359816386e+02 +3.359816386e+02 +2.3330e-01 -1.3807e+00 +1.7050e-01
219 0 +1.652967968e+01 +1.652967968e+01 +3.161596797e+02 +3.161596797e+02 +1.5371e-01 -1.3819e+00 +1.7956e-01
250 0 +1.420984973e+01 +1.420984973e+01 +3.138398497e+02 +3.138398497e+02 +1.7348e-01 -1.3802e+00 +1.6535e-01
269 0 +1.406887844e+01 +1.406887844e+01 +3.136988784e+02 +3.136988784e+02 +1.9681e-01 -1.3804e+00 +1.5088e-01
