% f evaluations | g evaluations | best noise-free fitness - Fopt | noise-free fitness - Fopt (7.627000000000e+01) | measured fitness | best measured fitness | x1 | x2...
1 0 +2.767864762e+07 +2.767864762e+07 +2.767872389e+07 +2.767872389e+07 +1.9279e-01 +2.0773e+00
2 0 +3.690182821e+05 +3.690182821e+05 +3.690945521e+05 +3.690945521e+05 +7.7995e-01 -3.1022e+00
4 0 +4.115026994e+04 +4.115026994e+04 +4.122653994e+04 +4.122653994e+04 -5.3374e-01 -3.4865e+00
20 0 +4.495723473e+03 +4.495723473e+03 +4.571993473e+03 +4.571993473e+03 -2.3102e+00 -2.7939e+00
60 0 +6.390400997e+02 +6.390400997e+02 +7.153100997e+02 +7.153100997e+02 -1.4224e-01 -3.4288e+00
90 0 +3.383582660e+02 +3.383582660e+02 +4.146282660e+02 +4.146282660e+02 -3.0876e+00 -2.4507e+00
156 0 +6.682015057e+00 +6.682015057e+00 +8.295201506e+01 +8.295201506e+01 -3.3638e+00 -2.3841e+00
174 0 +5.482974348e+00 +5.482974348e+00 +8.175297435e+01 +8.175297435e+01 -3.0696e+00 -2.4755e+00
256 0 +5.031796540e+00 +5.031796540e+00 +8.130179654e+01 +8.130179654e+01 -3.0664e+00 -2.4778e+00
265 0 +4.875579174e+00 +4.875579174e+00 +8.114557917e+01 +8.114557917e+01 -3.0663e+00 -2.4771e+00
% f evaluations | g evaluations | best noise-free fitness - Fopt | noise-free fitness - Fopt (-2.255000000000e+01) | measured fitness | best measured fitness | x1 | x2...
1 0 +1.971173764e+06 +1.971173764e+06 +1.971151214e+06 +1.971151214e+06 +3.7348e+00 +3.1549e+00
2 0 +8.086200790e+05 +8.086200790e+05 +8.085975290e+05 +8.085975290e+05 +2.2134e+00 +6.7774e-01
11 0 +1.170685054e+05 +1.170685054e+05 +1.170459554e+05 +1.170459554e+05 +2.1754e+00 +2.6773e+00
15 0 +1.356595066e+04 +1.356595066e+04 +1.354340066e+04 +1.354340066e+04 +3.7847e+00 -1.3652e+00
16 0 +8.288362872e+03 +8.288362872e+03 +8.265812872e+03 +8.265812872e+03 +4.9472e+00 -4.7283e+00
68 0 +4.035255380e+03 +4.035255380e+03 +4.012705380e+03 +4.012705380e+03 +5.0000e+00 -4.8221e+00
73 0 +9.603340090e+02 +9.603340090e+02 +9.377840090e+02 +9.377840090e+02 +5.0000e+00 -4.7039e+00
103 0 +8.545982531e+02 +8.545982531e+02 +8.320482531e+02 +8.320482531e+02 +5.0000e+00 -4.6903e+00
104 0 +5.275991074e+01 +5.275991074e+01 +3.020991074e+01 +3.020991074e+01 +5.0000e+00 -4.6056e+00
208 0 +5.245812510e+01 +5.245812510e+01 +2.990812510e+01 +2.990812510e+01 +5.0000e+00 -4.6066e+00
% f evaluations | g evaluations | best noise-free fitness - Fopt | noise-free fitness - Fopt (1.366000000000e+01) | measured fitness | best measured fitness | x1 | x2...
1 0 +2.221948976e+07 +2.221948976e+07 +2.221950342e+07 +2.221950342e+07 -4.6624e+00 +3.0228e+00
2 0 +1.089259690e+07 +1.089259690e+07 +1.089261056e+07 +1.089261056e+07 +3.4766e+00 +7.1026e-01
4 0 +2.580060404e+06 +2.580060404e+06 +2.580074064e+06 +2.580074064e+06 -4.7147e+00 -3.4668e+00
10 0 +2.379372352e+05 +2.379372352e+05 +2.379508952e+05 +2.379508952e+05 -3.1581e+00 -4.6867e+00
14 0 +1.087818713e+05 +1.087818713e+05 +1.087955313e+05 +1.087955313e+05 -1.5309e+00 -4.0379e-01
32 0 +1.193980072e+04 +1.193980072e+04 +1.195346072e+04 +1.195346072e+04 +1.7525e+00 +4.2295e+00
56 0 +9.899601068e+03 +9.899601068e+03 +9.913261068e+03 +9.913261068e+03 +1.5376e+00 +4.2687e+00
76 0 +1.507013408e+03 +1.507013408e+03 +1.520673408e+03 +1.520673408e+03 +2.0551e+00 +5.0000e+00
106 0 +6.539586824e+02 +6.539586824e+02 +6.676186824e+02 +6.676186824e+02 +1.9103e+00 +4.7383e+00
111 0 +1.037011615e+01 +1.037011615e+01 +2.403011615e+01 +2.403011615e+01 +2.0983e+00 +5.0000e+00
183 0 +9.961973025e+00 +9.961973025e+00 +2.362197303e+01 +2.362197303e+01 +2.0972e+00 +5.0000e+00
% f evaluations | g evaluations | best noise-free fitness - Fopt | noise-free fitness - Fopt (9.378400000000e+02) | measured fitness | best measured fitness | x1 | x2...
1 0 +3.025137545e+07 +3.025137545e+07 +3.025231329e+07 +3.025231329e+07 +1.3973e+00 -4.5153e+00
2 0 +9.172724497e+06 +9.172724497e+06 +9.173662337e+06 +9.173662337e+06 +3.5286e+00 +3.8364e+00
3 0 +2.026319678e+05 +2.026319678e+05 +2.035698078e+05 +2.035698078e+05 -3.7620e+00 -1.0146e+00
4 0 +2.390897177e+04 +2.390897177e+04 +2.484681177e+04 +2.484681177e+04 -3.9761e+00 -2.4943e+00
42 0 +8.570763676e+03 +8.570763676e+03 +9.508603676e+03 +9.508603676e+03 -6.7548e-01 +3.1488e+00
65 0 +4.827381310e+03 +4.827381310e+03 +5.765221310e+03 +5.765221310e+03 -4.7905e-01 +3.1480e+00
71 0 +2.143466190e+03 +2.143466190e+03 +3.081306190e+03 +3.081306190e+03 -6.2914e-01 +2.9733e+00
72 0 +4.949818422e+02 +4.949818422e+02 +1.432821842e+03 +1.432821842e+03 -6.5890e-01 +2.9656e+00
131 0 +1.279799310e+02 +1.279799310e+02 +1.065819931e+03 +1.065819931e+03 -9.9740e-01 +2.4947e+00
177 0 +2.779838920e+01 +2.779838920e+01 +9.656383892e+02 +9.656383892e+02 -1.1079e+00 +2.3084e+00
178 0 +8.783047675e+00 +8.783047675e+00 +9.466230477e+02 +9.466230477e+02 -9.4968e-01 +2.5439e+00
214 0 +7.584353888e+00 +7.584353888e+00 +9.454243539e+02 +9.454243539e+02 -9.2153e-01 +2.5886e+00
228 0 +2.108534860e+00 +2.108534860e+00 +9.399485349e+02 +9.399485349e+02 -9.5131e-01 +2.5453e+00
268 0 +1.750628485e+00 +1.750628485e+00 +9.395906285e+02 +9.395906285e+02 -9.5126e-01 +2.5462e+00
319 0 +1.737327525e+00 +1.737327525e+00 +9.395773275e+02 +9.395773275e+02 -9.5222e-01 +2.5449e+00
% f evaluations | g evaluations | best noise-free fitness - Fopt | noise-free fitness - Fopt (-7.872000000000e+01) | measured fitness | best measured fitness | x1 | x2...
1 0 +9.890585975e+06 +9.890585975e+06 +9.890507255e+06 +9.890507255e+06 +9.3687e-01 +7.8879e-01
6 0 +8.303642194e+06 +8.303642194e+06 +8.303563474e+06 +8.303563474e+06 +4.0332e+00 -4.6115e+00
8 0 +5.314400114e+04 +5.314400114e+04 +5.306528114e+04 +5.306528114e+04 +3.8118e+00 -8.5196e-01
29 0 +4.489202203e+04 +4.489202203e+04 +4.481330203e+04 +4.481330203e+04 +4.5746e+00 -3.3251e-01
51 0 +8.906207249e+02 +8.906207249e+02 +8.119007249e+02 +8.119007249e+02 +5.0000e+00 -2.5132e-01
73 0 +2.876288104e+02 +2.876288104e+02 +2.089088104e+02 +2.089088104e+02 +5.0000e+00 -2.6587e-01
103 0 +9.765926650e+01 +9.765926650e+01 +1.893926650e+01 +1.893926650e+01 +5.0000e+00 -2.7574e-01
111 0 +6.234965551e+01 +6.234965551e+01 -1.637034449e+01 -1.637034449e+01 +5.0000e+00 -2.7821e-01
131 0 +2.338572221e+01 +2.338572221e+01 -5.533427779e+01 -5.533427779e+01 +5.0000e+00 -2.9250e-01
139 0 +4.085793003e+00 +4.085793003e+00 -7.463420700e+01 -7.463420700e+01 +5.0000e+00 -2.8833e-01
190 0 +3.659610498e+00 +3.659610498e+00 -7.506038950e+01 -7.506038950e+01 +5.0000e+00 -2.8738e-01
% f evaluations | g evaluations | best noise-free fitness - Fopt | noise-free fitness - Fopt (-4.151000000000e+01) | measured fitness | best measured fitness | x1 | x2...
1 0 +4.421360458e+05 +4.421360458e+05 +4.420945358e+05 +4.420945358e+05 +1.1733e+00 +3.4024e+00
16 0 +1.781172075e+04 +1.781172075e+04 +1.777021075e+04 +1.777021075e+04 +1.4413e+00 +1.4983e+00
32 0 +5.403012008e+03 +5.403012008e+03 +5.361502008e+03 +5.361502008e+03 +3.3350e+00 -3.7036e+00
33 0 +3.906484425e+03 +3.906484425e+03 +3.864974425e+03 +3.864974425e+03 +2.6443e-01 +3.8245e+00
55 0 +3.647282396e+03 +3.647282396e+03 +3.605772396e+03 +3.605772396e+03 +4.5405e-01 +3.6961e+00
66 0 +3.143806065e+02 +3.143806065e+02 +2.728706065e+02 +2.728706065e+02 +6.9118e-01 +3.0085e+00
126 0 +1.322514633e+02 +1.322514633e+02 +9.074146331e+01 +9.074146331e+01 +7.1778e-01 +2.8673e+00
158 0 +2.071493759e+01 +2.071493759e+01 -2.079506241e+01 -2.079506241e+01 +6.8137e-01 +2.9840e+00
% f evaluations | g evaluations | best noise-free fitness - Fopt | noise-free fitness - Fopt (1.320700000000e+02) | measured fitness | best measured fitness | x1 | x2...
1 0 +2.316445505e+07 +2.316445505e+07 +2.316458712e+07 +2.316458712e+07 +2.0586e+00 +1.5247e-01
2 0 +3.173598175e+05 +3.173598175e+05 +3.174918875e+05 +3.174918875e+05 -2.9244e+00 +4.6890e+00
3 0 +5.987232430e+02 +5.987232430e+02 +7.307932430e+02 +7.307932430e+02 -2.3914e+00 +4.8559e+00
20 0 +4.538022895e+02 +4.538022895e+02 +5.858722895e+02 +5.858722895e+02 -2.7401e+00 +1.1123e+00
107 0 +7.105668659e+00 +7.105668659e+00 +1.391756687e+02 +1.391756687e+02 -2.7045e+00 +1.6699e+00
172 0 +5.597018645e+00 +5.597018645e+00 +1.376670186e+02 +1.376670186e+02 -2.6964e+00 +1.7206e+00
173 0 +4.566646775e+00 +4.566646775e+00 +1.366366468e+02 +1.366366468e+02 -2.6974e+00 +1.7184e+00
184 0 +3.326333184e+00 +3.326333184e+00 +1.353963332e+02 +1.353963332e+02 -2.6767e+00 +1.9155e+00
276 0 +3.298887880e+00 +3.298887880e+00 +1.353688879e+02 +1.353688879e+02 -2.6780e+00 +1.9041e+00
311 0 +3.176856318e+00 +3.176856318e+00 +1.352468563e+02 +1.352468563e+02 -2.6766e+00 +1.9219e+00
393 0 +3.151349477e+00 +3.151349477e+00 +1.352213495e+02 +1.352213495e+02 -2.6765e+00 +1.9214e+00
% f evaluations | g evaluations | best noise-free fitness - Fopt | noise-free fitness - Fopt (9.725000000000e+01) | measured fitness | best measured fitness | x1 | x2...
1 0 +1.361446637e+07 +1.361446637e+07 +1.361456362e+07 +1.361456362e+07 -1.0140e+00 +4.6288e+00
3 0 +1.485761713e+05 +1.485761713e+05 +1.486734213e+05 +1.486734213e+05 +1.3079e+00 +7.3723e-01
35 0 +3.220022985e+04 +3.220022985e+04 +3.229747985e+04 +3.229747985e+04 +1.1392e+00 +1.3023e+00
44 0 +1.116443359e+02 +1.116443359e+02 +2.088943359e+02 +2.088943359e+02 -4.6763e+00 +5.5419e-01
118 0 +2.701961080e+01 +2.701961080e+01 +1.242696108e+02 +1.242696108e+02 -4.7746e+00 +5.5384e-01
164 0 +2.647655432e+01 +2.647655432e+01 +1.237265543e+02 +1.237265543e+02 -4.6915e+00 +5.6217e-01
215 0 +2.561902329e+01 +2.561902329e+01 +1.228690233e+02 +1.228690233e+02 -4.5660e+00 +5.7455e-01
% f evaluations | g evaluations | best noise-free fitness - Fopt | noise-free fitness - Fopt (-2.033000000000e+01) | measured fitness | best measured fitness | x1 | x2...
1 0 +1.932869561e+07 +1.932869561e+07 +1.932867528e+07 +1.932867528e+07 -2.3576e-01 +4.0204e+00
2 0 +5.036551814e+06 +5.036551814e+06 +5.036531484e+06 +5.036531484e+06 +4.3821e+00 -4.7983e+00
3 0 +4.116579779e+05 +4.116579779e+05 +4.116376479e+05 +4.116376479e+05 +4.7599e+00 +3.4270e+00
11 0 +1.275926997e+04 +1.275926997e+04 +1.273893997e+04 +1.273893997e+04 +3.5171e+00 +3.5461e-01
55 0 +3.606674007e+03 +3.606674007e+03 +3.586344007e+03 +3.586344007e+03 +3.5724e+00 +7.8348e-01
76 0 +2.267312510e+02 +2.267312510e+02 +2.064012510e+02 +2.064012510e+02 +3.3867e+00 +3.2669e-01
107 0 +5.869620914e+01 +5.869620914e+01 +3.836620914e+01 +3.836620914e+01 +3.4099e+00 +3.9465e-01
125 0 +1.619460487e+01 +1.619460487e+01 -4.135395128e+00 -4.135395128e+00 +3.3875e+00 +2.5414e-01
141 0 +5.321219248e+00 +5.321219248e+00 -1.500878075e+01 -1.500878075e+01 +3.4378e+00 +4.8001e-01
208 0 +4.761481652e+00 +4.761481652e+00 -1.556851835e+01 -1.556851835e+01 +3.4319e+00 +4.5037e-01
211 0 +4.479458684e+00 +4.479458684e+00 -1.585054132e+01 -1.585054132e+01 +3.4390e+00 +4.8080e-01
216 0 +4.380024767e+00 +4.380024767e+00 -1.594997523e+01 -1.594997523e+01 +3.4425e+00 +4.9602e-01
218 0 +4.348723778e+00 +4.348723778e+00 -1.598127622e+01 -1.598127622e+01 +3.4444e+00 +5.0403e-01
346 0 +4.259626935e+00 +4.259626935e+00 -1.607037307e+01 -1.607037307e+01 +3.4464e+00 +5.1169e-01
% f evaluations | g evaluations | best noise-free fitness - Fopt | noise-free fitness - Fopt (9.431000000000e+01) | measured fitness | best measured fitness | x1 | x2...
1 0 +2.109166300e+06 +2.109166300e+06 +2.109260610e+06 +2.109260610e+06 -4.2625e+00 +1.0721e+00
4 0 +1.278563500e+06 +1.278563500e+06 +1.278657810e+06 +1.278657810e+06 -1.1313e+00 -2.3128e+00
7 0 +6.968664183e+05 +6.968664183e+05 +6.969607283e+05 +6.969607283e+05 -3.0034e+00 +3.4202e+00
10 0 +1.811400767e+05 +1.811400767e+05 +1.812343867e+05 +1.812343867e+05 -2.8685e+00 +2.4664e+00
22 0 +3.760652494e+03 +3.760652494e+03 +3.854962494e+03 +3.854962494e+03 -2.3105e-01 -1.6207e+00
86 0 +1.356800496e+02 +1.356800496e+02 +2.299900496e+02 +2.299900496e+02 -3.6989e-01 -1.5278e+00
147 0 +6.523065586e+01 +6.523065586e+01 +1.595406559e+02 +1.595406559e+02 -3.9364e-01 -1.5046e+00
158 0 +3.255164505e+01 +3.255164505e+01 +1.268616450e+02 +1.268616450e+02 -3.8998e-01 -1.5188e+00
% f evaluations | g evaluations | best noise-free fitness - Fopt | noise-free fitness - Fopt (-1.436900000000e+02) | measured fitness | best measured fitness | x1 | x2...
1 0 +5.928905182e+05 +5.928905182e+05 +5.927468282e+05 +5.927468282e+05 +7.8433e-01 +6.4116e-01
4 0 +1.516070812e+05 +1.516070812e+05 +1.514633912e+05 +1.514633912e+05 +2.5211e+00 -1.2875e+00
40 0 +1.394976562e+05 +1.394976562e+05 +1.393539662e+05 +1.393539662e+05 -3.9118e+00 +1.8512e+00
52 0 +3.537530966e+03 +3.537530966e+03 +3.393840966e+03 +3.393840966e+03 -5.0000e+00 +1.8873e+00
116 0 +1.391661364e+03 +1.391661364e+03 +1.247971364e+03 +1.247971364e+03 -5.0000e+00 +1.8700e+00
124 0 +1.326057079e+03 +1.326057079e+03 +1.182367079e+03 +1.182367079e+03 -4.6806e+00 +1.7541e+00
136 0 +8.144884851e+01 +8.144884851e+01 -6.224115149e+01 -6.224115149e+01 -4.9899e+00 +1.8151e+00
140 0 +2.310072292e+01 +2.310072292e+01 -1.205892771e+02 -1.205892771e+02 -5.0000e+00 +1.8315e+00
161 0 +2.148913909e+01 +2.148913909e+01 -1.222008609e+02 -1.222008609e+02 -5.0000e+00 +1.8309e+00
198 0 +2.060852769e+01 +2.060852769e+01 -1.230814723e+02 -1.230814723e+02 -5.0000e+00 +1.8305e+00
207 0 +1.988759887e+01 +1.988759887e+01 -1.238024011e+02 -1.238024011e+02 -4.9943e+00 +1.8283e+00
223 0 +1.888460544e+01 +1.888460544e+01 -1.248053946e+02 -1.248053946e+02 -5.0000e+00 +1.8302e+00
240 0 +1.746908572e+01 +1.746908572e+01 -1.262209143e+02 -1.262209143e+02 -5.0000e+00 +1.8299e+00
266 0 +1.693084595e+01 +1.693084595e+01 -1.267591541e+02 -1.267591541e+02 -5.0000e+00 +1.8298e+00
281 0 +1.529603116e+01 +1.529603116e+01 -1.283939688e+02 -1.283939688e+02 -5.0000e+00 +1.8288e+00
291 0 +1.508992955e+01 +1.508992955e+01 -1.286000705e+02 -1.286000705e+02 -5.0000e+00 +1.8286e+00
% f evaluations | g evaluations | best noise-free fitness - Fopt | noise-free fitness - Fopt (-3.533800000000e+02) | measured fitness | best measured fitness | x1 | x2...
1 0 +3.302642423e+05 +3.302642423e+05 +3.299108623e+05 +3.299108623e+05 -4.3183e+00 +1.5880e+00
3 0 +3.122699781e+05 +3.122699781e+05 +3.119165981e+05 +3.119165981e+05 -2.1738e+00 -3.8798e+00
15 0 +4.078068116e+04 +4.078068116e+04 +4.042730116e+04 +4.042730116e+04 -1.1395e+00 -4.3496e+00
30 0 +5.403845083e+02 +5.403845083e+02 +1.870045083e+02 +1.870045083e+02 -4.2927e+00 +3.1654e+00
51 0 +7.214899895e+00 +7.214899895e+00 -3.461651001e+02 -3.461651001e+02 -4.2914e+00 +3.2207e+00
148 0 +4.249958356e+00 +4.249958356e+00 -3.491300416e+02 -3.491300416e+02 -4.2225e+00 +3.0532e+00
174 0 +2.883932552e+00 +2.883932552e+00 -3.504960674e+02 -3.504960674e+02 -4.2518e+00 +3.1262e+00
210 0 +2.721559920e+00 +2.721559920e+00 -3.506584401e+02 -3.506584401e+02 -4.2394e+00 +3.0912e+00
288 0 +2.623630366e+00 +2.623630366e+00 -3.507563696e+02 -3.507563696e+02 -4.2392e+00 +3.0909e+00
297 0 +2.458041138e+00 +2.458041138e+00 -3.509219589e+02 -3.509219589e+02 -4.2398e+00 +3.0937e+00
% f evaluations | g evaluations | best noise-free fitness - Fopt | noise-free fitness - Fopt (-2.910000000000e+00) | measured fitness | best measured fitness | x1 | x2...
1 0 +3.809160463e+06 +3.809160463e+06 +3.809157553e+06 +3.809157553e+06 +3.5873e+00 -3.7506e+00
3 0 +3.515254457e+06 +3.515254457e+06 +3.515251547e+06 +3.515251547e+06 +2.8502e+00 -1.1482e+00
4 0 +1.615480151e+06 +1.615480151e+06 +1.615477241e+06 +1.615477241e+06 +4.7250e+00 -4.9430e+00
14 0 +3.654588077e+05 +3.654588077e+05 +3.654558977e+05 +3.654558977e+05 +2.9605e+00 +2.1758e+00
22 0 +2.982202772e+05 +2.982202772e+05 +2.982173672e+05 +2.982173672e+05 +2.5062e+00 +3.8267e+00
25 0 +2.085765464e+04 +2.085765464e+04 +2.085474464e+04 +2.085474464e+04 +3.6391e+00 +2.6981e+00
27 0 +1.415559109e+04 +1.415559109e+04 +1.415268109e+04 +1.415268109e+04 +3.1616e+00 +4.0494e+00
78 0 +1.026656755e+01 +1.026656755e+01 +7.356567554e+00 +7.356567554e+00 +2.7289e+00 +5.0000e+00
201 0 +1.017680861e+01 +1.017680861e+01 +7.266808608e+00 +7.266808608e+00 +2.7292e+00 +5.0000e+00
% f evaluations | g evaluations | best noise-free fitness - Fopt | noise-free fitness - Fopt (-2.970000000000e+00) | measured fitness | best measured fitness | x1 | x2...
1 0 +7.527997551e+06 +7.527997551e+06 +7.527994581e+06 +7.527994581e+06 +2.6201e+00 +4.1859e+00
8 0 +2.149948371e+05 +2.149948371e+05 +2.149918671e+05 +2.149918671e+05 +2.7981e+00 +9.0850e-01
41 0 +3.527597045e+02 +3.527597045e+02 +3.497897045e+02 +3.497897045e+02 +2.6567e+00 +1.4022e+00
140 0 +2.438698824e+02 +2.438698824e+02 +2.408998824e+02 +2.408998824e+02 +2.7946e+00 +1.4004e+00
142 0 +3.715045034e+00 +3.715045034e+00 +7.450450336e-01 +7.450450336e-01 +2.1498e+00 +1.5586e+00
225 0 +3.266476842e+00 +3.266476842e+00 +2.964768416e-01 +2.964768416e-01 +2.1619e+00 +1.5558e+00
308 0 +3.231678441e+00 +3.231678441e+00 +2.616784408e-01 +2.616784408e-01 +2.1625e+00 +1.5558e+00
% f evaluations | g evaluations | best noise-free fitness - Fopt | noise-free fitness - Fopt (2.996300000000e+02) | measured fitness | best measured fitness | x1 | x2...
1 0 +8.911447279e+05 +8.911447279e+05 +8.914443579e+05 +8.914443579e+05 -4.1524e+00 -1.9170e+00
12 0 +7.703726637e+05 +7.703726637e+05 +7.706722937e+05 +7.706722937e+05 +3.2074e+00 +8.9577e-01
18 0 +4.811403951e+05 +4.811403951e+05 +4.814400251e+05 +4.814400251e+05 -4.2535e+00 -3.6974e+00
29 0 +8.911086782e+03 +8.911086782e+03 +9.210716782e+03 +9.210716782e+03 +4.4621e+00 +3.0872e-01
104 0 +4.343515916e+03 +4.343515916e+03 +4.643145916e+03 +4.643145916e+03 +4.4644e+00 +3.2963e-01
110 0 +2.998250054e+03 +2.998250054e+03 +3.297880054e+03 +3.297880054e+03 +4.1512e+00 +3.4427e-01
111 0 +1.963867718e+01 +1.963867718e+01 +3.192686772e+02 +3.192686772e+02 +4.4520e+00 +4.0445e-01
138 0 +1.214418436e+01 +1.214418436e+01 +3.117741844e+02 +3.117741844e+02 +4.0991e+00 +2.6503e-01
728 0 +1.202214823e+01 +1.202214823e+01 +3.116521482e+02 +3.116521482e+02 +4.0900e+00 +2.6122e-01
